# MCW Instance
# Type: UNIFORM
# N: 12
# Optimal cost: 1.3192492463531313
# Optimal tour (permutation): [0, 5, 4, 2, 7, 1, 11, 8, 10, 6, 9, 3, 0]
# Optimal walk (full path): [0, 5, 4, 5, 2, 7, 1, 11, 8, 10, 9, 6, 9, 3, 0]
# Walk size: 15
# Is walk (has repeats): true

# Distance Matrix
0.0000000000 0.3330652869 0.8746562826 0.0773133722 0.8659766848 0.0803797374 0.7749464403 0.4943570650 0.5249361555 0.3382399154 0.7744854068 0.1799952316
0.3330652869 0.0000000000 0.6100582390 0.6640705725 0.4235972750 0.3703209859 0.6148429730 0.0169509806 0.1877417126 0.2527991303 0.5380213267 0.2553650102
0.8746562826 0.6100582390 0.0000000000 0.6389602406 0.3582466765 0.1989262940 0.7885928333 0.1024550173 0.8808842194 0.8621376235 0.4425660656 0.8476861297
0.0773133722 0.6640705725 0.6389602406 0.0000000000 0.1401120019 0.5581496174 0.2269839579 0.1409124999 0.7892657278 0.1049752376 0.0977158546 0.7348901573
0.8659766848 0.4235972750 0.3582466765 0.1401120019 0.0000000000 0.0494586808 0.9850138447 0.9969906088 0.6614816764 0.2007185343 0.9121742854 0.4236012255
0.0803797374 0.3703209859 0.1989262940 0.5581496174 0.0494586808 0.0000000000 0.5142182915 0.7979786617 0.1361584252 0.5363286299 0.7603966185 0.5960853073
0.7749464403 0.6148429730 0.7885928333 0.2269839579 0.9850138447 0.5142182915 0.0000000000 0.2739751007 0.3260158516 0.0060799689 0.9658334085 0.7331678942
0.4943570650 0.0169509806 0.1024550173 0.1409124999 0.9969906088 0.7979786617 0.2739751007 0.0000000000 0.7051997546 0.5524137749 0.6621459047 0.5969046887
0.5249361555 0.1877417126 0.8808842194 0.7892657278 0.6614816764 0.1361584252 0.3260158516 0.7051997546 0.0000000000 0.4589347038 0.0279536802 0.1658622706
0.3382399154 0.2527991303 0.8621376235 0.1049752376 0.2007185343 0.5363286299 0.0060799689 0.5524137749 0.4589347038 0.0000000000 0.1779903469 0.8764184673
0.7744854068 0.5380213267 0.4425660656 0.0977158546 0.9121742854 0.7603966185 0.9658334085 0.6621459047 0.0279536802 0.1779903469 0.0000000000 0.3592437286
0.1799952316 0.2553650102 0.8476861297 0.7348901573 0.4236012255 0.5960853073 0.7331678942 0.5969046887 0.1658622706 0.8764184673 0.3592437286 0.0000000000
