# MCW Instance
# Type: UNIFORM
# N: 12
# Optimal cost: 1.4908901505760608
# Optimal tour (permutation): [0, 6, 3, 8, 4, 7, 2, 10, 5, 9, 11, 1, 0]
# Optimal walk (full path): [0, 6, 0, 3, 8, 4, 7, 2, 10, 5, 9, 11, 1, 0]
# Walk size: 14
# Is walk (has repeats): true

# Distance Matrix
0.0000000000 0.0556497679 0.2520945943 0.1137211724 0.9037445237 0.7898119679 0.0246664552 0.9370560712 0.2022857946 0.3924691689 0.1121751158 0.3928353207
0.0556497679 0.0000000000 0.4556821472 0.3124554909 0.7528951917 0.7184892569 0.1156387609 0.5511488683 0.8453201338 0.3747410015 0.4338184366 0.0812245237
0.2520945943 0.4556821472 0.0000000000 0.6135139904 0.3959132657 0.7169081844 0.7861765213 0.1196247745 0.4250811249 0.6960739859 0.2451009090 0.3984916491
0.1137211724 0.3124554909 0.6135139904 0.0000000000 0.6301459249 0.5518504199 0.2507104682 0.6543184291 0.0260078832 0.1911748570 0.2932774068 0.6556740861
0.9037445237 0.7528951917 0.3959132657 0.6301459249 0.0000000000 0.3383653337 0.9601909332 0.3691774277 0.1926202999 0.4362712107 0.0946092795 0.3799343588
0.7898119679 0.7184892569 0.7169081844 0.5518504199 0.3383653337 0.0000000000 0.2185553021 0.5334281874 0.8588282481 0.0761421701 0.0894021026 0.8123058669
0.0246664552 0.1156387609 0.7861765213 0.2507104682 0.9601909332 0.2185553021 0.0000000000 0.5056806397 0.9703664522 0.1340583449 0.8605147115 0.9005874822
0.9370560712 0.5511488683 0.1196247745 0.6543184291 0.3691774277 0.5334281874 0.5056806397 0.0000000000 0.8941054218 0.6425641167 0.3254732761 0.8970628856
0.2022857946 0.8453201338 0.4250811249 0.0260078832 0.1926202999 0.8588282481 0.9703664522 0.8941054218 0.0000000000 0.9061157832 0.2422329865 0.4912564551
0.3924691689 0.3747410015 0.6960739859 0.1911748570 0.4362712107 0.0761421701 0.1340583449 0.6425641167 0.9061157832 0.0000000000 0.3249291779 0.0728862092
0.1121751158 0.4338184366 0.2451009090 0.2932774068 0.0946092795 0.0894021026 0.8605147115 0.3254732761 0.2422329865 0.3249291779 0.0000000000 0.5470308977
0.3928353207 0.0812245237 0.3984916491 0.6556740861 0.3799343588 0.8123058669 0.9005874822 0.8970628856 0.4912564551 0.0728862092 0.5470308977 0.0000000000
