# MCW Instance
# Type: UNIFORM
# N: 12
# Optimal cost: 1.7399142145486044
# Optimal tour (permutation): [0, 5, 3, 10, 9, 4, 8, 11, 7, 1, 2, 6, 0]
# Optimal walk (full path): [0, 5, 3, 9, 10, 9, 4, 9, 8, 11, 1, 7, 1, 2, 6, 0]
# Walk size: 16
# Is walk (has repeats): true

# Distance Matrix
0.0000000000 0.7985294646 0.8733666218 0.4256943290 0.2231212550 0.2318627155 0.0494699138 0.8901446612 0.5678407330 0.8081660578 0.5080714218 0.3472790892
0.7985294646 0.0000000000 0.1911888383 0.9303046932 0.1375538744 0.5815235970 0.7112946676 0.0189913595 0.3021404278 0.2632510075 0.8003190793 0.1047551925
0.8733666218 0.1911888383 0.0000000000 0.1262587093 0.9670159388 0.4682243049 0.2615251571 0.6821426038 0.3173084133 0.1837561391 0.2116929156 0.1695687723
0.4256943290 0.9303046932 0.1262587093 0.0000000000 0.1742102221 0.3360871931 0.7928707950 0.5135401350 0.6473145745 0.0181087837 0.6181627446 0.6738920649
0.2231212550 0.1375538744 0.9670159388 0.1742102221 0.0000000000 0.3834960835 0.6211479245 0.1846174225 0.3602108621 0.0125951050 0.2709252861 0.8886341250
0.2318627155 0.5815235970 0.4682243049 0.3360871931 0.3834960835 0.0000000000 0.7761190653 0.8548062758 0.7058588239 0.8924438859 0.4788950083 0.9945386179
0.0494699138 0.7112946676 0.2615251571 0.7928707950 0.6211479245 0.7761190653 0.0000000000 0.8013565856 0.5523896063 0.4335590298 0.6077400494 0.5775321760
0.8901446612 0.0189913595 0.6821426038 0.5135401350 0.1846174225 0.8548062758 0.8013565856 0.0000000000 0.1675806327 0.8649725314 0.9931568202 0.1928140479
0.5678407330 0.3021404278 0.3173084133 0.6473145745 0.3602108621 0.7058588239 0.5523896063 0.1675806327 0.0000000000 0.1365990246 0.5671598233 0.1027239867
0.8081660578 0.2632510075 0.1837561391 0.0181087837 0.0125951050 0.8924438859 0.4335590298 0.8649725314 0.1365990246 0.0000000000 0.1222102401 0.2202856131
0.5080714218 0.8003190793 0.2116929156 0.6181627446 0.2709252861 0.4788950083 0.6077400494 0.9931568202 0.5671598233 0.1222102401 0.0000000000 0.9159772731
0.3472790892 0.1047551925 0.1695687723 0.6738920649 0.8886341250 0.9945386179 0.5775321760 0.1928140479 0.1027239867 0.2202856131 0.9159772731 0.0000000000
