# Graph size: 12
# Optimal cost: 1.4770986793899454

# Distance Matrix
0.0 0.8601768583148169 0.5607818003457316 0.6613157365175208 0.15136319341141447 0.39504937353664815 0.14899628569681655 0.037931951878645176 0.009058578292069908 0.9466188963911274 0.5084804246398753 0.3063163221377291
0.8601768583148169 0.0 0.4009529578642794 0.6560691932848378 0.9405102986047139 0.47579333573871274 0.5465941016525407 0.167250859080199 0.4218284740709637 0.8516871315060864 0.16673847490009164 0.3665683157695502
0.5607818003457316 0.4009529578642794 0.0 0.09107618765762748 0.5643821441366399 0.11743539743690024 0.40501816105806243 0.668232606315221 0.5626791082089702 0.3713184827635252 0.027067220437886563 0.6025021530969434
0.6613157365175208 0.6560691932848378 0.09107618765762748 0.0 0.9208422621604265 0.9857828657201883 0.9507861270646261 0.8153793594697488 0.2940849014207899 0.6596417037762683 0.5446296406416516 0.008160269448980406
0.15136319341141447 0.9405102986047139 0.5643821441366399 0.9208422621604265 0.0 0.6238423583580999 0.9730186390061273 0.32848279423442095 0.636958097146959 0.7420326947801476 0.42964752406120954 0.8900672153775558
0.39504937353664815 0.47579333573871274 0.11743539743690024 0.9857828657201883 0.6238423583580999 0.0 0.8233201177326761 0.35260720664859246 0.9764148087547576 0.652529507483986 0.6648317731380462 0.9790442620236344
0.14899628569681655 0.5465941016525407 0.40501816105806243 0.9507861270646261 0.9730186390061273 0.8233201177326761 0.0 0.7618933605291743 0.5550098231393018 0.6376331749531658 0.8580414989028398 0.5137816107686178
0.037931951878645176 0.167250859080199 0.668232606315221 0.8153793594697488 0.32848279423442095 0.35260720664859246 0.7618933605291743 0.0 0.1152150236677717 0.041561738462521314 0.4325133571759505 0.06457509906403813
0.009058578292069908 0.4218284740709637 0.5626791082089702 0.2940849014207899 0.636958097146959 0.9764148087547576 0.5550098231393018 0.1152150236677717 0.0 0.5314979338542726 0.7286745953428502 0.05110190767914047
0.9466188963911274 0.8516871315060864 0.3713184827635252 0.6596417037762683 0.7420326947801476 0.652529507483986 0.6376331749531658 0.041561738462521314 0.5314979338542726 0.0 0.2354617838725872 0.4516701254395984
0.5084804246398753 0.16673847490009164 0.027067220437886563 0.5446296406416516 0.42964752406120954 0.6648317731380462 0.8580414989028398 0.4325133571759505 0.7286745953428502 0.2354617838725872 0.0 0.6771926683345075
0.3063163221377291 0.3665683157695502 0.6025021530969434 0.008160269448980406 0.8900672153775558 0.9790442620236344 0.5137816107686178 0.06457509906403813 0.05110190767914047 0.4516701254395984 0.6771926683345075 0.0

# Optimal Walk
0 6 8 11 3 5 2 10 1 7 9 4 0
