# MCW Instance
# Type: UNIFORM
# N: 12
# Optimal cost: 0.9905297309165715
# Optimal tour (permutation): [0, 8, 11, 3, 2, 10, 6, 1, 9, 7, 5, 4, 0]
# Optimal walk (full path): [0, 4, 8, 11, 3, 2, 1, 10, 1, 6, 1, 9, 7, 8, 5, 8, 4, 0]
# Walk size: 18
# Is walk (has repeats): true

# Distance Matrix
0.0000000000 0.3035118833 0.6800379705 0.5939085593 0.1027863240 0.8796746901 0.4372117970 0.4879185908 0.3459935101 0.8339237691 0.4596229058 0.4782275936
0.3035118833 0.0000000000 0.0906037101 0.4280852376 0.3281124852 0.2109107332 0.0456503732 0.4123301293 0.1934833422 0.0199838053 0.0064315602 0.5159034968
0.6800379705 0.0906037101 0.0000000000 0.2571136612 0.9505157230 0.1369963432 0.4610630479 0.6050796208 0.8830909585 0.3499299528 0.2778459141 0.7488449774
0.5939085593 0.4280852376 0.2571136612 0.0000000000 0.6588222283 0.1526086038 0.7607581718 0.3906142697 0.9332153306 0.8847593284 0.7532090338 0.1277357198
0.1027863240 0.3281124852 0.9505157230 0.6588222283 0.0000000000 0.5975400193 0.3590740238 0.5714875056 0.0380790762 0.9979617043 0.5347910750 0.2873063349
0.8796746901 0.2109107332 0.1369963432 0.1526086038 0.5975400193 0.0000000000 0.3471020172 0.8555408839 0.0035720294 0.7764143364 0.6673590645 0.7443083480
0.4372117970 0.0456503732 0.4610630479 0.7607581718 0.3590740238 0.3471020172 0.0000000000 0.7476644589 0.4105051535 0.6224942820 0.2199762816 0.8422570170
0.4879185908 0.4123301293 0.6050796208 0.3906142697 0.5714875056 0.8555408839 0.7476644589 0.0000000000 0.0206262703 0.0203000505 0.2084463293 0.5170958495
0.3459935101 0.1934833422 0.8830909585 0.9332153306 0.0380790762 0.0035720294 0.4105051535 0.0206262703 0.0000000000 0.2925199047 0.1232113521 0.0611277879
0.8339237691 0.0199838053 0.3499299528 0.8847593284 0.9979617043 0.7764143364 0.6224942820 0.0203000505 0.2925199047 0.0000000000 0.2668461917 0.0678026053
0.4596229058 0.0064315602 0.2778459141 0.7532090338 0.5347910750 0.6673590645 0.2199762816 0.2084463293 0.1232113521 0.2668461917 0.0000000000 0.9796457573
0.4782275936 0.5159034968 0.7488449774 0.1277357198 0.2873063349 0.7443083480 0.8422570170 0.5170958495 0.0611277879 0.0678026053 0.9796457573 0.0000000000
