# MCW Instance
# Type: UNIFORM
# N: 12
# Optimal cost: 1.838496197986493
# Optimal tour (permutation): [0, 9, 10, 4, 1, 11, 6, 8, 7, 5, 2, 3, 0]
# Optimal walk (full path): [0, 9, 0, 10, 4, 1, 4, 10, 11, 6, 11, 8, 7, 5, 2, 3, 0]
# Walk size: 17
# Is walk (has repeats): true

# Distance Matrix
0.0000000000 0.5303453577 0.9408469845 0.2854747062 0.8241929799 0.5397522021 0.2268845987 0.4254319171 0.5309406227 0.0134301356 0.2278204720 0.3027162717
0.5303453577 0.0000000000 0.7447704927 0.8925084164 0.0391778827 0.2379731459 0.8260425798 0.5092743816 0.8236095480 0.6920439255 0.9822555392 0.4043872747
0.9408469845 0.7447704927 0.0000000000 0.3731840027 0.9467401078 0.2182652833 0.8472331874 0.5430032645 0.8833049931 0.6242809188 0.5323522715 0.9170220311
0.2854747062 0.8925084164 0.3731840027 0.0000000000 0.5780760472 0.5036213511 0.2383454452 0.4819778360 0.5139624561 0.6478803171 0.3303947332 0.5316307876
0.8241929799 0.0391778827 0.9467401078 0.5780760472 0.0000000000 0.5667039732 0.4040618853 0.8635078263 0.5010502730 0.5664784112 0.0464118054 0.7008240810
0.5397522021 0.2379731459 0.2182652833 0.5036213511 0.5667039732 0.0000000000 0.9394752946 0.1582774283 0.3650849206 0.4997954826 0.3703141748 0.8885709797
0.2268845987 0.8260425798 0.8472331874 0.2383454452 0.4040618853 0.9394752946 0.0000000000 0.3144526109 0.6387832272 0.3581383049 0.9311328525 0.0257680048
0.4254319171 0.5092743816 0.5430032645 0.4819778360 0.8635078263 0.1582774283 0.3144526109 0.0000000000 0.1575862135 0.7050637517 0.6315012208 0.4820713622
0.5309406227 0.8236095480 0.8833049931 0.5139624561 0.5010502730 0.3650849206 0.6387832272 0.1575862135 0.0000000000 0.5676454536 0.3327035654 0.0973997300
0.0134301356 0.6920439255 0.6242809188 0.6478803171 0.5664784112 0.4997954826 0.3581383049 0.7050637517 0.5676454536 0.0000000000 0.6776315554 0.9511439347
0.2278204720 0.9822555392 0.5323522715 0.3303947332 0.0464118054 0.3703141748 0.9311328525 0.6315012208 0.3327035654 0.6776315554 0.0000000000 0.0709127051
0.3027162717 0.4043872747 0.9170220311 0.5316307876 0.7008240810 0.8885709797 0.0257680048 0.4820713622 0.0973997300 0.9511439347 0.0709127051 0.0000000000
