# Graph size: 12
# Optimal cost: 1.5963840518900136

# Distance Matrix
0.0 0.6916436382765773 0.16953587753651966 0.7381821196440156 0.47113961097044366 5.908738915572087E-5 0.7950045753936225 0.6586011590082969 0.11613586620979643 0.936178666367749 0.8675714063091386 0.6864127630262062
0.6916436382765773 0.0 0.4730854741250058 0.2897863921011812 0.37520320906570204 0.8959650779898103 0.1384304895354893 0.9591053640808551 0.9581875728325275 0.31785230080283133 0.8601933538127053 0.16920478073385037
0.16953587753651966 0.4730854741250058 0.0 0.6511424470186511 0.5821839546751428 0.5382419955074751 0.36612795836470347 0.4219399399266688 0.33793255035462444 0.4730224001351079 0.2767624300129904 0.4128482460115023
0.7381821196440156 0.2897863921011812 0.6511424470186511 0.0 0.08339957920311203 0.2451134707338638 0.10982420379964541 0.2511093739676221 0.043816937105199405 0.21049769341715752 0.6399301068446817 0.7893353454887864
0.47113961097044366 0.37520320906570204 0.5821839546751428 0.08339957920311203 0.0 0.5143270795346683 0.23023084897849122 0.9645837736101759 0.1605184446054243 0.6500620227152536 0.9182321947795246 0.05300209264227651
5.908738915572087E-5 0.8959650779898103 0.5382419955074751 0.2451134707338638 0.5143270795346683 0.0 0.08811613703493848 0.029767407496949838 0.3872068314404312 0.8160608462358645 0.9785846183809725 0.4453950492678006
0.7950045753936225 0.1384304895354893 0.36612795836470347 0.10982420379964541 0.23023084897849122 0.08811613703493848 0.0 0.20024938926992397 0.3182394926185266 0.44189962912600467 0.277313592969196 0.9944690529135516
0.6586011590082969 0.9591053640808551 0.4219399399266688 0.2511093739676221 0.9645837736101759 0.029767407496949838 0.20024938926992397 0.0 0.9252970250616247 0.5350165705730754 0.5032631946672136 0.033013285817327764
0.11613586620979643 0.9581875728325275 0.33793255035462444 0.043816937105199405 0.1605184446054243 0.3872068314404312 0.3182394926185266 0.9252970250616247 0.0 0.6355118981431163 0.20388667691028517 0.8589073499150357
0.936178666367749 0.31785230080283133 0.4730224001351079 0.21049769341715752 0.6500620227152536 0.8160608462358645 0.44189962912600467 0.5350165705730754 0.6355118981431163 0.0 0.7631582733335914 0.5776710157556809
0.8675714063091386 0.8601933538127053 0.2767624300129904 0.6399301068446817 0.9182321947795246 0.9785846183809725 0.277313592969196 0.5032631946672136 0.20388667691028517 0.7631582733335914 0.0 0.11155967511124454
0.6864127630262062 0.16920478073385037 0.4128482460115023 0.7893353454887864 0.05300209264227651 0.4453950492678006 0.9944690529135516 0.033013285817327764 0.8589073499150357 0.5776710157556809 0.11155967511124454 0.0

# Optimal Walk
0 7 5 6 1 9 8 3 4 11 10 2 0
