# MCW Instance
# Type: UNIFORM
# N: 12
# Optimal cost: 1.5702169446165768
# Optimal tour (permutation): [0, 9, 10, 1, 3, 2, 11, 5, 7, 4, 6, 8, 0]
# Optimal walk (full path): [0, 9, 10, 1, 3, 2, 3, 11, 7, 5, 7, 4, 7, 6, 8, 0]
# Walk size: 16
# Is walk (has repeats): true

# Distance Matrix
0.0000000000 0.3774879931 0.4151743415 0.8751286442 0.7206232239 0.6280120100 0.9634103265 0.2185686939 0.0716109028 0.0796425632 0.7644974714 0.3032423200
0.3774879931 0.0000000000 0.3187117138 0.0415769390 0.3649907423 0.6787582983 0.6064406634 0.7704664905 0.7511801182 0.6225344506 0.2588502361 0.6681698676
0.4151743415 0.3187117138 0.0000000000 0.0489239884 0.3833696990 0.5864810587 0.9925992218 0.6163135246 0.3192278356 0.7676771008 0.7503911753 0.6991200381
0.8751286442 0.0415769390 0.0489239884 0.0000000000 0.8523593962 0.9356438334 0.8942355654 0.9996423499 0.6346140946 0.4239163447 0.6830470389 0.2214841053
0.7206232239 0.3649907423 0.3833696990 0.8523593962 0.0000000000 0.5667735769 0.9754439389 0.0797658561 0.8959560094 0.3479601043 0.6042862986 0.3594255698
0.6280120100 0.6787582983 0.5864810587 0.9356438334 0.5667735769 0.0000000000 0.5702115295 0.0446538005 0.7139561018 0.6792274163 0.7428886257 0.7635772916
0.9634103265 0.6064406634 0.9925992218 0.8942355654 0.9754439389 0.5702115295 0.0000000000 0.0227308658 0.2227123425 0.7699445322 0.8886836316 0.8237974030
0.2185686939 0.7704664905 0.6163135246 0.9996423499 0.0797658561 0.0446538005 0.0227308658 0.0000000000 0.6717231710 0.3315341304 0.4997094246 0.1168797906
0.0716109028 0.7511801182 0.3192278356 0.6346140946 0.8959560094 0.7139561018 0.2227123425 0.6717231710 0.0000000000 0.1827012874 0.9501970203 0.5282320178
0.0796425632 0.6225344506 0.7676771008 0.4239163447 0.3479601043 0.6792274163 0.7699445322 0.3315341304 0.1827012874 0.0000000000 0.1880419094 0.7479636256
0.7644974714 0.2588502361 0.7503911753 0.6830470389 0.6042862986 0.7428886257 0.8886836316 0.4997094246 0.9501970203 0.1880419094 0.0000000000 0.4812822537
0.3032423200 0.6681698676 0.6991200381 0.2214841053 0.3594255698 0.7635772916 0.8237974030 0.1168797906 0.5282320178 0.7479636256 0.4812822537 0.0000000000
