# Graph size: 12
# Optimal cost: 1.567315193814334

# Distance Matrix
0.0 0.9503704291761604 0.34993783907246967 0.23124809220679943 0.5413699347214225 0.7400099591059173 0.45444943693598017 0.7532874618216765 0.2622628896880359 0.20358165453800559 0.5113534359170884 0.7103829079068583
0.9503704291761604 0.0 0.655145960228589 0.11708932567793373 0.6350082947512125 0.8220581972014618 0.41940848786481666 0.7790423292598726 0.5477704031484365 0.862640871338884 0.031267562248022074 0.8179570296709752
0.34993783907246967 0.655145960228589 0.0 0.2592162348545637 0.9757567390895988 0.5588473010786896 0.5660368358749666 0.610592284433152 0.8206428284761484 0.2737754651022032 0.15164875753040352 0.41255026770414693
0.23124809220679943 0.11708932567793373 0.2592162348545637 0.0 0.8244793843897177 0.8034685494404789 0.5266917225986704 0.06926517864651827 0.6440428642162824 0.12394067523269892 0.48967826119160296 0.7783215750153915
0.5413699347214225 0.6350082947512125 0.9757567390895988 0.8244793843897177 0.0 0.050333633166842695 0.7798853994445256 0.39132725697085624 0.6232934110892162 0.8414331792217274 0.3369439045373551 0.6166929372084936
0.7400099591059173 0.8220581972014618 0.5588473010786896 0.8034685494404789 0.050333633166842695 0.0 0.13473161529755706 0.06169794298273501 0.22048679097907387 0.12633098640692686 0.18531236175827936 0.7594976080699299
0.45444943693598017 0.41940848786481666 0.5660368358749666 0.5266917225986704 0.7798853994445256 0.13473161529755706 0.0 0.7759012005287669 0.3087295020803752 0.4061884126369474 0.75105803734495 0.597288443799378
0.7532874618216765 0.7790423292598726 0.610592284433152 0.06926517864651827 0.39132725697085624 0.06169794298273501 0.7759012005287669 0.0 0.14720960065210797 0.6641247759347549 0.3745698995504808 0.914642001474433
0.2622628896880359 0.5477704031484365 0.8206428284761484 0.6440428642162824 0.6232934110892162 0.22048679097907387 0.3087295020803752 0.14720960065210797 0.0 0.23672594887555853 0.5227891844886159 0.016576196443260582
0.20358165453800559 0.862640871338884 0.2737754651022032 0.12394067523269892 0.8414331792217274 0.12633098640692686 0.4061884126369474 0.6641247759347549 0.23672594887555853 0.0 0.10398944975110413 0.4994751862425493
0.5113534359170884 0.031267562248022074 0.15164875753040352 0.48967826119160296 0.3369439045373551 0.18531236175827936 0.75105803734495 0.3745698995504808 0.5227891844886159 0.10398944975110413 0.0 0.026606528447999267
0.7103829079068583 0.8179570296709752 0.41255026770414693 0.7783215750153915 0.6166929372084936 0.7594976080699299 0.597288443799378 0.914642001474433 0.016576196443260582 0.4994751862425493 0.026606528447999267 0.0

# Optimal Walk
0 9 6 5 4 7 3 1 10 11 8 2 0
