# Graph size: 12
# Optimal cost: 1.6179714115846147

# Distance Matrix
0.0 0.34654364131219606 0.8260021995799322 0.8813446114881784 0.9676432930702178 0.6102511118677233 0.140947140174564 0.9774040095445212 0.31234254246049065 0.5120947075654647 0.5075019012537836 0.5488981277525106
0.34654364131219606 0.0 0.0029552392869265365 0.7756932321834518 0.9317749562541731 0.12395667584448256 0.6405872218294575 0.28781340118270293 0.7777778762275044 0.7205268855022018 0.3521337643362139 0.18538691310995226
0.8260021995799322 0.0029552392869265365 0.0 0.3548326918671989 0.47390668847737283 0.8538299504362467 0.4050983426316255 0.25707792494608395 0.6082121189036779 0.09906893272025774 0.3061704816627867 0.7739520784800116
0.8813446114881784 0.7756932321834518 0.3548326918671989 0.0 0.5621117707688364 0.04860396660165189 0.4466999405583202 0.5118213499527332 0.8145136376223988 0.8131653030282221 0.8448720091654397 0.21945836937208085
0.9676432930702178 0.9317749562541731 0.47390668847737283 0.5621117707688364 0.0 0.9724902601324735 0.6616861186120582 0.08861121939431293 0.6938667510555304 0.9815804290544854 0.1627462444616894 0.47069949839397285
0.6102511118677233 0.12395667584448256 0.8538299504362467 0.04860396660165189 0.9724902601324735 0.0 0.5579864018932019 0.897706771206317 0.032506470075777893 0.9211214267489252 0.6481027366878227 0.5203004405170246
0.140947140174564 0.6405872218294575 0.4050983426316255 0.4466999405583202 0.6616861186120582 0.5579864018932019 0.0 0.09932006332439247 0.8843718364197655 0.7263224763784261 0.32782525070650714 0.1633724876507806
0.9774040095445212 0.28781340118270293 0.25707792494608395 0.5118213499527332 0.08861121939431293 0.897706771206317 0.09932006332439247 0.0 0.44668828531041704 0.24226762526779455 0.579745902515477 0.42911408499349346
0.31234254246049065 0.7777778762275044 0.6082121189036779 0.8145136376223988 0.6938667510555304 0.032506470075777893 0.8843718364197655 0.44668828531041704 0.0 0.9566466256056404 0.9081783732579095 0.1530854666042657
0.5120947075654647 0.7205268855022018 0.09906893272025774 0.8131653030282221 0.9815804290544854 0.9211214267489252 0.7263224763784261 0.24226762526779455 0.9566466256056404 0.0 0.6189146365265431 0.10228550276275716
0.5075019012537836 0.3521337643362139 0.3061704816627867 0.8448720091654397 0.1627462444616894 0.6481027366878227 0.32782525070650714 0.579745902515477 0.9081783732579095 0.6189146365265431 0.0 0.9229043780006763
0.5488981277525106 0.18538691310995226 0.7739520784800116 0.21945836937208085 0.47069949839397285 0.5203004405170246 0.1633724876507806 0.42911408499349346 0.1530854666042657 0.10228550276275716 0.9229043780006763 0.0

# Optimal Walk
0 8 5 3 11 9 2 1 10 4 7 6 0
