# Graph size: 12
# Optimal cost: 2.564979793722929

# Distance Matrix
0.0 0.8397764926593622 0.4634695284798307 0.9449536333365207 0.17582508289523846 0.7361302585940227 0.8187037590254879 0.43067185259539753 0.7221444892399275 0.6259433000435134 0.22547591220610708 0.25981869316427564
0.8397764926593622 0.0 0.8169724337526482 0.7841975784208738 0.5289774849998362 0.5026536175987728 0.8401825032141965 0.321380820803829 0.6093058522028316 0.5251545648983775 0.767209535436498 0.6336934912616204
0.4634695284798307 0.8169724337526482 0.0 0.8706854407130274 0.9508183345103443 0.054526526893530214 0.38700923667102516 0.18348670180249893 0.32883692937727305 0.017363766432041405 0.32539073624648895 0.26637829382724953
0.9449536333365207 0.7841975784208738 0.8706854407130274 0.0 0.7569717226172594 0.4765554620731033 0.30531440967840406 0.5828614134885448 0.3334231556679914 0.6789396105223945 0.3483593318494176 0.44460013873738236
0.17582508289523846 0.5289774849998362 0.9508183345103443 0.7569717226172594 0.0 0.7192208624014647 0.7545245313480925 0.1779669194999881 0.16337455833740233 0.2811354086499278 0.2636759228946608 0.6599794506155275
0.7361302585940227 0.5026536175987728 0.054526526893530214 0.4765554620731033 0.7192208624014647 0.0 0.7741485790001376 0.25483925305519506 0.7088659665478336 0.8020178169524973 0.06365780618269956 0.11902166920904156
0.8187037590254879 0.8401825032141965 0.38700923667102516 0.30531440967840406 0.7545245313480925 0.7741485790001376 0.0 0.2380665127873436 0.48335902437056844 0.3820870093648199 0.9033881047271236 0.15065606411814958
0.43067185259539753 0.321380820803829 0.18348670180249893 0.5828614134885448 0.1779669194999881 0.25483925305519506 0.2380665127873436 0.0 0.8848272685150796 0.9898209002601369 0.46695157670989207 0.23175040146916692
0.7221444892399275 0.6093058522028316 0.32883692937727305 0.3334231556679914 0.16337455833740233 0.7088659665478336 0.48335902437056844 0.8848272685150796 0.0 0.6673124130910889 0.4969158706343748 0.8777504119507872
0.6259433000435134 0.5251545648983775 0.017363766432041405 0.6789396105223945 0.2811354086499278 0.8020178169524973 0.3820870093648199 0.9898209002601369 0.6673124130910889 0.0 0.3871551692702896 0.307882285347156
0.22547591220610708 0.767209535436498 0.32539073624648895 0.3483593318494176 0.2636759228946608 0.06365780618269956 0.9033881047271236 0.46695157670989207 0.4969158706343748 0.3871551692702896 0.0 0.28985449164242205
0.25981869316427564 0.6336934912616204 0.26637829382724953 0.44460013873738236 0.6599794506155275 0.11902166920904156 0.15065606411814958 0.23175040146916692 0.8777504119507872 0.307882285347156 0.28985449164242205 0.0

# Optimal Walk
0 10 5 9 2 7 1 11 6 3 8 4 0
