# Graph size: 12
# Optimal cost: 1.1639321665061613

# Distance Matrix
0.0 0.4426775164954958 0.9567112113946293 0.2544680203391658 0.5266590048320244 0.8362327483822228 0.849684378801204 0.13167700255474657 0.7737613672649335 0.37320704496645296 0.50196559702588 0.6285125383657154
0.4426775164954958 0.0 0.11583132221741788 0.037477091695465536 0.41630589842563614 0.7896029954454975 0.3290457389668767 0.9157610030498203 0.07987828564341659 0.915589727201265 0.4699453913600623 0.8798732731284432
0.9567112113946293 0.11583132221741788 0.0 0.8615112847466768 0.8779471306011027 0.5584508613917784 0.011473589737464263 0.6544448689531975 0.25126271794935096 0.7919385641596065 0.3022986044182109 0.6816317076517566
0.2544680203391658 0.037477091695465536 0.8615112847466768 0.0 0.6284864595148423 0.37195054351742673 0.02321791354349767 0.7175204408826705 0.8606346126432336 0.002650512603164623 0.2970569628282521 0.34842155761411087
0.5266590048320244 0.41630589842563614 0.8779471306011027 0.6284864595148423 0.0 0.11966058494625464 0.12892771254337387 0.8329808608811973 0.7929711077843861 0.621681148828699 0.02208941682963872 0.48433496653033337
0.8362327483822228 0.7896029954454975 0.5584508613917784 0.37195054351742673 0.11966058494625464 0.0 0.23487112993988435 0.567473765540344 0.8923715730613095 0.27718967571432085 0.5819995204759881 0.3581363575495099
0.849684378801204 0.3290457389668767 0.011473589737464263 0.02321791354349767 0.12892771254337387 0.23487112993988435 0.0 0.3100366231707229 0.823437972436439 0.05914688184438188 0.42602841792606605 0.3506162046526139
0.13167700255474657 0.9157610030498203 0.6544448689531975 0.7175204408826705 0.8329808608811973 0.567473765540344 0.3100366231707229 0.0 0.5801464998425395 0.06605113242737481 0.08458796049015471 0.04489578823200291
0.7737613672649335 0.07987828564341659 0.25126271794935096 0.8606346126432336 0.7929711077843861 0.8923715730613095 0.823437972436439 0.5801464998425395 0.0 0.24596206574675994 0.2880652309234204 0.6453462349201635
0.37320704496645296 0.915589727201265 0.7919385641596065 0.002650512603164623 0.621681148828699 0.27718967571432085 0.05914688184438188 0.06605113242737481 0.24596206574675994 0.0 0.9105269809175955 0.6957269331908965
0.50196559702588 0.4699453913600623 0.3022986044182109 0.2970569628282521 0.02208941682963872 0.5819995204759881 0.42602841792606605 0.08458796049015471 0.2880652309234204 0.9105269809175955 0.0 0.13370729608466725
0.6285125383657154 0.8798732731284432 0.6816317076517566 0.34842155761411087 0.48433496653033337 0.3581363575495099 0.3506162046526139 0.04489578823200291 0.6453462349201635 0.6957269331908965 0.13370729608466725 0.0

# Optimal Walk
0 11 10 4 5 6 2 3 8 1 9 7 0
