# Graph size: 12
# Optimal cost: 2.1569238724560793

# Distance Matrix
0.0 0.7750697789089626 0.44125514300568536 0.13958923785137012 0.5677974570123848 0.9699792314383646 0.6139144696096143 0.7477693722922852 0.9897096202461899 0.6822754927053147 0.13246841898441952 0.4377843510697732
0.7750697789089626 0.0 0.9910696835659334 0.48645077966041395 0.12771867205567045 0.46707640441708165 0.08779503514478482 0.4139516475843198 0.5821981119618687 0.13468051432526107 0.3025459563433446 0.4873470518752603
0.44125514300568536 0.9910696835659334 0.0 0.5754836632497188 0.7271246738173998 0.676342721557198 0.3677023293021038 0.22325838504270712 0.3065550386742564 0.3100071569182218 0.9835976604559872 0.6993137448638289
0.13958923785137012 0.48645077966041395 0.5754836632497188 0.0 0.5342322968830445 0.6688572588855834 0.7299566882343187 0.8009716788939933 0.7078957116290125 0.845998122602691 0.3258266968121053 0.6209453703518524
0.5677974570123848 0.12771867205567045 0.7271246738173998 0.5342322968830445 0.0 0.4580945930224022 0.9727161832700202 0.7024790074234326 0.022446368888684343 0.09643689524277754 0.9888979131906122 0.35667460740244417
0.9699792314383646 0.46707640441708165 0.676342721557198 0.6688572588855834 0.4580945930224022 0.0 0.7793853695312405 0.43780756728324277 0.5420580614398334 0.4486662870798538 0.4398021663810606 0.028959708460240985
0.6139144696096143 0.08779503514478482 0.3677023293021038 0.7299566882343187 0.9727161832700202 0.7793853695312405 0.0 0.8704769875494358 0.5504856838733808 0.19820016793800876 0.1074839497676442 0.14411013506194548
0.7477693722922852 0.4139516475843198 0.22325838504270712 0.8009716788939933 0.7024790074234326 0.43780756728324277 0.8704769875494358 0.0 0.35728971689986233 0.32124957633805074 0.2880126846540124 0.88634725676402
0.9897096202461899 0.5821981119618687 0.3065550386742564 0.7078957116290125 0.022446368888684343 0.5420580614398334 0.5504856838733808 0.35728971689986233 0.0 0.8630176076032502 0.9613620840734838 0.9266174321157927
0.6822754927053147 0.13468051432526107 0.3100071569182218 0.845998122602691 0.09643689524277754 0.4486662870798538 0.19820016793800876 0.32124957633805074 0.8630176076032502 0.0 0.7803625695852421 0.47133639638745206
0.13246841898441952 0.3025459563433446 0.9835976604559872 0.3258266968121053 0.9888979131906122 0.4398021663810606 0.1074839497676442 0.2880126846540124 0.9613620840734838 0.7803625695852421 0.0 0.513929712374575
0.4377843510697732 0.4873470518752603 0.6993137448638289 0.6209453703518524 0.35667460740244417 0.028959708460240985 0.14411013506194548 0.88634725676402 0.9266174321157927 0.47133639638745206 0.513929712374575 0.0

# Optimal Walk
0 3 7 2 8 4 9 1 6 5 11 10 0
