# Graph size: 12
# Optimal cost: 1.023393734641836

# Distance Matrix
0.0 0.8839151754264793 0.47440838480886616 0.7600178919610066 0.07048470141377206 0.7223221764362979 0.07502952579348288 0.09730998422147363 0.44457145884630234 0.5127895242947058 0.05701840706223771 0.15384523569152175
0.8839151754264793 0.0 0.9180694655072512 0.3094337958653258 0.033209489518726154 0.5408683395307519 0.20480649841085496 0.5924984310529529 0.8755599107731685 0.6717954257022649 0.030146750024118374 0.17051331203790654
0.47440838480886616 0.9180694655072512 0.0 0.6576696235153148 0.7659708673433169 0.8303396316011018 0.13276336634202845 0.6712696172159296 0.9769672686184542 0.3594701602129018 0.5593723741471246 0.48692317922733097
0.7600178919610066 0.3094337958653258 0.6576696235153148 0.0 0.3493165682281816 0.06536928423503274 0.5097842484669786 0.9442250518837026 0.8866618390215933 0.40150683005360566 0.40515095194539086 0.9030718331754295
0.07048470141377206 0.033209489518726154 0.7659708673433169 0.3493165682281816 0.0 0.8746705433785016 0.07880404955209108 0.2961125900117041 0.5651159424359876 0.7436525639294171 0.6294664174950856 0.6646818219299924
0.7223221764362979 0.5408683395307519 0.8303396316011018 0.06536928423503274 0.8746705433785016 0.0 0.18330515275238235 0.17867624645675606 0.5543515474261133 0.347421439719252 0.017448037031669084 0.8890790610427816
0.07502952579348288 0.20480649841085496 0.13276336634202845 0.5097842484669786 0.07880404955209108 0.18330515275238235 0.0 0.7560514022070921 0.8868301690519167 0.4650351733206505 0.43461969258348665 0.9217815512838075
0.09730998422147363 0.5924984310529529 0.6712696172159296 0.9442250518837026 0.2961125900117041 0.17867624645675606 0.7560514022070921 0.0 0.1188287871613335 0.3990851318684463 0.7721205535734735 0.013334695391139073
0.44457145884630234 0.8755599107731685 0.9769672686184542 0.8866618390215933 0.5651159424359876 0.5543515474261133 0.8868301690519167 0.1188287871613335 0.0 0.08646466786034057 0.8785725403970057 0.7343013671898323
0.5127895242947058 0.6717954257022649 0.3594701602129018 0.40150683005360566 0.7436525639294171 0.347421439719252 0.4650351733206505 0.3990851318684463 0.08646466786034057 0.0 0.045769714510531134 0.4334302073762387
0.05701840706223771 0.030146750024118374 0.5593723741471246 0.40515095194539086 0.6294664174950856 0.017448037031669084 0.43461969258348665 0.7721205535734735 0.8785725403970057 0.045769714510531134 0.0 0.5620358753349987
0.15384523569152175 0.17051331203790654 0.48692317922733097 0.9030718331754295 0.6646818219299924 0.8890790610427816 0.9217815512838075 0.013334695391139073 0.7343013671898323 0.4334302073762387 0.5620358753349987 0.0

# Optimal Walk
0 11 7 8 9 10 5 3 1 4 6 2 0
