# Graph size: 12
# Optimal cost: 1.5639625251663134

# Distance Matrix
0.0 0.31925789453959785 0.22101203912765388 0.9566006262545449 0.543607700112738 0.41121074229027244 0.6100597485892542 0.8852837293885665 0.11480986263522142 0.744763199192252 0.2858849595718882 0.5118361660600268
0.31925789453959785 0.0 0.10943940394622886 0.8542616129149418 0.2088968595147811 0.9256473181309846 0.5945555020363054 0.8353536913329345 0.963545304762701 0.6495719088931736 0.17213691884125726 0.05351970443532095
0.22101203912765388 0.10943940394622886 0.0 0.6813916833429455 0.8114783152660111 0.8424230180750589 0.13502951854026768 0.6291511851716216 0.4644486376425022 0.02503896635079006 0.4534908265869345 0.5471862661473239
0.9566006262545449 0.8542616129149418 0.6813916833429455 0.0 0.8591284453791262 0.058248697154052675 0.8261303682525204 0.9264698373492545 0.7383245840781042 0.9898421659442805 0.41617654476017174 0.5458263256366986
0.543607700112738 0.2088968595147811 0.8114783152660111 0.8591284453791262 0.0 0.2718018905960954 0.4975785326417006 0.9011885211955457 0.7562972852954807 0.07833038784204194 0.332770166599086 0.8119030629883929
0.41121074229027244 0.9256473181309846 0.8424230180750589 0.058248697154052675 0.2718018905960954 0.0 0.19576780795944893 0.8923868915610103 0.7675066845842766 0.572147656771798 0.8445285979967441 0.8245160795163531
0.6100597485892542 0.5945555020363054 0.13502951854026768 0.8261303682525204 0.4975785326417006 0.19576780795944893 0.0 0.1441827847478795 0.17759398357697143 0.5912376983042282 0.8372074696977824 0.7754067302882122
0.8852837293885665 0.8353536913329345 0.6291511851716216 0.9264698373492545 0.9011885211955457 0.8923868915610103 0.1441827847478795 0.0 0.6396036122726932 0.768785541504796 0.012246890333991733 0.12303127361020927
0.11480986263522142 0.963545304762701 0.4644486376425022 0.7383245840781042 0.7562972852954807 0.7675066845842766 0.17759398357697143 0.6396036122726932 0.0 0.2901430949441185 0.44085489460672556 0.4208520230289946
0.744763199192252 0.6495719088931736 0.02503896635079006 0.9898421659442805 0.07833038784204194 0.572147656771798 0.5912376983042282 0.768785541504796 0.2901430949441185 0.0 0.3969625255674707 0.7947233313041888
0.2858849595718882 0.17213691884125726 0.4534908265869345 0.41617654476017174 0.332770166599086 0.8445285979967441 0.8372074696977824 0.012246890333991733 0.44085489460672556 0.3969625255674707 0.0 0.572507503784567
0.5118361660600268 0.05351970443532095 0.5471862661473239 0.5458263256366986 0.8119030629883929 0.8245160795163531 0.7754067302882122 0.12303127361020927 0.4208520230289946 0.7947233313041888 0.572507503784567 0.0

# Optimal Walk
0 10 7 11 1 2 9 4 3 5 6 8 0
