# Graph size: 12
# Optimal cost: 1.1457878735139886

# Distance Matrix
0.0 0.9187814990685287 0.1239396376757057 0.2099685329298664 0.580652855023938 0.2475868771712939 0.134646444595375 0.5667619911684313 0.3715362335769201 0.28319414118931674 0.3495156018136957 0.13208022494103855
0.9187814990685287 0.0 0.5816639170990894 0.1858591573473659 0.6772308501981358 0.08540660425063296 0.41880694006848473 0.7525479630628726 0.14638124513971806 0.30029740915829606 0.17564433714937877 0.050167412618594365
0.1239396376757057 0.5816639170990894 0.0 0.15218385495751452 0.047951807118071454 0.9317322291343659 0.3509204840465726 0.8662704434062327 0.26635011409317755 0.4941139016959719 0.04535439659254137 0.19726412370623503
0.2099685329298664 0.1858591573473659 0.15218385495751452 0.0 0.6842969866903336 0.660097028594096 0.1315204622217262 0.08928560242008288 0.528183549190589 0.42576418278545447 0.08276646628241169 0.8761931699782903
0.580652855023938 0.6772308501981358 0.047951807118071454 0.6842969866903336 0.0 0.7590085964298109 0.33507109290343506 0.3820339260524396 0.8712742972735589 0.7881758532396185 0.7669263912280857 0.7771341243802986
0.2475868771712939 0.08540660425063296 0.9317322291343659 0.660097028594096 0.7590085964298109 0.0 0.3652712334273889 0.402810591704865 0.5914360131801631 0.35932823978741557 0.7300361930161033 0.19481551348943815
0.134646444595375 0.41880694006848473 0.3509204840465726 0.1315204622217262 0.33507109290343506 0.3652712334273889 0.0 0.2915338448643232 0.8966386710587898 0.38077698409087446 0.13261265122471166 0.34250983492302756
0.5667619911684313 0.7525479630628726 0.8662704434062327 0.08928560242008288 0.3820339260524396 0.402810591704865 0.2915338448643232 0.0 0.46367021727111835 0.9367668355934522 0.04049419167127144 0.36948541437502636
0.3715362335769201 0.14638124513971806 0.26635011409317755 0.528183549190589 0.8712742972735589 0.5914360131801631 0.8966386710587898 0.46367021727111835 0.0 0.3013209594782644 0.03855705559269029 0.6577320045660343
0.28319414118931674 0.30029740915829606 0.4941139016959719 0.42576418278545447 0.7881758532396185 0.35932823978741557 0.38077698409087446 0.9367668355934522 0.3013209594782644 0.0 0.3616756701536371 0.012614809195500176
0.3495156018136957 0.17564433714937877 0.04535439659254137 0.08276646628241169 0.7669263912280857 0.7300361930161033 0.13261265122471166 0.04049419167127144 0.03855705559269029 0.3616756701536371 0.0 0.9291446820888778
0.13208022494103855 0.050167412618594365 0.19726412370623503 0.8761931699782903 0.7771341243802986 0.19481551348943815 0.34250983492302756 0.36948541437502636 0.6577320045660343 0.012614809195500176 0.9291446820888778 0.0

# Optimal Walk
0 6 3 7 10 4 2 8 5 1 9 11 0
