# MCW Instance
# Type: UNIFORM
# N: 12
# Optimal cost: 1.7882469987319571
# Optimal tour (permutation): [0, 11, 9, 10, 7, 5, 1, 6, 3, 4, 8, 2, 0]
# Optimal walk (full path): [0, 11, 9, 11, 7, 10, 7, 5, 1, 6, 3, 4, 8, 2, 11, 0]
# Walk size: 16
# Is walk (has repeats): true

# Distance Matrix
0.0000000000 0.8433781594 0.8915276478 0.9838380626 0.2462577941 0.4690126823 0.9661584254 0.7271896013 0.7492539228 0.5895306007 0.7154107460 0.0529157618
0.8433781594 0.0000000000 0.4855568753 0.8585344442 0.3198708356 0.0682949745 0.0366182048 0.4109724216 0.3770740615 0.2901962511 0.7670980382 0.2166222726
0.8915276478 0.4855568753 0.0000000000 0.6237186205 0.5322891676 0.9274427147 0.6372047558 0.3304802072 0.2732425986 0.5908218879 0.5506824718 0.2459224388
0.9838380626 0.8585344442 0.6237186205 0.0000000000 0.3660498419 0.6920329582 0.2197766244 0.8810381715 0.5277196223 0.7416464624 0.6764605339 0.8722445917
0.2462577941 0.3198708356 0.5322891676 0.3660498419 0.0000000000 0.9089241551 0.6255784938 0.7701658684 0.1381950244 0.1847968712 0.2684414032 0.1846633692
0.4690126823 0.0682949745 0.9274427147 0.6920329582 0.9089241551 0.0000000000 0.5545588342 0.0309239369 0.8384372809 0.6670570176 0.9109601473 0.5526752654
0.9661584254 0.0366182048 0.6372047558 0.2197766244 0.6255784938 0.5545588342 0.0000000000 0.6022236229 0.4320568550 0.9855552680 0.2213726065 0.5000939088
0.7271896013 0.4109724216 0.3304802072 0.8810381715 0.7701658684 0.0309239369 0.6022236229 0.0000000000 0.2056723637 0.6752674512 0.1373932606 0.0049801814
0.7492539228 0.3770740615 0.2732425986 0.5277196223 0.1381950244 0.8384372809 0.4320568550 0.2056723637 0.0000000000 0.6546946335 0.2534867858 0.9881599921
0.5895306007 0.2901962511 0.5908218879 0.7416464624 0.1847968712 0.6670570176 0.9855552680 0.6752674512 0.6546946335 0.0000000000 0.8531988435 0.0118125640
0.7154107460 0.7670980382 0.5506824718 0.6764605339 0.2684414032 0.9109601473 0.2213726065 0.1373932606 0.2534867858 0.8531988435 0.0000000000 0.9920825206
0.0529157618 0.2166222726 0.2459224388 0.8722445917 0.1846633692 0.5526752654 0.5000939088 0.0049801814 0.9881599921 0.0118125640 0.9920825206 0.0000000000
