# MCW Instance
# Type: UNIFORM
# N: 12
# Optimal cost: 1.80592704119416
# Optimal tour (permutation): [0, 11, 10, 9, 6, 8, 2, 1, 4, 3, 5, 7, 0]
# Optimal walk (full path): [0, 7, 11, 10, 9, 6, 8, 2, 1, 4, 3, 5, 7, 0]
# Walk size: 14
# Is walk (has repeats): true

# Distance Matrix
0.0000000000 0.2949576028 0.7194766477 0.6443825608 0.2921602274 0.9693436029 0.7668348273 0.0660289595 0.3035818891 0.3654488986 0.9847908279 0.9403496485
0.2949576028 0.0000000000 0.0901169559 0.4767329461 0.1397079617 0.5252627174 0.4299710939 0.7174726177 0.8573545893 0.3832177448 0.6522497387 0.9839679529
0.7194766477 0.0901169559 0.0000000000 0.4234754920 0.0916671215 0.7307964335 0.9209641590 0.4860901418 0.0552535775 0.4512817846 0.4013772551 0.2117941554
0.6443825608 0.4767329461 0.4234754920 0.0000000000 0.2368828780 0.4074331393 0.6658869993 0.9883799136 0.8289524668 0.5129590005 0.7886873615 0.3373807607
0.2921602274 0.1397079617 0.0916671215 0.2368828780 0.0000000000 0.3713584785 0.1776357522 0.1366613960 0.3026828721 0.5895048497 0.2891894972 0.2714740717
0.9693436029 0.5252627174 0.7307964335 0.4074331393 0.3713584785 0.0000000000 0.2151374631 0.2733900866 0.6670184307 0.3075526156 0.3981453807 0.8479487108
0.7668348273 0.4299710939 0.9209641590 0.6658869993 0.1776357522 0.2151374631 0.0000000000 0.7094665602 0.0836515455 0.0754749549 0.8951757137 0.5432723939
0.0660289595 0.7174726177 0.4860901418 0.9883799136 0.1366613960 0.2733900866 0.7094665602 0.0000000000 0.6316748387 0.4701131930 0.7801644748 0.1019817277
0.3035818891 0.8573545893 0.0552535775 0.8289524668 0.3026828721 0.6670184307 0.0836515455 0.6316748387 0.0000000000 0.3336552628 0.8417395403 0.7060396586
0.3654488986 0.3832177448 0.4512817846 0.5129590005 0.5895048497 0.3075526156 0.0754749549 0.4701131930 0.3336552628 0.0000000000 0.2095260762 0.8462671249
0.9847908279 0.6522497387 0.4013772551 0.7886873615 0.2891894972 0.3981453807 0.8951757137 0.7801644748 0.8417395403 0.2095260762 0.0000000000 0.0004502189
0.9403496485 0.9839679529 0.2117941554 0.3373807607 0.2714740717 0.8479487108 0.5432723939 0.1019817277 0.7060396586 0.8462671249 0.0004502189 0.0000000000
