# MCW Instance
# Type: UNIFORM
# N: 12
# Optimal cost: 1.6410891711727222
# Optimal tour (permutation): [0, 11, 8, 3, 1, 6, 2, 7, 10, 9, 4, 5, 0]
# Optimal walk (full path): [0, 11, 0, 8, 3, 1, 9, 6, 2, 7, 10, 7, 9, 4, 5, 0]
# Walk size: 16
# Is walk (has repeats): true

# Distance Matrix
0.0000000000 0.1274335891 0.7817394061 0.6653790463 0.5229302538 0.1950759395 0.7024715809 0.1592901130 0.1650959213 0.4530771942 0.9577694197 0.1089708498
0.1274335891 0.0000000000 0.3624351735 0.1732267812 0.6855504083 0.7814841555 0.5892937465 0.6286728982 0.6817868177 0.0563194599 0.5674739904 0.3046865844
0.7817394061 0.3624351735 0.0000000000 0.7745972598 0.5671532866 0.7457804829 0.0752472608 0.1120128595 0.7857647525 0.6223324601 0.3530483511 0.6144245344
0.6653790463 0.1732267812 0.7745972598 0.0000000000 0.9819744125 0.6689507445 0.7683734005 0.8671331806 0.0569512754 0.7819663812 0.7613949525 0.2840873237
0.5229302538 0.6855504083 0.5671532866 0.9819744125 0.0000000000 0.0919596294 0.3800867036 0.5827993880 0.4608080552 0.0805938858 0.4974939439 0.5892431536
0.1950759395 0.7814841555 0.7457804829 0.6689507445 0.0919596294 0.0000000000 0.2526642803 0.7197757515 0.4791407123 0.3929969463 0.2640756331 0.3232654214
0.7024715809 0.5892937465 0.0752472608 0.7683734005 0.3800867036 0.2526642803 0.0000000000 0.1752450905 0.3792360984 0.1148848318 0.8911640799 0.8532780808
0.1592901130 0.6286728982 0.1120128595 0.8671331806 0.5827993880 0.7197757515 0.1752450905 0.0000000000 0.3397869552 0.0620545545 0.1198625362 0.3982743034
0.1650959213 0.6817868177 0.7857647525 0.0569512754 0.4608080552 0.4791407123 0.3792360984 0.3397869552 0.0000000000 0.4887407319 0.2980088247 0.6691164509
0.4530771942 0.0563194599 0.6223324601 0.7819663812 0.0805938858 0.3929969463 0.1148848318 0.0620545545 0.4887407319 0.0000000000 0.7560864832 0.9231976669
0.9577694197 0.5674739904 0.3530483511 0.7613949525 0.4974939439 0.2640756331 0.8911640799 0.1198625362 0.2980088247 0.7560864832 0.0000000000 0.5213522156
0.1089708498 0.3046865844 0.6144245344 0.2840873237 0.5892431536 0.3232654214 0.8532780808 0.3982743034 0.6691164509 0.9231976669 0.5213522156 0.0000000000
