# Graph size: 12
# Optimal cost: 1.6772174747234856

# Distance Matrix
0.0 0.08132981131351513 0.4043523101009522 0.3160580417549126 0.47465048115680475 0.8555347547393501 0.5147929521175661 0.4423922841586879 0.598269710582822 0.7298204534461847 0.010747370513842225 0.2958954430914482
0.08132981131351513 0.0 0.06752109067192569 0.3928171968702613 0.0554883233050153 0.8913059298031314 0.3688075817268701 0.23850674502677527 0.23611281531511397 0.25629831938918723 0.21953830138006825 0.6575052898296357
0.4043523101009522 0.06752109067192569 0.0 0.5200291698384015 0.6573944582024821 0.3082618799291136 0.6798487831651322 0.9653897375312324 0.090233748184405 0.5527983616623124 0.08430138306372459 0.7157726328585315
0.3160580417549126 0.3928171968702613 0.5200291698384015 0.0 0.2942434205519008 0.8837247587744711 0.5745595762426954 0.27133100664600096 0.5527251397326142 0.16310762494437392 0.3893254132266545 0.0217915876716005
0.47465048115680475 0.0554883233050153 0.6573944582024821 0.2942434205519008 0.0 0.3216019847936258 0.4821659511002304 0.7610747445879513 0.551098864825621 0.2935450459946203 0.7465858243673044 0.9674471400329449
0.8555347547393501 0.8913059298031314 0.3082618799291136 0.8837247587744711 0.3216019847936258 0.0 0.279164905288498 0.8489267639201714 0.1544982387539765 0.32953624162157324 0.5930993654715078 0.9710238254261239
0.5147929521175661 0.3688075817268701 0.6798487831651322 0.5745595762426954 0.4821659511002304 0.279164905288498 0.0 0.899669969236646 0.4029605919864877 0.7384576490739324 0.6101193118365442 0.19124654610808334
0.4423922841586879 0.23850674502677527 0.9653897375312324 0.27133100664600096 0.7610747445879513 0.8489267639201714 0.899669969236646 0.0 0.7804466205024456 0.3904599486297279 0.16963027602616498 0.47142558711861016
0.598269710582822 0.23611281531511397 0.090233748184405 0.5527251397326142 0.551098864825621 0.1544982387539765 0.4029605919864877 0.7804466205024456 0.0 0.37875712221996594 0.0057974358416533756 0.2571138257825154
0.7298204534461847 0.25629831938918723 0.5527983616623124 0.16310762494437392 0.2935450459946203 0.32953624162157324 0.7384576490739324 0.3904599486297279 0.37875712221996594 0.0 0.5337276587334637 0.8181499130950646
0.010747370513842225 0.21953830138006825 0.08430138306372459 0.3893254132266545 0.7465858243673044 0.5930993654715078 0.6101193118365442 0.16963027602616498 0.0057974358416533756 0.5337276587334637 0.0 0.7675561981914647
0.2958954430914482 0.6575052898296357 0.7157726328585315 0.0217915876716005 0.9674471400329449 0.9710238254261239 0.19124654610808334 0.47142558711861016 0.2571138257825154 0.8181499130950646 0.7675561981914647 0.0

# Optimal Walk
0 2 1 4 9 3 11 6 5 8 10 7 0
