# MCW Instance
# Type: UNIFORM
# N: 12
# Optimal cost: 1.897670642420311
# Optimal tour (permutation): [0, 7, 3, 9, 1, 10, 11, 8, 6, 5, 4, 2, 0]
# Optimal walk (full path): [0, 7, 3, 9, 1, 9, 8, 11, 10, 11, 8, 6, 5, 4, 2, 0]
# Walk size: 16
# Is walk (has repeats): true

# Distance Matrix
0.0000000000 0.3270388000 0.2423973291 0.5710860013 0.4628691981 0.2522823765 0.4852549801 0.1550779312 0.6355818228 0.8466845259 0.8144202217 0.9636545858
0.3270388000 0.0000000000 0.8597825309 0.5770341498 0.9046381417 0.5539830180 0.4130756863 0.3578675290 0.3394924596 0.0596454947 0.4754647826 0.3624808448
0.2423973291 0.8597825309 0.0000000000 0.6473147149 0.0761725945 0.7626283735 0.8910115264 0.4255114983 0.1805647472 0.7382299643 0.3637342072 0.1617385871
0.5710860013 0.5770341498 0.6473147149 0.0000000000 0.5479674180 0.7407414623 0.4930685531 0.3222651191 0.6296417193 0.4627990765 0.9543978600 0.7710349192
0.4628691981 0.9046381417 0.0761725945 0.5479674180 0.0000000000 0.1385990673 0.3548992832 0.4236488547 0.6073456801 0.6527446075 0.6902822228 0.6786847192
0.2522823765 0.5539830180 0.7626283735 0.7407414623 0.1385990673 0.0000000000 0.0657319838 0.9901012403 0.2241379923 0.5719148148 0.2085507507 0.1366618767
0.4852549801 0.4130756863 0.8910115264 0.4930685531 0.3548992832 0.0657319838 0.0000000000 0.6078114320 0.0731265164 0.7599326471 0.9146451442 0.9774688902
0.1550779312 0.3578675290 0.4255114983 0.3222651191 0.4236488547 0.9901012403 0.6078114320 0.0000000000 0.2543953098 0.5791771705 0.7674053698 0.4267308074
0.6355818228 0.3394924596 0.1805647472 0.6296417193 0.6073456801 0.2241379923 0.0731265164 0.2543953098 0.0000000000 0.0430320810 0.9523322109 0.0069746826
0.8466845259 0.0596454947 0.7382299643 0.4627990765 0.6527446075 0.5719148148 0.7599326471 0.5791771705 0.0430320810 0.0000000000 0.3940617819 0.8038767806
0.8144202217 0.4754647826 0.3637342072 0.9543978600 0.6902822228 0.2085507507 0.9146451442 0.7674053698 0.9523322109 0.3940617819 0.0000000000 0.0926142944
0.9636545858 0.3624808448 0.1617385871 0.7710349192 0.6786847192 0.1366618767 0.9774688902 0.4267308074 0.0069746826 0.8038767806 0.0926142944 0.0000000000
