# MCW Instance
# Type: UNIFORM
# N: 12
# Optimal cost: 1.3034023333761398
# Optimal tour (permutation): [0, 3, 5, 9, 2, 11, 8, 7, 4, 1, 10, 6, 0]
# Optimal walk (full path): [0, 3, 5, 9, 2, 11, 8, 10, 1, 4, 7, 4, 1, 10, 6, 0]
# Walk size: 16
# Is walk (has repeats): true

# Distance Matrix
0.0000000000 0.1560651995 0.5872427098 0.3761090673 0.5041206063 0.8625543512 0.1301619468 0.4170966389 0.4761191690 0.7850696230 0.8387933702 0.4820464485
0.1560651995 0.0000000000 0.9496695178 0.7717685588 0.0047864780 0.4791484562 0.2604682710 0.6662740320 0.1220687120 0.5338187294 0.0326780028 0.0641347551
0.5872427098 0.9496695178 0.0000000000 0.5414661277 0.7403043049 0.8932865238 0.2678950158 0.4192475018 0.2190902875 0.1497163062 0.3038415558 0.0348175208
0.3761090673 0.7717685588 0.5414661277 0.0000000000 0.9569466285 0.2017108580 0.7863464634 0.9521992348 0.3449279397 0.9985632673 0.6198270751 0.4306093505
0.5041206063 0.0047864780 0.7403043049 0.9569466285 0.0000000000 0.5493668928 0.4240421766 0.0136950770 0.9513448635 0.8518780857 0.0939085894 0.0522688300
0.8625543512 0.4791484562 0.8932865238 0.2017108580 0.5493668928 0.0000000000 0.7213626490 0.8766154167 0.6847065650 0.1094738876 0.5383482976 0.1865034167
0.1301619468 0.2604682710 0.2678950158 0.7863464634 0.4240421766 0.7213626490 0.0000000000 0.5775497382 0.7272596771 0.4577347504 0.0748888071 0.2969144043
0.4170966389 0.6662740320 0.4192475018 0.9521992348 0.0136950770 0.8766154167 0.5775497382 0.0000000000 0.1870096234 0.2890444000 0.5050352532 0.9519896662
0.4761191690 0.1220687120 0.2190902875 0.3449279397 0.9513448635 0.6847065650 0.7272596771 0.1870096234 0.0000000000 0.8948260457 0.0670933930 0.0571114311
0.7850696230 0.5338187294 0.1497163062 0.9985632673 0.8518780857 0.1094738876 0.4577347504 0.2890444000 0.8948260457 0.0000000000 0.6469233291 0.8744207392
0.8387933702 0.0326780028 0.3038415558 0.6198270751 0.0939085894 0.5383482976 0.0748888071 0.5050352532 0.0670933930 0.6469233291 0.0000000000 0.2930104587
0.4820464485 0.0641347551 0.0348175208 0.4306093505 0.0522688300 0.1865034167 0.2969144043 0.9519896662 0.0571114311 0.8744207392 0.2930104587 0.0000000000
