# Graph size: 12
# Optimal cost: 1.371139753003035

# Distance Matrix
0.0 0.2581886152941484 0.6284676154592154 0.07303384273405766 0.5598026295168709 0.449033177452434 0.793175494020504 0.11770961429336624 0.2861127089021587 0.48954456924266787 0.31113695576531386 0.9315445844493855
0.2581886152941484 0.0 0.3334156722527428 0.7218883294146926 0.40081068919874674 0.39762308837886406 0.6045779082791146 0.7283516109709823 0.8982481630160025 0.08639078758285257 0.10748172085975904 0.1054691473409981
0.6284676154592154 0.3334156722527428 0.0 0.9899684109954683 0.5547634400169161 0.7674068446377664 0.6476805378334031 0.34752926652095184 0.16562236371093186 0.06995611552734493 0.9320050104957847 0.9729071521047515
0.07303384273405766 0.7218883294146926 0.9899684109954683 0.0 0.21263917583934688 0.4066265189413606 0.4524453047291639 0.0725872542592032 0.5582242287275843 0.8945405216098377 0.39130975460262607 0.3183049298381374
0.5598026295168709 0.40081068919874674 0.5547634400169161 0.21263917583934688 0.0 0.6964940301073436 0.8725164384339572 0.8343677089317845 0.9236675710471532 0.13850550927186078 0.2375710409453109 0.7377300478755839
0.449033177452434 0.39762308837886406 0.7674068446377664 0.4066265189413606 0.6964940301073436 0.0 0.06842634649317492 0.28360553344032224 0.2791113673138369 0.2365734202436489 0.3359552413982315 0.4885964639204612
0.793175494020504 0.6045779082791146 0.6476805378334031 0.4524453047291639 0.8725164384339572 0.06842634649317492 0.0 0.6924869375628614 0.949303007018954 0.9945343518289018 0.8755195211067833 0.009237596450269336
0.11770961429336624 0.7283516109709823 0.34752926652095184 0.0725872542592032 0.8343677089317845 0.28360553344032224 0.6924869375628614 0.0 0.7754754558925802 0.1493238063636826 0.5292096404511553 0.7682861642737994
0.2861127089021587 0.8982481630160025 0.16562236371093186 0.5582242287275843 0.9236675710471532 0.2791113673138369 0.949303007018954 0.7754754558925802 0.0 0.3117798175765084 0.019452787041603026 0.1273769475835187
0.48954456924266787 0.08639078758285257 0.06995611552734493 0.8945405216098377 0.13850550927186078 0.2365734202436489 0.9945343518289018 0.1493238063636826 0.3117798175765084 0.0 0.37048931538250207 0.41760168014964116
0.31113695576531386 0.10748172085975904 0.9320050104957847 0.39130975460262607 0.2375710409453109 0.3359552413982315 0.8755195211067833 0.5292096404511553 0.019452787041603026 0.37048931538250207 0.0 0.8534382226656669
0.9315445844493855 0.1054691473409981 0.9729071521047515 0.3183049298381374 0.7377300478755839 0.4885964639204612 0.009237596450269336 0.7682861642737994 0.1273769475835187 0.41760168014964116 0.8534382226656669 0.0

# Optimal Walk
0 7 5 6 11 1 10 8 2 9 4 3 0
