# MCW Instance
# Type: EXPONENTIAL
# N: 12
# Optimal cost: 1.2211425209005808
# Optimal tour (permutation): [0, 9, 6, 4, 11, 3, 7, 1, 5, 8, 10, 2, 0]
# Optimal walk (full path): [0, 6, 9, 6, 4, 11, 3, 7, 1, 5, 8, 10, 2, 10, 0]
# Walk size: 15
# Is walk (has repeats): true

# Distance Matrix
0.0000000000 0.1715602881 0.3117729505 0.2783456902 1.5543608061 1.5597214986 0.0184283397 2.2764748457 0.1899100428 0.6599275951 0.1299379219 0.0481501451
0.1715602881 0.0000000000 0.1205858069 1.1537716355 0.2623424308 0.1324375953 0.9247820528 0.0897658935 0.0880332885 0.4617929126 1.8388390004 1.9988667479
0.3117729505 0.1205858069 0.0000000000 0.9253733994 0.6920757637 0.6097830560 2.3718331415 0.8154840910 1.9488053790 2.0712279315 0.0608991015 0.6031268569
0.2783456902 1.1537716355 0.9253733994 0.0000000000 0.7923582993 0.3469037717 0.1570749421 0.0980244529 0.6292315153 3.0815394501 3.0492099491 0.0754005877
1.5543608061 0.2623424308 0.6920757637 0.7923582993 0.0000000000 2.6129864920 0.0611939084 1.0328236139 0.3834854507 0.7536536380 3.5555675263 0.0903504372
1.5597214986 0.1324375953 0.6097830560 0.3469037717 2.6129864920 0.0000000000 1.1726709130 0.3633122238 0.0825211552 0.5020093707 0.7903867454 1.0713883335
0.0184283397 0.9247820528 2.3718331415 0.1570749421 0.0611939084 1.1726709130 0.0000000000 0.0311551657 0.8914411248 0.1528100335 0.8143596047 2.0220280763
2.2764748457 0.0897658935 0.8154840910 0.0980244529 1.0328236139 0.3633122238 0.0311551657 0.0000000000 1.0320580532 1.2101563399 0.7595854893 3.3645781868
0.1899100428 0.0880332885 1.9488053790 0.6292315153 0.3834854507 0.0825211552 0.8914411248 1.0320580532 0.0000000000 0.4139333077 0.0156639591 0.6187266564
0.6599275951 0.4617929126 2.0712279315 3.0815394501 0.7536536380 0.5020093707 0.1528100335 1.2101563399 0.4139333077 0.0000000000 0.8696842167 0.3788298185
0.1299379219 1.8388390004 0.0608991015 3.0492099491 3.5555675263 0.7903867454 0.8143596047 0.7595854893 0.0156639591 0.8696842167 0.0000000000 0.5798337856
0.0481501451 1.9988667479 0.6031268569 0.0754005877 0.0903504372 1.0713883335 2.0220280763 3.3645781868 0.6187266564 0.3788298185 0.5798337856 0.0000000000
