# MCW Instance
# Type: EXPONENTIAL
# N: 12
# Optimal cost: 2.1095550635010176
# Optimal tour (permutation): [0, 5, 9, 11, 3, 8, 6, 1, 10, 7, 4, 2, 0]
# Optimal walk (full path): [0, 5, 9, 11, 3, 8, 6, 8, 1, 10, 7, 4, 2, 0]
# Walk size: 14
# Is walk (has repeats): true

# Distance Matrix
0.0000000000 1.4789340364 0.0585296230 0.0185219304 1.5164395546 0.0909119894 2.7399435035 0.7156664176 1.4983979064 7.7567267167 0.9895627103 0.1792002911
1.4789340364 0.0000000000 0.7402482362 2.5233555804 0.7166191426 1.4514032757 1.0127396569 0.5368964837 0.0513292771 1.5632382145 0.4078492841 0.5647865821
0.0585296230 0.7402482362 0.0000000000 0.4220221605 0.5227267825 0.2590244313 1.7065669809 0.5547265151 1.4317045914 0.2363380762 2.3874762304 0.7975401118
0.0185219304 2.5233555804 0.4220221605 0.0000000000 1.4564311223 0.0909504367 1.1676048331 1.0558599373 0.2520108837 2.1986862677 1.3019355462 0.0906484969
1.5164395546 0.7166191426 0.5227267825 1.4564311223 0.0000000000 2.5705349401 1.0845125146 0.4503325219 1.2974610762 0.8865630634 2.0958190301 1.8323765118
0.0909119894 1.4514032757 0.2590244313 0.0909504367 2.5705349401 0.0000000000 0.7698889074 1.8259225060 0.7405175567 0.0258517905 1.3846880504 0.1985628988
2.7399435035 1.0127396569 1.7065669809 1.1676048331 1.0845125146 0.7698889074 0.0000000000 0.4448319450 0.0164394562 1.9595540408 2.2736851830 1.4846840376
0.7156664176 0.5368964837 0.5547265151 1.0558599373 0.4503325219 1.8259225060 0.4448319450 0.0000000000 0.6923095647 1.3677357131 0.0821509150 0.2105085361
1.4983979064 0.0513292771 1.4317045914 0.2520108837 1.2974610762 0.7405175567 0.0164394562 0.6923095647 0.0000000000 3.7976948713 0.4689251908 0.6971305887
7.7567267167 1.5632382145 0.2363380762 2.1986862677 0.8865630634 0.0258517905 1.9595540408 1.3677357131 3.7976948713 0.0000000000 3.9452568929 0.0443345873
0.9895627103 0.4078492841 2.3874762304 1.3019355462 2.0958190301 1.3846880504 2.2736851830 0.0821509150 0.4689251908 3.9452568929 0.0000000000 1.1620960330
0.1792002911 0.5647865821 0.7975401118 0.0906484969 1.8323765118 0.1985628988 1.4846840376 0.2105085361 0.6971305887 0.0443345873 1.1620960330 0.0000000000
