# MCW Instance
# Type: EXPONENTIAL
# N: 12
# Optimal cost: 2.7532182551236146
# Optimal tour (permutation): [0, 3, 10, 7, 1, 9, 2, 8, 5, 11, 6, 4, 0]
# Optimal walk (full path): [0, 3, 10, 7, 1, 9, 2, 8, 5, 11, 6, 0, 4, 0]
# Walk size: 14
# Is walk (has repeats): true

# Distance Matrix
0.0000000000 1.0488257998 2.1150599785 0.0723591529 0.0378655936 1.0445664627 0.3326284132 0.2763703268 2.2247693409 1.2872618567 1.1638508927 1.3495360728
1.0488257998 0.0000000000 0.7713367327 1.2381089547 1.4707298176 0.3223840824 0.0455903387 0.0166868090 0.5362769344 0.1957499237 0.8752809402 0.2881702635
2.1150599785 0.7713367327 0.0000000000 2.0325263612 1.4122600533 1.1896177990 0.9989149513 0.1779844665 0.3001366443 0.0311208831 1.8497646127 0.6655332517
0.0723591529 1.2381089547 2.0325263612 0.0000000000 0.3554139204 2.3750575943 1.8045336676 0.3725112790 0.7150801386 1.7537690411 0.3557100519 1.2966142902
0.0378655936 1.4707298176 1.4122600533 0.3554139204 0.0000000000 2.2489366088 1.9121972636 2.8474291477 0.9257963674 1.4592303904 0.8629159954 0.6407616437
1.0445664627 0.3223840824 1.1896177990 2.3750575943 2.2489366088 0.0000000000 2.8788840618 0.6978483101 0.3411026857 0.2192224603 4.8152006808 0.2940630001
0.3326284132 0.0455903387 0.9989149513 1.8045336676 1.9121972636 2.8788840618 0.0000000000 1.4680305755 0.5405144984 0.6542663476 1.2260622933 0.1665365754
0.2763703268 0.0166868090 0.1779844665 0.3725112790 2.8474291477 0.6978483101 1.4680305755 0.0000000000 0.5812940051 1.0952831944 0.5713929285 0.1536126792
2.2247693409 0.5362769344 0.3001366443 0.7150801386 0.9257963674 0.3411026857 0.5405144984 0.5812940051 0.0000000000 1.6822162482 1.0995697901 2.3463196043
1.2872618567 0.1957499237 0.0311208831 1.7537690411 1.4592303904 0.2192224603 0.6542663476 1.0952831944 1.6822162482 0.0000000000 2.3665963600 0.8934259456
1.1638508927 0.8752809402 1.8497646127 0.3557100519 0.8629159954 4.8152006808 1.2260622933 0.5713929285 1.0995697901 2.3665963600 0.0000000000 3.6547442847
1.3495360728 0.2881702635 0.6655332517 1.2966142902 0.6407616437 0.2940630001 0.1665365754 0.1536126792 2.3463196043 0.8934259456 3.6547442847 0.0000000000
