# MCW Instance
# Type: EXPONENTIAL
# N: 12
# Optimal cost: 1.7782514434539318
# Optimal tour (permutation): [0, 9, 7, 6, 3, 4, 2, 5, 10, 11, 8, 1, 0]
# Optimal walk (full path): [0, 6, 9, 7, 6, 0, 2, 3, 2, 4, 2, 0, 10, 5, 10, 11, 8, 1, 0]
# Walk size: 19
# Is walk (has repeats): true

# Distance Matrix
0.0000000000 0.1095122024 0.0327156435 0.2010091626 1.4344325059 0.3832229861 0.0364134281 0.5149307821 0.2065717327 0.7791506657 0.1396418348 0.8465866379
0.1095122024 0.0000000000 0.5061361162 1.9340809114 1.2859313003 1.3643941093 0.6405076896 2.7747617793 0.1290116844 2.2247717737 1.1904173712 0.4721236190
0.0327156435 0.5061361162 0.0000000000 0.0064910570 0.0445617897 1.2726720731 0.2982503717 0.6781160379 0.5663711238 2.8365751590 0.4355225135 2.7765869262
0.2010091626 1.9340809114 0.0064910570 0.0000000000 1.2952445447 0.7974671371 1.7851936594 1.1292077075 0.3641714846 0.8523373367 1.6775868098 1.5196484395
1.4344325059 1.2859313003 0.0445617897 1.2952445447 0.0000000000 1.1509176454 0.9438044925 0.2267755958 4.3006050704 0.9006946441 1.7158437592 0.2651578981
0.3832229861 1.3643941093 1.2726720731 0.7974671371 1.1509176454 0.0000000000 3.0048829096 3.1780204226 0.2171143098 1.6476533937 0.0936699772 3.2495552314
0.0364134281 0.6405076896 0.2982503717 1.7851936594 0.9438044925 3.0048829096 0.0000000000 0.0984733066 0.3359511834 0.4045509762 1.1741723952 0.6819107835
0.5149307821 2.7747617793 0.6781160379 1.1292077075 0.2267755958 3.1780204226 0.0984733066 0.0000000000 0.9092403570 0.3231493288 0.4833292028 0.6381754880
0.2065717327 0.1290116844 0.5663711238 0.3641714846 4.3006050704 0.2171143098 0.3359511834 0.9092403570 0.0000000000 1.0949545024 0.4715266604 0.1222602653
0.7791506657 2.2247717737 2.8365751590 0.8523373367 0.9006946441 1.6476533937 0.4045509762 0.3231493288 1.0949545024 0.0000000000 2.8801229796 2.7641560878
0.1396418348 1.1904173712 0.4355225135 1.6775868098 1.7158437592 0.0936699772 1.1741723952 0.4833292028 0.4715266604 2.8801229796 0.0000000000 0.0239480540
0.8465866379 0.4721236190 2.7765869262 1.5196484395 0.2651578981 3.2495552314 0.6819107835 0.6381754880 0.1222602653 2.7641560878 0.0239480540 0.0000000000
