# MCW Instance
# Type: EXPONENTIAL
# N: 12
# Optimal cost: 1.5711858139672843
# Optimal tour (permutation): [0, 5, 9, 2, 11, 8, 10, 4, 1, 6, 7, 3, 0]
# Optimal walk (full path): [0, 5, 9, 2, 11, 8, 11, 10, 1, 4, 1, 6, 7, 3, 0]
# Walk size: 15
# Is walk (has repeats): true

# Distance Matrix
0.0000000000 0.5968034970 0.2625413129 0.2453843535 0.4488201245 0.1033126725 1.7646042170 0.8329333439 2.1627272231 0.4549764505 0.5901012567 2.4298838039
0.5968034970 0.0000000000 0.1566665208 0.4574938813 0.0848780662 0.6634075884 0.0632790037 0.6589170432 1.7728645653 1.1855222589 0.1399096403 1.7960482308
0.2625413129 0.1566665208 0.0000000000 0.7007119326 1.2628294989 0.2789865826 2.0698287792 0.5362165691 1.3511477245 0.0948725447 3.2153586662 0.0400536205
0.2453843535 0.4574938813 0.7007119326 0.0000000000 0.9532355819 1.7052388942 0.2498917026 0.1841866834 0.8689027531 1.0147047806 1.2640504530 0.9236006423
0.4488201245 0.0848780662 1.2628294989 0.9532355819 0.0000000000 0.6876359370 0.1701630914 2.1746248891 0.4987796404 0.5885001221 0.3782596858 0.7604839643
0.1033126725 0.6634075884 0.2789865826 1.7052388942 0.6876359370 0.0000000000 0.1302381608 2.3556630351 2.6289089580 0.1836753670 1.4704153422 1.4229059380
1.7646042170 0.0632790037 2.0698287792 0.2498917026 0.1701630914 0.1302381608 0.0000000000 0.0133808394 0.4057567931 0.2539181493 0.2161930948 0.3222829717
0.8329333439 0.6589170432 0.5362165691 0.1841866834 2.1746248891 2.3556630351 0.0133808394 0.0000000000 1.0575470598 0.9558656138 0.2798744943 0.4165800241
2.1627272231 1.7728645653 1.3511477245 0.8689027531 0.4987796404 2.6289089580 0.4057567931 1.0575470598 0.0000000000 1.3722881343 0.3048569241 0.0795986701
0.4549764505 1.1855222589 0.0948725447 1.0147047806 0.5885001221 0.1836753670 0.2539181493 0.9558656138 1.3722881343 0.0000000000 0.9238772236 1.7463894698
0.5901012567 0.1399096403 3.2153586662 1.2640504530 0.3782596858 1.4704153422 0.2161930948 0.2798744943 0.3048569241 0.9238772236 0.0000000000 0.1741776164
2.4298838039 1.7960482308 0.0400536205 0.9236006423 0.7604839643 1.4229059380 0.3222829717 0.4165800241 0.0795986701 1.7463894698 0.1741776164 0.0000000000
