# MCW Instance
# Type: EXPONENTIAL
# N: 12
# Optimal cost: 3.016321458356221
# Optimal tour (permutation): [0, 9, 11, 10, 5, 1, 6, 2, 8, 3, 4, 7, 0]
# Optimal walk (full path): [0, 9, 11, 5, 10, 5, 1, 6, 1, 5, 2, 5, 8, 3, 4, 7, 0]
# Walk size: 17
# Is walk (has repeats): true

# Distance Matrix
0.0000000000 0.3849428435 2.0151761144 0.5051672519 0.4802184676 2.1352476776 0.9725609094 0.8434107879 1.3074871655 0.4321472585 0.5764559494 1.0109319736
0.3849428435 0.0000000000 1.5608952615 0.4536537584 0.0812775344 0.0148016393 0.0231583405 1.4056481979 0.4673441613 0.3622697404 0.6968243756 0.3542380549
2.0151761144 1.5608952615 0.0000000000 0.9410722148 0.4525549530 0.2101365181 0.7584977566 2.2254676597 1.3957705418 1.5548304158 1.3313080095 1.2142616918
0.5051672519 0.4536537584 0.9410722148 0.0000000000 0.0571142760 0.2424042251 2.2228094594 1.0982793301 0.1229008376 2.4918039247 2.0554447689 0.4117759270
0.4802184676 0.0812775344 0.4525549530 0.0571142760 0.0000000000 2.1609497061 3.9002483028 0.4952588920 1.2161067705 1.0684126892 0.2158310707 0.2995594298
2.1352476776 0.0148016393 0.2101365181 0.2424042251 2.1609497061 0.0000000000 3.2105004802 1.2817116933 0.0488196056 0.3764543020 0.0357324846 0.0849736091
0.9725609094 0.0231583405 0.7584977566 2.2228094594 3.9002483028 3.2105004802 0.0000000000 2.2491943473 3.7818581307 0.3558706184 1.1605737676 0.5199941017
0.8434107879 1.4056481979 2.2254676597 1.0982793301 0.4952588920 1.2817116933 2.2491943473 0.0000000000 1.5256225990 1.8880219865 1.9730396529 1.4359383426
1.3074871655 0.4673441613 1.3957705418 0.1229008376 1.2161067705 0.0488196056 3.7818581307 1.5256225990 0.0000000000 0.4441299162 1.5327613222 2.6760249108
0.4321472585 0.3622697404 1.5548304158 2.4918039247 1.0684126892 0.3764543020 0.3558706184 1.8880219865 0.4441299162 0.0000000000 3.2449517615 0.3640382267
0.5764559494 0.6968243756 1.3313080095 2.0554447689 0.2158310707 0.0357324846 1.1605737676 1.9730396529 1.5327613222 3.2449517615 0.0000000000 2.7453530337
1.0109319736 0.3542380549 1.2142616918 0.4117759270 0.2995594298 0.0849736091 0.5199941017 1.4359383426 2.6760249108 0.3640382267 2.7453530337 0.0000000000
