# MCW Instance
# Type: EXPONENTIAL
# N: 12
# Optimal cost: 1.3473762787135044
# Optimal tour (permutation): [0, 8, 7, 1, 10, 5, 11, 6, 2, 9, 4, 3, 0]
# Optimal walk (full path): [0, 8, 7, 1, 10, 5, 11, 5, 6, 2, 9, 4, 3, 0]
# Walk size: 14
# Is walk (has repeats): true

# Distance Matrix
0.0000000000 0.3495966156 0.4348804131 0.0200164250 0.7474410470 0.3590252074 0.1477817066 1.2241854694 0.0191241988 1.1081564297 0.3981824223 0.7926635598
0.3495966156 0.0000000000 0.2126772480 0.4698427524 2.2438561003 1.0145203028 4.0691034603 0.0625672248 1.8362810748 6.1016020409 0.1547273450 1.1732524001
0.4348804131 0.2126772480 0.0000000000 0.6305714084 0.5747715396 0.9616441724 0.1398170954 2.3096528839 0.5284912942 0.0794371056 1.2205807797 0.5959696904
0.0200164250 0.4698427524 0.6305714084 0.0000000000 0.1928290798 0.1065550906 0.2583340274 0.7215862769 0.0145323773 0.4368501768 1.3345082946 0.6639322874
0.7474410470 2.2438561003 0.5747715396 0.1928290798 0.0000000000 0.7812464107 2.3940931352 0.2054380371 0.3619420584 0.1593602686 1.6576740725 1.0166613615
0.3590252074 1.0145203028 0.9616441724 0.1065550906 0.7812464107 0.0000000000 0.1627279034 0.5713342835 1.7967985335 0.0965101852 0.0166497321 0.1389074151
0.1477817066 4.0691034603 0.1398170954 0.2583340274 2.3940931352 0.1627279034 0.0000000000 0.4958370417 2.5334291674 1.4244201043 0.3136432898 0.5920936500
1.2241854694 0.0625672248 2.3096528839 0.7215862769 0.2054380371 0.5713342835 0.4958370417 0.0000000000 0.0623050701 0.9203796102 1.1726582754 0.5163266523
0.0191241988 1.8362810748 0.5284912942 0.0145323773 0.3619420584 1.7967985335 2.5334291674 0.0623050701 0.0000000000 0.6833253914 2.9374766580 1.3075152175
1.1081564297 6.1016020409 0.0794371056 0.4368501768 0.1593602686 0.0965101852 1.4244201043 0.9203796102 0.6833253914 0.0000000000 2.0298342671 0.3467951400
0.3981824223 0.1547273450 1.2205807797 1.3345082946 1.6576740725 0.0166497321 0.3136432898 1.1726582754 2.9374766580 2.0298342671 0.0000000000 1.6257091634
0.7926635598 1.1732524001 0.5959696904 0.6639322874 1.0166613615 0.1389074151 0.5920936500 0.5163266523 1.3075152175 0.3467951400 1.6257091634 0.0000000000
