# MCW Instance
# Type: EXPONENTIAL
# N: 12
# Optimal cost: 1.6595880017235758
# Optimal tour (permutation): [0, 10, 7, 6, 8, 11, 9, 3, 5, 2, 1, 4, 0]
# Optimal walk (full path): [0, 10, 7, 6, 8, 4, 11, 9, 3, 5, 2, 1, 4, 10, 0]
# Walk size: 15
# Is walk (has repeats): true

# Distance Matrix
0.0000000000 0.5338263882 3.5629103191 1.3257671541 0.2148269077 2.5386447779 0.4541362720 0.4497522560 0.6261519752 9.4194704524 0.0205234219 2.7013841031
0.5338263882 0.0000000000 0.0392308667 0.7994400528 0.1334019585 0.1225732232 0.4701672936 2.1447662181 0.3885907784 2.1009871916 1.2003196467 0.6566482163
3.5629103191 0.0392308667 0.0000000000 1.7196428522 2.3010879469 0.0935852570 0.3361888117 0.2933711135 3.4659402788 0.3136204357 0.8623382022 1.0250684727
1.3257671541 0.7994400528 1.7196428522 0.0000000000 0.3100242644 0.3385489588 0.3342976851 2.1607232802 0.5985627247 0.3007112394 5.1297912844 0.4088947524
0.2148269077 0.1334019585 2.3010879469 0.3100242644 0.0000000000 1.1605924768 1.7663069904 0.3454791896 0.0923913607 0.4343055080 0.0199043336 0.0545835949
2.5386447779 0.1225732232 0.0935852570 0.3385489588 1.1605924768 0.0000000000 1.8277733309 2.8593630074 1.3102549505 0.2233299321 0.4081099214 1.8268404996
0.4541362720 0.4701672936 0.3361888117 0.3342976851 1.7663069904 1.8277733309 0.0000000000 0.2041452519 0.0504188363 1.0909915267 3.7453239655 0.3368264496
0.4497522560 2.1447662181 0.2933711135 2.1607232802 0.3454791896 2.8593630074 0.2041452519 0.0000000000 1.4787267209 2.3549743768 0.1373574841 3.3179220243
0.6261519752 0.3885907784 3.4659402788 0.5985627247 0.0923913607 1.3102549505 0.0504188363 1.4787267209 0.0000000000 1.1974543590 2.7575451813 0.6524449091
9.4194704524 2.1009871916 0.3136204357 0.3007112394 0.4343055080 0.2233299321 1.0909915267 2.3549743768 1.1974543590 0.0000000000 0.3398861014 0.1542620163
0.0205234219 1.2003196467 0.8623382022 5.1297912844 0.0199043336 0.4081099214 3.7453239655 0.1373574841 2.7575451813 0.3398861014 0.0000000000 0.7564538582
2.7013841031 0.6566482163 1.0250684727 0.4088947524 0.0545835949 1.8268404996 0.3368264496 3.3179220243 0.6524449091 0.1542620163 0.7564538582 0.0000000000
