# MCW Instance
# Type: EXPONENTIAL
# N: 12
# Optimal cost: 2.425734031004843
# Optimal tour (permutation): [0, 7, 6, 3, 2, 8, 4, 11, 10, 9, 1, 5, 0]
# Optimal walk (full path): [0, 7, 6, 3, 2, 8, 10, 4, 11, 4, 10, 5, 9, 5, 1, 5, 10, 0]
# Walk size: 18
# Is walk (has repeats): true

# Distance Matrix
0.0000000000 0.9049427948 7.5571562498 1.0954581087 0.3606483199 0.2982514165 0.2233042706 0.1823859440 0.5376468462 0.8558798726 0.0220410885 0.7300494457
0.9049427948 0.0000000000 0.3643091600 0.8591036362 0.7666250583 0.1743530073 2.0428192064 1.0923266869 0.9088550382 2.9402832328 0.2548836298 1.5947085927
7.5571562498 0.3643091600 0.0000000000 0.2657782953 0.2565972557 1.1541195510 0.8534207213 0.8211122506 0.2731165396 1.4546210930 1.2714364568 2.6817005220
1.0954581087 0.8591036362 0.2657782953 0.0000000000 3.0220878849 0.9163408670 0.4576328448 0.5513877166 1.9064924413 1.1509877034 1.4513057678 1.1367407113
0.3606483199 0.7666250583 0.2565972557 3.0220878849 0.0000000000 0.6432560984 0.6834037513 0.7022303984 0.9293460615 0.5377305989 0.0667721827 0.1348483615
0.2982514165 0.1743530073 1.1541195510 0.9163408670 0.6432560984 0.0000000000 0.5356517711 0.4734631098 0.2952517495 0.0415621649 0.0145728445 0.4289252415
0.2233042706 2.0428192064 0.8534207213 0.4576328448 0.6834037513 0.5356517711 0.0000000000 0.1760184194 4.2593694617 1.6586713802 0.4855609547 1.2788323925
0.1823859440 1.0923266869 0.8211122506 0.5513877166 0.7022303984 0.4734631098 0.1760184194 0.0000000000 2.1803143163 0.8571752137 0.7825811024 0.4998768120
0.5376468462 0.9088550382 0.2731165396 1.9064924413 0.9293460615 0.2952517495 4.2593694617 2.1803143163 0.0000000000 1.9889466378 0.1845437779 0.6511475416
0.8558798726 2.9402832328 1.4546210930 1.1509877034 0.5377305989 0.0415621649 1.6586713802 0.8571752137 1.9889466378 0.0000000000 0.6274247205 0.3535369842
0.0220410885 0.2548836298 1.2714364568 1.4513057678 0.0667721827 0.0145728445 0.4855609547 0.7825811024 0.1845437779 0.6274247205 0.0000000000 0.6788969073
0.7300494457 1.5947085927 2.6817005220 1.1367407113 0.1348483615 0.4289252415 1.2788323925 0.4998768120 0.6511475416 0.3535369842 0.6788969073 0.0000000000
