# MCW Instance
# Type: EXPONENTIAL
# N: 12
# Optimal cost: 1.5740802132981786
# Optimal tour (permutation): [0, 9, 7, 5, 1, 11, 6, 8, 2, 10, 4, 3, 0]
# Optimal walk (full path): [0, 9, 7, 5, 7, 1, 7, 11, 6, 11, 8, 2, 10, 4, 3, 0]
# Walk size: 16
# Is walk (has repeats): true

# Distance Matrix
0.0000000000 0.4642052549 0.2537542168 0.0859879769 0.9453026560 0.4834916998 0.4921159785 0.1800262125 0.4399732581 0.2615895515 0.4855040647 0.2043586699
0.4642052549 0.0000000000 0.4445061491 1.3971976328 0.2324734918 2.9657540319 0.1292277706 0.0144445744 0.8505719885 0.3583111899 0.3224715942 0.9371117428
0.2537542168 0.4445061491 0.0000000000 2.0989097323 0.5912160217 7.7354533018 0.3783605997 0.4706744664 0.2494613132 1.9815399370 0.1599795079 0.2232598570
0.0859879769 1.3971976328 2.0989097323 0.0000000000 0.1523062880 1.0655270559 1.1990896460 0.4087897183 1.1407647180 0.9915740193 0.4387284753 0.1672273504
0.9453026560 0.2324734918 0.5912160217 0.1523062880 0.0000000000 0.1631705759 2.9190182763 0.5109976610 1.1181527343 1.5131511580 0.1169818381 0.2455461391
0.4834916998 2.9657540319 7.7354533018 1.0655270559 0.1631705759 0.0000000000 0.3006897992 0.0506142098 0.8570234114 1.8378643202 0.1144019419 0.1368156323
0.4921159785 0.1292277706 0.3783605997 1.1990896460 2.9190182763 0.3006897992 0.0000000000 1.3435507231 1.8877587073 0.6091253187 0.3370099185 0.0530126041
0.1800262125 0.0144445744 0.4706744664 0.4087897183 0.5109976610 0.0506142098 1.3435507231 0.0000000000 0.2116128725 0.1813325362 0.7031494212 0.0251192670
0.4399732581 0.8505719885 0.2494613132 1.1407647180 1.1181527343 0.8570234114 1.8877587073 0.2116128725 0.0000000000 1.9574024689 4.8718362967 0.1051791580
0.2615895515 0.3583111899 1.9815399370 0.9915740193 1.5131511580 1.8378643202 0.6091253187 0.1813325362 1.9574024689 0.0000000000 0.7102786810 0.5981159950
0.4855040647 0.3224715942 0.1599795079 0.4387284753 0.1169818381 0.1144019419 0.3370099185 0.7031494212 4.8718362967 0.7102786810 0.0000000000 0.8996241637
0.2043586699 0.9371117428 0.2232598570 0.1672273504 0.2455461391 0.1368156323 0.0530126041 0.0251192670 0.1051791580 0.5981159950 0.8996241637 0.0000000000
