# MCW Instance
# Type: EXPONENTIAL
# N: 12
# Optimal cost: 2.5853083658494374
# Optimal tour (permutation): [0, 8, 4, 7, 5, 10, 11, 6, 1, 9, 3, 2, 0]
# Optimal walk (full path): [0, 8, 0, 4, 7, 5, 10, 6, 11, 6, 1, 9, 3, 2, 0]
# Walk size: 15
# Is walk (has repeats): true

# Distance Matrix
0.0000000000 1.3593467729 0.0421091809 0.1091598092 0.3750877653 1.2012922480 0.2136564591 0.7732507895 0.0549437944 0.7311444942 0.8994368245 1.1695704872
1.3593467729 0.0000000000 1.7762120013 1.8851530391 0.8018357037 0.7500988193 0.2278363105 0.6532505091 2.3079916307 0.1515482244 1.2061545572 2.1804805773
0.0421091809 1.7762120013 0.0000000000 0.0388169042 1.2921879350 4.6362669209 0.3398668505 1.9419757448 4.6394332495 0.2690116299 0.0900600357 1.7137991756
0.1091598092 1.8851530391 0.0388169042 0.0000000000 0.3724198882 0.6085037630 0.2467579227 0.8914669571 0.1863325077 0.0083540208 2.2776520943 0.3427445462
0.3750877653 0.8018357037 1.2921879350 0.3724198882 0.0000000000 0.4888197611 1.0093524178 0.6076025953 1.2038664957 0.4876106968 1.9536100172 0.7659598559
1.2012922480 0.7500988193 4.6362669209 0.6085037630 0.4888197611 0.0000000000 0.5493464665 0.3493746181 2.2369065515 1.0567143703 0.4159695793 3.3302289040
0.2136564591 0.2278363105 0.3398668505 0.2467579227 1.0093524178 0.5493464665 0.0000000000 1.1475237434 0.2788647904 0.6450985432 0.1150949813 0.0718132985
0.7732507895 0.6532505091 1.9419757448 0.8914669571 0.6076025953 0.3493746181 1.1475237434 0.0000000000 1.1049333779 1.2628426042 1.0116944315 0.9976824674
0.0549437944 2.3079916307 4.6394332495 0.1863325077 1.2038664957 2.2369065515 0.2788647904 1.1049333779 0.0000000000 0.3392715115 1.3358201065 2.2358084833
0.7311444942 0.1515482244 0.2690116299 0.0083540208 0.4876106968 1.0567143703 0.6450985432 1.2628426042 0.3392715115 0.0000000000 0.2169584895 1.0122379086
0.8994368245 1.2061545572 0.0900600357 2.2776520943 1.9536100172 0.4159695793 0.1150949813 1.0116944315 1.3358201065 0.2169584895 0.0000000000 1.7067076495
1.1695704872 2.1804805773 1.7137991756 0.3427445462 0.7659598559 3.3302289040 0.0718132985 0.9976824674 2.2358084833 1.0122379086 1.7067076495 0.0000000000
