# MCW Instance
# Type: EXPONENTIAL
# N: 12
# Optimal cost: 2.1472094971208824
# Optimal tour (permutation): [0, 6, 3, 10, 4, 8, 7, 2, 1, 11, 9, 5, 0]
# Optimal walk (full path): [0, 6, 3, 6, 10, 4, 8, 7, 8, 2, 1, 11, 9, 5, 9, 0]
# Walk size: 16
# Is walk (has repeats): true

# Distance Matrix
0.0000000000 0.2706342143 0.6208157123 0.2673596309 0.6232933996 0.8547682339 0.0071316760 1.2461416123 0.4817789058 0.0255784126 1.0353184969 0.1115869383
0.2706342143 0.0000000000 0.2002548552 0.9082746201 0.2147213696 0.6246250538 0.3297673805 0.9188973573 1.6247902900 3.0838980998 1.1375601032 0.0707585897
0.6208157123 0.2002548552 0.0000000000 2.4525246411 1.0256920069 0.7820052481 1.8482326632 0.8873925860 0.0944558766 0.2112847560 0.6078297379 0.7163645058
0.2673596309 0.9082746201 2.4525246411 0.0000000000 4.8683911260 0.9411533952 0.0870557520 2.0868087528 0.3322198277 0.2033737139 0.4657040461 1.7636851523
0.6232933996 0.2147213696 1.0256920069 4.8683911260 0.0000000000 0.2043889817 2.8111601374 1.1656363808 0.1685823491 0.5456102413 0.2762184910 0.5000913834
0.8547682339 0.6246250538 0.7820052481 0.9411533952 0.2043889817 0.0000000000 0.5069992228 0.4702421233 0.7488317494 0.0841697067 1.0770864398 0.4460042276
0.0071316760 0.3297673805 1.8482326632 0.0870557520 2.8111601374 0.5069992228 0.0000000000 0.4838436840 0.3664338533 2.7418821673 0.2659696108 3.6816553229
1.2461416123 0.9188973573 0.8873925860 2.0868087528 1.1656363808 0.4702421233 0.4838436840 0.0000000000 0.3007781178 2.6487612343 0.8177695078 0.9325785484
0.4817789058 1.6247902900 0.0944558766 0.3322198277 0.1685823491 0.7488317494 0.3664338533 0.3007781178 0.0000000000 3.3465942703 3.2039558220 0.1617138760
0.0255784126 3.0838980998 0.2112847560 0.2033737139 0.5456102413 0.0841697067 2.7418821673 2.6487612343 3.3465942703 0.0000000000 5.1369785377 0.0942524831
1.0353184969 1.1375601032 0.6078297379 0.4657040461 0.2762184910 1.0770864398 0.2659696108 0.8177695078 3.2039558220 5.1369785377 0.0000000000 1.3805047560
0.1115869383 0.0707585897 0.7163645058 1.7636851523 0.5000913834 0.4460042276 3.6816553229 0.9325785484 0.1617138760 0.0942524831 1.3805047560 0.0000000000
