# MCW Instance
# Type: EXPONENTIAL
# N: 12
# Optimal cost: 1.803933628118741
# Optimal tour (permutation): [0, 7, 5, 2, 1, 8, 9, 3, 11, 6, 10, 4, 0]
# Optimal walk (full path): [0, 7, 5, 2, 5, 1, 5, 8, 9, 3, 11, 4, 6, 10, 6, 4, 0]
# Walk size: 17
# Is walk (has repeats): true

# Distance Matrix
0.0000000000 0.5025109498 0.5297155054 2.1399858507 0.1504136559 0.6787366706 1.7588425566 0.0522471110 1.2081548229 0.3938720007 1.7951385768 2.3546123503
0.5025109498 0.0000000000 0.1559476541 0.6275835445 0.6259095579 0.0565561417 0.3165826627 2.8295847889 1.4858029241 0.7629896768 0.7778609698 0.1523913558
0.5297155054 0.1559476541 0.0000000000 2.9998121901 1.9586495940 0.0720106141 0.3036117997 2.1063981829 0.6689904871 0.9383866904 1.0618795787 1.4161010671
2.1399858507 0.6275835445 2.9998121901 0.0000000000 1.6440155287 0.8894335798 2.7783720561 0.9532207215 0.3130804613 0.1756728795 0.5878399753 0.2710808213
0.1504136559 0.6259095579 1.9586495940 1.6440155287 0.0000000000 0.7739277574 0.0022555632 0.8902466252 0.3586067918 0.7854437570 0.7970585366 0.0643065356
0.6787366706 0.0565561417 0.0720106141 0.8894335798 0.7739277574 0.0000000000 0.2739993397 0.1470665242 0.2595418866 0.3653676307 1.2480011293 1.1136644184
1.7588425566 0.3165826627 0.3036117997 2.7783720561 0.0022555632 0.2739993397 0.0000000000 0.2264790498 0.9593974607 0.4573883075 0.1966034771 0.1407428734
0.0522471110 2.8295847889 2.1063981829 0.9532207215 0.8902466252 0.1470665242 0.2264790498 0.0000000000 0.4091277769 2.8292921566 3.3474379025 0.5993125997
1.2081548229 1.4858029241 0.6689904871 0.3130804613 0.3586067918 0.2595418866 0.9593974607 0.4091277769 0.0000000000 0.0287526214 1.1454609915 0.5519040787
0.3938720007 0.7629896768 0.9383866904 0.1756728795 0.7854437570 0.3653676307 0.4573883075 2.8292921566 0.0287526214 0.0000000000 1.2662918710 0.2897199470
1.7951385768 0.7778609698 1.0618795787 0.5878399753 0.7970585366 1.2480011293 0.1966034771 3.3474379025 1.1454609915 1.2662918710 0.0000000000 0.6149159293
2.3546123503 0.1523913558 1.4161010671 0.2710808213 0.0643065356 1.1136644184 0.1407428734 0.5993125997 0.5519040787 0.2897199470 0.6149159293 0.0000000000
