# MCW Instance
# Type: EXPONENTIAL
# N: 12
# Optimal cost: 0.8959188937150163
# Optimal tour (permutation): [0, 5, 2, 7, 8, 10, 11, 4, 1, 6, 9, 3, 0]
# Optimal walk (full path): [0, 5, 2, 7, 2, 5, 0, 8, 10, 11, 4, 1, 6, 9, 3, 9, 0]
# Walk size: 17
# Is walk (has repeats): true

# Distance Matrix
0.0000000000 1.1606450542 1.4179591836 1.2843031959 0.6441611485 0.0128846350 0.7006610949 0.7119309443 0.0795441458 0.0330969963 1.0732190029 2.2520590253
1.1606450542 0.0000000000 1.3720319997 0.6432808061 0.0694973199 0.4239571100 0.1258021301 2.3002186512 1.9198380748 0.2389501144 0.1826071989 0.3240207803
1.4179591836 1.3720319997 0.0000000000 2.4362180608 0.6487862456 0.0159658439 0.1731146513 0.0189357501 0.6060497840 0.2359753773 1.7079788322 0.8717596404
1.2843031959 0.6432808061 2.4362180608 0.0000000000 0.4249557927 1.6808659628 0.4222556398 0.9357734683 0.6260535966 0.0887579843 0.1587529103 3.1337827746
0.6441611485 0.0694973199 0.6487862456 0.4249557927 0.0000000000 0.1611603515 0.5414765249 0.7813664827 0.8183982217 2.0267351362 1.2030245362 0.0822809254
0.0128846350 0.4239571100 0.0159658439 1.6808659628 0.1611603515 0.0000000000 1.9671670581 1.6577958522 0.2479788846 0.0582052391 0.4927949409 0.2800662386
0.7006610949 0.1258021301 0.1731146513 0.4222556398 0.5414765249 1.9671670581 0.0000000000 1.6327679033 0.2885987614 0.0184886176 0.4198820088 2.2567925572
0.7119309443 2.3002186512 0.0189357501 0.9357734683 0.7813664827 1.6577958522 1.6327679033 0.0000000000 0.2260385115 0.1946475680 1.1651089170 2.0823127251
0.0795441458 1.9198380748 0.6060497840 0.6260535966 0.8183982217 0.2479788846 0.2885987614 0.2260385115 0.0000000000 0.8061451112 0.0036938865 1.0320280256
0.0330969963 0.2389501144 0.2359753773 0.0887579843 2.0267351362 0.0582052391 0.0184886176 0.1946475680 0.8061451112 0.0000000000 0.0828018906 1.7220446031
1.0732190029 0.1826071989 1.7079788322 0.1587529103 1.2030245362 0.4927949409 0.4198820088 1.1651089170 0.0036938865 0.0828018906 0.0000000000 0.2104264454
2.2520590253 0.3240207803 0.8717596404 3.1337827746 0.0822809254 0.2800662386 2.2567925572 2.0823127251 1.0320280256 1.7220446031 0.2104264454 0.0000000000
