# MCW Instance
# Type: EXPONENTIAL
# N: 12
# Optimal cost: 1.5173375513288978
# Optimal tour (permutation): [0, 6, 9, 2, 4, 1, 3, 5, 11, 10, 8, 7, 0]
# Optimal walk (full path): [0, 6, 9, 2, 4, 1, 3, 5, 11, 7, 8, 10, 8, 7, 6, 0]
# Walk size: 16
# Is walk (has repeats): true

# Distance Matrix
0.0000000000 0.4667540514 1.8171073585 0.7083961926 1.9167102262 1.8389573216 0.0286748408 0.7459501538 2.2459431366 0.5631786342 2.4607357738 1.1116276171
0.4667540514 0.0000000000 0.1347645253 0.1590920512 0.2574760528 1.1147280825 1.3343341503 1.5663341563 0.8763011089 1.4555310261 5.5053061500 0.2635603097
1.8171073585 0.1347645253 0.0000000000 1.4226122992 0.3489802904 0.0990039068 4.0910050420 0.7584967951 1.2886704398 0.0419716927 0.5671394741 0.4124293694
0.7083961926 0.1590920512 1.4226122992 0.0000000000 2.1131354430 0.0357788770 0.6243153603 0.2352196473 1.5747413502 2.0134198497 0.5465473075 1.4694236807
1.9167102262 0.2574760528 0.3489802904 2.1131354430 0.0000000000 0.8848176717 0.8964176956 0.3760795056 0.4800791814 4.7330979155 2.7682183420 2.6997993079
1.8389573216 1.1147280825 0.0990039068 0.0357788770 0.8848176717 0.0000000000 2.1973251760 1.0398625100 0.9703877326 0.0631921069 1.5696476055 0.1439355874
0.0286748408 1.3343341503 4.0910050420 0.6243153603 0.8964176956 2.1973251760 0.0000000000 0.0764819128 0.3346841475 0.0886392216 1.3512224740 1.7390630721
0.7459501538 1.5663341563 0.7584967951 0.2352196473 0.3760795056 1.0398625100 0.0764819128 0.0000000000 0.0058843823 0.6197758964 0.4237504876 0.1897812814
2.2459431366 0.8763011089 1.2886704398 1.5747413502 0.4800791814 0.9703877326 0.3346841475 0.0058843823 0.0000000000 0.1499135431 0.0530410689 0.5742541916
0.5631786342 1.4555310261 0.0419716927 2.0134198497 4.7330979155 0.0631921069 0.0886392216 0.6197758964 0.1499135431 0.0000000000 0.9811622576 0.9458691355
2.4607357738 5.5053061500 0.5671394741 0.5465473075 2.7682183420 1.5696476055 1.3512224740 0.4237504876 0.0530410689 0.9811622576 0.0000000000 0.4450954768
1.1116276171 0.2635603097 0.4124293694 1.4694236807 2.6997993079 0.1439355874 1.7390630721 0.1897812814 0.5742541916 0.9458691355 0.4450954768 0.0000000000
