# MCW Instance
# Type: EXPONENTIAL
# N: 12
# Optimal cost: 1.2647771505319707
# Optimal tour (permutation): [0, 8, 9, 7, 11, 3, 4, 6, 10, 5, 2, 1, 0]
# Optimal walk (full path): [0, 8, 9, 7, 11, 3, 4, 6, 0, 2, 10, 2, 5, 2, 1, 2, 0]
# Walk size: 17
# Is walk (has repeats): true

# Distance Matrix
0.0000000000 0.6187215364 0.0033134628 0.2180727430 0.6351103248 0.2584715246 0.0711036045 1.8233911629 0.1440272852 1.4094550977 0.1648829933 0.7777478433
0.6187215364 0.0000000000 0.1028288564 0.6287541217 0.9474933479 1.3079471110 2.2828890019 0.7419876469 0.3887464031 0.7688211046 4.2827059478 2.4023206987
0.0033134628 0.1028288564 0.0000000000 0.2847429818 1.1545163941 0.0465784869 0.1333119245 0.2309589327 0.4183769555 2.3966864075 0.1214761082 0.6967637299
0.2180727430 0.6287541217 0.2847429818 0.0000000000 0.1507199050 1.0670541890 1.6303223156 1.5203855146 0.9870132714 4.7311345822 0.2260537000 0.1158323425
0.6351103248 0.9474933479 1.1545163941 0.1507199050 0.0000000000 1.3375503358 0.0673444832 0.4450507780 3.2711851072 0.6407254281 0.6586972682 0.9320839775
0.2584715246 1.3079471110 0.0465784869 1.0670541890 1.3375503358 0.0000000000 0.8367363638 2.2541178823 0.4499016353 0.5167951708 1.4811987135 1.1380859316
0.0711036045 2.2828890019 0.1333119245 1.6303223156 0.0673444832 0.8367363638 0.0000000000 3.3277298896 1.6717083590 0.5529567407 3.1973127498 0.8531095908
1.8233911629 0.7419876469 0.2309589327 1.5203855146 0.4450507780 2.2541178823 3.3277298896 0.0000000000 0.0806483988 0.0437709431 2.2967964208 0.0582497941
0.1440272852 0.3887464031 0.4183769555 0.9870132714 3.2711851072 0.4499016353 1.6717083590 0.0806483988 0.0000000000 0.0653349644 0.5959510961 0.6560450107
1.4094550977 0.7688211046 2.3966864075 4.7311345822 0.6407254281 0.5167951708 0.5529567407 0.0437709431 0.0653349644 0.0000000000 1.2882045390 0.3602647866
0.1648829933 4.2827059478 0.1214761082 0.2260537000 0.6586972682 1.4811987135 3.1973127498 2.2967964208 0.5959510961 1.2882045390 0.0000000000 2.1186922948
0.7777478433 2.4023206987 0.6967637299 0.1158323425 0.9320839775 1.1380859316 0.8531095908 0.0582497941 0.6560450107 0.3602647866 2.1186922948 0.0000000000
