# MCW Instance
# Type: EXPONENTIAL
# N: 12
# Optimal cost: 1.597995225563715
# Optimal tour (permutation): [0, 5, 7, 8, 4, 10, 9, 11, 6, 1, 3, 2, 0]
# Optimal walk (full path): [0, 5, 7, 8, 4, 9, 10, 9, 11, 6, 1, 3, 2, 3, 5, 0]
# Walk size: 16
# Is walk (has repeats): true

# Distance Matrix
0.0000000000 0.8059033914 2.7547988048 0.8773930642 0.4470144734 0.0593057302 0.5705448199 0.2922019125 0.5163157099 0.5370941014 1.1072070995 0.3541379940
0.8059033914 0.0000000000 0.4249937325 0.2105425488 3.3157682575 1.9266497444 0.1087578231 1.5130406708 1.9454756798 0.9068398808 0.3125103077 0.7919719231
2.7547988048 0.4249937325 0.0000000000 0.1471484876 1.4572334572 0.9138743294 1.0643262568 0.8632553823 0.5118044893 2.1847774737 0.4123689911 0.4958693994
0.8773930642 0.2105425488 0.1471484876 0.0000000000 0.1074743518 0.0211257735 2.8718614222 0.9026267195 0.1650151195 1.0113317407 0.6911692002 1.6292937524
0.4470144734 3.3157682575 1.4572334572 0.1074743518 0.0000000000 0.4596909671 2.7002742812 1.3496130829 0.2216877546 0.1165944948 2.1420078374 0.7177676917
0.0593057302 1.9266497444 0.9138743294 0.0211257735 0.4596909671 0.0000000000 1.4615082471 0.0529611540 0.3458974258 0.2168407767 0.3240806232 2.0200663656
0.5705448199 0.1087578231 1.0643262568 2.8718614222 2.7002742812 1.4615082471 0.0000000000 2.4500479618 0.4459419111 1.5343897620 1.4351604379 0.0732487034
0.2922019125 1.5130406708 0.8632553823 0.9026267195 1.3496130829 0.0529611540 2.4500479618 0.0000000000 0.1573980731 3.2041050577 2.0094425018 0.0868512751
0.5163157099 1.9454756798 0.5118044893 0.1650151195 0.2216877546 0.3458974258 0.4459419111 0.1573980731 0.0000000000 3.3675875856 2.1278971760 2.0750855374
0.5370941014 0.9068398808 2.1847774737 1.0113317407 0.1165944948 0.2168407767 1.5343897620 3.2041050577 3.3675875856 0.0000000000 0.1037024345 0.0153655957
1.1072070995 0.3125103077 0.4123689911 0.6911692002 2.1420078374 0.3240806232 1.4351604379 2.0094425018 2.1278971760 0.1037024345 0.0000000000 0.6852174083
0.3541379940 0.7919719231 0.4958693994 1.6292937524 0.7177676917 2.0200663656 0.0732487034 0.0868512751 2.0750855374 0.0153655957 0.6852174083 0.0000000000
