# MCW Instance
# Type: EXPONENTIAL
# N: 12
# Optimal cost: 2.182643421206965
# Optimal tour (permutation): [0, 7, 3, 5, 4, 11, 9, 10, 1, 6, 8, 2, 0]
# Optimal walk (full path): [0, 7, 0, 3, 4, 5, 4, 10, 11, 10, 9, 10, 1, 10, 6, 8, 2, 8, 0]
# Walk size: 19
# Is walk (has repeats): true

# Distance Matrix
0.0000000000 1.7495243453 1.9236008786 0.1498356793 0.2561950532 0.3978998985 0.4676104614 0.1232783496 0.1150993133 1.1524928988 0.5477895248 0.7943637266
1.7495243453 0.0000000000 0.5642569133 2.7698586183 0.1791314377 4.5870179235 0.4358296827 2.4367674504 1.1946252138 1.0135100647 0.0284239963 1.1873503647
1.9236008786 0.5642569133 0.0000000000 1.3175971271 0.9092917447 0.8278392375 4.3263090638 1.9905471065 0.0832459099 1.2849309160 0.2928582154 2.6357712938
0.1498356793 2.7698586183 1.3175971271 0.0000000000 0.2228744251 1.6234987772 0.5990016439 0.5796918150 1.2830773973 3.1449517936 1.4641452146 0.8658409332
0.2561950532 0.1791314377 0.9092917447 0.2228744251 0.0000000000 0.0105399983 1.1756301859 0.3475953909 1.5155164994 0.9709002174 0.1387695681 1.1177471315
0.3978998985 4.5870179235 0.8278392375 1.6234987772 0.0105399983 0.0000000000 0.7056898937 0.7194592843 0.1576324578 2.3174988856 0.5491387352 0.8144233041
0.4676104614 0.4358296827 4.3263090638 0.5990016439 1.1756301859 0.7056898937 0.0000000000 0.5849826689 0.1154026602 1.6248891157 0.1315316678 0.1952400285
0.1232783496 2.4367674504 1.9905471065 0.5796918150 0.3475953909 0.7194592843 0.5849826689 0.0000000000 1.6237789654 1.1145784825 1.7252525290 1.5731569908
0.1150993133 1.1946252138 0.0832459099 1.2830773973 1.5155164994 0.1576324578 0.1154026602 1.6237789654 0.0000000000 0.4449390402 2.1239759180 0.1086852767
1.1524928988 1.0135100647 1.2849309160 3.1449517936 0.9709002174 2.3174988856 1.6248891157 1.1145784825 0.4449390402 0.0000000000 0.3635064352 1.1531151368
0.5477895248 0.0284239963 0.2928582154 1.4641452146 0.1387695681 0.5491387352 0.1315316678 1.7252525290 2.1239759180 0.3635064352 0.0000000000 0.0455703644
0.7943637266 1.1873503647 2.6357712938 0.8658409332 1.1177471315 0.8144233041 0.1952400285 1.5731569908 0.1086852767 1.1531151368 0.0455703644 0.0000000000
