# MCW Instance
# Type: UNIFORM
# N: 18
# Optimal cost: 1.3372880373867875
# Optimal tour (permutation): [0, 11, 17, 9, 12, 4, 1, 15, 7, 13, 10, 3, 2, 14, 8, 16, 5, 6, 0]
# Optimal walk (full path): [0, 11, 17, 9, 4, 12, 4, 1, 15, 7, 15, 13, 2, 10, 3, 10, 2, 14, 8, 16, 5, 6, 11, 0]
# Walk size: 24
# Is walk (has repeats): true

# Distance Matrix
0.0000000000 0.6369818282 0.7467307688 0.8906518516 0.5080446119 0.6792210037 0.4323328097 0.1887758976 0.6541493035 0.3719853607 0.5368716641 0.1188980663 0.8548455756 0.2873524069 0.4346319782 0.5853684951 0.4236555460 0.3222508482
0.6369818282 0.0000000000 0.2655376922 0.8175935750 0.0799617748 0.7320550530 0.1517270760 0.7303788310 0.9499915826 0.9410357865 0.7364938061 0.3890240732 0.7333218536 0.4653914633 0.7497256719 0.0911648096 0.4973375630 0.3324348640
0.7467307688 0.2655376922 0.0000000000 0.8283873931 0.1408293095 0.2271154827 0.7086128534 0.8762574291 0.7349083090 0.9544946891 0.0593872067 0.8340435802 0.5082101483 0.0176332030 0.0556069803 0.8491650432 0.1905011691 0.7611404945
0.8906518516 0.8175935750 0.8283873931 0.0000000000 0.6138539992 0.4839037964 0.5174075956 0.7769135427 0.9123446411 0.7812916886 0.0067814117 0.6070941566 0.9593228932 0.7200134620 0.4631100830 0.6831034055 0.3074808960 0.8327707775
0.5080446119 0.0799617748 0.1408293095 0.6138539992 0.0000000000 0.1047755334 0.1584987119 0.8057950933 0.5369653268 0.0224451760 0.2084382236 0.8592672932 0.0322243696 0.2716037780 0.3148255728 0.5274118369 0.4562046759 0.2782120815
0.6792210037 0.7320550530 0.2271154827 0.4839037964 0.1047755334 0.0000000000 0.0337478797 0.9339314886 0.3582766240 0.3937039231 0.7506084199 0.8828761657 0.4501025029 0.3740110238 0.9683948088 0.2806803354 0.0227884471 0.2770303000
0.4323328097 0.1517270760 0.7086128534 0.5174075956 0.1584987119 0.0337478797 0.0000000000 0.7458121589 0.9488263401 0.3822030384 0.7739259022 0.0045504419 0.6784826519 0.1472193617 0.1518841867 0.5587433654 0.9263172195 0.2800519055
0.1887758976 0.7303788310 0.8762574291 0.7769135427 0.8057950933 0.9339314886 0.7458121589 0.0000000000 0.3494165149 0.8847163051 0.3797882850 0.2735234292 0.2100317925 0.8454086326 0.7305658176 0.0070110158 0.7660762937 0.8113960616
0.6541493035 0.9499915826 0.7349083090 0.9123446411 0.5369653268 0.3582766240 0.9488263401 0.3494165149 0.0000000000 0.3863391953 0.4009847806 0.7717659981 0.8792267292 0.5241172142 0.1494665125 0.8929121533 0.1778244625 0.8422292460
0.3719853607 0.9410357865 0.9544946891 0.7812916886 0.0224451760 0.3937039231 0.3822030384 0.8847163051 0.3863391953 0.0000000000 0.4903995823 0.9305682842 0.5750011835 0.6035870548 0.1858360924 0.2068026017 0.4486600209 0.0793686542
0.5368716641 0.7364938061 0.0593872067 0.0067814117 0.2084382236 0.7506084199 0.7739259022 0.3797882850 0.4009847806 0.4903995823 0.0000000000 0.6270102356 0.7730270345 0.5710592991 0.3001372598 0.2537819308 0.4147901722 0.5695469651
0.1188980663 0.3890240732 0.8340435802 0.6070941566 0.8592672932 0.8828761657 0.0045504419 0.2735234292 0.7717659981 0.9305682842 0.6270102356 0.0000000000 0.1005096600 0.2835984515 0.5216682837 0.8734638518 0.8038404510 0.0820353233
0.8548455756 0.7333218536 0.5082101483 0.9593228932 0.0322243696 0.4501025029 0.6784826519 0.2100317925 0.8792267292 0.5750011835 0.7730270345 0.1005096600 0.0000000000 0.7668647464 0.5344533094 0.5349892145 0.3751431413 0.1983554883
0.2873524069 0.4653914633 0.0176332030 0.7200134620 0.2716037780 0.3740110238 0.1472193617 0.8454086326 0.5241172142 0.6035870548 0.5710592991 0.2835984515 0.7668647464 0.0000000000 0.8162039291 0.0720902322 0.9032393683 0.7818936738
0.4346319782 0.7497256719 0.0556069803 0.4631100830 0.3148255728 0.9683948088 0.1518841867 0.7305658176 0.1494665125 0.1858360924 0.3001372598 0.5216682837 0.5344533094 0.8162039291 0.0000000000 0.9896909328 0.3523454443 0.0464495920
0.5853684951 0.0911648096 0.8491650432 0.6831034055 0.5274118369 0.2806803354 0.5587433654 0.0070110158 0.8929121533 0.2068026017 0.2537819308 0.8734638518 0.5349892145 0.0720902322 0.9896909328 0.0000000000 0.6559142951 0.3412709593
0.4236555460 0.4973375630 0.1905011691 0.3074808960 0.4562046759 0.0227884471 0.9263172195 0.7660762937 0.1778244625 0.4486600209 0.4147901722 0.8038404510 0.3751431413 0.9032393683 0.3523454443 0.6559142951 0.0000000000 0.2322127485
0.3222508482 0.3324348640 0.7611404945 0.8327707775 0.2782120815 0.2770303000 0.2800519055 0.8113960616 0.8422292460 0.0793686542 0.5695469651 0.0820353233 0.1983554883 0.7818936738 0.0464495920 0.3412709593 0.2322127485 0.0000000000
