# Graph size: 18
# Optimal cost: 1.1155368034860933

# Distance Matrix
0.0 0.7773790646098765 0.412248667753469 0.9415895490609821 0.1418422889010772 0.36186326298786464 0.2077563466120117 0.736016931440257 0.023151250155402536 0.824597989234071 0.15938706006420322 0.9154263211236048 0.94931481626199 0.5538835236186798 0.4015706395677735 0.9395885812579253 0.6283247837643176 0.023891590375713756
0.7773790646098765 0.0 0.04695504556730912 0.9598696339362662 0.5936267237859939 0.6269471930495997 0.9050572443112256 0.2112395041933749 0.5957372049134864 0.5212075515997174 0.23411051867999833 0.8728187586827696 0.6458473581417756 0.021356529830522497 0.6291659891218452 0.04616256517420381 0.830583461344106 0.12340946575411682
0.412248667753469 0.04695504556730912 0.0 0.31454556311159565 0.329584651342414 0.5727602528065634 0.5994500226736766 0.30503196664265153 0.5771746093592779 0.09987571729518596 0.7240971329662366 0.1277210103921641 0.822763528249498 0.5002612217170327 0.101726622666378 0.05525040565665895 0.021944972935122875 0.8962138638661626
0.9415895490609821 0.9598696339362662 0.31454556311159565 0.0 0.25194890652578295 0.09115789841030031 0.21935916864424188 0.9441028795336157 0.5805702020672796 0.2694115584719633 0.9838005741030651 0.08335538393087893 0.11424217303312323 0.18269261715860408 0.4703099011395576 0.6993912851379822 0.9092302459706343 0.037802325921383884
0.1418422889010772 0.5936267237859939 0.329584651342414 0.25194890652578295 0.0 0.2662638634191564 0.6399906351637942 0.3582085039511451 0.9516013405177187 0.2575766966893809 0.3302415560981605 0.7137152189820601 0.6471805112428478 0.1114800504846647 0.06813008040057345 0.022879244563995815 0.18750065793731452 0.6139484218405393
0.36186326298786464 0.6269471930495997 0.5727602528065634 0.09115789841030031 0.2662638634191564 0.0 0.9509982028751318 0.3252548441583323 0.8925279405587 0.02268964028000675 0.28250953634449694 0.40407836805373376 0.12593016130710655 0.8007208313160661 0.24042688894433584 0.6009872967704317 0.2086892427403756 0.5809026588870007
0.2077563466120117 0.9050572443112256 0.5994500226736766 0.21935916864424188 0.6399906351637942 0.9509982028751318 0.0 0.04741970907052051 0.2052182936429694 0.3195233867862163 0.9784050929416104 0.8802833283530167 0.7105278407150192 0.8758016993621738 0.915930803057992 0.27736636300991035 0.7965553400523354 0.5536735150844814
0.736016931440257 0.2112395041933749 0.30503196664265153 0.9441028795336157 0.3582085039511451 0.3252548441583323 0.04741970907052051 0.0 0.45562256552388525 0.8596662131513625 0.23607515600272633 0.8024230692892796 0.7419337518156984 0.7679672503062502 0.0555609081016325 0.43559980528092845 0.5513417344515157 0.3365597555584974
0.023151250155402536 0.5957372049134864 0.5771746093592779 0.5805702020672796 0.9516013405177187 0.8925279405587 0.2052182936429694 0.45562256552388525 0.0 0.1837113710583682 0.6402633722984754 0.11763591179523047 0.17349212487400245 0.5110645049099483 0.5357212923328836 0.35561379465922605 0.9979727447518605 0.753552219624824
0.824597989234071 0.5212075515997174 0.09987571729518596 0.2694115584719633 0.2575766966893809 0.02268964028000675 0.3195233867862163 0.8596662131513625 0.1837113710583682 0.0 0.2344269625819856 0.34136970785226317 0.2974521245126148 0.7638251431078505 0.21024379041616037 0.9239627931763108 0.11007977019625492 0.966403626578335
0.15938706006420322 0.23411051867999833 0.7240971329662366 0.9838005741030651 0.3302415560981605 0.28250953634449694 0.9784050929416104 0.23607515600272633 0.6402633722984754 0.2344269625819856 0.0 0.6630711075008942 0.6411019216168143 0.012644584637033773 0.40618707105475826 0.483866441677158 0.6905871710776176 0.6997712804331041
0.9154263211236048 0.8728187586827696 0.1277210103921641 0.08335538393087893 0.7137152189820601 0.40407836805373376 0.8802833283530167 0.8024230692892796 0.11763591179523047 0.34136970785226317 0.6630711075008942 0.0 0.4945808220719986 0.37038715656941756 0.5695991075602177 0.3770598277479339 0.9134763302216905 0.6215144262320135
0.94931481626199 0.6458473581417756 0.822763528249498 0.11424217303312323 0.6471805112428478 0.12593016130710655 0.7105278407150192 0.7419337518156984 0.17349212487400245 0.2974521245126148 0.6411019216168143 0.4945808220719986 0.0 0.13552817747372958 0.5590185241269696 0.29454631066695014 0.14681100032421313 0.2648885520018448
0.5538835236186798 0.021356529830522497 0.5002612217170327 0.18269261715860408 0.1114800504846647 0.8007208313160661 0.8758016993621738 0.7679672503062502 0.5110645049099483 0.7638251431078505 0.012644584637033773 0.37038715656941756 0.13552817747372958 0.0 0.7620558655426587 0.22979426709584927 0.26800342479313 0.9909621965242533
0.4015706395677735 0.6291659891218452 0.101726622666378 0.4703099011395576 0.06813008040057345 0.24042688894433584 0.915930803057992 0.0555609081016325 0.5357212923328836 0.21024379041616037 0.40618707105475826 0.5695991075602177 0.5590185241269696 0.7620558655426587 0.0 0.013459781519545078 0.8890229513302046 0.9603684942780716
0.9395885812579253 0.04616256517420381 0.05525040565665895 0.6993912851379822 0.022879244563995815 0.6009872967704317 0.27736636300991035 0.43559980528092845 0.35561379465922605 0.9239627931763108 0.483866441677158 0.3770598277479339 0.29454631066695014 0.22979426709584927 0.013459781519545078 0.0 0.9861705885563241 0.05920762484540454
0.6283247837643176 0.830583461344106 0.021944972935122875 0.9092302459706343 0.18750065793731452 0.2086892427403756 0.7965553400523354 0.5513417344515157 0.9979727447518605 0.11007977019625492 0.6905871710776176 0.9134763302216905 0.14681100032421313 0.26800342479313 0.8890229513302046 0.9861705885563241 0.0 0.02086422009575406
0.023891590375713756 0.12340946575411682 0.8962138638661626 0.037802325921383884 0.6139484218405393 0.5809026588870007 0.5536735150844814 0.3365597555584974 0.753552219624824 0.966403626578335 0.6997712804331041 0.6215144262320135 0.2648885520018448 0.9909621965242533 0.9603684942780716 0.05920762484540454 0.02086422009575406 0.0

# Optimal Walk
0 17 16 2 15 14 7 6 4 1 13 10 12 9 5 3 11 8 0
