# Graph size: 18
# Optimal cost: 2.0581587816473017

# Distance Matrix
0.0 0.7799490176804271 0.2632006829123448 0.9746146794559378 0.9352838793589716 0.531421092968838 0.7408751722963762 0.3851108237903442 0.3174204795081208 0.36632470305109266 0.7682063800797221 0.8779573804591745 0.9056587200180726 0.6509980503947489 0.9164301085586 0.9119793221029816 0.056181437874574525 0.5279870515125048
0.7799490176804271 0.0 0.1375743638062057 0.40368315584531345 0.7272491788108741 0.1670661575276381 0.42212411773988245 0.5914639635675923 0.27851277564548604 0.12087413136738545 0.25622481268890607 0.670214337094671 0.39153509738211734 0.7029203623847946 0.6958376315015109 0.6028601717156103 0.4997361155995925 0.9785681738842015
0.2632006829123448 0.1375743638062057 0.0 0.02467419668820059 0.70382398035171 0.4060143349494234 0.9137032979440242 0.6434021666947898 0.5591440141494115 0.08758688364877476 0.46114762924424413 0.04952692609224496 0.5989533427325654 0.040129651067502436 0.8814792289137464 0.5105192623424993 0.17024967709295402 0.8970876438480847
0.9746146794559378 0.40368315584531345 0.02467419668820059 0.0 0.3927719831213027 0.3071726178967431 0.2713637376008621 0.4750651929432548 0.32286896158097755 0.22983757361206525 0.20425976955346792 0.8424943211941907 0.29815587010099676 0.3470951958977425 0.2767792202685373 0.48631889021252606 0.6444020685423966 0.9345953914727119
0.9352838793589716 0.7272491788108741 0.70382398035171 0.3927719831213027 0.0 0.3441643814223321 0.16022128170952188 0.09808842782568417 0.8511999104100588 0.4176760526641935 0.5379569148029604 0.1307426199362126 0.5802340425124989 0.7878451811964355 0.3666517943776493 0.6741544504237488 0.6155649036910246 0.11087561449253269
0.531421092968838 0.1670661575276381 0.4060143349494234 0.3071726178967431 0.3441643814223321 0.0 0.4174565311454562 0.8009447357271288 0.8653888043081631 0.688941081145187 0.16473986677892682 0.962813456472539 0.2710231164095259 0.7385966870756544 0.7900436508208596 0.7178941283103757 0.8936636327392719 0.7862511968109259
0.7408751722963762 0.42212411773988245 0.9137032979440242 0.2713637376008621 0.16022128170952188 0.4174565311454562 0.0 0.8033100162448314 0.4889927755683463 0.30898113888828005 0.4556233676178366 0.30143118593640206 0.7860919425365326 0.26759571824142026 0.8193318894382193 0.6429607523131896 0.49935116363346377 0.22888118243892508
0.3851108237903442 0.5914639635675923 0.6434021666947898 0.4750651929432548 0.09808842782568417 0.8009447357271288 0.8033100162448314 0.0 0.17524518828509417 0.10786456747258177 0.3229372188852998 0.5562161599393999 0.5779438491877961 0.9324787122823402 0.10536908828661995 0.8737121561196902 0.70662516884991 0.9623806197525435
0.3174204795081208 0.27851277564548604 0.5591440141494115 0.32286896158097755 0.8511999104100588 0.8653888043081631 0.4889927755683463 0.17524518828509417 0.0 0.9386639218114915 0.32761331854745224 0.6830054191347377 0.049668920172614706 0.09642185913069812 0.26997653832527435 0.2662526082604333 0.23618610512059057 0.5100893432791518
0.36632470305109266 0.12087413136738545 0.08758688364877476 0.22983757361206525 0.4176760526641935 0.688941081145187 0.30898113888828005 0.10786456747258177 0.9386639218114915 0.0 0.1879045781839912 0.44670866179905744 0.710507999134477 0.3329919454497148 0.5385189316811555 0.8361364556432493 0.5040620629266597 0.28332938392280815
0.7682063800797221 0.25622481268890607 0.46114762924424413 0.20425976955346792 0.5379569148029604 0.16473986677892682 0.4556233676178366 0.3229372188852998 0.32761331854745224 0.1879045781839912 0.0 0.5180233089559066 0.4094541968449359 0.9005264260098939 0.8801767232241912 0.6926227000793171 0.09139561161359733 0.572700383563263
0.8779573804591745 0.670214337094671 0.04952692609224496 0.8424943211941907 0.1307426199362126 0.962813456472539 0.30143118593640206 0.5562161599393999 0.6830054191347377 0.44670866179905744 0.5180233089559066 0.0 0.39063776772092385 0.8497268126138963 0.4012611850368737 0.5323258608741526 0.29164782259353916 0.3897810010107048
0.9056587200180726 0.39153509738211734 0.5989533427325654 0.29815587010099676 0.5802340425124989 0.2710231164095259 0.7860919425365326 0.5779438491877961 0.049668920172614706 0.710507999134477 0.4094541968449359 0.39063776772092385 0.0 0.8699026188003318 0.08087874910230708 0.31652470007114386 0.07223185686942413 0.22530852434193194
0.6509980503947489 0.7029203623847946 0.040129651067502436 0.3470951958977425 0.7878451811964355 0.7385966870756544 0.26759571824142026 0.9324787122823402 0.09642185913069812 0.3329919454497148 0.9005264260098939 0.8497268126138963 0.8699026188003318 0.0 0.0831381245524383 0.7042184741367876 0.9535482916564353 0.4066366677764097
0.9164301085586 0.6958376315015109 0.8814792289137464 0.2767792202685373 0.3666517943776493 0.7900436508208596 0.8193318894382193 0.10536908828661995 0.26997653832527435 0.5385189316811555 0.8801767232241912 0.4012611850368737 0.08087874910230708 0.0831381245524383 0.0 0.05038004600216728 0.09831185378904472 0.9108837967415897
0.9119793221029816 0.6028601717156103 0.5105192623424993 0.48631889021252606 0.6741544504237488 0.7178941283103757 0.6429607523131896 0.8737121561196902 0.2662526082604333 0.8361364556432493 0.6926227000793171 0.5323258608741526 0.31652470007114386 0.7042184741367876 0.05038004600216728 0.0 0.31126387913548226 0.7163319388947716
0.056181437874574525 0.4997361155995925 0.17024967709295402 0.6444020685423966 0.6155649036910246 0.8936636327392719 0.49935116363346377 0.70662516884991 0.23618610512059057 0.5040620629266597 0.09139561161359733 0.29164782259353916 0.07223185686942413 0.9535482916564353 0.09831185378904472 0.31126387913548226 0.0 0.6531749431438822
0.5279870515125048 0.9785681738842015 0.8970876438480847 0.9345953914727119 0.11087561449253269 0.7862511968109259 0.22888118243892508 0.9623806197525435 0.5100893432791518 0.28332938392280815 0.572700383563263 0.3897810010107048 0.22530852434193194 0.4066366677764097 0.9108837967415897 0.7163319388947716 0.6531749431438822 0.0

# Optimal Walk
0 10 5 1 9 7 6 17 4 11 2 3 13 8 12 15 14 16 0
