# MCW Instance
# Type: UNIFORM
# N: 18
# Optimal cost: 1.8266758968548489
# Optimal tour (permutation): [0, 17, 14, 3, 15, 6, 13, 5, 4, 16, 11, 9, 8, 12, 7, 1, 10, 2, 0]
# Optimal walk (full path): [0, 17, 0, 14, 3, 14, 0, 15, 6, 13, 5, 4, 16, 11, 9, 8, 12, 8, 7, 1, 10, 0, 2, 0]
# Walk size: 24
# Is walk (has repeats): true

# Distance Matrix
0.0000000000 0.9460470986 0.0404352537 0.3710028445 0.1650506749 0.7903806733 0.6261092938 0.1369567569 0.9195000843 0.1740251372 0.0669179943 0.4213542112 0.3268961045 0.9528157441 0.0071875934 0.1341492457 0.3313532508 0.1629071176
0.9460470986 0.0000000000 0.2108830471 0.7000590917 0.8831617261 0.3199942081 0.6726203945 0.0943464049 0.9856599852 0.5224127315 0.0681807513 0.6497814994 0.9372148483 0.5156207850 0.2852786479 0.7419929859 0.4783005532 0.8452891404
0.0404352537 0.2108830471 0.0000000000 0.0966272581 0.6957667977 0.7655821948 0.9772044168 0.3898817692 0.7714545944 0.8380732169 0.7944166974 0.7528310314 0.8885048029 0.5148504542 0.1955381580 0.6272472811 0.8222307649 0.4694747051
0.3710028445 0.7000590917 0.0966272581 0.0000000000 0.6128274336 0.6910920807 0.9702818358 0.5631783000 0.1446700262 0.6063162387 0.4268853450 0.3870456287 0.6542920238 0.7782802857 0.0257783819 0.3628266821 0.6250206699 0.3128609524
0.1650506749 0.8831617261 0.6957667977 0.6128274336 0.0000000000 0.2168503051 0.6826871417 0.7821322940 0.9285988871 0.1268682457 0.8301134953 0.4923043134 0.1837808425 0.9212594243 0.4173549641 0.7339147233 0.0121395697 0.6317757946
0.7903806733 0.3199942081 0.7655821948 0.6910920807 0.2168503051 0.0000000000 0.5991985378 0.9949091586 0.2258931863 0.9439679748 0.3785371810 0.7996817723 0.3411351329 0.0487471394 0.7061056474 0.6923935156 0.8081245690 0.5539147143
0.6261092938 0.6726203945 0.9772044168 0.9702818358 0.6826871417 0.5991985378 0.0000000000 0.3949219841 0.4113769152 0.4878164474 0.6243919587 0.5193875353 0.6777539685 0.0060095086 0.9739823604 0.1496614069 0.4911198268 0.4377793152
0.1369567569 0.0943464049 0.3898817692 0.5631783000 0.7821322940 0.9949091586 0.3949219841 0.0000000000 0.0668518084 0.9838402859 0.0761215739 0.6274025509 0.9035129241 0.6836378962 0.6559879537 0.3327681764 0.0639514041 0.4936731386
0.9195000843 0.9856599852 0.7714545944 0.1446700262 0.9285988871 0.2258931863 0.4113769152 0.0668518084 0.0000000000 0.0425427778 0.2983097607 0.2596340092 0.0301391086 0.6269606139 0.3067823184 0.5064891012 0.9615402466 0.7315008905
0.1740251372 0.5224127315 0.8380732169 0.6063162387 0.1268682457 0.9439679748 0.4878164474 0.9838402859 0.0425427778 0.0000000000 0.2377464190 0.1725524915 0.6723480212 0.4396819807 0.1694111649 0.5768227237 0.8998404511 0.9608345922
0.0669179943 0.0681807513 0.7944166974 0.4268853450 0.8301134953 0.3785371810 0.6243919587 0.0761215739 0.2983097607 0.2377464190 0.0000000000 0.6005265175 0.5199715738 0.7650540352 0.3046991634 0.9403049181 0.1129070621 0.5806914167
0.4213542112 0.6497814994 0.7528310314 0.3870456287 0.4923043134 0.7996817723 0.5193875353 0.6274025509 0.2596340092 0.1725524915 0.6005265175 0.0000000000 0.5427096272 0.5168908971 0.5357878158 0.3119916167 0.2148315831 0.4886865603
0.3268961045 0.9372148483 0.8885048029 0.6542920238 0.1837808425 0.3411351329 0.6777539685 0.9035129241 0.0301391086 0.6723480212 0.5199715738 0.5427096272 0.0000000000 0.9079393355 0.5909842196 0.5043000315 0.2078798535 0.2782240535
0.9528157441 0.5156207850 0.5148504542 0.7782802857 0.9212594243 0.0487471394 0.0060095086 0.6836378962 0.6269606139 0.4396819807 0.7650540352 0.5168908971 0.9079393355 0.0000000000 0.7402125055 0.6473281170 0.7818116568 0.8557687799
0.0071875934 0.2852786479 0.1955381580 0.0257783819 0.4173549641 0.7061056474 0.9739823604 0.6559879537 0.3067823184 0.1694111649 0.3046991634 0.5357878158 0.5909842196 0.7402125055 0.0000000000 0.3489249178 0.6708350331 0.8053566752
0.1341492457 0.7419929859 0.6272472811 0.3628266821 0.7339147233 0.6923935156 0.1496614069 0.3327681764 0.5064891012 0.5768227237 0.9403049181 0.3119916167 0.5043000315 0.6473281170 0.3489249178 0.0000000000 0.9925546801 0.5628980575
0.3313532508 0.4783005532 0.8222307649 0.6250206699 0.0121395697 0.8081245690 0.4911198268 0.0639514041 0.9615402466 0.8998404511 0.1129070621 0.2148315831 0.2078798535 0.7818116568 0.6708350331 0.9925546801 0.0000000000 0.9584678157
0.1629071176 0.8452891404 0.4694747051 0.3128609524 0.6317757946 0.5539147143 0.4377793152 0.4936731386 0.7315008905 0.9608345922 0.5806914167 0.4886865603 0.2782240535 0.8557687799 0.8053566752 0.5628980575 0.9584678157 0.0000000000
