# Graph size: 18
# Optimal cost: 1.5514101151630002

# Distance Matrix
0.0 0.8769289891435834 0.2957924927543857 0.14177084907924276 0.45087474436355757 0.8364949458585261 0.43085775379045077 0.8565984522703531 0.7882451107904102 0.5715550050302566 0.1820733758193901 0.9306340134184881 0.14240658831785635 0.2057843011786914 0.2047627009712346 0.9472352457788988 0.030555581747379712 0.5140327298324284
0.8769289891435834 0.0 0.32235806173525283 0.14671116642396187 0.6259073958450768 0.05180955341263005 0.28994633693853034 0.46269402126843073 0.3765126531234214 0.48850408810480206 0.5150678919290985 0.6389718931616767 0.051435235382926936 0.8589728716095869 0.2250574957388224 0.3801813248019259 0.024380701593626375 0.6209749812190893
0.2957924927543857 0.32235806173525283 0.0 0.21962909990458668 0.1782365442863343 0.39490360868079244 0.8600387043192682 0.5280716359871044 0.9260978281956911 0.36861076264891635 0.7186944250611335 0.002335607383778804 0.6814584252989621 0.17031680926153459 0.14361006864947112 0.12045562490699402 0.9751558776404408 0.6478975291979883
0.14177084907924276 0.14671116642396187 0.21962909990458668 0.0 0.342016947083862 0.04916732191460482 0.8725904686153073 0.6396251047606437 0.9179157795841953 0.3202412041628303 0.5911594542352504 0.12405912945859632 0.5189037507430182 0.31197042046259627 0.852692869704026 0.14910559901868004 0.9660651054778875 0.09541331839125944
0.45087474436355757 0.6259073958450768 0.1782365442863343 0.342016947083862 0.0 0.30710320091942156 0.5456458026470663 0.2622197683933155 0.10440539197510279 0.30193733781396837 0.47117537858627756 0.5779256539133414 0.5190198337918115 0.9922463693498785 0.9001838927234491 0.2999818350004786 0.21406967361394758 0.2861648523315281
0.8364949458585261 0.05180955341263005 0.39490360868079244 0.04916732191460482 0.30710320091942156 0.0 0.2805429559798315 0.49378150283012856 0.6174084477043665 0.4038181847469422 0.7089614649657231 0.6787152900113336 0.8472007356011262 0.8906527615518729 0.14360438337915016 0.6449268819221818 0.05299753259985063 0.7710108324333883
0.43085775379045077 0.28994633693853034 0.8600387043192682 0.8725904686153073 0.5456458026470663 0.2805429559798315 0.0 0.36826140683690867 0.15007435149611825 0.9723660246904094 0.1537476753207686 0.6499901906662218 0.7263525458712765 0.3329867526649596 0.008916258615830785 0.2909487426015981 0.5008831154197578 0.8795458968809367
0.8565984522703531 0.46269402126843073 0.5280716359871044 0.6396251047606437 0.2622197683933155 0.49378150283012856 0.36826140683690867 0.0 0.023020189496490318 0.5651695438481175 0.8866803753830308 0.48541389093345033 0.41006302638624104 0.8523182243214394 0.23675305314750206 0.021015956836240468 0.30659805015072594 0.13301766600447473
0.7882451107904102 0.3765126531234214 0.9260978281956911 0.9179157795841953 0.10440539197510279 0.6174084477043665 0.15007435149611825 0.023020189496490318 0.0 0.0705029527113965 0.39396420943253474 0.9112096355594803 0.3941082059797607 0.2794337035794736 0.4504348824707274 0.8423335644899648 0.9072529838578062 0.7982841170248425
0.5715550050302566 0.48850408810480206 0.36861076264891635 0.3202412041628303 0.30193733781396837 0.4038181847469422 0.9723660246904094 0.5651695438481175 0.0705029527113965 0.0 0.23293843011962734 0.2830503014554977 0.7905874966642232 0.5880521126445596 0.42654421922227725 0.35746193347150557 0.7406501389646251 0.4189767918147831
0.1820733758193901 0.5150678919290985 0.7186944250611335 0.5911594542352504 0.47117537858627756 0.7089614649657231 0.1537476753207686 0.8866803753830308 0.39396420943253474 0.23293843011962734 0.0 0.6937856963308858 0.8404897577042617 0.33062116230478755 0.8643980667254842 0.997885946801506 0.7414064397554438 0.8109350360529912
0.9306340134184881 0.6389718931616767 0.002335607383778804 0.12405912945859632 0.5779256539133414 0.6787152900113336 0.6499901906662218 0.48541389093345033 0.9112096355594803 0.2830503014554977 0.6937856963308858 0.0 0.1205143355686138 0.9446075801650533 0.5211428919175646 0.9196214727069814 0.7524107248995583 0.6349447574217711
0.14240658831785635 0.051435235382926936 0.6814584252989621 0.5189037507430182 0.5190198337918115 0.8472007356011262 0.7263525458712765 0.41006302638624104 0.3941082059797607 0.7905874966642232 0.8404897577042617 0.1205143355686138 0.0 0.7043867859871638 0.8122684325829168 0.23333171535848807 0.5140398308001688 0.42971604007608766
0.2057843011786914 0.8589728716095869 0.17031680926153459 0.31197042046259627 0.9922463693498785 0.8906527615518729 0.3329867526649596 0.8523182243214394 0.2794337035794736 0.5880521126445596 0.33062116230478755 0.9446075801650533 0.7043867859871638 0.0 0.8552904774678126 0.19202337619197707 0.2261204981231758 0.044487209955689666
0.2047627009712346 0.2250574957388224 0.14361006864947112 0.852692869704026 0.9001838927234491 0.14360438337915016 0.008916258615830785 0.23675305314750206 0.4504348824707274 0.42654421922227725 0.8643980667254842 0.5211428919175646 0.8122684325829168 0.8552904774678126 0.0 0.6912239514825917 0.6120727024141329 0.5409175193847203
0.9472352457788988 0.3801813248019259 0.12045562490699402 0.14910559901868004 0.2999818350004786 0.6449268819221818 0.2909487426015981 0.021015956836240468 0.8423335644899648 0.35746193347150557 0.997885946801506 0.9196214727069814 0.23333171535848807 0.19202337619197707 0.6912239514825917 0.0 0.19592563671715701 0.6810602957556099
0.030555581747379712 0.024380701593626375 0.9751558776404408 0.9660651054778875 0.21406967361394758 0.05299753259985063 0.5008831154197578 0.30659805015072594 0.9072529838578062 0.7406501389646251 0.7414064397554438 0.7524107248995583 0.5140398308001688 0.2261204981231758 0.6120727024141329 0.19592563671715701 0.0 0.8375220831883565
0.5140327298324284 0.6209749812190893 0.6478975291979883 0.09541331839125944 0.2861648523315281 0.7710108324333883 0.8795458968809367 0.13301766600447473 0.7982841170248425 0.4189767918147831 0.8109350360529912 0.6349447574217711 0.42971604007608766 0.044487209955689666 0.5409175193847203 0.6810602957556099 0.8375220831883565 0.0

# Optimal Walk
0 16 12 1 5 3 17 13 15 7 9 8 4 11 2 14 6 10 0
