# MCW Instance
# Type: UNIFORM
# N: 18
# Optimal cost: 1.6226934467159966
# Optimal tour (permutation): [0, 17, 5, 7, 15, 16, 14, 10, 8, 12, 13, 9, 6, 4, 11, 3, 1, 2, 0]
# Optimal walk (full path): [0, 17, 5, 7, 15, 14, 16, 14, 8, 10, 8, 12, 9, 13, 9, 6, 4, 11, 3, 1, 3, 2, 0]
# Walk size: 23
# Is walk (has repeats): true

# Distance Matrix
0.0000000000 0.2401122240 0.0875350516 0.8242117470 0.9605659982 0.3782460794 0.7186838136 0.2170858962 0.4709942334 0.5632724508 0.9234781460 0.9888681923 0.7914712891 0.1637926406 0.5895631089 0.7705225354 0.8758596997 0.1424875126
0.2401122240 0.0000000000 0.7385881351 0.0860844098 0.7199143393 0.7205654300 0.9677672801 0.2983557042 0.3251974764 0.3984735816 0.3327628716 0.6811416000 0.8976670450 0.3814867647 0.2295399814 0.7491632811 0.7531371161 0.8191400819
0.0875350516 0.7385881351 0.0000000000 0.1697538188 0.8527578171 0.8793477631 0.9090728354 0.2123955558 0.7017015635 0.6131711859 0.8387030032 0.2138367945 0.9209712911 0.4315195642 0.7422531042 0.9890763129 0.9609832884 0.4258094987
0.8242117470 0.0860844098 0.1697538188 0.0000000000 0.3359995618 0.9389072860 0.6858269533 0.6323768431 0.6612196389 0.6908871699 0.7452368136 0.0250247142 0.4121611755 0.8264061022 0.3995224218 0.6409266147 0.6554624183 0.8218141602
0.9605659982 0.7199143393 0.8527578171 0.3359995618 0.0000000000 0.8114030075 0.0073957825 0.3578002589 0.9184819973 0.9446698807 0.7645706047 0.0301469622 0.7548326183 0.1168260383 0.1378553637 0.9698675745 0.2427973362 0.9413297138
0.3782460794 0.7205654300 0.8793477631 0.9389072860 0.8114030075 0.0000000000 0.7039944874 0.0359904157 0.3518117916 0.8647940078 0.7159474195 0.6283363089 0.1753829946 0.7554724852 0.1042705793 0.5577924490 0.8984217255 0.0315862832
0.7186838136 0.9677672801 0.9090728354 0.6858269533 0.0073957825 0.7039944874 0.0000000000 0.1565015208 0.7928688865 0.0579489327 0.6315253870 0.7910800955 0.6467773347 0.7954490298 0.7226831360 0.2886296433 0.8296231300 0.6360565367
0.2170858962 0.2983557042 0.2123955558 0.6323768431 0.3578002589 0.0359904157 0.1565015208 0.0000000000 0.4216593524 0.3209612263 0.9319030928 0.6979273208 0.9557944612 0.1269521356 0.3283535942 0.1345589199 0.6344731989 0.7244895345
0.4709942334 0.3251974764 0.7017015635 0.6612196389 0.9184819973 0.3518117916 0.7928688865 0.4216593524 0.0000000000 0.1952942524 0.0434891350 0.7183633261 0.1189589516 0.3199649130 0.0367158240 0.7757309491 0.5712964771 0.6469545153
0.5632724508 0.3984735816 0.6131711859 0.6908871699 0.9446698807 0.8647940078 0.0579489327 0.3209612263 0.1952942524 0.0000000000 0.1613450694 0.3972011446 0.1224123046 0.0546726201 0.8833887668 0.2038086569 0.7358327978 0.6839152221
0.9234781460 0.3327628716 0.8387030032 0.7452368136 0.7645706047 0.7159474195 0.6315253870 0.9319030928 0.0434891350 0.1613450694 0.0000000000 0.4032967735 0.9279102643 0.6166970500 0.2509285907 0.6587232191 0.9725069664 0.4927826462
0.9888681923 0.6811416000 0.2138367945 0.0250247142 0.0301469622 0.6283363089 0.7910800955 0.6979273208 0.7183633261 0.3972011446 0.4032967735 0.0000000000 0.1689763748 0.9881897358 0.2617504848 0.9020252439 0.9752664515 0.5787237026
0.7914712891 0.8976670450 0.9209712911 0.4121611755 0.7548326183 0.1753829946 0.6467773347 0.9557944612 0.1189589516 0.1224123046 0.9279102643 0.1689763748 0.0000000000 0.3838855765 0.8210348040 0.5141959315 0.5012123317 0.9976056169
0.1637926406 0.3814867647 0.4315195642 0.8264061022 0.1168260383 0.7554724852 0.7954490298 0.1269521356 0.3199649130 0.0546726201 0.6166970500 0.9881897358 0.3838855765 0.0000000000 0.2904007605 0.5632239794 0.3491284357 0.2237760407
0.5895631089 0.2295399814 0.7422531042 0.3995224218 0.1378553637 0.1042705793 0.7226831360 0.3283535942 0.0367158240 0.8833887668 0.2509285907 0.2617504848 0.8210348040 0.2904007605 0.0000000000 0.0451174942 0.1042840745 0.2394474105
0.7705225354 0.7491632811 0.9890763129 0.6409266147 0.9698675745 0.5577924490 0.2886296433 0.1345589199 0.7757309491 0.2038086569 0.6587232191 0.9020252439 0.5141959315 0.5632239794 0.0451174942 0.0000000000 0.2767064442 0.5422505133
0.8758596997 0.7531371161 0.9609832884 0.6554624183 0.2427973362 0.8984217255 0.8296231300 0.6344731989 0.5712964771 0.7358327978 0.9725069664 0.9752664515 0.5012123317 0.3491284357 0.1042840745 0.2767064442 0.0000000000 0.2414982628
0.1424875126 0.8191400819 0.4258094987 0.8218141602 0.9413297138 0.0315862832 0.6360565367 0.7244895345 0.6469545153 0.6839152221 0.4927826462 0.5787237026 0.9976056169 0.2237760407 0.2394474105 0.5422505133 0.2414982628 0.0000000000
