# MCW Instance
# Type: UNIFORM
# N: 18
# Optimal cost: 1.6477484792098869
# Optimal tour (permutation): [0, 7, 15, 13, 17, 11, 8, 16, 1, 14, 10, 6, 4, 5, 3, 9, 12, 2, 0]
# Optimal walk (full path): [0, 7, 15, 13, 17, 11, 8, 16, 1, 10, 14, 10, 6, 10, 4, 5, 3, 9, 12, 2, 0]
# Walk size: 21
# Is walk (has repeats): true

# Distance Matrix
0.0000000000 0.6094522892 0.0227642679 0.1810352768 0.6595247006 0.6527812803 0.2951994310 0.0838395582 0.9962715298 0.5653065451 0.4337798172 0.1137615045 0.5051434093 0.5429308750 0.7633214695 0.7269684733 0.0954143610 0.9691346713
0.6094522892 0.0000000000 0.3837407985 0.5124771001 0.1944101613 0.6691823110 0.3177407401 0.9629351734 0.5684659614 0.9498673771 0.1190612745 0.6500978781 0.6548788764 0.4406960102 0.3138838271 0.7549805044 0.1060579975 0.4408849788
0.0227642679 0.3837407985 0.0000000000 0.8380176429 0.3567703909 0.4277379328 0.9462770169 0.4537851040 0.6199334535 0.3050368024 0.7812527749 0.9830624959 0.0355512077 0.4533030828 0.2929455582 0.0767218433 0.1707765414 0.6051097570
0.1810352768 0.5124771001 0.8380176429 0.0000000000 0.8785408540 0.1557575677 0.9593974727 0.5504190282 0.2111702343 0.1056721734 0.4268502899 0.9838535917 0.4058847270 0.2832329671 0.8846244054 0.2811760177 0.5244201053 0.4035018244
0.6595247006 0.1944101613 0.3567703909 0.8785408540 0.0000000000 0.0518531845 0.2264907090 0.7559428508 0.9150783461 0.2659866527 0.1423474855 0.3306917828 0.5427863499 0.9297931843 0.8368399020 0.7244074741 0.7795724943 0.6085392093
0.6527812803 0.6691823110 0.4277379328 0.1557575677 0.0518531845 0.0000000000 0.2749552485 0.9936678726 0.2431746977 0.7390472819 0.9058475291 0.1457248193 0.9781575377 0.7414345093 0.1333683781 0.2911632291 0.9802005425 0.4346850692
0.2951994310 0.3177407401 0.9462770169 0.9593974727 0.2264907090 0.2749552485 0.0000000000 0.5041055581 0.9536810835 0.4470641062 0.0488116821 0.8053419590 0.3185146740 0.5194477819 0.7992128917 0.4147627271 0.3895104131 0.5649934616
0.0838395582 0.9629351734 0.4537851040 0.5504190282 0.7559428508 0.9936678726 0.5041055581 0.0000000000 0.9429344626 0.9244020824 0.9945711383 0.3799760949 0.4718944815 0.2732349131 0.3301810165 0.0357631816 0.1147338026 0.3659833070
0.9962715298 0.5684659614 0.6199334535 0.2111702343 0.9150783461 0.2431746977 0.9536810835 0.9429344626 0.0000000000 0.2679400682 0.4809131351 0.1168045999 0.4301211296 0.9595158587 0.4248223839 0.3469115896 0.1687247354 0.3711462994
0.5653065451 0.9498673771 0.3050368024 0.1056721734 0.2659866527 0.7390472819 0.4470641062 0.9244020824 0.2679400682 0.0000000000 0.4751193106 0.6397718844 0.1037313682 0.2548040353 0.9785427955 0.9247614992 0.3723311545 0.7203599502
0.4337798172 0.1190612745 0.7812527749 0.4268502899 0.1423474855 0.9058475291 0.0488116821 0.9945711383 0.4809131351 0.4751193106 0.0000000000 0.5238318336 0.6143669766 0.6386324913 0.0115590249 0.6051920765 0.9298636322 0.7134051422
0.1137615045 0.6500978781 0.9830624959 0.9838535917 0.3306917828 0.1457248193 0.8053419590 0.3799760949 0.1168045999 0.6397718844 0.5238318336 0.0000000000 0.3083493201 0.5161937920 0.3270923720 0.9366183527 0.3790803998 0.1464953365
0.5051434093 0.6548788764 0.0355512077 0.4058847270 0.5427863499 0.9781575377 0.3185146740 0.4718944815 0.4301211296 0.1037313682 0.6143669766 0.3083493201 0.0000000000 0.9518087465 0.3706569091 0.6883151588 0.9875747533 0.1019302690
0.5429308750 0.4406960102 0.4533030828 0.2832329671 0.9297931843 0.7414345093 0.5194477819 0.2732349131 0.9595158587 0.2548040353 0.6386324913 0.5161937920 0.9518087465 0.0000000000 0.3765105993 0.1294746668 0.3186914869 0.0031084599
0.7633214695 0.3138838271 0.2929455582 0.8846244054 0.8368399020 0.1333683781 0.7992128917 0.3301810165 0.4248223839 0.9785427955 0.0115590249 0.3270923720 0.3706569091 0.3765105993 0.0000000000 0.2008976206 0.8962625533 0.2405893016
0.7269684733 0.7549805044 0.0767218433 0.2811760177 0.7244074741 0.2911632291 0.4147627271 0.0357631816 0.3469115896 0.9247614992 0.6051920765 0.9366183527 0.6883151588 0.1294746668 0.2008976206 0.0000000000 0.8144044339 0.7891962492
0.0954143610 0.1060579975 0.1707765414 0.5244201053 0.7795724943 0.9802005425 0.3895104131 0.1147338026 0.1687247354 0.3723311545 0.9298636322 0.3790803998 0.9875747533 0.3186914869 0.8962625533 0.8144044339 0.0000000000 0.1327922264
0.9691346713 0.4408849788 0.6051097570 0.4035018244 0.6085392093 0.4346850692 0.5649934616 0.3659833070 0.3711462994 0.7203599502 0.7134051422 0.1464953365 0.1019302690 0.0031084599 0.2405893016 0.7891962492 0.1327922264 0.0000000000
