# MCW Instance
# Type: UNIFORM
# N: 18
# Optimal cost: 1.7961562832251854
# Optimal tour (permutation): [0, 13, 6, 3, 14, 8, 10, 5, 16, 12, 2, 1, 4, 17, 7, 15, 9, 11, 0]
# Optimal walk (full path): [0, 13, 6, 3, 6, 14, 8, 10, 5, 16, 12, 1, 2, 1, 12, 4, 17, 7, 15, 9, 11, 0]
# Walk size: 22
# Is walk (has repeats): true

# Distance Matrix
0.0000000000 0.1334305780 0.3601912405 0.2145273739 0.7836537536 0.1727234217 0.9774744031 0.9448316532 0.5628534992 0.1287962105 0.1168933062 0.0838313538 0.1114531959 0.1571300993 0.7535373084 0.8385569610 0.9974653712 0.5610644165
0.1334305780 0.0000000000 0.0041774358 0.4567390378 0.4478134478 0.9442446424 0.0886030631 0.3764603510 0.8591378668 0.6964148532 0.6539432060 0.7299199713 0.0162066432 0.2449581365 0.8174717290 0.6068568941 0.8036052568 0.8961902570
0.3601912405 0.0041774358 0.0000000000 0.9015598648 0.8904081745 0.4551703010 0.7632630403 0.9838532784 0.6666528122 0.6756697047 0.2316359295 0.0664153365 0.1788187513 0.2905220722 0.6484254487 0.8794919738 0.0481081495 0.4318861151
0.2145273739 0.4567390378 0.9015598648 0.0000000000 0.4385439156 0.0787177374 0.0153207831 0.6532409405 0.6483903270 0.8689966113 0.7709340318 0.7796162668 0.9969581889 0.8939555629 0.5360228587 0.7469211844 0.8745758337 0.5667822340
0.7836537536 0.4478134478 0.8904081745 0.4385439156 0.0000000000 0.9323805640 0.1613591010 0.3710973324 0.8864228023 0.3374275530 0.8187052800 0.3382130340 0.1825300865 0.3579717012 0.9632629328 0.6946503835 0.1632152550 0.2766107827
0.1727234217 0.9442446424 0.4551703010 0.0787177374 0.9323805640 0.0000000000 0.6376022086 0.6683874137 0.1015719739 0.3255434623 0.0767262558 0.4366028744 0.9901042957 0.4247827298 0.7340970722 0.6719381593 0.0166049856 0.5852413987
0.9774744031 0.0886030631 0.7632630403 0.0153207831 0.1613591010 0.6376022086 0.0000000000 0.1919929320 0.8327485347 0.7706942673 0.5218862395 0.9049586527 0.6453716068 0.1771431570 0.1481340515 0.4526484860 0.1180436358 0.2702699633
0.9448316532 0.3764603510 0.9838532784 0.6532409405 0.3710973324 0.6683874137 0.1919929320 0.0000000000 0.5298890637 0.7371508843 0.5989452056 0.5731121857 0.5660981530 0.3499233496 0.8449595273 0.0257401623 0.1324262800 0.1547544812
0.5628534992 0.8591378668 0.6666528122 0.6483903270 0.8864228023 0.1015719739 0.8327485347 0.5298890637 0.0000000000 0.8030780929 0.1189934247 0.6756321198 0.9857096201 0.8229902608 0.1330836416 0.2784489820 0.2428053075 0.3172444852
0.1287962105 0.6964148532 0.6756697047 0.8689966113 0.3374275530 0.3255434623 0.7706942673 0.7371508843 0.8030780929 0.0000000000 0.1549235157 0.0282541816 0.0831973176 0.4644709639 0.8537038606 0.1175355951 0.8519552628 0.4115063764
0.1168933062 0.6539432060 0.2316359295 0.7709340318 0.8187052800 0.0767262558 0.5218862395 0.5989452056 0.1189934247 0.1549235157 0.0000000000 0.8311557729 0.4801409268 0.3740367140 0.5718637785 0.7310987048 0.9245220668 0.7378623065
0.0838313538 0.7299199713 0.0664153365 0.7796162668 0.3382130340 0.4366028744 0.9049586527 0.5731121857 0.6756321198 0.0282541816 0.8311557729 0.0000000000 0.0408415478 0.1922895684 0.6636630621 0.2409325177 0.8516671224 0.1592512659
0.1114531959 0.0162066432 0.1788187513 0.9969581889 0.1825300865 0.9901042957 0.6453716068 0.5660981530 0.9857096201 0.0831973176 0.4801409268 0.0408415478 0.0000000000 0.8611071164 0.2392157748 0.7824232534 0.0276743002 0.3134743386
0.1571300993 0.2449581365 0.2905220722 0.8939555629 0.3579717012 0.4247827298 0.1771431570 0.3499233496 0.8229902608 0.4644709639 0.3740367140 0.1922895684 0.8611071164 0.0000000000 0.7445767607 0.6901048572 0.5941480996 0.6720888311
0.7535373084 0.8174717290 0.6484254487 0.5360228587 0.9632629328 0.7340970722 0.1481340515 0.8449595273 0.1330836416 0.8537038606 0.5718637785 0.6636630621 0.2392157748 0.7445767607 0.0000000000 0.7483029670 0.8960079200 0.8043935436
0.8385569610 0.6068568941 0.8794919738 0.7469211844 0.6946503835 0.6719381593 0.4526484860 0.0257401623 0.2784489820 0.1175355951 0.7310987048 0.2409325177 0.7824232534 0.6901048572 0.7483029670 0.0000000000 0.6698098544 0.4138259736
0.9974653712 0.8036052568 0.0481081495 0.8745758337 0.1632152550 0.0166049856 0.1180436358 0.1324262800 0.2428053075 0.8519552628 0.9245220668 0.8516671224 0.0276743002 0.5941480996 0.8960079200 0.6698098544 0.0000000000 0.9757514276
0.5610644165 0.8961902570 0.4318861151 0.5667822340 0.2766107827 0.5852413987 0.2702699633 0.1547544812 0.3172444852 0.4115063764 0.7378623065 0.1592512659 0.3134743386 0.6720888311 0.8043935436 0.4138259736 0.9757514276 0.0000000000
