# MCW Instance
# Type: UNIFORM
# N: 18
# Optimal cost: 2.040553983390347
# Optimal tour (permutation): [0, 10, 7, 12, 8, 17, 2, 14, 3, 13, 5, 16, 11, 1, 15, 9, 6, 4, 0]
# Optimal walk (full path): [0, 10, 7, 12, 8, 17, 2, 3, 14, 3, 13, 5, 16, 11, 16, 1, 15, 9, 15, 6, 0, 4, 0]
# Walk size: 23
# Is walk (has repeats): true

# Distance Matrix
0.0000000000 0.0506690778 0.7375788838 0.3915311991 0.0608929227 0.8033496836 0.1482832654 0.5637651496 0.3320887895 0.1592909041 0.3077485352 0.9779547078 0.9044903491 0.6849743745 0.7359033703 0.8321426034 0.7784079785 0.1580319289
0.0506690778 0.0000000000 0.5800294524 0.9914581667 0.7458857491 0.9414561890 0.5735793269 0.4255570786 0.8550281982 0.6022579568 0.4455951282 0.4967242823 0.8917156892 0.8700599135 0.2602504514 0.0266490082 0.0227813074 0.8914674796
0.7375788838 0.5800294524 0.0000000000 0.0029524718 0.4458578305 0.7222624336 0.8776597786 0.0976047972 0.4870174734 0.1111281772 0.6654946634 0.4390463554 0.8217964058 0.8809233465 0.4165236908 0.9553448816 0.7607005081 0.0430591138
0.3915311991 0.9914581667 0.0029524718 0.0000000000 0.6636641606 0.6765383272 0.6362742908 0.8480185653 0.1818774153 0.7795810522 0.7722866911 0.3525355209 0.7070535788 0.1036660437 0.0049957921 0.2778433182 0.3564047443 0.1857584210
0.0608929227 0.7458857491 0.4458578305 0.6636641606 0.0000000000 0.5673143793 0.9983794071 0.7140203961 0.9530893568 0.7726744033 0.7278712032 0.9368398996 0.8275238417 0.3426147428 0.2285168724 0.9091490286 0.1461296317 0.4105938925
0.8033496836 0.9414561890 0.7222624336 0.6765383272 0.5673143793 0.0000000000 0.6590145286 0.4278085389 0.4829389379 0.2042549344 0.4984819348 0.6357747578 0.6688082073 0.1593475213 0.8358480377 0.4380735170 0.0494457420 0.7507375326
0.1482832654 0.5735793269 0.8776597786 0.6362742908 0.9983794071 0.6590145286 0.0000000000 0.6980867478 0.4322404085 0.7960906279 0.6394118710 0.5057022742 0.9643416898 0.8889908852 0.8291127152 0.1901646220 0.2820422854 0.7307424474
0.5637651496 0.4255570786 0.0976047972 0.8480185653 0.7140203961 0.4278085389 0.6980867478 0.0000000000 0.4022113264 0.9855327714 0.3977879800 0.2147148004 0.0616591634 0.4152920581 0.1980215490 0.4732033299 0.1443295078 0.5354715196
0.3320887895 0.8550281982 0.4870174734 0.1818774153 0.9530893568 0.4829389379 0.4322404085 0.4022113264 0.0000000000 0.5384530428 0.4606120796 0.9907901442 0.0663960194 0.5507571133 0.9888852996 0.5575240066 0.6479666519 0.1526706409
0.1592909041 0.6022579568 0.1111281772 0.7795810522 0.7726744033 0.2042549344 0.7960906279 0.9855327714 0.5384530428 0.0000000000 0.8255693523 0.9398408539 0.0871527166 0.8013166283 0.9893017253 0.0372004837 0.1314167947 0.8586810586
0.3077485352 0.4455951282 0.6654946634 0.7722866911 0.7278712032 0.4984819348 0.6394118710 0.3977879800 0.4606120796 0.8255693523 0.0000000000 0.4331867285 0.9373934184 0.9980841402 0.5485214260 0.8934328526 0.7220026278 0.6172063863
0.9779547078 0.4967242823 0.4390463554 0.3525355209 0.9368398996 0.6357747578 0.5057022742 0.2147148004 0.9907901442 0.9398408539 0.4331867285 0.0000000000 0.3755869088 0.7987892840 0.3027957590 0.3042586087 0.0508820759 0.7857347443
0.9044903491 0.8917156892 0.8217964058 0.7070535788 0.8275238417 0.6688082073 0.9643416898 0.0616591634 0.0663960194 0.0871527166 0.9373934184 0.3755869088 0.0000000000 0.5871739809 0.3690480174 0.4208072864 0.5450346703 0.7405305191
0.6849743745 0.8700599135 0.8809233465 0.1036660437 0.3426147428 0.1593475213 0.8889908852 0.4152920581 0.5507571133 0.8013166283 0.9980841402 0.7987892840 0.5871739809 0.0000000000 0.9885015271 0.6333604672 0.4371972733 0.5643479274
0.7359033703 0.2602504514 0.4165236908 0.0049957921 0.2285168724 0.8358480377 0.8291127152 0.1980215490 0.9888852996 0.9893017253 0.5485214260 0.3027957590 0.3690480174 0.9885015271 0.0000000000 0.5235382523 0.7911869231 0.5575232737
0.8321426034 0.0266490082 0.9553448816 0.2778433182 0.9091490286 0.4380735170 0.1901646220 0.4732033299 0.5575240066 0.0372004837 0.8934328526 0.3042586087 0.4208072864 0.6333604672 0.5235382523 0.0000000000 0.0410902822 0.3440227376
0.7784079785 0.0227813074 0.7607005081 0.3564047443 0.1461296317 0.0494457420 0.2820422854 0.1443295078 0.6479666519 0.1314167947 0.7220026278 0.0508820759 0.5450346703 0.4371972733 0.7911869231 0.0410902822 0.0000000000 0.6391148304
0.1580319289 0.8914674796 0.0430591138 0.1857584210 0.4105938925 0.7507375326 0.7307424474 0.5354715196 0.1526706409 0.8586810586 0.6172063863 0.7857347443 0.7405305191 0.5643479274 0.5575232737 0.3440227376 0.6391148304 0.0000000000
