# MCW Instance
# Type: UNIFORM
# N: 18
# Optimal cost: 1.6264338767806503
# Optimal tour (permutation): [0, 16, 9, 14, 5, 8, 17, 1, 3, 6, 10, 7, 15, 12, 13, 11, 4, 2, 0]
# Optimal walk (full path): [0, 9, 16, 9, 14, 5, 14, 8, 17, 1, 3, 6, 10, 7, 12, 15, 12, 13, 11, 4, 0, 2, 0]
# Walk size: 23
# Is walk (has repeats): true

# Distance Matrix
0.0000000000 0.6889170066 0.1424291607 0.7819374187 0.0557706113 0.5493469163 0.9663983334 0.7941180654 0.6824286263 0.0113389796 0.3616525047 0.9947507632 0.1270731294 0.5464502598 0.2119920735 0.7784746871 0.5637544974 0.5839163289
0.6889170066 0.0000000000 0.8391424902 0.1942089444 0.1409443466 0.8136329573 0.1363378743 0.1328813178 0.9659498689 0.8373137802 0.5909511766 0.8245297373 0.5681114737 0.7779618278 0.2137798395 0.5718093036 0.3823185391 0.0368945849
0.1424291607 0.8391424902 0.0000000000 0.6982592943 0.2416636008 0.7406667342 0.2479135614 0.9697913501 0.4128960641 0.8376194034 0.6198109133 0.6535381248 0.2346035194 0.1428245176 0.2812574817 0.8884466251 0.9889105402 0.7757781277
0.7819374187 0.1942089444 0.6982592943 0.0000000000 0.9462178984 0.3459325412 0.0711699923 0.4278137708 0.2033899683 0.2735667833 0.6017716880 0.5194369204 0.9997674966 0.8772714155 0.1659272928 0.4148119930 0.4362766553 0.3799463623
0.0557706113 0.1409443466 0.2416636008 0.9462178984 0.0000000000 0.2412767195 0.6802491785 0.8225382128 0.6501119242 0.7178874128 0.5698268745 0.0481589701 0.3810666185 0.5411946793 0.1488248194 0.7195574619 0.4192234449 0.9156577051
0.5493469163 0.8136329573 0.7406667342 0.3459325412 0.2412767195 0.0000000000 0.7244320398 0.1841810175 0.9897020340 0.6953823615 0.5432328285 0.5180719366 0.2479181185 0.5576888514 0.0362629585 0.7880930099 0.7978260029 0.3065782376
0.9663983334 0.1363378743 0.2479135614 0.0711699923 0.6802491785 0.7244320398 0.0000000000 0.2449672583 0.4167233401 0.5606333611 0.1852789842 0.4451794026 0.2751878495 0.6522221315 0.3905308870 0.4012826504 0.2097846697 0.7331733620
0.7941180654 0.1328813178 0.9697913501 0.4278137708 0.8225382128 0.1841810175 0.2449672583 0.0000000000 0.0759904497 0.1290006846 0.0666265802 0.6322073998 0.0081182328 0.5228055858 0.9216141021 0.9120155896 0.6951354778 0.7127198544
0.6824286263 0.9659498689 0.4128960641 0.2033899683 0.6501119242 0.9897020340 0.4167233401 0.0759904497 0.0000000000 0.1453095021 0.4458733140 0.2481136357 0.5553281040 0.1364823016 0.0040881583 0.4529869557 0.2351031115 0.0434488072
0.0113389796 0.8373137802 0.8376194034 0.2735667833 0.7178874128 0.6953823615 0.5606333611 0.1290006846 0.1453095021 0.0000000000 0.3112514234 0.5332553348 0.5546898515 0.5589294341 0.0284249473 0.8653704024 0.1265808561 0.9219991481
0.3616525047 0.5909511766 0.6198109133 0.6017716880 0.5698268745 0.5432328285 0.1852789842 0.0666265802 0.4458733140 0.3112514234 0.0000000000 0.6388093984 0.4722751914 0.3436543667 0.5898083697 0.2711042898 0.4652937023 0.7023363748
0.9947507632 0.8245297373 0.6535381248 0.5194369204 0.0481589701 0.5180719366 0.4451794026 0.6322073998 0.2481136357 0.5332553348 0.6388093984 0.0000000000 0.6521024104 0.0816839174 0.7305434100 0.7796867864 0.9531700690 0.9348775778
0.1270731294 0.5681114737 0.2346035194 0.9997674966 0.3810666185 0.2479181185 0.2751878495 0.0081182328 0.5553281040 0.5546898515 0.4722751914 0.6521024104 0.0000000000 0.0632706598 0.9244985481 0.0587027782 0.7700565659 0.6419849184
0.5464502598 0.7779618278 0.1428245176 0.8772714155 0.5411946793 0.5576888514 0.6522221315 0.5228055858 0.1364823016 0.5589294341 0.3436543667 0.0816839174 0.0632706598 0.0000000000 0.5125382370 0.6591475362 0.2248941310 0.2039945981
0.2119920735 0.2137798395 0.2812574817 0.1659272928 0.1488248194 0.0362629585 0.3905308870 0.9216141021 0.0040881583 0.0284249473 0.5898083697 0.7305434100 0.9244985481 0.5125382370 0.0000000000 0.4373448504 0.7364886997 0.7960792258
0.7784746871 0.5718093036 0.8884466251 0.4148119930 0.7195574619 0.7880930099 0.4012826504 0.9120155896 0.4529869557 0.8653704024 0.2711042898 0.7796867864 0.0587027782 0.6591475362 0.4373448504 0.0000000000 0.5349242365 0.3605438327
0.5637544974 0.3823185391 0.9889105402 0.4362766553 0.4192234449 0.7978260029 0.2097846697 0.6951354778 0.2351031115 0.1265808561 0.4652937023 0.9531700690 0.7700565659 0.2248941310 0.7364886997 0.5349242365 0.0000000000 0.8379945820
0.5839163289 0.0368945849 0.7757781277 0.3799463623 0.9156577051 0.3065782376 0.7331733620 0.7127198544 0.0434488072 0.9219991481 0.7023363748 0.9348775778 0.6419849184 0.2039945981 0.7960792258 0.3605438327 0.8379945820 0.0000000000
