# MCW Instance
# Type: UNIFORM
# N: 18
# Optimal cost: 2.6368125186698497
# Optimal tour (permutation): [0, 7, 1, 16, 11, 14, 10, 15, 3, 17, 12, 4, 2, 8, 9, 5, 13, 6, 0]
# Optimal walk (full path): [0, 7, 1, 7, 16, 11, 14, 10, 14, 15, 14, 3, 17, 4, 12, 4, 2, 8, 9, 5, 13, 6, 13, 0]
# Walk size: 24
# Is walk (has repeats): true

# Distance Matrix
0.0000000000 0.9091279722 0.6670022346 0.2122293048 0.9529128595 0.8408085287 0.7483708977 0.1508813103 0.5497789288 0.5243177698 0.8086669140 0.2704040290 0.8493449502 0.0359320443 0.6074503405 0.2419141959 0.4183261168 0.1650610966
0.9091279722 0.0000000000 0.6919297717 0.9662453276 0.3997506484 0.5654076863 0.9246755395 0.1174686019 0.6831752843 0.5671387288 0.6075026707 0.4780556711 0.8013348619 0.9350109455 0.5736238940 0.7143959700 0.3711269116 0.2802449646
0.6670022346 0.6919297717 0.0000000000 0.5195879222 0.1798568895 0.9368724946 0.5380435950 0.2791820076 0.0523027059 0.1450828281 0.9080018190 0.7033914171 0.6139632573 0.2825003522 0.9212571801 0.3036733774 0.7637714469 0.3429723659
0.2122293048 0.9662453276 0.5195879222 0.0000000000 0.8460809779 0.8402163120 0.9157643696 0.9537539578 0.4727125669 0.5925196609 0.2818694175 0.6881262689 0.4285898983 0.1365436495 0.1633736197 0.5187551936 0.5667317970 0.0708420749
0.9529128595 0.3997506484 0.1798568895 0.8460809779 0.0000000000 0.2826009573 0.4250045473 0.6428784322 0.2835059410 0.3747985862 0.4574569423 0.4510983808 0.0324088140 0.2299600627 0.8841845676 0.8229219798 0.3231600381 0.1252897259
0.8408085287 0.5654076863 0.9368724946 0.8402163120 0.2826009573 0.0000000000 0.3958512148 0.4116624775 0.8123349435 0.1212392150 0.7305157838 0.9814377047 0.7379657591 0.0075235404 0.4940469327 0.9995070717 0.1849411536 0.7802508771
0.7483708977 0.9246755395 0.5380435950 0.9157643696 0.4250045473 0.3958512148 0.0000000000 0.3983470779 0.6908897080 0.3298760109 0.4072764118 0.6171234864 0.3558314241 0.1781771833 0.2961178238 0.4677331247 0.6735398034 0.7054453254
0.1508813103 0.1174686019 0.2791820076 0.9537539578 0.6428784322 0.4116624775 0.3983470779 0.0000000000 0.3172454897 0.1676665417 0.9197080470 0.2460166496 0.4552885441 0.9855261576 0.5106998725 0.4333624985 0.1616726710 0.7088921061
0.5497789288 0.6831752843 0.0523027059 0.4727125669 0.2835059410 0.8123349435 0.6908897080 0.3172454897 0.0000000000 0.0538695348 0.9902292019 0.2644340068 0.9852589919 0.1313421082 0.1908137974 0.8544282242 0.7572652284 0.3736813436
0.5243177698 0.5671387288 0.1450828281 0.5925196609 0.3747985862 0.1212392150 0.3298760109 0.1676665417 0.0538695348 0.0000000000 0.8729364333 0.9118820661 0.7097260183 0.9902234298 0.4650831312 0.5632099729 0.3735198442 0.8144569015
0.8086669140 0.6075026707 0.9080018190 0.2818694175 0.4574569423 0.7305157838 0.4072764118 0.9197080470 0.9902292019 0.8729364333 0.0000000000 0.6113577129 0.7652456122 0.2901680890 0.0956803701 0.6267950776 0.9025145695 0.4309852681
0.2704040290 0.4780556711 0.7033914171 0.6881262689 0.4510983808 0.9814377047 0.6171234864 0.2460166496 0.2644340068 0.9118820661 0.6113577129 0.0000000000 0.7222712421 0.1961521705 0.2529008993 0.8859676739 0.2972505037 0.4412074647
0.8493449502 0.8013348619 0.6139632573 0.4285898983 0.0324088140 0.7379657591 0.3558314241 0.4552885441 0.9852589919 0.7097260183 0.7652456122 0.7222712421 0.0000000000 0.5280369436 0.6901264924 0.5034294448 0.7247631992 0.7269722535
0.0359320443 0.9350109455 0.2825003522 0.1365436495 0.2299600627 0.0075235404 0.1781771833 0.9855261576 0.1313421082 0.9902234298 0.2901680890 0.1961521705 0.5280369436 0.0000000000 0.5387605908 0.4932769160 0.3339593054 0.3551542259
0.6074503405 0.5736238940 0.9212571801 0.1633736197 0.8841845676 0.4940469327 0.2961178238 0.5106998725 0.1908137974 0.4650831312 0.0956803701 0.2529008993 0.6901264924 0.5387605908 0.0000000000 0.0582039226 0.6177460518 0.4911715496
0.2419141959 0.7143959700 0.3036733774 0.5187551936 0.8229219798 0.9995070717 0.4677331247 0.4333624985 0.8544282242 0.5632099729 0.6267950776 0.8859676739 0.5034294448 0.4932769160 0.0582039226 0.0000000000 0.6554792574 0.2448703503
0.4183261168 0.3711269116 0.7637714469 0.5667317970 0.3231600381 0.1849411536 0.6735398034 0.1616726710 0.7572652284 0.3735198442 0.9025145695 0.2972505037 0.7247631992 0.3339593054 0.6177460518 0.6554792574 0.0000000000 0.6686517900
0.1650610966 0.2802449646 0.3429723659 0.0708420749 0.1252897259 0.7802508771 0.7054453254 0.7088921061 0.3736813436 0.8144569015 0.4309852681 0.4412074647 0.7269722535 0.3551542259 0.4911715496 0.2448703503 0.6686517900 0.0000000000
