# Graph size: 18
# Optimal cost: 1.5757326932798328

# Distance Matrix
0.0 0.9978101954839178 0.4179418290359236 0.22568246180496776 0.7776592622200791 0.9948289621999306 0.18036731344905854 0.49159514010208016 0.8305738639938046 0.4595694901117412 0.013212955556103578 0.8250999061683245 0.4443031208699557 0.9107029767266012 0.45026486656157305 0.8689694595257116 0.3627060559469937 0.6819744348076703
0.9978101954839178 0.0 0.07789593522856797 0.8998801213758957 0.15736819438599658 0.832094545634551 0.08440893199330868 0.015377095880390712 0.17751116194334304 0.8416350636944246 0.1737528166122616 0.37543657823869325 6.434964844499458E-4 0.7847024479839957 0.7630764987808486 0.8704815547979637 0.38202974598275685 0.8516407049375494
0.4179418290359236 0.07789593522856797 0.0 0.6736228736269809 0.541809382509294 0.381719446360291 0.06874167893298322 0.8457558438026973 0.31574100844650144 0.5597914055278952 0.8119165063543549 0.96145107312567 0.12940326466692187 0.8736330731285987 0.24350997964304366 0.24137146137628007 0.3239071686291347 0.18548844178262136
0.22568246180496776 0.8998801213758957 0.6736228736269809 0.0 0.11491432229601695 0.09868609206957468 0.2597865746899318 0.09417208226883389 0.4723672536065652 0.7780817809918467 0.46991346882974394 0.14176156205518098 0.6792943983583944 0.5859542617228266 0.3067074846092821 0.3142435179446854 0.8257835404042945 0.8265558810991365
0.7776592622200791 0.15736819438599658 0.541809382509294 0.11491432229601695 0.0 0.9633085437948993 0.1545035809094295 0.03425411538847023 0.09891558158973712 0.9524839033850951 0.7367140551984739 0.39011245842302866 0.18063545529144343 0.6123913714957646 0.2130873587536125 0.2271597152519096 0.32720826246775825 0.9749230014260913
0.9948289621999306 0.832094545634551 0.381719446360291 0.09868609206957468 0.9633085437948993 0.0 0.637127335517814 0.2797455416727337 0.4492882760558421 0.38020440133548794 0.29192444375891413 0.7771377988198674 0.29538765076674667 0.5499268716457372 0.8077052680148135 0.9003046430034782 0.46375934537898666 0.4425407577743111
0.18036731344905854 0.08440893199330868 0.06874167893298322 0.2597865746899318 0.1545035809094295 0.637127335517814 0.0 0.9397603800857977 0.14728227277137518 0.7947662691389715 0.10494039573824443 0.9960390896951241 0.06052779160851618 0.4538262828510504 0.9081219251943067 0.5531132451678997 0.45813348351537675 0.8050608479222429
0.49159514010208016 0.015377095880390712 0.8457558438026973 0.09417208226883389 0.03425411538847023 0.2797455416727337 0.9397603800857977 0.0 0.008397730809555415 0.27987678668215366 0.780505401442424 0.9970646711706381 0.6111019808242336 0.4002613864820834 0.41508541599442095 0.03475277696679702 0.6303235968051574 0.5694127816324648
0.8305738639938046 0.17751116194334304 0.31574100844650144 0.4723672536065652 0.09891558158973712 0.4492882760558421 0.14728227277137518 0.008397730809555415 0.0 0.8939227176295255 0.9950300959577545 0.6360549380086118 0.7121866746852518 0.6723774498049176 0.9590682323279275 0.5592454147914131 0.6784864221524444 0.7919649281049336
0.4595694901117412 0.8416350636944246 0.5597914055278952 0.7780817809918467 0.9524839033850951 0.38020440133548794 0.7947662691389715 0.27987678668215366 0.8939227176295255 0.0 0.1802628456468206 0.48560105057467007 0.4068798470435564 0.10632684096861089 0.9844840572177068 0.010572960819989707 0.6560954511237509 0.9065409393221497
0.013212955556103578 0.1737528166122616 0.8119165063543549 0.46991346882974394 0.7367140551984739 0.29192444375891413 0.10494039573824443 0.780505401442424 0.9950300959577545 0.1802628456468206 0.0 0.9080216879918571 0.05082855862488178 0.26341352042712196 0.720458161019854 0.6186658826657893 0.7116014438710411 0.3196304796575632
0.8250999061683245 0.37543657823869325 0.96145107312567 0.14176156205518098 0.39011245842302866 0.7771377988198674 0.9960390896951241 0.9970646711706381 0.6360549380086118 0.48560105057467007 0.9080216879918571 0.0 0.7804825636445166 0.23665286031917765 0.7946672554999631 0.6121898873801775 0.15518586919392074 0.7747446343378643
0.4443031208699557 6.434964844499458E-4 0.12940326466692187 0.6792943983583944 0.18063545529144343 0.29538765076674667 0.06052779160851618 0.6111019808242336 0.7121866746852518 0.4068798470435564 0.05082855862488178 0.7804825636445166 0.0 0.7982943522297605 0.18123712787287471 0.8223747968795 0.5505005633998425 0.8083697676441826
0.9107029767266012 0.7847024479839957 0.8736330731285987 0.5859542617228266 0.6123913714957646 0.5499268716457372 0.4538262828510504 0.4002613864820834 0.6723774498049176 0.10632684096861089 0.26341352042712196 0.23665286031917765 0.7982943522297605 0.0 0.8577687117926186 0.024706569755902796 0.5888375905867848 0.5090024014750516
0.45026486656157305 0.7630764987808486 0.24350997964304366 0.3067074846092821 0.2130873587536125 0.8077052680148135 0.9081219251943067 0.41508541599442095 0.9590682323279275 0.9844840572177068 0.720458161019854 0.7946672554999631 0.18123712787287471 0.8577687117926186 0.0 0.20871169775666643 0.09367376220973944 0.2292652227370866
0.8689694595257116 0.8704815547979637 0.24137146137628007 0.3142435179446854 0.2271597152519096 0.9003046430034782 0.5531132451678997 0.03475277696679702 0.5592454147914131 0.010572960819989707 0.6186658826657893 0.6121898873801775 0.8223747968795 0.024706569755902796 0.20871169775666643 0.0 0.6512570835800501 0.40068225770327937
0.3627060559469937 0.38202974598275685 0.3239071686291347 0.8257835404042945 0.32720826246775825 0.46375934537898666 0.45813348351537675 0.6303235968051574 0.6784864221524444 0.6560954511237509 0.7116014438710411 0.15518586919392074 0.5505005633998425 0.5888375905867848 0.09367376220973944 0.6512570835800501 0.0 0.553756750275819
0.6819744348076703 0.8516407049375494 0.18548844178262136 0.8265558810991365 0.9749230014260913 0.4425407577743111 0.8050608479222429 0.5694127816324648 0.7919649281049336 0.9065409393221497 0.3196304796575632 0.7747446343378643 0.8083697676441826 0.5090024014750516 0.2292652227370866 0.40068225770327937 0.553756750275819 0.0

# Optimal Walk
0 10 12 1 15 13 9 8 7 4 5 3 11 16 14 17 2 6 0
