# MCW Instance
# Type: UNIFORM
# N: 18
# Optimal cost: 2.516078226064249
# Optimal tour (permutation): [0, 9, 4, 16, 15, 1, 6, 10, 13, 11, 3, 8, 14, 17, 5, 2, 12, 7, 0]
# Optimal walk (full path): [0, 9, 4, 16, 15, 1, 6, 10, 13, 11, 3, 8, 14, 17, 5, 2, 5, 12, 7, 0]
# Walk size: 20
# Is walk (has repeats): true

# Distance Matrix
0.0000000000 0.8843815589 0.3738807407 0.5582798908 0.2597073767 0.9140979548 0.6130846505 0.0352860593 0.8171652260 0.2037630862 0.6019581570 0.9614827635 0.3742826149 0.3028576744 0.8772982987 0.5320072143 0.6998092643 0.6102426039
0.8843815589 0.0000000000 0.8609560497 0.7571940595 0.4448467289 0.9826242126 0.1077949633 0.4599843126 0.9244226428 0.8175082325 0.0648584757 0.6440774904 0.9311628886 0.6768341696 0.7450964064 0.1627901234 0.9302130039 0.9403351921
0.3738807407 0.8609560497 0.0000000000 0.6184158857 0.5570586045 0.0245999172 0.6817684694 0.4534853710 0.6507521117 0.1515133645 0.9465139349 0.8056349430 0.9924371563 0.0725259789 0.8756398447 0.3393598386 0.5149625198 0.8545598984
0.5582798908 0.7571940595 0.6184158857 0.0000000000 0.6693860482 0.1983486625 0.8477089668 0.7034468249 0.2121164680 0.1916208868 0.5610760403 0.2082173594 0.2911447190 0.6512736531 0.2487533377 0.2817949748 0.7334378853 0.4355005485
0.2597073767 0.4448467289 0.5570586045 0.6693860482 0.0000000000 0.7605512879 0.3425584409 0.4570551079 0.6999602375 0.0870426705 0.5712759907 0.3882793268 0.7412359479 0.3669923990 0.3992035526 0.4307517856 0.4280418947 0.2395301946
0.9140979548 0.9826242126 0.0245999172 0.1983486625 0.7605512879 0.0000000000 0.7356781387 0.1895209749 0.4789956636 0.2952469311 0.8273270217 0.9507688123 0.1201904337 0.6938721215 0.0560517693 0.4970782570 0.4614649719 0.1109164885
0.6130846505 0.1077949633 0.6817684694 0.8477089668 0.3425584409 0.7356781387 0.0000000000 0.4292360251 0.6984591900 0.2671827106 0.0516405703 0.9931643586 0.4609492450 0.6654960322 0.2279359978 0.9094285968 0.5374595698 0.7394856907
0.0352860593 0.4599843126 0.4534853710 0.7034468249 0.4570551079 0.1895209749 0.4292360251 0.0000000000 0.1321835560 0.4741379223 0.9096358005 0.8742290960 0.1618782484 0.9310367424 0.9348566866 0.1957656636 0.6497880082 0.5321746786
0.8171652260 0.9244226428 0.6507521117 0.2121164680 0.6999602375 0.4789956636 0.6984591900 0.1321835560 0.0000000000 0.2190944080 0.4310912980 0.9366397322 0.9335612630 0.2242116486 0.0427280444 0.1868024316 0.6782773348 0.9473729848
0.2037630862 0.8175082325 0.1515133645 0.1916208868 0.0870426705 0.2952469311 0.2671827106 0.4741379223 0.2190944080 0.0000000000 0.5470791649 0.9921640477 0.2158041507 0.6205984700 0.5126940401 0.9353751980 0.6338702708 0.2700901825
0.6019581570 0.0648584757 0.9465139349 0.5610760403 0.5712759907 0.8273270217 0.0516405703 0.9096358005 0.4310912980 0.5470791649 0.0000000000 0.8527309003 0.1908591935 0.0379051363 0.1478129846 0.6753203098 0.9304648499 0.3032279098
0.9614827635 0.6440774904 0.8056349430 0.2082173594 0.3882793268 0.9507688123 0.9931643586 0.8742290960 0.9366397322 0.9921640477 0.8527309003 0.0000000000 0.5019129699 0.1361950802 0.7703648596 0.7463883462 0.8879083410 0.4498680663
0.3742826149 0.9311628886 0.9924371563 0.2911447190 0.7412359479 0.1201904337 0.4609492450 0.1618782484 0.9335612630 0.2158041507 0.1908591935 0.5019129699 0.0000000000 0.7467786521 0.1146163953 0.2391891251 0.4588015433 0.3403263170
0.3028576744 0.6768341696 0.0725259789 0.6512736531 0.3669923990 0.6938721215 0.6654960322 0.9310367424 0.2242116486 0.6205984700 0.0379051363 0.1361950802 0.7467786521 0.0000000000 0.1761255990 0.2132135523 0.9344275492 0.8822954655
0.8772982987 0.7450964064 0.8756398447 0.2487533377 0.3992035526 0.0560517693 0.2279359978 0.9348566866 0.0427280444 0.5126940401 0.1478129846 0.7703648596 0.1146163953 0.1761255990 0.0000000000 0.1090549155 0.9088908200 0.0895412351
0.5320072143 0.1627901234 0.3393598386 0.2817949748 0.4307517856 0.4970782570 0.9094285968 0.1957656636 0.1868024316 0.9353751980 0.6753203098 0.7463883462 0.2391891251 0.2132135523 0.1090549155 0.0000000000 0.2708305302 0.8331223499
0.6998092643 0.9302130039 0.5149625198 0.7334378853 0.4280418947 0.4614649719 0.5374595698 0.6497880082 0.6782773348 0.6338702708 0.9304648499 0.8879083410 0.4588015433 0.9344275492 0.9088908200 0.2708305302 0.0000000000 0.9109910844
0.6102426039 0.9403351921 0.8545598984 0.4355005485 0.2395301946 0.1109164885 0.7394856907 0.5321746786 0.9473729848 0.2700901825 0.3032279098 0.4498680663 0.3403263170 0.8822954655 0.0895412351 0.8331223499 0.9109910844 0.0000000000
