# MCW Instance
# Type: UNIFORM
# N: 18
# Optimal cost: 1.5323856949260137
# Optimal tour (permutation): [0, 16, 8, 3, 6, 7, 15, 17, 10, 9, 1, 12, 2, 11, 13, 14, 5, 4, 0]
# Optimal walk (full path): [0, 16, 8, 3, 6, 7, 15, 17, 9, 10, 9, 1, 9, 12, 2, 11, 13, 14, 5, 4, 0]
# Walk size: 21
# Is walk (has repeats): true

# Distance Matrix
0.0000000000 0.1213822591 0.7185069668 0.2532482462 0.0779736017 0.8798644899 0.1023171848 0.5770907688 0.6939858153 0.9191653502 0.3018585732 0.7496257367 0.7117285838 0.4651237469 0.2947659584 0.6591931412 0.1224136200 0.1538166564
0.1213822591 0.0000000000 0.6613795844 0.8315932425 0.6609219044 0.2713965113 0.4390169103 0.2522494020 0.5574226042 0.0059382398 0.9818836827 0.2165092336 0.2771901925 0.2477034910 0.3525333493 0.7566982207 0.3062676436 0.5689558103
0.7185069668 0.6613795844 0.0000000000 0.2170736115 0.5548922666 0.3775372928 0.8904377471 0.6938573906 0.8919763937 0.3999254253 0.9988466223 0.1141850659 0.1064091766 0.7528801315 0.5181230845 0.1935833577 0.2402133072 0.5389267971
0.2532482462 0.8315932425 0.2170736115 0.0000000000 0.1570923771 0.6835159305 0.0350649300 0.8490189310 0.0569754977 0.1759192881 0.2079552763 0.0885664633 0.8445134060 0.3667468437 0.9837503884 0.9364379252 0.5599243286 0.7497432292
0.0779736017 0.6609219044 0.5548922666 0.1570923771 0.0000000000 0.1910757669 0.5648962817 0.9736406958 0.4079596481 0.8383042963 0.3353430009 0.9317489317 0.2980604036 0.9780281049 0.3029086374 0.2772814563 0.1812598171 0.8412454951
0.8798644899 0.2713965113 0.3775372928 0.6835159305 0.1910757669 0.0000000000 0.5123422332 0.5829874508 0.1447674310 0.6765965367 0.2483160215 0.4009349792 0.4789090693 0.4653320275 0.1151760127 0.9852737492 0.5276298880 0.6993021786
0.1023171848 0.4390169103 0.8904377471 0.0350649300 0.5648962817 0.5123422332 0.0000000000 0.0643329267 0.4767147924 0.0138746232 0.7071030084 0.2619023538 0.3507588812 0.2563797878 0.5926199655 0.9948664755 0.5264334797 0.6407010447
0.5770907688 0.2522494020 0.6938573906 0.8490189310 0.9736406958 0.5829874508 0.0643329267 0.0000000000 0.7105597093 0.6509444341 0.9082731548 0.6848384922 0.7451629056 0.1755220678 0.2915061332 0.0486112226 0.8811420087 0.3084058688
0.6939858153 0.5574226042 0.8919763937 0.0569754977 0.4079596481 0.1447674310 0.4767147924 0.7105597093 0.0000000000 0.4988853288 0.8759721242 0.2599898772 0.3338301554 0.3373292466 0.9307425040 0.9001565734 0.0390604964 0.4635148830
0.9191653502 0.0059382398 0.3999254253 0.1759192881 0.8383042963 0.6765965367 0.0138746232 0.6509444341 0.4988853288 0.0000000000 0.0887852081 0.5261931338 0.0701004239 0.5297905783 0.8834244596 0.2998128408 0.8974226343 0.0452539723
0.3018585732 0.9818836827 0.9988466223 0.2079552763 0.3353430009 0.2483160215 0.7071030084 0.9082731548 0.8759721242 0.0887852081 0.0000000000 0.9659588982 0.2749219243 0.1603097657 0.2315669033 0.5394042294 0.5090232948 0.2453042140
0.7496257367 0.2165092336 0.1141850659 0.0885664633 0.9317489317 0.4009349792 0.2619023538 0.6848384922 0.2599898772 0.5261931338 0.9659588982 0.0000000000 0.7790547716 0.0511401870 0.1549984173 0.5724301068 0.8158655047 0.6889260729
0.7117285838 0.2771901925 0.1064091766 0.8445134060 0.2980604036 0.4789090693 0.3507588812 0.7451629056 0.3338301554 0.0701004239 0.2749219243 0.7790547716 0.0000000000 0.5301240672 0.2122649580 0.5914391286 0.5147881762 0.1132820748
0.4651237469 0.2477034910 0.7528801315 0.3667468437 0.9780281049 0.4653320275 0.2563797878 0.1755220678 0.3373292466 0.5297905783 0.1603097657 0.0511401870 0.5301240672 0.0000000000 0.1376024658 0.3452657332 0.3925709648 0.6566721559
0.2947659584 0.3525333493 0.5181230845 0.9837503884 0.3029086374 0.1151760127 0.5926199655 0.2915061332 0.9307425040 0.8834244596 0.2315669033 0.1549984173 0.2122649580 0.1376024658 0.0000000000 0.6253618343 0.5828862674 0.2174837510
0.6591931412 0.7566982207 0.1935833577 0.9364379252 0.2772814563 0.9852737492 0.9948664755 0.0486112226 0.9001565734 0.2998128408 0.5394042294 0.5724301068 0.5914391286 0.3452657332 0.6253618343 0.0000000000 0.1149388519 0.0675634333
0.1224136200 0.3062676436 0.2402133072 0.5599243286 0.1812598171 0.5276298880 0.5264334797 0.8811420087 0.0390604964 0.8974226343 0.5090232948 0.8158655047 0.5147881762 0.3925709648 0.5828862674 0.1149388519 0.0000000000 0.5133169561
0.1538166564 0.5689558103 0.5389267971 0.7497432292 0.8412454951 0.6993021786 0.6407010447 0.3084058688 0.4635148830 0.0452539723 0.2453042140 0.6889260729 0.1132820748 0.6566721559 0.2174837510 0.0675634333 0.5133169561 0.0000000000
