# Graph size: 18
# Optimal cost: 1.7688204813951387

# Distance Matrix
0.0 0.6063962489431002 0.34964267863338827 0.7468765202721082 0.8639378196376916 0.03994383658246037 0.15551378441686015 0.6745432111549104 0.4906018393915338 0.7602175865534374 0.41802063926313726 0.7884082083466837 0.7654529177970425 0.9500546514093847 0.2680491164104667 0.9483343727421453 0.837851749836103 0.4421508531471583
0.6063962489431002 0.0 0.37178949346964385 0.12194984878986748 0.8076701029326193 0.5462169031885723 0.9898695914881549 0.16181335403842667 0.5580601243941287 0.5669926849556746 0.17275732181757464 0.7409818483101703 0.7307341717080235 0.11251514619158309 0.9821120171462012 0.44139581449253296 0.9604848836982803 0.27738705824960186
0.34964267863338827 0.37178949346964385 0.0 0.589676977474984 0.49047424504621884 0.5882140745168155 0.05239567902783515 0.5984709500080657 0.9235376371161627 0.2055284389072074 0.8596816537215927 0.9554491347374336 0.013153733763501374 0.5489991567713591 0.9417602865781558 0.3804693395807336 0.6512280202624446 0.4584709052626851
0.7468765202721082 0.12194984878986748 0.589676977474984 0.0 0.44304842527506494 0.32331224088149735 0.9956365594275159 0.8413460308176857 0.4141525545549404 0.07866928733179479 0.10042620483283715 0.8435573058787575 0.6420244214128663 0.8384255168649033 0.4370832873004865 0.7179828023449449 0.16319254597528088 0.14122882259799174
0.8639378196376916 0.8076701029326193 0.49047424504621884 0.44304842527506494 0.0 0.18409839081461532 0.2023451860202865 0.5526295220928127 0.3912511710170109 0.913031923370106 0.5711764103078244 0.5974163478144576 0.8612112562123566 0.8315109984450806 0.9102185403129622 0.7622168486714962 0.8691423959199673 0.05706540070805355
0.03994383658246037 0.5462169031885723 0.5882140745168155 0.32331224088149735 0.18409839081461532 0.0 0.5766698265822449 0.9326765825999608 0.6240531847240224 0.49043652243088753 0.25497465940669883 0.2832123980445955 0.5725429326446314 0.7329698087091963 0.4953950010325835 0.7572602367512423 0.9465973708217003 0.14992818667268637
0.15551378441686015 0.9898695914881549 0.05239567902783515 0.9956365594275159 0.2023451860202865 0.5766698265822449 0.0 0.13138980598505212 0.5709002322997869 0.6122048992014799 0.6200396415795449 0.5118680523415734 0.354880146294524 0.24909696771568102 0.7313198192868287 0.05567034899432588 0.03540911188881635 0.35383086853625945
0.6745432111549104 0.16181335403842667 0.5984709500080657 0.8413460308176857 0.5526295220928127 0.9326765825999608 0.13138980598505212 0.0 0.18418615245122794 0.2381726573363555 0.32069597766780233 0.551596962912064 0.9451069095051758 0.7536951989297753 0.7080571644051534 0.22654637884053797 0.25750538006519996 0.2624382807228647
0.4906018393915338 0.5580601243941287 0.9235376371161627 0.4141525545549404 0.3912511710170109 0.6240531847240224 0.5709002322997869 0.18418615245122794 0.0 0.2555215583354363 0.5360995401020702 0.9613654078057902 0.8269561805031574 0.9722106781394612 0.4616095842132386 0.6989617034319486 0.8707191011044759 0.5733742980699116
0.7602175865534374 0.5669926849556746 0.2055284389072074 0.07866928733179479 0.913031923370106 0.49043652243088753 0.6122048992014799 0.2381726573363555 0.2555215583354363 0.0 0.6659192420507235 0.4913642681084488 0.2501022227819387 0.5188133517289839 0.5777635206381503 0.858843439256851 0.8211802081418688 0.7075231905417168
0.41802063926313726 0.17275732181757464 0.8596816537215927 0.10042620483283715 0.5711764103078244 0.25497465940669883 0.6200396415795449 0.32069597766780233 0.5360995401020702 0.6659192420507235 0.0 0.30363435753627466 0.12802813692557002 0.7039940403773128 0.9367421412271495 0.6796381945023997 0.8196467175200562 0.29949705338990573
0.7884082083466837 0.7409818483101703 0.9554491347374336 0.8435573058787575 0.5974163478144576 0.2832123980445955 0.5118680523415734 0.551596962912064 0.9613654078057902 0.4913642681084488 0.30363435753627466 0.0 0.2501916501649878 0.019040750500778247 0.042906434171650853 0.9981749846056641 0.5981460284589092 0.8856077972575255
0.7654529177970425 0.7307341717080235 0.013153733763501374 0.6420244214128663 0.8612112562123566 0.5725429326446314 0.354880146294524 0.9451069095051758 0.8269561805031574 0.2501022227819387 0.12802813692557002 0.2501916501649878 0.0 0.6360437849190944 0.43437467751441783 0.8110712789590846 0.5285144576056506 0.3873049548503228
0.9500546514093847 0.11251514619158309 0.5489991567713591 0.8384255168649033 0.8315109984450806 0.7329698087091963 0.24909696771568102 0.7536951989297753 0.9722106781394612 0.5188133517289839 0.7039940403773128 0.019040750500778247 0.6360437849190944 0.0 0.0866650585755917 0.7489240084503027 0.45151002248013994 0.046591934311186245
0.2680491164104667 0.9821120171462012 0.9417602865781558 0.4370832873004865 0.9102185403129622 0.4953950010325835 0.7313198192868287 0.7080571644051534 0.4616095842132386 0.5777635206381503 0.9367421412271495 0.042906434171650853 0.43437467751441783 0.0866650585755917 0.0 0.0020926442706299397 0.6298030791440743 0.9571890115822979
0.9483343727421453 0.44139581449253296 0.3804693395807336 0.7179828023449449 0.7622168486714962 0.7572602367512423 0.05567034899432588 0.22654637884053797 0.6989617034319486 0.858843439256851 0.6796381945023997 0.9981749846056641 0.8110712789590846 0.7489240084503027 0.0020926442706299397 0.0 0.9952363033773516 0.4309835292559746
0.837851749836103 0.9604848836982803 0.6512280202624446 0.16319254597528088 0.8691423959199673 0.9465973708217003 0.03540911188881635 0.25750538006519996 0.8707191011044759 0.8211802081418688 0.8196467175200562 0.5981460284589092 0.5285144576056506 0.45151002248013994 0.6298030791440743 0.9952363033773516 0.0 0.9644983739286125
0.4421508531471583 0.27738705824960186 0.4584709052626851 0.14122882259799174 0.05706540070805355 0.14992818667268637 0.35383086853625945 0.2624382807228647 0.5733742980699116 0.7075231905417168 0.29949705338990573 0.8856077972575255 0.3873049548503228 0.046591934311186245 0.9571890115822979 0.4309835292559746 0.9644983739286125 0.0

# Optimal Walk
0 16 6 2 12 10 3 9 8 7 1 13 15 14 11 17 4 5 0
