# MCW Instance
# Type: UNIFORM
# N: 18
# Optimal cost: 1.4042720522139995
# Optimal tour (permutation): [0, 9, 3, 12, 10, 4, 2, 1, 15, 17, 13, 11, 5, 16, 14, 8, 7, 6, 0]
# Optimal walk (full path): [0, 3, 9, 3, 10, 12, 10, 4, 2, 1, 15, 17, 13, 17, 11, 5, 16, 14, 8, 7, 6, 0]
# Walk size: 22
# Is walk (has repeats): true

# Distance Matrix
0.0000000000 0.2673985488 0.6605569154 0.0460894382 0.8590104573 0.5197706195 0.0334456255 0.4239847486 0.6940393211 0.7926562666 0.7205687531 0.6928343403 0.7705481555 0.3367434562 0.8060516707 0.8360266773 0.1582458500 0.7964817029
0.2673985488 0.0000000000 0.0981898833 0.4592831392 0.8876219286 0.8495105527 0.8936535303 0.5832356846 0.8565771244 0.5645641831 0.4810193772 0.7436072319 0.4987354599 0.6407246956 0.4383481312 0.2225117297 0.8858317943 0.4574980802
0.6605569154 0.0981898833 0.0000000000 0.7726895574 0.0166175500 0.5703573458 0.9130377900 0.4738109137 0.7113937904 0.1396856120 0.3569433881 0.1101095763 0.7753863490 0.1491893145 0.5344128424 0.6815835317 0.9144467091 0.8293984685
0.0460894382 0.4592831392 0.7726895574 0.0000000000 0.3501281137 0.0628986097 0.0330629721 0.7210388374 0.4331063484 0.0190043709 0.0384198381 0.1818287266 0.9378494954 0.9564154197 0.1925395770 0.5302016301 0.7524772728 0.2851885711
0.8590104573 0.8876219286 0.0166175500 0.3501281137 0.0000000000 0.9688340911 0.4436607566 0.3011299631 0.5097903226 0.4016234123 0.1132609282 0.4257788705 0.9414635561 0.7306533280 0.5707523176 0.4116839914 0.2303658317 0.7373714003
0.5197706195 0.8495105527 0.5703573458 0.0628986097 0.9688340911 0.0000000000 0.5512093561 0.0810898554 0.7526663485 0.5456964342 0.2315076100 0.0213524397 0.2559522276 0.8172439503 0.1937998781 0.4365408753 0.0657089915 0.2094465056
0.0334456255 0.8936535303 0.9130377900 0.0330629721 0.4436607566 0.5512093561 0.0000000000 0.0031826192 0.8156602981 0.5863043775 0.6847335254 0.8600319997 0.5959925839 0.7918182588 0.7599132552 0.8900287325 0.2666542477 0.8952259441
0.4239847486 0.5832356846 0.4738109137 0.7210388374 0.3011299631 0.0810898554 0.0031826192 0.0000000000 0.0671246875 0.7686794052 0.9053217224 0.4088559386 0.6612046861 0.5421810631 0.9701762159 0.3647072987 0.3530417918 0.7027654580
0.6940393211 0.8565771244 0.7113937904 0.4331063484 0.5097903226 0.7526663485 0.8156602981 0.0671246875 0.0000000000 0.2794713599 0.5501259975 0.9744647224 0.8041975296 0.5027293250 0.2325034057 0.8874404505 0.1618925932 0.1604214754
0.7926562666 0.5645641831 0.1396856120 0.0190043709 0.4016234123 0.5456964342 0.5863043775 0.7686794052 0.2794713599 0.0000000000 0.9960746358 0.2388326998 0.4721552233 0.0830923064 0.9945578058 0.4316991545 0.5063320832 0.5162362305
0.7205687531 0.4810193772 0.3569433881 0.0384198381 0.1132609282 0.2315076100 0.6847335254 0.9053217224 0.5501259975 0.9960746358 0.0000000000 0.1352899356 0.0350811167 0.3882100438 0.5738386491 0.4536791830 0.8864671650 0.3467800923
0.6928343403 0.7436072319 0.1101095763 0.1818287266 0.4257788705 0.0213524397 0.8600319997 0.4088559386 0.9744647224 0.2388326998 0.1352899356 0.0000000000 0.5413441967 0.2112067610 0.4545877650 0.2515260215 0.6079168625 0.0558765000
0.7705481555 0.4987354599 0.7753863490 0.9378494954 0.9414635561 0.2559522276 0.5959925839 0.6612046861 0.8041975296 0.4721552233 0.0350811167 0.5413441967 0.0000000000 0.6249251160 0.6836868812 0.9682076882 0.9209237246 0.9462987970
0.3367434562 0.6407246956 0.1491893145 0.9564154197 0.7306533280 0.8172439503 0.7918182588 0.5421810631 0.5027293250 0.0830923064 0.3882100438 0.2112067610 0.6249251160 0.0000000000 0.7744804530 0.8754480535 0.2057591641 0.0341143419
0.8060516707 0.4383481312 0.5344128424 0.1925395770 0.5707523176 0.1937998781 0.7599132552 0.9701762159 0.2325034057 0.9945578058 0.5738386491 0.4545877650 0.6836868812 0.7744804530 0.0000000000 0.5500644895 0.1505374988 0.1825380821
0.8360266773 0.2225117297 0.6815835317 0.5302016301 0.4116839914 0.4365408753 0.8900287325 0.3647072987 0.8874404505 0.4316991545 0.4536791830 0.2515260215 0.9682076882 0.8754480535 0.5500644895 0.0000000000 0.2643384669 0.0630512579
0.1582458500 0.8858317943 0.9144467091 0.7524772728 0.2303658317 0.0657089915 0.2666542477 0.3530417918 0.1618925932 0.5063320832 0.8864671650 0.6079168625 0.9209237246 0.2057591641 0.1505374988 0.2643384669 0.0000000000 0.8558969080
0.7964817029 0.4574980802 0.8293984685 0.2851885711 0.7373714003 0.2094465056 0.8952259441 0.7027654580 0.1604214754 0.5162362305 0.3467800923 0.0558765000 0.9462987970 0.0341143419 0.1825380821 0.0630512579 0.8558969080 0.0000000000
