# MCW Instance
# Type: UNIFORM
# N: 18
# Optimal cost: 1.478654222206385
# Optimal tour (permutation): [0, 17, 6, 16, 2, 15, 10, 5, 14, 4, 1, 8, 9, 12, 3, 11, 13, 7, 0]
# Optimal walk (full path): [0, 17, 0, 6, 0, 7, 16, 7, 2, 7, 15, 10, 5, 14, 4, 1, 8, 9, 12, 3, 11, 13, 7, 0]
# Walk size: 24
# Is walk (has repeats): true

# Distance Matrix
0.0000000000 0.6789998022 0.1392622679 0.5878673784 0.7698572139 0.2886994890 0.0305569755 0.0041323931 0.0847276188 0.8190628903 0.5127102401 0.7121728901 0.1117098535 0.9069737935 0.3102655649 0.9243408364 0.6465257367 0.0203903546
0.6789998022 0.0000000000 0.2796075216 0.6370997967 0.0541955637 0.5792557306 0.3227734350 0.1267411314 0.0406460560 0.4780664887 0.7199900499 0.3472621271 0.6849774809 0.2652565246 0.8755948428 0.9977698904 0.7587876188 0.3292808696
0.1392622679 0.2796075216 0.0000000000 0.9182899891 0.3871276932 0.6958646497 0.3172592414 0.0742169321 0.8651609695 0.4437242605 0.6692672201 0.2401281291 0.5125922611 0.8278813802 0.5898382422 0.7239713068 0.9859760169 0.9904102384
0.5878673784 0.6370997967 0.9182899891 0.0000000000 0.9979671167 0.6914914638 0.8992553426 0.9262607542 0.9978815335 0.4599940908 0.8901646624 0.1339634269 0.1950752928 0.4142023590 0.5675538696 0.9217688975 0.7455728900 0.9841806983
0.7698572139 0.0541955637 0.3871276932 0.9979671167 0.0000000000 0.8648107105 0.9659321676 0.3711224156 0.8215852297 0.9349101100 0.3047660533 0.6989893989 0.0380413497 0.6142207206 0.0702519541 0.1922517051 0.1282375757 0.6550499034
0.2886994890 0.5792557306 0.6958646497 0.6914914638 0.8648107105 0.0000000000 0.9084105146 0.6249712375 0.9903637749 0.3810110742 0.2202984212 0.5263457431 0.2778109773 0.1546475646 0.0674121306 0.2689195029 0.1685892630 0.0633498604
0.0305569755 0.3227734350 0.3172592414 0.8992553426 0.9659321676 0.9084105146 0.0000000000 0.8284427945 0.5081594765 0.5227087416 0.5274538410 0.4687412561 0.4941786160 0.3128084044 0.1135097624 0.5895158609 0.3711160672 0.1596061966
0.0041323931 0.1267411314 0.0742169321 0.9262607542 0.3711224156 0.6249712375 0.8284427945 0.0000000000 0.6960628475 0.2606994661 0.9556593629 0.7812826783 0.2528881943 0.0095871158 0.6434211990 0.1747002269 0.0014743843 0.2367584926
0.0847276188 0.0406460560 0.8651609695 0.9978815335 0.8215852297 0.9903637749 0.5081594765 0.6960628475 0.0000000000 0.0303589709 0.3863981477 0.2886510565 0.7614649452 0.5561529615 0.8025936681 0.6306082577 0.1605732953 0.9774344378
0.8190628903 0.4780664887 0.4437242605 0.4599940908 0.9349101100 0.3810110742 0.5227087416 0.2606994661 0.0303589709 0.0000000000 0.9899574978 0.5671562172 0.0583242383 0.7609826336 0.2527216531 0.5419260023 0.5485758357 0.5504851613
0.5127102401 0.7199900499 0.6692672201 0.8901646624 0.3047660533 0.2202984212 0.5274538410 0.9556593629 0.3863981477 0.9899574978 0.0000000000 0.2367168949 0.8493130527 0.4868678184 0.7051834464 0.1072253112 0.7993172260 0.4765556380
0.7121728901 0.3472621271 0.2401281291 0.1339634269 0.6989893989 0.5263457431 0.4687412561 0.7812826783 0.2886510565 0.5671562172 0.2367168949 0.0000000000 0.5347015579 0.0550734345 0.6430343383 0.9914277062 0.2615828211 0.1441797565
0.1117098535 0.6849774809 0.5125922611 0.1950752928 0.0380413497 0.2778109773 0.4941786160 0.2528881943 0.7614649452 0.0583242383 0.8493130527 0.5347015579 0.0000000000 0.4744060619 0.2266333547 0.9315354108 0.8038099596 0.2779363993
0.9069737935 0.2652565246 0.8278813802 0.4142023590 0.6142207206 0.1546475646 0.3128084044 0.0095871158 0.5561529615 0.7609826336 0.4868678184 0.0550734345 0.4744060619 0.0000000000 0.9504125822 0.4611150506 0.5900821613 0.5274344018
0.3102655649 0.8755948428 0.5898382422 0.5675538696 0.0702519541 0.0674121306 0.1135097624 0.6434211990 0.8025936681 0.2527216531 0.7051834464 0.6430343383 0.2266333547 0.9504125822 0.0000000000 0.8410336825 0.7635486148 0.1938031735
0.9243408364 0.9977698904 0.7239713068 0.9217688975 0.1922517051 0.2689195029 0.5895158609 0.1747002269 0.6306082577 0.5419260023 0.1072253112 0.9914277062 0.9315354108 0.4611150506 0.8410336825 0.0000000000 0.2574445356 0.5365077382
0.6465257367 0.7587876188 0.9859760169 0.7455728900 0.1282375757 0.1685892630 0.3711160672 0.0014743843 0.1605732953 0.5485758357 0.7993172260 0.2615828211 0.8038099596 0.5900821613 0.7635486148 0.2574445356 0.0000000000 0.4256301485
0.0203903546 0.3292808696 0.9904102384 0.9841806983 0.6550499034 0.0633498604 0.1596061966 0.2367584926 0.9774344378 0.5504851613 0.4765556380 0.1441797565 0.2779363993 0.5274344018 0.1938031735 0.5365077382 0.4256301485 0.0000000000
