# Graph size: 18
# Optimal cost: 1.7127579444860412

# Distance Matrix
0.0 0.7305185458682608 0.07915141846000906 0.6874440793662726 0.4602446205406274 0.020431318557723177 0.6068672700920685 0.8145465145394374 0.21736498446544383 0.43827649759669396 0.65376671324773 0.4560637935181242 0.32295746045963525 0.2876430848806102 0.37603801034977846 0.6791998058501777 0.508843872745824 0.10826226295176022
0.7305185458682608 0.0 0.2546631799854645 0.7416160387129456 0.6760343496290993 0.2856273312103045 0.4199132769467764 0.059026981026172876 0.22388464615351444 0.4429173042682757 0.8154977170473648 0.8506224250654613 0.7878925543352591 0.8557335392473371 0.15894107810939906 0.7306575239620229 0.5150699279115193 0.5061346877452421
0.07915141846000906 0.2546631799854645 0.0 0.6322997972790809 0.656153695551728 0.3739912780578948 0.5496822127273676 0.24612065648574433 0.0635041104683679 0.8960338180046311 0.9076854041396909 0.8595813526856576 0.7308796795052892 0.17498800788207192 0.4165607629486596 0.9110433207252323 0.8886830014277638 0.9141312866870918
0.6874440793662726 0.7416160387129456 0.6322997972790809 0.0 0.467197977161112 0.015785170074307242 0.3668989158265077 0.8030225641241918 0.34945074335005977 0.721474905475152 0.11604222894660898 0.5306881414005222 0.5803473751642128 0.8769778137154705 0.267504577107048 0.2975346131220482 0.3393427560736828 0.266385810665023
0.4602446205406274 0.6760343496290993 0.656153695551728 0.467197977161112 0.0 0.009454022303225451 0.7752378281033689 0.7599097819048525 0.3876935418456995 0.9460424504282585 0.08202122642774956 0.233994999543921 0.5143352005236613 0.28052758149077694 0.49015124233143814 0.07433932391328835 0.4678352554275197 0.11701759858484562
0.020431318557723177 0.2856273312103045 0.3739912780578948 0.015785170074307242 0.009454022303225451 0.0 0.263140671036305 0.84939217487775 0.8511153504526867 0.41089859300106313 0.23206605685992476 0.45652287066531905 0.8445387746264492 0.6146057331640714 0.46356848489750857 0.5314605189922752 0.050562550838004316 0.8632515732961316
0.6068672700920685 0.4199132769467764 0.5496822127273676 0.3668989158265077 0.7752378281033689 0.263140671036305 0.0 0.6465212718999308 0.10536959370133048 0.28790696570807073 0.6237256177580633 0.6300124768293355 0.515695585366942 0.6824407570886745 0.09123141226200304 0.8822038895806513 0.45289096128957596 0.879519529527598
0.8145465145394374 0.059026981026172876 0.24612065648574433 0.8030225641241918 0.7599097819048525 0.84939217487775 0.6465212718999308 0.0 0.25882877860862674 0.5077923847055216 0.6823588010966752 0.7113042087201894 0.5084003138501616 0.861213500606608 0.4194278622342732 0.19262496686424935 0.7755628484127282 0.7233910769046987
0.21736498446544383 0.22388464615351444 0.0635041104683679 0.34945074335005977 0.3876935418456995 0.8511153504526867 0.10536959370133048 0.25882877860862674 0.0 0.5548991157195661 0.290245393036085 0.8263964093435583 0.4717512601580167 0.9296809452067855 0.5129210011594486 0.9504644108061093 0.6663827701234355 0.6392560461268547
0.43827649759669396 0.4429173042682757 0.8960338180046311 0.721474905475152 0.9460424504282585 0.41089859300106313 0.28790696570807073 0.5077923847055216 0.5548991157195661 0.0 0.0034343750592297217 0.42245030750800405 0.9996393761997949 0.9122003829127303 0.478829579030394 0.4138382598490662 0.6121453199039102 0.45170029147779545
0.65376671324773 0.8154977170473648 0.9076854041396909 0.11604222894660898 0.08202122642774956 0.23206605685992476 0.6237256177580633 0.6823588010966752 0.290245393036085 0.0034343750592297217 0.0 0.061356040630073716 0.6464157155046689 0.3650774010027784 0.25499134863895745 0.7701727365685969 0.9709786365580478 0.7767622879465639
0.4560637935181242 0.8506224250654613 0.8595813526856576 0.5306881414005222 0.233994999543921 0.45652287066531905 0.6300124768293355 0.7113042087201894 0.8263964093435583 0.42245030750800405 0.061356040630073716 0.0 0.8328681404707654 0.20265114766332926 0.2274705512867573 0.9810416651094942 0.4398915411531119 0.7241555933559601
0.32295746045963525 0.7878925543352591 0.7308796795052892 0.5803473751642128 0.5143352005236613 0.8445387746264492 0.515695585366942 0.5084003138501616 0.4717512601580167 0.9996393761997949 0.6464157155046689 0.8328681404707654 0.0 0.1968891258391119 0.24552113475330495 0.3956460907623638 0.30646787404139697 0.19064470370781705
0.2876430848806102 0.8557335392473371 0.17498800788207192 0.8769778137154705 0.28052758149077694 0.6146057331640714 0.6824407570886745 0.861213500606608 0.9296809452067855 0.9122003829127303 0.3650774010027784 0.20265114766332926 0.1968891258391119 0.0 0.29973398808586493 0.8283768592352069 0.007562769658581825 0.8396573942650801
0.37603801034977846 0.15894107810939906 0.4165607629486596 0.267504577107048 0.49015124233143814 0.46356848489750857 0.09123141226200304 0.4194278622342732 0.5129210011594486 0.478829579030394 0.25499134863895745 0.2274705512867573 0.24552113475330495 0.29973398808586493 0.0 0.9664139643779291 0.20456174642367075 0.9692296006738172
0.6791998058501777 0.7306575239620229 0.9110433207252323 0.2975346131220482 0.07433932391328835 0.5314605189922752 0.8822038895806513 0.19262496686424935 0.9504644108061093 0.4138382598490662 0.7701727365685969 0.9810416651094942 0.3956460907623638 0.8283768592352069 0.9664139643779291 0.0 0.9433306748002366 0.36348592333480256
0.508843872745824 0.5150699279115193 0.8886830014277638 0.3393427560736828 0.4678352554275197 0.050562550838004316 0.45289096128957596 0.7755628484127282 0.6663827701234355 0.6121453199039102 0.9709786365580478 0.4398915411531119 0.30646787404139697 0.007562769658581825 0.20456174642367075 0.9433306748002366 0.0 0.8214515990668272
0.10826226295176022 0.5061346877452421 0.9141312866870918 0.266385810665023 0.11701759858484562 0.8632515732961316 0.879519529527598 0.7233910769046987 0.6392560461268547 0.45170029147779545 0.7767622879465639 0.7241555933559601 0.19064470370781705 0.8396573942650801 0.9692296006738172 0.36348592333480256 0.8214515990668272 0.0

# Optimal Walk
0 2 8 6 14 1 7 15 11 10 9 4 5 3 16 13 12 17 0
