# Graph size: 18
# Optimal cost: 1.5786742697035563

# Distance Matrix
0.0 0.2547158994482007 0.8201224669998435 0.34564646357597495 0.8000496885467515 0.5185085227302012 0.7051638466925333 0.18792958837817275 0.31530927211491244 0.6731136445715681 0.29618456207051125 0.9635036073507235 0.13356153952219108 0.9649420592325447 0.18866504611470836 0.9833265051756599 0.7701015049891181 0.15448036238194052
0.2547158994482007 0.0 0.46486546298646736 0.6604348621279746 0.3479405274325502 0.24389041933077604 0.4337593146280301 0.6202760922181981 0.3208334781722365 0.532154943539144 0.28137585513168406 0.05095560657776299 0.5694989047119796 0.22900075751959625 0.8640040054784451 0.7790251318074634 0.06490988281196286 0.3129332581468951
0.8201224669998435 0.46486546298646736 0.0 0.057374019974392954 0.02616488163491737 0.11382336985685537 0.054066659078562784 0.7868474730022633 0.053088989599415215 0.05425383869756051 0.6390365375338062 0.10681028668562942 0.9292300688635868 0.15238679111532127 0.6331325213493397 0.4718771193027774 0.48023550908273605 0.3674666820116613
0.34564646357597495 0.6604348621279746 0.057374019974392954 0.0 0.5938907773199382 0.6481802093219183 0.060034195870157125 0.5974824999185885 0.010737096345173613 0.549929157758925 0.17020971273354935 0.9960136405202867 0.8868735135740968 0.6545926057761262 0.10664191230198428 0.9593878239058523 0.702452451502893 0.5494666263134318
0.8000496885467515 0.3479405274325502 0.02616488163491737 0.5938907773199382 0.0 0.7518554074005556 0.42334153892436877 0.2021841487784306 0.5930589113501763 0.3512408393457551 0.17966277316075263 0.4358747432234681 0.6366315464632344 0.6122900038162656 0.025835038449211867 0.7469939186352061 0.24440979688913567 0.7482140009867736
0.5185085227302012 0.24389041933077604 0.11382336985685537 0.6481802093219183 0.7518554074005556 0.0 0.6944901844327876 0.9522225310202045 0.8753776789432363 0.1507888042506632 0.6745173671306616 0.7840320713130883 0.04524573529837117 0.22200006229472535 0.23196369144702467 0.7786997347257658 0.5740902563139344 0.5200351352582028
0.7051638466925333 0.4337593146280301 0.054066659078562784 0.060034195870157125 0.42334153892436877 0.6944901844327876 0.0 0.1664019927203555 0.18376417880444962 0.6433272205141214 0.7823972245582512 0.09722959510751794 0.13177858259748754 0.5350984803422968 0.5773923038629911 0.3644013809333373 0.2813191594416159 0.6078114047055694
0.18792958837817275 0.6202760922181981 0.7868474730022633 0.5974824999185885 0.2021841487784306 0.9522225310202045 0.1664019927203555 0.0 0.3049674056763335 0.9493892028634545 0.3615594367053402 0.2734877082788104 0.018853806287123076 0.17469923880634586 0.573320879089508 0.4857410589444401 0.07419662268405103 0.324067390668472
0.31530927211491244 0.3208334781722365 0.053088989599415215 0.010737096345173613 0.5930589113501763 0.8753776789432363 0.18376417880444962 0.3049674056763335 0.0 0.5973635512471605 0.5216168402485998 0.9183280432385024 0.7404922592301897 0.03978090261200673 0.6461922133382718 0.4370680781608376 0.40555417286900586 0.5047148231610629
0.6731136445715681 0.532154943539144 0.05425383869756051 0.549929157758925 0.3512408393457551 0.1507888042506632 0.6433272205141214 0.9493892028634545 0.5973635512471605 0.0 0.5857477499031493 0.1449138144009261 0.4810077887762606 0.12620859840562726 0.6034868810522883 0.1647039642563468 0.8024250409026928 0.3138670898685497
0.29618456207051125 0.28137585513168406 0.6390365375338062 0.17020971273354935 0.17966277316075263 0.6745173671306616 0.7823972245582512 0.3615594367053402 0.5216168402485998 0.5857477499031493 0.0 0.3711927697394267 0.38082263007592443 0.8547036807497563 0.6710945939031243 0.7608767975329261 0.36973252333496076 0.3305468188897822
0.9635036073507235 0.05095560657776299 0.10681028668562942 0.9960136405202867 0.4358747432234681 0.7840320713130883 0.09722959510751794 0.2734877082788104 0.9183280432385024 0.1449138144009261 0.3711927697394267 0.0 0.5300330558699742 0.1423863803289488 0.7126044031917792 0.9755564501158622 0.3139241797213864 0.7661046613143295
0.13356153952219108 0.5694989047119796 0.9292300688635868 0.8868735135740968 0.6366315464632344 0.04524573529837117 0.13177858259748754 0.018853806287123076 0.7404922592301897 0.4810077887762606 0.38082263007592443 0.5300330558699742 0.0 0.07703632681998229 0.05737475974568018 0.9854711422555534 0.3342875544478393 0.01833247767282653
0.9649420592325447 0.22900075751959625 0.15238679111532127 0.6545926057761262 0.6122900038162656 0.22200006229472535 0.5350984803422968 0.17469923880634586 0.03978090261200673 0.12620859840562726 0.8547036807497563 0.1423863803289488 0.07703632681998229 0.0 0.46134408908900826 0.16887669760914303 0.9202491429969949 0.7955382441833216
0.18866504611470836 0.8640040054784451 0.6331325213493397 0.10664191230198428 0.025835038449211867 0.23196369144702467 0.5773923038629911 0.573320879089508 0.6461922133382718 0.6034868810522883 0.6710945939031243 0.7126044031917792 0.05737475974568018 0.46134408908900826 0.0 0.11144756284235491 0.14358643771113355 0.9815188978998409
0.9833265051756599 0.7790251318074634 0.4718771193027774 0.9593878239058523 0.7469939186352061 0.7786997347257658 0.3644013809333373 0.4857410589444401 0.4370680781608376 0.1647039642563468 0.7608767975329261 0.9755564501158622 0.9854711422555534 0.16887669760914303 0.11144756284235491 0.0 0.6234045340327233 0.14282972708667796
0.7701015049891181 0.06490988281196286 0.48023550908273605 0.702452451502893 0.24440979688913567 0.5740902563139344 0.2813191594416159 0.07419662268405103 0.40555417286900586 0.8024250409026928 0.36973252333496076 0.3139241797213864 0.3342875544478393 0.9202491429969949 0.14358643771113355 0.6234045340327233 0.0 0.7993671447903931
0.15448036238194052 0.3129332581468951 0.3674666820116613 0.5494666263134318 0.7482140009867736 0.5200351352582028 0.6078114047055694 0.324067390668472 0.5047148231610629 0.3138670898685497 0.3305468188897822 0.7661046613143295 0.01833247767282653 0.7955382441833216 0.9815188978998409 0.14282972708667796 0.7993671447903931 0.0

# Optimal Walk
0 10 3 8 13 15 14 4 9 2 6 11 1 16 7 17 12 5 0
