# MCW Instance
# Type: UNIFORM
# N: 18
# Optimal cost: 1.8282733102811335
# Optimal tour (permutation): [0, 10, 5, 1, 2, 6, 8, 13, 15, 16, 17, 11, 3, 4, 7, 14, 12, 9, 0]
# Optimal walk (full path): [0, 10, 1, 5, 1, 2, 6, 8, 13, 15, 16, 17, 11, 3, 4, 7, 14, 12, 9, 0]
# Walk size: 20
# Is walk (has repeats): true

# Distance Matrix
0.0000000000 0.2140847459 0.3932680475 0.3531730593 0.3670055800 0.5676173123 0.3238118628 0.5286112981 0.8931315058 0.1269667067 0.0062173656 0.5993184769 0.4575765392 0.3654728960 0.7563457480 0.3716874866 0.8792126747 0.3975167410
0.2140847459 0.0000000000 0.0200544716 0.4575066607 0.7056076722 0.0206999333 0.4700048739 0.4534732020 0.3033252155 0.5531460534 0.1004487697 0.7351786552 0.5171422199 0.8353379942 0.8117240286 0.3253143345 0.1247765833 0.2668838878
0.3932680475 0.0200544716 0.0000000000 0.0787278603 0.5624452346 0.8068822166 0.0308296563 0.4314256893 0.8445529367 0.3764825568 0.7216132817 0.6404923315 0.5506496256 0.5676779446 0.4374823233 0.6974719942 0.3541165473 0.7703758055
0.3531730593 0.4575066607 0.0787278603 0.0000000000 0.0241727585 0.9063814177 0.5330223821 0.7159573813 0.5638737793 0.6624708941 0.5555278394 0.2682078146 0.3919798490 0.7838959627 0.1725849753 0.1545017937 0.8938577652 0.5833422484
0.3670055800 0.7056076722 0.5624452346 0.0241727585 0.0000000000 0.4854909857 0.6841496770 0.0848329436 0.2191845534 0.9724578930 0.2439738169 0.5088260891 0.2495506784 0.2562109027 0.6355989478 0.3045474777 0.7276994339 0.4737301173
0.5676173123 0.0206999333 0.8068822166 0.9063814177 0.4854909857 0.0000000000 0.1246041206 0.3828831182 0.6234111117 0.4696016549 0.4085979579 0.5350830348 0.8326282519 0.6760455870 0.5794432158 0.9485893051 0.5463731978 0.4655402623
0.3238118628 0.4700048739 0.0308296563 0.5330223821 0.6841496770 0.1246041206 0.0000000000 0.5542703287 0.0458171814 0.2900079267 0.9660633743 0.3805841995 0.7809296928 0.5151912225 0.8143222752 0.2826818367 0.5306227479 0.2294268025
0.5286112981 0.4534732020 0.4314256893 0.7159573813 0.0848329436 0.3828831182 0.5542703287 0.0000000000 0.0889475451 0.3097632367 0.4971638062 0.7818852597 0.7134749791 0.9705316917 0.1054044640 0.5892216971 0.9480431734 0.2947433759
0.8931315058 0.3033252155 0.8445529367 0.5638737793 0.2191845534 0.6234111117 0.0458171814 0.0889475451 0.0000000000 0.2202131493 0.2814002875 0.1990851819 0.3490808631 0.1367513275 0.4750754945 0.2678945154 0.3528886677 0.2032425743
0.1269667067 0.5531460534 0.3764825568 0.6624708941 0.9724578930 0.4696016549 0.2900079267 0.3097632367 0.2202131493 0.0000000000 0.1408692218 0.3317969768 0.1887232847 0.6243609830 0.3209221244 0.4057617767 0.2833342214 0.4630916306
0.0062173656 0.1004487697 0.7216132817 0.5555278394 0.2439738169 0.4085979579 0.9660633743 0.4971638062 0.2814002875 0.1408692218 0.0000000000 0.7743861687 0.7676365017 0.5466064172 0.1098922695 0.9810648211 0.8467926501 0.2991587894
0.5993184769 0.7351786552 0.6404923315 0.2682078146 0.5088260891 0.5350830348 0.3805841995 0.7818852597 0.1990851819 0.3317969768 0.7743861687 0.0000000000 0.5202124356 0.8171962612 0.3738193625 0.8937073952 0.3349022677 0.1324139611
0.4575765392 0.5171422199 0.5506496256 0.3919798490 0.2495506784 0.8326282519 0.7809296928 0.7134749791 0.3490808631 0.1887232847 0.7676365017 0.5202124356 0.0000000000 0.1680049592 0.0409660857 0.5927700179 0.4032081637 0.7996974203
0.3654728960 0.8353379942 0.5676779446 0.7838959627 0.2562109027 0.6760455870 0.5151912225 0.9705316917 0.1367513275 0.6243609830 0.5466064172 0.8171962612 0.1680049592 0.0000000000 0.6877711229 0.1205241028 0.6157508578 0.5062364162
0.7563457480 0.8117240286 0.4374823233 0.1725849753 0.6355989478 0.5794432158 0.8143222752 0.1054044640 0.4750754945 0.3209221244 0.1098922695 0.3738193625 0.0409660857 0.6877711229 0.0000000000 0.6632810066 0.8425615339 0.5397356766
0.3716874866 0.3253143345 0.6974719942 0.1545017937 0.3045474777 0.9485893051 0.2826818367 0.5892216971 0.2678945154 0.4057617767 0.9810648211 0.8937073952 0.5927700179 0.1205241028 0.6632810066 0.0000000000 0.1630008582 0.2085160640
0.8792126747 0.1247765833 0.3541165473 0.8938577652 0.7276994339 0.5463731978 0.5306227479 0.9480431734 0.3528886677 0.2833342214 0.8467926501 0.3349022677 0.4032081637 0.6157508578 0.8425615339 0.1630008582 0.0000000000 0.1915416917
0.3975167410 0.2668838878 0.7703758055 0.5833422484 0.4737301173 0.4655402623 0.2294268025 0.2947433759 0.2032425743 0.4630916306 0.2991587894 0.1324139611 0.7996974203 0.5062364162 0.5397356766 0.2085160640 0.1915416917 0.0000000000
