# Graph size: 18
# Optimal cost: 2.0489425390862417

# Distance Matrix
0.0 0.5037169401927507 0.11724731307158143 0.22876354901809448 0.9855394596948749 0.6473383288639577 0.8801493688033282 0.16983419997228588 0.9027678728795869 0.9650513108852038 0.7774686273195318 0.8417214008179035 0.9941328183595786 0.965562834680999 0.2344980762376685 0.11341953078325684 0.221130456194777 0.8615373276301519
0.5037169401927507 0.0 0.6355735656803861 0.4744187522234119 0.1724950994650103 0.07057752768482417 0.12499368464448235 0.6741101477337639 0.7661360330481914 0.06416737709216813 0.7276812137813421 0.4716195159141291 0.2438530849726981 0.47256696286097155 0.5816082133641088 0.23657905102310473 0.9154049852342523 0.21400039961194173
0.11724731307158143 0.6355735656803861 0.0 0.9109221003950495 0.5173225226226046 0.08604238834364797 0.5580792013822469 0.7368731125124376 0.8502159495997832 0.610407756894053 0.45625552847974504 0.22305828249637194 0.022312739615620858 0.555742454943071 0.17620081462912707 0.9821607884394199 0.7192482009385246 0.5286307645588479
0.22876354901809448 0.4744187522234119 0.9109221003950495 0.0 0.26235739205452735 0.6332777464534592 0.9912658066782906 0.32204992438837365 0.11151161752798733 0.3920934896751751 0.25249299555966664 0.6732836673896236 8.934298951090991E-5 0.500569442233733 0.5920620691115813 0.08829653481659772 0.22897540478125422 0.8584859093598461
0.9855394596948749 0.1724950994650103 0.5173225226226046 0.26235739205452735 0.0 0.020397228434416825 0.8844546041346771 0.16201089745161823 0.30608498810861595 0.8999662611767593 0.8310180358948447 0.3259231610039718 0.6252277744716744 0.2170211604180472 0.02561924709319119 0.4122955070345764 0.47589359370560536 0.5393292355641103
0.6473383288639577 0.07057752768482417 0.08604238834364797 0.6332777464534592 0.020397228434416825 0.0 0.9349801191865151 0.9762845191519846 0.16551247237564348 0.47462221499696655 0.84941025725499 0.8621450729128963 0.36053624634210235 0.19546788486884914 0.3531678103451594 0.9022242288288697 0.5928183202832888 0.12849508054696857
0.8801493688033282 0.12499368464448235 0.5580792013822469 0.9912658066782906 0.8844546041346771 0.9349801191865151 0.0 0.7965531026631756 0.23393721317786442 0.6877853434111465 0.2193794941893843 0.17064444350747732 0.6583395504178502 0.04704850579428088 0.2797244261356917 0.2318747571146016 0.8242619387719037 0.05501646395398019
0.16983419997228588 0.6741101477337639 0.7368731125124376 0.32204992438837365 0.16201089745161823 0.9762845191519846 0.7965531026631756 0.0 0.797946901798847 0.20118647609274742 0.6635750013496969 0.7472356708110289 0.2535065426276215 0.8712913232012715 0.42600350309328305 0.277597769285599 0.412290625048664 0.4956005996563527
0.9027678728795869 0.7661360330481914 0.8502159495997832 0.11151161752798733 0.30608498810861595 0.16551247237564348 0.23393721317786442 0.797946901798847 0.0 0.8660105418162041 0.65221815792413 0.3006959414531889 0.40368092544426404 0.6196240583357893 0.6597040312820127 0.5569240378824416 0.890628980321588 0.5756796783943102
0.9650513108852038 0.06416737709216813 0.610407756894053 0.3920934896751751 0.8999662611767593 0.47462221499696655 0.6877853434111465 0.20118647609274742 0.8660105418162041 0.0 0.920693302964047 0.6402333792624871 0.5615481931947568 0.0938051444056609 0.5039612326807932 0.9423682861101617 0.9773493750100583 0.2505734760329028
0.7774686273195318 0.7276812137813421 0.45625552847974504 0.25249299555966664 0.8310180358948447 0.84941025725499 0.2193794941893843 0.6635750013496969 0.65221815792413 0.920693302964047 0.0 0.6120545916511613 0.19011146748503183 0.1443862841729766 0.9056033827100791 0.4263277470764125 0.6538827511494746 0.11797593464311262
0.8417214008179035 0.4716195159141291 0.22305828249637194 0.6732836673896236 0.3259231610039718 0.8621450729128963 0.17064444350747732 0.7472356708110289 0.3006959414531889 0.6402333792624871 0.6120545916511613 0.0 0.27098694941679513 0.3194188314493849 0.5845342083562157 0.7486431333980981 0.8402765571217056 0.29261879547058856
0.9941328183595786 0.2438530849726981 0.022312739615620858 8.934298951090991E-5 0.6252277744716744 0.36053624634210235 0.6583395504178502 0.2535065426276215 0.40368092544426404 0.5615481931947568 0.19011146748503183 0.27098694941679513 0.0 0.9889674876137708 0.3899671946654646 0.9873639210174643 0.6762492699363896 0.3249264301673689
0.965562834680999 0.47256696286097155 0.555742454943071 0.500569442233733 0.2170211604180472 0.19546788486884914 0.04704850579428088 0.8712913232012715 0.6196240583357893 0.0938051444056609 0.1443862841729766 0.3194188314493849 0.9889674876137708 0.0 0.2081979156328223 0.2809364022595 0.8430801647073999 0.9462940191485192
0.2344980762376685 0.5816082133641088 0.17620081462912707 0.5920620691115813 0.02561924709319119 0.3531678103451594 0.2797244261356917 0.42600350309328305 0.6597040312820127 0.5039612326807932 0.9056033827100791 0.5845342083562157 0.3899671946654646 0.2081979156328223 0.0 0.5863475781535011 0.576796690185167 0.9279814291938244
0.11341953078325684 0.23657905102310473 0.9821607884394199 0.08829653481659772 0.4122955070345764 0.9022242288288697 0.2318747571146016 0.277597769285599 0.5569240378824416 0.9423682861101617 0.4263277470764125 0.7486431333980981 0.9873639210174643 0.2809364022595 0.5863475781535011 0.0 0.16244982837852417 0.9992538473021112
0.221130456194777 0.9154049852342523 0.7192482009385246 0.22897540478125422 0.47589359370560536 0.5928183202832888 0.8242619387719037 0.412290625048664 0.890628980321588 0.9773493750100583 0.6538827511494746 0.8402765571217056 0.6762492699363896 0.8430801647073999 0.576796690185167 0.16244982837852417 0.0 0.24818413982927412
0.8615373276301519 0.21400039961194173 0.5286307645588479 0.8584859093598461 0.5393292355641103 0.12849508054696857 0.05501646395398019 0.4956005996563527 0.5756796783943102 0.2505734760329028 0.11797593464311262 0.29261879547058856 0.3249264301673689 0.9462940191485192 0.9279814291938244 0.9992538473021112 0.24818413982927412 0.0

# Optimal Walk
0 16 15 3 12 2 8 11 6 17 10 13 9 1 5 14 4 7 0
