# MCW Instance
# Type: UNIFORM
# N: 18
# Optimal cost: 1.7781370967824937
# Optimal tour (permutation): [0, 14, 7, 6, 16, 13, 1, 15, 5, 2, 3, 9, 17, 12, 10, 11, 4, 8, 0]
# Optimal walk (full path): [0, 7, 14, 7, 6, 13, 16, 13, 1, 15, 2, 5, 2, 3, 9, 17, 10, 12, 10, 11, 4, 8, 0]
# Walk size: 23
# Is walk (has repeats): true

# Distance Matrix
0.0000000000 0.5357009793 0.4339519723 0.7259418231 0.2089169090 0.5892962645 0.5134776051 0.0926829640 0.0647737376 0.4342328759 0.4093528219 0.2457748191 0.8345016229 0.4376827311 0.2671404734 0.7423097745 0.5000689506 0.9928286889
0.5357009793 0.0000000000 0.3700540544 0.9059305555 0.3121518554 0.8704803095 0.8822905020 0.9964891278 0.6186802789 0.4818690579 0.8858440147 0.5062324382 0.8873929007 0.1749681442 0.7601475764 0.0920670563 0.8784860373 0.5314081711
0.4339519723 0.3700540544 0.0000000000 0.1501783470 0.7638061674 0.0103559772 0.2570372244 0.9962018377 0.3399040415 0.5795976693 0.6663995620 0.3571189784 0.8550348529 0.6458378172 0.9498842889 0.0494194000 0.5579737890 0.0726430996
0.7259418231 0.9059305555 0.1501783470 0.0000000000 0.3820220921 0.4450330408 0.3735906549 0.4276595345 0.3803838404 0.1239113211 0.2193668563 0.1883025653 0.8567623508 0.4609584982 0.3646993038 0.9737310257 0.6157948060 0.6419723179
0.2089169090 0.3121518554 0.7638061674 0.3820220921 0.0000000000 0.1003551387 0.3295033096 0.6509094660 0.0495425785 0.3457938553 0.9282271826 0.0634578185 0.4373953216 0.4636739373 0.9176789642 0.9881188766 0.8204589352 0.4737138361
0.5892962645 0.8704803095 0.0103559772 0.4450330408 0.1003551387 0.0000000000 0.5472822986 0.3461395140 0.5479681488 0.0621772935 0.1345002642 0.4677012329 0.5982103761 0.2686060369 0.8946086699 0.6256799925 0.7360585400 0.4980231747
0.5134776051 0.8822905020 0.2570372244 0.3735906549 0.3295033096 0.5472822986 0.0000000000 0.1504831963 0.3052925958 0.8082228680 0.5546831610 0.9634457226 0.5975997985 0.1161938793 0.7225448563 0.2818808163 0.4495621971 0.5031374538
0.0926829640 0.9964891278 0.9962018377 0.4276595345 0.6509094660 0.3461395140 0.1504831963 0.0000000000 0.5279967879 0.2912460774 0.6293226362 0.5185417934 0.7119643189 0.7672650358 0.1726141182 0.7832060215 0.1113805666 0.8835046646
0.0647737376 0.6186802789 0.3399040415 0.3803838404 0.0495425785 0.5479681488 0.3052925958 0.5279967879 0.0000000000 0.7646700344 0.4671977587 0.6041044004 0.1052044896 0.9817390380 0.6146975386 0.0067201827 0.5131370420 0.5672842131
0.4342328759 0.4818690579 0.5795976693 0.1239113211 0.3457938553 0.0621772935 0.8082228680 0.2912460774 0.7646700344 0.0000000000 0.9021862048 0.8312556769 0.1444450423 0.9501723110 0.3002204918 0.1047061989 0.7118133796 0.0256354788
0.4093528219 0.8858440147 0.6663995620 0.2193668563 0.9282271826 0.1345002642 0.5546831610 0.6293226362 0.4671977587 0.9021862048 0.0000000000 0.0240813249 0.0343542709 0.3679988458 0.8145146813 0.1048684049 0.1622260676 0.0196543124
0.2457748191 0.5062324382 0.3571189784 0.1883025653 0.0634578185 0.4677012329 0.9634457226 0.5185417934 0.6041044004 0.8312556769 0.0240813249 0.0000000000 0.9922702584 0.8901535077 0.7936271169 0.0625483199 0.4364717981 0.7920941084
0.8345016229 0.8873929007 0.8550348529 0.8567623508 0.4373953216 0.5982103761 0.5975997985 0.7119643189 0.1052044896 0.1444450423 0.0343542709 0.9922702584 0.0000000000 0.9075515565 0.3096946736 0.8799561962 0.6409481303 0.4608606384
0.4376827311 0.1749681442 0.6458378172 0.4609584982 0.4636739373 0.2686060369 0.1161938793 0.7672650358 0.9817390380 0.9501723110 0.3679988458 0.8901535077 0.9075515565 0.0000000000 0.3145714062 0.4765689054 0.0732194026 0.9834777737
0.2671404734 0.7601475764 0.9498842889 0.3646993038 0.9176789642 0.8946086699 0.7225448563 0.1726141182 0.6146975386 0.3002204918 0.8145146813 0.7936271169 0.3096946736 0.3145714062 0.0000000000 0.2535217048 0.5873804608 0.4862026502
0.7423097745 0.0920670563 0.0494194000 0.9737310257 0.9881188766 0.6256799925 0.2818808163 0.7832060215 0.0067201827 0.1047061989 0.1048684049 0.0625483199 0.8799561962 0.4765689054 0.2535217048 0.0000000000 0.6284492101 0.0245942530
0.5000689506 0.8784860373 0.5579737890 0.6157948060 0.8204589352 0.7360585400 0.4495621971 0.1113805666 0.5131370420 0.7118133796 0.1622260676 0.4364717981 0.6409481303 0.0732194026 0.5873804608 0.6284492101 0.0000000000 0.3774967131
0.9928286889 0.5314081711 0.0726430996 0.6419723179 0.4737138361 0.4980231747 0.5031374538 0.8835046646 0.5672842131 0.0256354788 0.0196543124 0.7920941084 0.4608606384 0.9834777737 0.4862026502 0.0245942530 0.3774967131 0.0000000000
