# MCW Instance
# Type: UNIFORM
# N: 18
# Optimal cost: 1.787897102371963
# Optimal tour (permutation): [0, 10, 4, 11, 5, 13, 2, 9, 3, 12, 17, 16, 8, 15, 7, 6, 14, 1, 0]
# Optimal walk (full path): [0, 10, 4, 11, 5, 8, 13, 2, 13, 9, 3, 12, 16, 17, 16, 8, 7, 15, 7, 6, 7, 14, 1, 0]
# Walk size: 24
# Is walk (has repeats): true

# Distance Matrix
0.0000000000 0.0507092014 0.2136963129 0.2251676529 0.8697598751 0.3498215196 0.2693265062 0.8681388916 0.9479644586 0.9573953257 0.2766500175 0.1526123238 0.9826032842 0.4580556821 0.1107683944 0.6198054760 0.8347347469 0.5022001039
0.0507092014 0.0000000000 0.1862082916 0.2441764983 0.8011682913 0.2259020935 0.1873730940 0.2744745152 0.7013237437 0.9183284369 0.4231944751 0.5674362453 0.8662597640 0.9701481606 0.0242758742 0.1629387572 0.6080270975 0.8873871851
0.2136963129 0.1862082916 0.0000000000 0.5533596027 0.3660194461 0.4906661051 0.6874099956 0.9837374975 0.3990265394 0.9985822885 0.3071854481 0.4152648534 0.7662642454 0.0036975267 0.7487210156 0.3439261679 0.8338491424 0.7696886502
0.2251676529 0.2441764983 0.5533596027 0.0000000000 0.5625257145 0.7784398059 0.7690946617 0.0997893660 0.9271894252 0.0061787858 0.9065937816 0.6340453428 0.0216417560 0.3507228959 0.8122697757 0.2325764037 0.6063809720 0.8346471405
0.8697598751 0.8011682913 0.3660194461 0.5625257145 0.0000000000 0.8020180805 0.8433138310 0.7309400084 0.2636902070 0.4381626891 0.2458448936 0.2670826700 0.8822358219 0.5748026029 0.5874107644 0.5307001862 0.4150789240 0.8522255593
0.3498215196 0.2259020935 0.4906661051 0.7784398059 0.8020180805 0.0000000000 0.6827679900 0.6001045416 0.0067377581 0.1509173400 0.6365377470 0.0643918064 0.2971116627 0.4072968816 0.4648313648 0.8427749322 0.6310739582 0.3661588991
0.2693265062 0.1873730940 0.6874099956 0.7690946617 0.8433138310 0.6827679900 0.0000000000 0.0423542138 0.4042625396 0.1896279071 0.2989072860 0.8818548705 0.1867860539 0.6515431664 0.4520140316 0.9646995347 0.2658549226 0.8469287915
0.8681388916 0.2744745152 0.9837374975 0.0997893660 0.7309400084 0.6001045416 0.0423542138 0.0000000000 0.0067401479 0.0845167057 0.3550457215 0.7479883865 0.6290063424 0.9402706789 0.0341073872 0.0572416439 0.2674032854 0.5207862463
0.9479644586 0.7013237437 0.3990265394 0.9271894252 0.2636902070 0.0067377581 0.4042625396 0.0067401479 0.0000000000 0.6951919890 0.5997859174 0.7176820193 0.1596618615 0.0736962077 0.7037102234 0.6136678288 0.0076717964 0.3874262261
0.9573953257 0.9183284369 0.9985822885 0.0061787858 0.4381626891 0.1509173400 0.1896279071 0.0845167057 0.6951919890 0.0000000000 0.7615634609 0.9273909563 0.5691720832 0.0462741345 0.2058172693 0.7653306901 0.3796895937 0.6143216634
0.2766500175 0.4231944751 0.3071854481 0.9065937816 0.2458448936 0.6365377470 0.2989072860 0.3550457215 0.5997859174 0.7615634609 0.0000000000 0.2025535630 0.2330195930 0.8637869473 0.2072626216 0.4701452852 0.4068569040 0.9054602423
0.1526123238 0.5674362453 0.4152648534 0.6340453428 0.2670826700 0.0643918064 0.8818548705 0.7479883865 0.7176820193 0.9273909563 0.2025535630 0.0000000000 0.7902630410 0.7634884210 0.9998317172 0.6877412824 0.9048532005 0.7293820370
0.9826032842 0.8662597640 0.7662642454 0.0216417560 0.8822358219 0.2971116627 0.1867860539 0.6290063424 0.1596618615 0.5691720832 0.2330195930 0.7902630410 0.0000000000 0.1369577404 0.9138387656 0.1981739811 0.0349425169 0.7665732773
0.4580556821 0.9701481606 0.0036975267 0.3507228959 0.5748026029 0.4072968816 0.6515431664 0.9402706789 0.0736962077 0.0462741345 0.8637869473 0.7634884210 0.1369577404 0.0000000000 0.6090683825 0.7538747509 0.8984768586 0.6252614627
0.1107683944 0.0242758742 0.7487210156 0.8122697757 0.5874107644 0.4648313648 0.4520140316 0.0341073872 0.7037102234 0.2058172693 0.2072626216 0.9998317172 0.9138387656 0.6090683825 0.0000000000 0.3209846821 0.6311881730 0.4110292834
0.6198054760 0.1629387572 0.3439261679 0.2325764037 0.5307001862 0.8427749322 0.9646995347 0.0572416439 0.6136678288 0.7653306901 0.4701452852 0.6877412824 0.1981739811 0.7538747509 0.3209846821 0.0000000000 0.3469977277 0.6845423392
0.8347347469 0.6080270975 0.8338491424 0.6063809720 0.4150789240 0.6310739582 0.2658549226 0.2674032854 0.0076717964 0.3796895937 0.4068569040 0.9048532005 0.0349425169 0.8984768586 0.6311881730 0.3469977277 0.0000000000 0.2071826901
0.5022001039 0.8873871851 0.7696886502 0.8346471405 0.8522255593 0.3661588991 0.8469287915 0.5207862463 0.3874262261 0.6143216634 0.9054602423 0.7293820370 0.7665732773 0.6252614627 0.4110292834 0.6845423392 0.2071826901 0.0000000000
