# Graph size: 18
# Optimal cost: 1.3409090570512054

# Distance Matrix
0.0 0.23626711186650473 0.8361535464667558 0.817767337145341 0.5255217075242695 0.19495848002953398 0.2503528514598895 0.7613285919164 0.14485094904930362 0.15156207518605802 0.4425007456039173 0.16711464490789374 0.5139553993840152 0.73669378707782 0.5223296357228532 0.6069120597435073 0.08235289051597805 0.16266828035177694
0.23626711186650473 0.0 0.23864193055241978 0.04561508118317281 0.4373968945671224 0.08898902209943271 0.19826751954924848 0.5503404474009317 0.7827712109226984 0.9981545885442551 0.07688168019025032 0.30748077411292773 0.07328894556013088 0.6225825430774657 0.059018382901440125 0.4460181106488068 0.8328819324826057 0.07380498501144983
0.8361535464667558 0.23864193055241978 0.0 0.8315286656125276 0.791395588139445 0.9102055161355443 0.716690599205324 0.07289716989377071 0.08147205805296942 0.6850727910423934 0.5043000438800709 0.5302441538574904 0.3645607056287148 0.5289715485056924 0.44308277092318915 0.4565046082425348 0.2692795160674454 0.6442062504755588
0.817767337145341 0.04561508118317281 0.8315286656125276 0.0 0.09347529539532773 0.39218996490404534 0.5869181881592378 0.7587460246661406 0.5275620882823979 0.019301942053058907 0.13925175119933597 0.5376493236080798 0.9633122383092697 0.08938203490870533 0.21820920362647722 0.9869747105210865 0.37400616081647897 0.23334465978881025
0.5255217075242695 0.4373968945671224 0.791395588139445 0.09347529539532773 0.0 0.9785305019926279 0.5723758674252866 0.7318186528340774 0.7976555486599398 0.04052286398018756 0.2521188558991859 0.18612570052637012 0.7195810258010092 0.21725342199622089 0.13304796280714104 0.3999543517613132 0.8536485318252488 0.7189920542708219
0.19495848002953398 0.08898902209943271 0.9102055161355443 0.39218996490404534 0.9785305019926279 0.0 0.9980658143691541 0.47209646568476016 0.09212183847012312 0.4074444468684395 0.5249826053342368 0.3577584365676203 0.08420939658240334 0.6732925032960527 0.6191282210420344 0.46722107412229985 0.3518875735150043 0.29278544953042185
0.2503528514598895 0.19826751954924848 0.716690599205324 0.5869181881592378 0.5723758674252866 0.9980658143691541 0.0 0.9159099076298004 0.16983469529677908 0.12463521945145484 0.18260130516025408 0.17453778912702556 0.25977682545933545 0.2710393578727913 0.31692580432580797 0.9804288833178134 0.05035088866364412 0.2921468633171479
0.7613285919164 0.5503404474009317 0.07289716989377071 0.7587460246661406 0.7318186528340774 0.47209646568476016 0.9159099076298004 0.0 0.1966712388955293 0.90133983443654 0.6552057946813968 0.4595997762431455 0.16798544178815777 0.0010674526467914225 0.18770867292857885 0.8310071338624685 0.5756768495879704 0.4045951474009287
0.14485094904930362 0.7827712109226984 0.08147205805296942 0.5275620882823979 0.7976555486599398 0.09212183847012312 0.16983469529677908 0.1966712388955293 0.0 0.06380341847847704 0.05566976943542434 0.206908260842681 0.4298526281006315 0.32904013695591183 0.5956881196558674 0.7314890926431521 0.6537950610182224 0.9470619932085294
0.15156207518605802 0.9981545885442551 0.6850727910423934 0.019301942053058907 0.04052286398018756 0.4074444468684395 0.12463521945145484 0.90133983443654 0.06380341847847704 0.0 0.23064828971403906 0.8773216663082246 0.1642971102641303 0.28468709850800133 0.4884943754994683 0.8930341246549335 0.16439623744177845 0.6078251196407044
0.4425007456039173 0.07688168019025032 0.5043000438800709 0.13925175119933597 0.2521188558991859 0.5249826053342368 0.18260130516025408 0.6552057946813968 0.05566976943542434 0.23064828971403906 0.0 0.9508602942777623 0.444558956965067 0.04170876635464604 0.2628197555866225 0.2180475841907381 0.4683929605551861 0.9933812973026651
0.16711464490789374 0.30748077411292773 0.5302441538574904 0.5376493236080798 0.18612570052637012 0.3577584365676203 0.17453778912702556 0.4595997762431455 0.206908260842681 0.8773216663082246 0.9508602942777623 0.0 0.35940940158004286 0.6869999283327489 0.6615003544062082 0.3057290205218306 0.19435062180642604 0.19503964687757358
0.5139553993840152 0.07328894556013088 0.3645607056287148 0.9633122383092697 0.7195810258010092 0.08420939658240334 0.25977682545933545 0.16798544178815777 0.4298526281006315 0.1642971102641303 0.444558956965067 0.35940940158004286 0.0 0.22629818400554857 0.4277516431063193 0.35884975390411333 0.012794739665356936 0.2088891818708687
0.73669378707782 0.6225825430774657 0.5289715485056924 0.08938203490870533 0.21725342199622089 0.6732925032960527 0.2710393578727913 0.0010674526467914225 0.32904013695591183 0.28468709850800133 0.04170876635464604 0.6869999283327489 0.22629818400554857 0.0 0.04900662087632279 0.4583002298534745 0.6316597850052159 0.269683693101347
0.5223296357228532 0.059018382901440125 0.44308277092318915 0.21820920362647722 0.13304796280714104 0.6191282210420344 0.31692580432580797 0.18770867292857885 0.5956881196558674 0.4884943754994683 0.2628197555866225 0.6615003544062082 0.4277516431063193 0.04900662087632279 0.0 0.4948585635474042 0.6394244408487958 0.2842974707007253
0.6069120597435073 0.4460181106488068 0.4565046082425348 0.9869747105210865 0.3999543517613132 0.46722107412229985 0.9804288833178134 0.8310071338624685 0.7314890926431521 0.8930341246549335 0.2180475841907381 0.3057290205218306 0.35884975390411333 0.4583002298534745 0.4948585635474042 0.0 0.0077794973679432555 0.8859126856894619
0.08235289051597805 0.8328819324826057 0.2692795160674454 0.37400616081647897 0.8536485318252488 0.3518875735150043 0.05035088866364412 0.5756768495879704 0.6537950610182224 0.16439623744177845 0.4683929605551861 0.19435062180642604 0.012794739665356936 0.6316597850052159 0.6394244408487958 0.0077794973679432555 0.0 0.6677705543653469
0.16266828035177694 0.07380498501144983 0.6442062504755588 0.23334465978881025 0.7189920542708219 0.29278544953042185 0.2921468633171479 0.4045951474009287 0.9470619932085294 0.6078251196407044 0.9933812973026651 0.19503964687757358 0.2088891818708687 0.269683693101347 0.2842974707007253 0.8859126856894619 0.6677705543653469 0.0

# Optimal Walk
0 11 4 9 3 17 1 14 13 10 7 2 8 5 12 16 15 6 0
