# MCW Instance
# Type: UNIFORM
# N: 18
# Optimal cost: 1.5358949279633896
# Optimal tour (permutation): [0, 10, 12, 3, 9, 17, 7, 4, 1, 6, 15, 2, 14, 11, 13, 5, 16, 8, 0]
# Optimal walk (full path): [0, 10, 3, 12, 3, 9, 17, 1, 7, 1, 4, 1, 6, 2, 15, 2, 6, 14, 11, 14, 13, 5, 16, 5, 8, 0]
# Walk size: 26
# Is walk (has repeats): true

# Distance Matrix
0.0000000000 0.5009576987 0.4226879347 0.3954117094 0.6898980094 0.6538056387 0.9501553525 0.5431850578 0.1291562336 0.4031401667 0.2168331792 0.6431991012 0.4514675939 0.1431862225 0.9988651717 0.3394889834 0.6722579052 0.6919858184
0.5009576987 0.0000000000 0.7069543474 0.3980212908 0.0101650582 0.2928783577 0.0190511220 0.0079147558 0.3276651054 0.0707549511 0.4854925045 0.6651356743 0.8667968044 0.9252948419 0.6915840565 0.6408957664 0.2170266065 0.0787438081
0.4226879347 0.7069543474 0.0000000000 0.7745300856 0.7879568831 0.8048355677 0.0123958809 0.8347815053 0.9702735447 0.5783983133 0.3237913916 0.0562851171 0.7148805140 0.9757637939 0.1157458046 0.1557820481 0.7796598654 0.7112361176
0.3954117094 0.3980212908 0.7745300856 0.0000000000 0.8886753397 0.1182170690 0.2065976059 0.3921928989 0.5492871765 0.0434845065 0.0873676305 0.4873680627 0.0715532433 0.3291509156 0.7065561097 0.7076645553 0.5499884466 0.3444582463
0.6898980094 0.0101650582 0.7879568831 0.8886753397 0.0000000000 0.9475670044 0.4318515666 0.8706056640 0.2128254491 0.8472255569 0.4120405230 0.9915213254 0.3132310297 0.9673227652 0.6276221602 0.8730369967 0.6352720894 0.8148213004
0.6538056387 0.2928783577 0.8048355677 0.1182170690 0.9475670044 0.0000000000 0.8213869966 0.4261242144 0.1783605822 0.8871692088 0.9478400755 0.4585905663 0.1724306883 0.0451442720 0.4912598763 0.4898079535 0.0156959478 0.8228791268
0.9501553525 0.0190511220 0.0123958809 0.2065976059 0.4318515666 0.8213869966 0.0000000000 0.3698407900 0.4777339743 0.4744082216 0.9731929499 0.9322970902 0.9560601088 0.8702351926 0.0160827114 0.3745957681 0.8146713903 0.6927868750
0.5431850578 0.0079147558 0.8347815053 0.3921928989 0.8706056640 0.4261242144 0.3698407900 0.0000000000 0.8092033704 0.7570244270 0.9732039793 0.3179854931 0.1913927214 0.6855897928 0.4953384549 0.2873877518 0.5637736601 0.6367809404
0.1291562336 0.3276651054 0.9702735447 0.5492871765 0.2128254491 0.1783605822 0.4777339743 0.8092033704 0.0000000000 0.2705686570 0.9092318644 0.8676925016 0.8510210479 0.2505365549 0.7788962838 0.7947294064 0.6976701089 0.3686264769
0.4031401667 0.0707549511 0.5783983133 0.0434845065 0.8472255569 0.8871692088 0.4744082216 0.7570244270 0.2705686570 0.0000000000 0.1846209292 0.2212426581 0.4232300846 0.6943623392 0.2637557755 0.7983858004 0.2344433848 0.0782538541
0.2168331792 0.4854925045 0.3237913916 0.0873676305 0.4120405230 0.9478400755 0.9731929499 0.9732039793 0.9092318644 0.1846209292 0.0000000000 0.2054657957 0.3482628277 0.7392642256 0.5280890497 0.7577352594 0.2178631444 0.8712218477
0.6431991012 0.6651356743 0.0562851171 0.4873680627 0.9915213254 0.4585905663 0.9322970902 0.3179854931 0.8676925016 0.2212426581 0.2054657957 0.0000000000 0.8242719586 0.7896784248 0.0246449613 0.5564832953 0.4296557077 0.6845779047
0.4514675939 0.8667968044 0.7148805140 0.0715532433 0.3132310297 0.1724306883 0.9560601088 0.1913927214 0.8510210479 0.4232300846 0.3482628277 0.8242719586 0.0000000000 0.2911118145 0.5479627075 0.5784234986 0.8947356651 0.3104540153
0.1431862225 0.9252948419 0.9757637939 0.3291509156 0.9673227652 0.0451442720 0.8702351926 0.6855897928 0.2505365549 0.6943623392 0.7392642256 0.7896784248 0.2911118145 0.0000000000 0.0471132374 0.5389203936 0.0761362417 0.2113028768
0.9988651717 0.6915840565 0.1157458046 0.7065561097 0.6276221602 0.4912598763 0.0160827114 0.4953384549 0.7788962838 0.2637557755 0.5280890497 0.0246449613 0.5479627075 0.0471132374 0.0000000000 0.9615764843 0.4369416836 0.8390852098
0.3394889834 0.6408957664 0.1557820481 0.7076645553 0.8730369967 0.4898079535 0.3745957681 0.2873877518 0.7947294064 0.7983858004 0.7577352594 0.5564832953 0.5784234986 0.5389203936 0.9615764843 0.0000000000 0.5968725840 0.9056536646
0.6722579052 0.2170266065 0.7796598654 0.5499884466 0.6352720894 0.0156959478 0.8146713903 0.5637736601 0.6976701089 0.2344433848 0.2178631444 0.4296557077 0.8947356651 0.0761362417 0.4369416836 0.5968725840 0.0000000000 0.6988340109
0.6919858184 0.0787438081 0.7112361176 0.3444582463 0.8148213004 0.8228791268 0.6927868750 0.6367809404 0.3686264769 0.0782538541 0.8712218477 0.6845779047 0.3104540153 0.2113028768 0.8390852098 0.9056536646 0.6988340109 0.0000000000
