# Graph size: 18
# Optimal cost: 2.373569780612539

# Distance Matrix
0.0 0.07791389678094218 0.6378328120642331 0.7938389390604351 0.9212497693661018 0.26846173942832285 0.6805505179870277 0.9758039146109196 0.09630204953563426 0.23660344951635914 0.2939221010747548 0.1326039200325302 0.9614860163587933 0.8582817122749112 0.8336230211527257 0.04478240213610518 0.7067607393917457 0.47035820351876434
0.07791389678094218 0.0 0.572885684675929 0.45996807439954146 0.9664075272054374 0.5499004006928192 0.689183405078277 0.79290259266263 0.0804411617105314 0.5625824266388479 0.9400249507244202 0.30563292524043983 0.994487852320295 0.3252012105193284 0.4561131407890021 0.06257633480390956 0.19562173194746602 0.19703580091584882
0.6378328120642331 0.572885684675929 0.0 0.4014095726095541 0.19051796080043815 0.29356487928061337 0.16575418922754193 0.6021868042817747 0.490202506146159 0.599820890384332 0.4257984077219885 0.6309383986293015 0.24403278843845944 0.3317255101486747 0.3606555668846402 0.24605615918427048 0.1434895249597825 0.8740618715402793
0.7938389390604351 0.45996807439954146 0.4014095726095541 0.0 0.9351486244743419 0.5344731322971296 0.6202389057892314 0.8678023438702251 0.37985779225901495 0.5820099159078731 0.5064949756281705 0.763702638496548 0.7070094847132521 0.004950862483974916 0.8730564965841164 0.8778881963421438 0.03564665336873818 0.21641580175583686
0.9212497693661018 0.9664075272054374 0.19051796080043815 0.9351486244743419 0.0 0.09753882253368329 0.9172367644362992 0.9236206067924511 0.8723821169724817 0.7006730481080671 0.40427508422905234 0.90492156884963 0.5447509096213434 0.2551465418542802 0.42447198619944415 0.21309095240735088 0.3026401481504698 0.7193099651466148
0.26846173942832285 0.5499004006928192 0.29356487928061337 0.5344731322971296 0.09753882253368329 0.0 0.6432237509908861 0.23493542336854478 0.5481266840655705 0.8771781468216704 0.5954922792091406 0.5834896021630521 0.14894816167368286 0.17650312058351536 0.8379699663203537 0.805149996207236 0.638214817884214 0.14829951785083084
0.6805505179870277 0.689183405078277 0.16575418922754193 0.6202389057892314 0.9172367644362992 0.6432237509908861 0.0 0.6718099476018498 0.6431301893881473 0.009970427792776126 0.7640540464941808 0.7933739084203063 0.46786348290229063 0.4294802912927119 0.5409523036644129 0.41111389929258824 0.9547054417883839 0.9984137850089189
0.9758039146109196 0.79290259266263 0.6021868042817747 0.8678023438702251 0.9236206067924511 0.23493542336854478 0.6718099476018498 0.0 0.9408076388402965 0.07861889757284501 0.34026621122055667 0.5676276703764195 0.6249785887550444 0.7370203241357838 0.6209280607421331 0.4740454385000694 0.42541278903810764 0.23436561906683495
0.09630204953563426 0.0804411617105314 0.490202506146159 0.37985779225901495 0.8723821169724817 0.5481266840655705 0.6431301893881473 0.9408076388402965 0.0 0.8705808054863948 0.9931672322121076 0.4710566454631123 0.8952321311778876 0.44933426117186126 0.2450337492468122 0.7692222699911925 0.5507683349036522 0.2509430421012103
0.23660344951635914 0.5625824266388479 0.599820890384332 0.5820099159078731 0.7006730481080671 0.8771781468216704 0.009970427792776126 0.07861889757284501 0.8705808054863948 0.0 0.2690067874378782 0.6831038393531641 0.8075132961069248 0.2939061496394807 0.9915178343434257 0.16948789497943528 0.23275891687402783 0.8996798216349482
0.2939221010747548 0.9400249507244202 0.4257984077219885 0.5064949756281705 0.40427508422905234 0.5954922792091406 0.7640540464941808 0.34026621122055667 0.9931672322121076 0.2690067874378782 0.0 0.8509757155238039 0.344803222233349 0.5648843482352651 0.42116912203875 0.915312562664366 0.9330074930618504 0.01900531218452539
0.1326039200325302 0.30563292524043983 0.6309383986293015 0.763702638496548 0.90492156884963 0.5834896021630521 0.7933739084203063 0.5676276703764195 0.4710566454631123 0.6831038393531641 0.8509757155238039 0.0 0.9856401203503985 0.43018743369766976 0.4154098442481353 0.25144540889111844 0.998420704401759 0.8696549526363471
0.9614860163587933 0.994487852320295 0.24403278843845944 0.7070094847132521 0.5447509096213434 0.14894816167368286 0.46786348290229063 0.6249785887550444 0.8952321311778876 0.8075132961069248 0.344803222233349 0.9856401203503985 0.0 0.25037956292278185 0.5709506989096081 0.21723568181612185 0.7261463155892297 0.35999302881608075
0.8582817122749112 0.3252012105193284 0.3317255101486747 0.004950862483974916 0.2551465418542802 0.17650312058351536 0.4294802912927119 0.7370203241357838 0.44933426117186126 0.2939061496394807 0.5648843482352651 0.43018743369766976 0.25037956292278185 0.0 0.5402327646858749 0.051746891532797434 0.4728983253182033 0.19102240958944794
0.8336230211527257 0.4561131407890021 0.3606555668846402 0.8730564965841164 0.42447198619944415 0.8379699663203537 0.5409523036644129 0.6209280607421331 0.2450337492468122 0.9915178343434257 0.42116912203875 0.4154098442481353 0.5709506989096081 0.5402327646858749 0.0 0.19833926444499894 0.3688472295124545 0.3595057052304458
0.04478240213610518 0.06257633480390956 0.24605615918427048 0.8778881963421438 0.21309095240735088 0.805149996207236 0.41111389929258824 0.4740454385000694 0.7692222699911925 0.16948789497943528 0.915312562664366 0.25144540889111844 0.21723568181612185 0.051746891532797434 0.19833926444499894 0.0 0.04927115593295339 0.7525156185007952
0.7067607393917457 0.19562173194746602 0.1434895249597825 0.03564665336873818 0.3026401481504698 0.638214817884214 0.9547054417883839 0.42541278903810764 0.5507683349036522 0.23275891687402783 0.9330074930618504 0.998420704401759 0.7261463155892297 0.4728983253182033 0.3688472295124545 0.04927115593295339 0.0 0.491482459140707
0.47035820351876434 0.19703580091584882 0.8740618715402793 0.21641580175583686 0.7193099651466148 0.14829951785083084 0.9984137850089189 0.23436561906683495 0.2509430421012103 0.8996798216349482 0.01900531218452539 0.8696549526363471 0.35999302881608075 0.19102240958944794 0.3595057052304458 0.7525156185007952 0.491482459140707 0.0

# Optimal Walk
0 11 1 8 14 12 5 4 2 6 9 7 17 10 13 3 16 15 0
