# MCW Instance
# Type: UNIFORM
# N: 18
# Optimal cost: 1.6209778607646061
# Optimal tour (permutation): [0, 15, 10, 11, 13, 9, 4, 14, 1, 2, 17, 8, 12, 3, 6, 7, 16, 5, 0]
# Optimal walk (full path): [0, 15, 10, 11, 13, 9, 4, 14, 1, 2, 17, 12, 8, 12, 3, 6, 7, 5, 16, 5, 0]
# Walk size: 21
# Is walk (has repeats): true

# Distance Matrix
0.0000000000 0.6322252825 0.8493185371 0.5672425645 0.5031805096 0.0419343960 0.9103832243 0.8148321308 0.2510148401 0.3111956912 0.5410184366 0.8957456685 0.4379136169 0.4547230680 0.4983681655 0.0021397262 0.4976797855 0.6200570049
0.6322252825 0.0000000000 0.0283178815 0.9375705296 0.3439160815 0.0801114286 0.6902874954 0.3775505282 0.4405687764 0.4198895324 0.6425277844 0.3721406771 0.8980538388 0.9000652743 0.2741814729 0.9761072924 0.5285895776 0.1061034953
0.8493185371 0.0283178815 0.0000000000 0.7979088297 0.7837732967 0.9125243366 0.8988183286 0.1756670965 0.3185459236 0.1768612315 0.3707462170 0.5402717021 0.6812037524 0.3678469889 0.9824363242 0.0966566815 0.5963780835 0.0114048012
0.5672425645 0.9375705296 0.7979088297 0.0000000000 0.3037374610 0.3392905806 0.0132650522 0.6983561420 0.8173877497 0.3059929616 0.7144563672 0.3057900128 0.0556893051 0.5034364070 0.9658781304 0.7716025543 0.9357769578 0.0859069499
0.5031805096 0.3439160815 0.7837732967 0.3037374610 0.0000000000 0.1011789421 0.1761433850 0.5349667663 0.8464359765 0.0755096534 0.2530700005 0.7048962298 0.5882048406 0.4464893836 0.3509246494 0.8616452880 0.4841631139 0.9442530960
0.0419343960 0.0801114286 0.9125243366 0.3392905806 0.1011789421 0.0000000000 0.2976129927 0.0087529341 0.1040900744 0.7778283117 0.5818773712 0.5510216221 0.8908682902 0.0916898336 0.7590218801 0.7392279321 0.0015270359 0.5341927802
0.9103832243 0.6902874954 0.8988183286 0.0132650522 0.1761433850 0.2976129927 0.0000000000 0.0125602221 0.6493339894 0.5936528145 0.7286861364 0.3591217882 0.4445217796 0.8340523788 0.5484600575 0.0708650004 0.2943480572 0.1340939781
0.8148321308 0.3775505282 0.1756670965 0.6983561420 0.5349667663 0.0087529341 0.0125602221 0.0000000000 0.4882825226 0.5078113703 0.7325445584 0.3749403806 0.0981315656 0.7019277113 0.4234649672 0.1759272508 0.3988316011 0.7154477929
0.2510148401 0.4405687764 0.3185459236 0.8173877497 0.8464359765 0.1040900744 0.6493339894 0.4882825226 0.0000000000 0.2769059800 0.5806286870 0.4346536543 0.0078390617 0.6020074100 0.8876918670 0.6345406907 0.7889841298 0.5231616655
0.3111956912 0.4198895324 0.1768612315 0.3059929616 0.0755096534 0.7778283117 0.5936528145 0.5078113703 0.2769059800 0.0000000000 0.7373103340 0.4514712219 0.6105603605 0.1943403876 0.9792461323 0.8285755017 0.2532655654 0.4429722506
0.5410184366 0.6425277844 0.3707462170 0.7144563672 0.2530700005 0.5818773712 0.7286861364 0.7325445584 0.5806286870 0.7373103340 0.0000000000 0.2945986988 0.4009704944 0.3044514280 0.3504824450 0.0210584556 0.9838811594 0.6888904229
0.8957456685 0.3721406771 0.5402717021 0.3057900128 0.7048962298 0.5510216221 0.3591217882 0.3749403806 0.4346536543 0.4514712219 0.2945986988 0.0000000000 0.9338310626 0.1401714235 0.8204672360 0.8148163762 0.5308640648 0.9251806649
0.4379136169 0.8980538388 0.6812037524 0.0556893051 0.5882048406 0.8908682902 0.4445217796 0.0981315656 0.0078390617 0.6105603605 0.4009704944 0.9338310626 0.0000000000 0.2668765656 0.9280423383 0.7120171607 0.3192994633 0.0773966060
0.4547230680 0.9000652743 0.3678469889 0.5034364070 0.4464893836 0.0916898336 0.8340523788 0.7019277113 0.6020074100 0.1943403876 0.3044514280 0.1401714235 0.2668765656 0.0000000000 0.7288739162 0.5418892957 0.7168095768 0.2191788465
0.4983681655 0.2741814729 0.9824363242 0.9658781304 0.3509246494 0.7590218801 0.5484600575 0.4234649672 0.8876918670 0.9792461323 0.3504824450 0.8204672360 0.9280423383 0.7288739162 0.0000000000 0.2997001095 0.7964295229 0.4531679224
0.0021397262 0.9761072924 0.0966566815 0.7716025543 0.8616452880 0.7392279321 0.0708650004 0.1759272508 0.6345406907 0.8285755017 0.0210584556 0.8148163762 0.7120171607 0.5418892957 0.2997001095 0.0000000000 0.1938608965 0.9155579583
0.4976797855 0.5285895776 0.5963780835 0.9357769578 0.4841631139 0.0015270359 0.2943480572 0.3988316011 0.7889841298 0.2532655654 0.9838811594 0.5308640648 0.3192994633 0.7168095768 0.7964295229 0.1938608965 0.0000000000 0.3049566750
0.6200570049 0.1061034953 0.0114048012 0.0859069499 0.9442530960 0.5341927802 0.1340939781 0.7154477929 0.5231616655 0.4429722506 0.6888904229 0.9251806649 0.0773966060 0.2191788465 0.4531679224 0.9155579583 0.3049566750 0.0000000000
