# MCW Instance
# Type: UNIFORM
# N: 18
# Optimal cost: 1.0183876092933326
# Optimal tour (permutation): [0, 6, 5, 16, 17, 9, 15, 10, 2, 11, 14, 13, 4, 3, 12, 8, 7, 1, 0]
# Optimal walk (full path): [0, 6, 5, 16, 7, 17, 9, 17, 15, 10, 2, 11, 14, 13, 4, 3, 8, 12, 8, 7, 1, 0]
# Walk size: 22
# Is walk (has repeats): true

# Distance Matrix
0.0000000000 0.1165959753 0.4566601955 0.7434825458 0.5899698197 0.3293178730 0.1676173467 0.4475844598 0.9102679210 0.4703460070 0.7696137814 0.6631667437 0.9877857092 0.9758737403 0.6727350303 0.7380902721 0.1810880724 0.6130017518
0.1165959753 0.0000000000 0.7859229805 0.7126872153 0.5092354394 0.9532781135 0.1888357326 0.0135507350 0.2889683215 0.6572898248 0.2556048372 0.4544851008 0.3542981108 0.8713614718 0.5444858118 0.3422541778 0.5636123702 0.8508937535
0.4566601955 0.7859229805 0.0000000000 0.6824358632 0.0638676765 0.6050676120 0.5196007665 0.4199425572 0.3924962854 0.9479563629 0.0498816576 0.0089658986 0.8907082939 0.1558988537 0.7067887376 0.0656456214 0.2125720479 0.6771250335
0.7434825458 0.7126872153 0.6824358632 0.0000000000 0.1365310211 0.1194639380 0.8102696854 0.6577750889 0.0001781370 0.1218440185 0.5362197268 0.2860619766 0.3542066880 0.2897024992 0.8983072917 0.6683028792 0.4617574447 0.7932643055
0.5899698197 0.5092354394 0.0638676765 0.1365310211 0.0000000000 0.2736724155 0.2622406444 0.7819482612 0.9624864038 0.2156083793 0.4487406014 0.7293142079 0.8827266591 0.0984738500 0.9098619272 0.4214232803 0.4778327029 0.7371235826
0.3293178730 0.9532781135 0.6050676120 0.1194639380 0.2736724155 0.0000000000 0.0994668695 0.0399420161 0.4376150113 0.2902147560 0.2419451343 0.6189023976 0.6367074583 0.7108469577 0.9752952649 0.0436478458 0.0131072897 0.2433456511
0.1676173467 0.1888357326 0.5196007665 0.8102696854 0.2622406444 0.0994668695 0.0000000000 0.9667179871 0.7949126504 0.2272261686 0.9816007582 0.5720414889 0.5047155717 0.8060723378 0.3022227373 0.8847123000 0.7042253849 0.8922236002
0.4475844598 0.0135507350 0.4199425572 0.6577750889 0.7819482612 0.0399420161 0.9667179871 0.0000000000 0.0648813709 0.3257490698 0.2384821162 0.1635394053 0.8325427960 0.2629715793 0.6988347286 0.9670996112 0.0059224795 0.0159802075
0.9102679210 0.2889683215 0.3924962854 0.0001781370 0.9624864038 0.4376150113 0.7949126504 0.0648813709 0.0000000000 0.8811824607 0.2196467586 0.6893236387 0.0027764330 0.7165832034 0.1668471098 0.3091315885 0.7145776434 0.3405197731
0.4703460070 0.6572898248 0.9479563629 0.1218440185 0.2156083793 0.2902147560 0.2272261686 0.3257490698 0.8811824607 0.0000000000 0.6649756098 0.4915861519 0.6672946261 0.9680903700 0.2511683247 0.4730566846 0.4713040557 0.0246168826
0.7696137814 0.2556048372 0.0498816576 0.5362197268 0.4487406014 0.2419451343 0.9816007582 0.2384821162 0.2196467586 0.6649756098 0.0000000000 0.9021752950 0.3638941991 0.6855613674 0.5446411463 0.0465857591 0.9160386216 0.1777651871
0.6631667437 0.4544851008 0.0089658986 0.2860619766 0.7293142079 0.6189023976 0.5720414889 0.1635394053 0.6893236387 0.4915861519 0.9021752950 0.0000000000 0.1970052894 0.0917865624 0.0549087830 0.2991966565 0.4196897135 0.4544540443
0.9877857092 0.3542981108 0.8907082939 0.3542066880 0.8827266591 0.6367074583 0.5047155717 0.8325427960 0.0027764330 0.6672946261 0.3638941991 0.1970052894 0.0000000000 0.3277060158 0.3010227825 0.0553080375 0.8421684626 0.5931125602
0.9758737403 0.8713614718 0.1558988537 0.2897024992 0.0984738500 0.7108469577 0.8060723378 0.2629715793 0.7165832034 0.9680903700 0.6855613674 0.0917865624 0.3277060158 0.0000000000 0.0682655815 0.5666354075 0.3237788335 0.7314684082
0.6727350303 0.5444858118 0.7067887376 0.8983072917 0.9098619272 0.9752952649 0.3022227373 0.6988347286 0.1668471098 0.2511683247 0.5446411463 0.0549087830 0.3010227825 0.0682655815 0.0000000000 0.4283038783 0.3812727941 0.5474358876
0.7380902721 0.3422541778 0.0656456214 0.6683028792 0.4214232803 0.0436478458 0.8847123000 0.9670996112 0.3091315885 0.4730566846 0.0465857591 0.2991966565 0.0553080375 0.5666354075 0.4283038783 0.0000000000 0.8898609989 0.0026880162
0.1810880724 0.5636123702 0.2125720479 0.4617574447 0.4778327029 0.0131072897 0.7042253849 0.0059224795 0.7145776434 0.4713040557 0.9160386216 0.4196897135 0.8421684626 0.3237788335 0.3812727941 0.8898609989 0.0000000000 0.1655268880
0.6130017518 0.8508937535 0.6771250335 0.7932643055 0.7371235826 0.2433456511 0.8922236002 0.0159802075 0.3405197731 0.0246168826 0.1777651871 0.4544540443 0.5931125602 0.7314684082 0.5474358876 0.0026880162 0.1655268880 0.0000000000
