# MCW Instance
# Type: UNIFORM
# N: 18
# Optimal cost: 1.592312199250982
# Optimal tour (permutation): [0, 13, 7, 1, 2, 6, 15, 9, 5, 8, 4, 12, 11, 3, 17, 16, 14, 10, 0]
# Optimal walk (full path): [0, 13, 7, 13, 0, 1, 2, 6, 15, 9, 15, 5, 15, 8, 4, 12, 11, 12, 3, 16, 17, 16, 14, 10, 14, 0]
# Walk size: 26
# Is walk (has repeats): true

# Distance Matrix
0.0000000000 0.0165576523 0.6032346296 0.7479217235 0.1773425801 0.0748473292 0.9153013086 0.7152426706 0.3476544161 0.9222396802 0.6910175859 0.3246657076 0.1484808538 0.0516479240 0.0174966613 0.1510324714 0.9076244131 0.6184938894
0.0165576523 0.0000000000 0.0418613229 0.5286528947 0.5039966830 0.1615630411 0.7373919944 0.5235453155 0.0753562291 0.9121477875 0.4580135945 0.8282087868 0.2740440583 0.5164608171 0.8573233548 0.1583037902 0.1083447057 0.4504016980
0.6032346296 0.0418613229 0.0000000000 0.9290261094 0.2003439061 0.2283901604 0.1411114879 0.6375577198 0.4104778811 0.3680630485 0.8263518772 0.8508410807 0.9966682755 0.5381442710 0.4805965492 0.0615332415 0.2300485427 0.4809896711
0.7479217235 0.5286528947 0.9290261094 0.0000000000 0.7158246208 0.6887866562 0.8259683632 0.8433092296 0.4253569276 0.5894611555 0.5112120444 0.5011610822 0.0806778022 0.7758872027 0.0511028143 0.4800622716 0.0140367479 0.2366959900
0.1773425801 0.5039966830 0.2003439061 0.7158246208 0.0000000000 0.9486812506 0.9531567941 0.7237256469 0.1878946426 0.7478733779 0.8716706668 0.2242785991 0.0432799723 0.3735402172 0.8844227574 0.7304436987 0.8864475686 0.2235271222
0.0748473292 0.1615630411 0.2283901604 0.6887866562 0.9486812506 0.0000000000 0.3369493160 0.5116267733 0.2510678893 0.7913080918 0.3058392327 0.5826094152 0.5717636723 0.4425462779 0.8201657021 0.0066946680 0.7548390058 0.5948689780
0.9153013086 0.7373919944 0.1411114879 0.8259683632 0.9531567941 0.3369493160 0.0000000000 0.6494397019 0.9790354169 0.9362723834 0.9573819155 0.2962991057 0.5307525975 0.6438018884 0.6749235166 0.1221868106 0.6485509096 0.2605935759
0.7152426706 0.5235453155 0.6375577198 0.8433092296 0.7237256469 0.5116267733 0.6494397019 0.0000000000 0.1917877143 0.8555599983 0.8398922558 0.8998985823 0.4006188384 0.0847118031 0.6903882065 0.5432687681 0.1744101398 0.7210759032
0.3476544161 0.0753562291 0.4104778811 0.4253569276 0.1878946426 0.2510678893 0.9790354169 0.1917877143 0.0000000000 0.7579241420 0.5693142784 0.6930129931 0.8339233451 0.2271301161 0.6056509341 0.0702910870 0.7036500470 0.1081639770
0.9222396802 0.9121477875 0.3680630485 0.5894611555 0.7478733779 0.7913080918 0.9362723834 0.8555599983 0.7579241420 0.0000000000 0.9735990303 0.6640300064 0.4183925897 0.4053746524 0.8633594506 0.1079394927 0.8474990099 0.6042647703
0.6910175859 0.4580135945 0.8263518772 0.5112120444 0.8716706668 0.3058392327 0.9573819155 0.8398922558 0.5693142784 0.9735990303 0.0000000000 0.7768071900 0.5435620230 0.3654200028 0.0292732598 0.7057059013 0.7496280255 0.2708756171
0.3246657076 0.8282087868 0.8508410807 0.5011610822 0.2242785991 0.5826094152 0.2962991057 0.8998985823 0.6930129931 0.6640300064 0.7768071900 0.0000000000 0.1102503807 0.9750615606 0.8673745890 0.4486908394 0.3620988954 0.6744976874
0.1484808538 0.2740440583 0.9966682755 0.0806778022 0.0432799723 0.5717636723 0.5307525975 0.4006188384 0.8339233451 0.4183925897 0.5435620230 0.1102503807 0.0000000000 0.2025710666 0.4554833742 0.9299070149 0.1249477034 0.1484714649
0.0516479240 0.5164608171 0.5381442710 0.7758872027 0.3735402172 0.4425462779 0.6438018884 0.0847118031 0.2271301161 0.4053746524 0.3654200028 0.9750615606 0.2025710666 0.0000000000 0.8754251087 0.8810000050 0.8836250852 0.6186403362
0.0174966613 0.8573233548 0.4805965492 0.0511028143 0.8844227574 0.8201657021 0.6749235166 0.6903882065 0.6056509341 0.8633594506 0.0292732598 0.8673745890 0.4554833742 0.8754251087 0.0000000000 0.4885886077 0.0356889589 0.3771453767
0.1510324714 0.1583037902 0.0615332415 0.4800622716 0.7304436987 0.0066946680 0.1221868106 0.5432687681 0.0702910870 0.1079394927 0.7057059013 0.4486908394 0.9299070149 0.8810000050 0.4885886077 0.0000000000 0.5045750755 0.5219284497
0.9076244131 0.1083447057 0.2300485427 0.0140367479 0.8864475686 0.7548390058 0.6485509096 0.1744101398 0.7036500470 0.8474990099 0.7496280255 0.3620988954 0.1249477034 0.8836250852 0.0356889589 0.5045750755 0.0000000000 0.0200969983
0.6184938894 0.4504016980 0.4809896711 0.2366959900 0.2235271222 0.5948689780 0.2605935759 0.7210759032 0.1081639770 0.6042647703 0.2708756171 0.6744976874 0.1484714649 0.6186403362 0.3771453767 0.5219284497 0.0200969983 0.0000000000
