# Graph size: 18
# Optimal cost: 2.120274884267439

# Distance Matrix
0.0 0.6225635074408902 0.6603828915198608 0.6883873102213408 0.3345145258452997 0.8493892478402855 0.04469797490734062 0.7828437156487398 0.7194904528605658 0.3343333059395991 0.26072803273352985 0.4359919932599631 0.9799351313044541 0.5651112816293817 0.6961138478744741 0.12469407674419297 0.9173555425252032 0.053142190889362007
0.6225635074408902 0.0 0.25793719191279674 0.34514609973772603 0.30241452286185966 0.6628574151091466 0.668114371106789 0.02404732445234614 0.32739865734508233 0.6262825277601582 0.011789047180265078 0.17291872205519143 0.05278964857125146 0.8432647057031625 0.530942319943648 0.04658818644223106 0.45783304936196 0.8343196828790153
0.6603828915198608 0.25793719191279674 0.0 0.648602281516988 0.8490856686916097 0.3387867974678156 0.7609231961515301 0.733449100759849 0.5936684831066636 0.963572095996696 0.25717442459228324 0.17027578236882324 0.06842298843129768 0.08783697014026248 0.42710981586692676 0.8886791275854902 0.9848658608040552 0.6649832016206821
0.6883873102213408 0.34514609973772603 0.648602281516988 0.0 0.2535472362811484 0.62051882106609 0.2941947432943215 0.3414951114780439 0.8371925297683248 0.8060974249894226 0.3443143145451325 0.6189489255650052 0.33884134379571196 0.24967748609629092 0.020490630399365828 0.38536962585112067 0.23286126334886048 0.33686638295141
0.3345145258452997 0.30241452286185966 0.8490856686916097 0.2535472362811484 0.0 0.2634630782411499 0.371141542620559 0.4967405781448351 0.8695634840821811 0.39106993588047123 0.9684684794956906 0.6593416149189872 0.3485781892198545 0.46291986830902376 0.7684171564006445 0.20959815330075615 0.8396917091648187 0.5223683524080964
0.8493892478402855 0.6628574151091466 0.3387867974678156 0.62051882106609 0.2634630782411499 0.0 0.11586803469180351 0.7277478912319857 0.3958490809470475 0.9260349618924231 0.9602357429826287 0.2427928003306471 0.37633265739097344 0.1283232568170949 0.2886107491429166 0.7427313656742538 0.9031815462180328 0.22688216254947013
0.04469797490734062 0.668114371106789 0.7609231961515301 0.2941947432943215 0.371141542620559 0.11586803469180351 0.0 0.46801322284845925 0.4682084494728248 0.12578615385975467 0.29467435937167374 0.8947382949252515 0.6055803622826748 0.9265009674423282 0.025292993105056172 0.4513121099039572 0.26199362569830187 0.19328235746912703
0.7828437156487398 0.02404732445234614 0.733449100759849 0.3414951114780439 0.4967405781448351 0.7277478912319857 0.46801322284845925 0.0 0.5003957011495347 0.40536613355945805 0.15292814672787525 0.8097728148728514 0.9516004739922298 0.549776634431011 0.2617568760352613 0.06891663767704281 0.23391511386314057 0.5797057662963189
0.7194904528605658 0.32739865734508233 0.5936684831066636 0.8371925297683248 0.8695634840821811 0.3958490809470475 0.4682084494728248 0.5003957011495347 0.0 0.8412250412611533 0.3031065618463309 0.3537484020975684 0.9297186875869178 0.5183546847697859 0.14202429556844232 0.8017774985799189 0.5529411655555783 0.9371308416214378
0.3343333059395991 0.6262825277601582 0.963572095996696 0.8060974249894226 0.39106993588047123 0.9260349618924231 0.12578615385975467 0.40536613355945805 0.8412250412611533 0.0 0.9587528099891589 0.6294228684146012 0.4142610430985383 0.32742760620455713 0.7454014181690461 0.17740847724359998 0.7908652415311793 0.6239840646587685
0.26072803273352985 0.011789047180265078 0.25717442459228324 0.3443143145451325 0.9684684794956906 0.9602357429826287 0.29467435937167374 0.15292814672787525 0.3031065618463309 0.9587528099891589 0.0 0.8713995501138053 0.11586177305800116 0.8259440324021586 0.27584139146382014 0.9207783374860893 0.9876340507521837 0.1651829616607028
0.4359919932599631 0.17291872205519143 0.17027578236882324 0.6189489255650052 0.6593416149189872 0.2427928003306471 0.8947382949252515 0.8097728148728514 0.3537484020975684 0.6294228684146012 0.8713995501138053 0.0 0.6845039780107874 0.07917421841310446 0.7599989641839074 0.9207014657750536 0.28818917430245894 0.346951647940796
0.9799351313044541 0.05278964857125146 0.06842298843129768 0.33884134379571196 0.3485781892198545 0.37633265739097344 0.6055803622826748 0.9516004739922298 0.9297186875869178 0.4142610430985383 0.11586177305800116 0.6845039780107874 0.0 0.984613078265053 0.6533871632368047 0.6698818139288596 0.19175731721534262 0.04159903504057472
0.5651112816293817 0.8432647057031625 0.08783697014026248 0.24967748609629092 0.46291986830902376 0.1283232568170949 0.9265009674423282 0.549776634431011 0.5183546847697859 0.32742760620455713 0.8259440324021586 0.07917421841310446 0.984613078265053 0.0 0.5421128921310554 0.7085107846023176 0.1219811568151975 0.6008385318696947
0.6961138478744741 0.530942319943648 0.42710981586692676 0.020490630399365828 0.7684171564006445 0.2886107491429166 0.025292993105056172 0.2617568760352613 0.14202429556844232 0.7454014181690461 0.27584139146382014 0.7599989641839074 0.6533871632368047 0.5421128921310554 0.0 0.41711347569277235 0.7154173793606368 0.06201432696268083
0.12469407674419297 0.04658818644223106 0.8886791275854902 0.38536962585112067 0.20959815330075615 0.7427313656742538 0.4513121099039572 0.06891663767704281 0.8017774985799189 0.17740847724359998 0.9207783374860893 0.9207014657750536 0.6698818139288596 0.7085107846023176 0.41711347569277235 0.0 0.8720390108139402 0.8748376845523188
0.9173555425252032 0.45783304936196 0.9848658608040552 0.23286126334886048 0.8396917091648187 0.9031815462180328 0.26199362569830187 0.23391511386314057 0.5529411655555783 0.7908652415311793 0.9876340507521837 0.28818917430245894 0.19175731721534262 0.1219811568151975 0.7154173793606368 0.8720390108139402 0.0 0.7023856493943874
0.053142190889362007 0.8343196828790153 0.6649832016206821 0.33686638295141 0.5223683524080964 0.22688216254947013 0.19328235746912703 0.5797057662963189 0.9371308416214378 0.6239840646587685 0.1651829616607028 0.346951647940796 0.04159903504057472 0.6008385318696947 0.06201432696268083 0.8748376845523188 0.7023856493943874 0.0

# Optimal Walk
0 17 12 2 13 11 16 7 10 1 15 4 5 9 6 14 8 3 0
