# Graph size: 18
# Optimal cost: 2.597507177598661

# Distance Matrix
0.0 0.5196130177545277 0.08086149293957279 0.23612768711524634 0.5981495089602569 0.6753364512014378 0.7309640219026833 0.5867415394838749 0.9989578674849479 0.5815169969403086 0.7191362037491845 0.5385173776236828 0.9933509181382708 0.610606645600228 0.6432885956218951 0.1454137103855041 0.6860443270598867 0.6112358352877254
0.5196130177545277 0.0 0.6227294894269463 0.1015424220616048 0.29031719662940625 0.21260410892767656 0.1868768887001211 0.346040010224798 0.796898746262722 0.5950125614992847 0.4316028823295056 0.9085094998051831 0.7646287436916831 0.7873595031030943 0.5325966218499727 0.20868725663966248 0.6196409386969441 0.17839727758973023
0.08086149293957279 0.6227294894269463 0.0 0.9326706842832349 0.41558926708448174 0.46798270766580485 0.3357753929586821 0.7787252417914705 0.14424397898455754 0.5759985193866977 0.41537061000668163 0.47412279345820263 0.72221975825267 0.35346856258257964 0.4131319909499054 0.533516238440595 0.4935067738113451 0.886407932204646
0.23612768711524634 0.1015424220616048 0.9326706842832349 0.0 0.2626455967649761 0.2797109688553667 0.14391472801611227 0.809596228961317 0.3138490043487242 0.3059319352167822 0.8299994787247286 0.5833210034454859 0.04180393678549421 0.04190466767969292 0.9726328505715697 0.04448276696980291 0.9291603548887113 0.20844897156109643
0.5981495089602569 0.29031719662940625 0.41558926708448174 0.2626455967649761 0.0 0.9366817455228372 0.4391234464591314 0.34192299329054054 0.42282280321344334 0.4598643956766143 0.011604046370778498 0.8753575312774222 0.7258428196913919 0.6167026733868034 0.6250713436515244 0.08534972331572122 0.3418475808140792 0.30759129014890874
0.6753364512014378 0.21260410892767656 0.46798270766580485 0.2797109688553667 0.9366817455228372 0.0 0.8185176970970087 0.7402582327863454 0.5538576217414202 0.7483564183060122 0.16765194881070933 0.7292778432340008 0.17882682670624872 0.2022771028640653 0.8099633798014156 0.5455562058948253 0.761667398737553 0.24439556616274127
0.7309640219026833 0.1868768887001211 0.3357753929586821 0.14391472801611227 0.4391234464591314 0.8185176970970087 0.0 0.5187750819352884 0.8257845886163963 0.2717707660266283 0.17704285429715805 0.7667467621807496 0.7727087161314491 0.7820351187257529 0.8258586417704885 0.8062013477641848 0.4129830281477015 0.3379498361544411
0.5867415394838749 0.346040010224798 0.7787252417914705 0.809596228961317 0.34192299329054054 0.7402582327863454 0.5187750819352884 0.0 0.8371853600409542 0.9118135756954001 0.5500179221677405 0.9830757574588482 0.7705681447867317 0.5806133384261213 0.959946356976928 0.6972995588416456 0.7341939869941975 0.6649196392949196
0.9989578674849479 0.796898746262722 0.14424397898455754 0.3138490043487242 0.42282280321344334 0.5538576217414202 0.8257845886163963 0.8371853600409542 0.0 0.8485622739326838 0.8255295185817787 0.04645503030900233 0.1257362823757412 0.8380606135085908 0.42703878150413976 0.4234220920687535 0.3373035004433441 0.7846343731662774
0.5815169969403086 0.5950125614992847 0.5759985193866977 0.3059319352167822 0.4598643956766143 0.7483564183060122 0.2717707660266283 0.9118135756954001 0.8485622739326838 0.0 0.8594517118033175 0.4898664795604344 0.6479141882760703 0.5414616415174984 0.826407601760612 0.9905697448152688 0.20776773651607594 0.37634123191612356
0.7191362037491845 0.4316028823295056 0.41537061000668163 0.8299994787247286 0.011604046370778498 0.16765194881070933 0.17704285429715805 0.5500179221677405 0.8255295185817787 0.8594517118033175 0.0 0.06422528462858346 0.9390123047789634 0.9115477746308912 0.12921285335188581 0.8204311440193559 0.08213348972609313 0.671575127278158
0.5385173776236828 0.9085094998051831 0.47412279345820263 0.5833210034454859 0.8753575312774222 0.7292778432340008 0.7667467621807496 0.9830757574588482 0.04645503030900233 0.4898664795604344 0.06422528462858346 0.0 0.352023613264414 0.28580230497517156 0.48270733290523826 0.13680049459705124 0.6118799960871576 0.18161540534213305
0.9933509181382708 0.7646287436916831 0.72221975825267 0.04180393678549421 0.7258428196913919 0.17882682670624872 0.7727087161314491 0.7705681447867317 0.1257362823757412 0.6479141882760703 0.9390123047789634 0.352023613264414 0.0 0.7249798315715 0.4035660767918309 0.8581502482282858 0.7750809043372763 0.2345649408200653
0.610606645600228 0.7873595031030943 0.35346856258257964 0.04190466767969292 0.6167026733868034 0.2022771028640653 0.7820351187257529 0.5806133384261213 0.8380606135085908 0.5414616415174984 0.9115477746308912 0.28580230497517156 0.7249798315715 0.0 0.22597893932969426 0.2551591560201164 0.6984816001557186 0.47019831128666745
0.6432885956218951 0.5325966218499727 0.4131319909499054 0.9726328505715697 0.6250713436515244 0.8099633798014156 0.8258586417704885 0.959946356976928 0.42703878150413976 0.826407601760612 0.12921285335188581 0.48270733290523826 0.4035660767918309 0.22597893932969426 0.0 0.7269034582102999 0.16434366527497302 0.08132340512593261
0.1454137103855041 0.20868725663966248 0.533516238440595 0.04448276696980291 0.08534972331572122 0.5455562058948253 0.8062013477641848 0.6972995588416456 0.4234220920687535 0.9905697448152688 0.8204311440193559 0.13680049459705124 0.8581502482282858 0.2551591560201164 0.7269034582102999 0.0 0.2927988855607716 0.6349937281247616
0.6860443270598867 0.6196409386969441 0.4935067738113451 0.9291603548887113 0.3418475808140792 0.761667398737553 0.4129830281477015 0.7341939869941975 0.3373035004433441 0.20776773651607594 0.08213348972609313 0.6118799960871576 0.7750809043372763 0.6984816001557186 0.16434366527497302 0.2927988855607716 0.0 0.02321416611303928
0.6112358352877254 0.17839727758973023 0.886407932204646 0.20844897156109643 0.30759129014890874 0.24439556616274127 0.3379498361544411 0.6649196392949196 0.7846343731662774 0.37634123191612356 0.671575127278158 0.18161540534213305 0.2345649408200653 0.47019831128666745 0.08132340512593261 0.6349937281247616 0.02321416611303928 0.0

# Optimal Walk
0 15 13 3 12 5 4 7 1 6 9 16 17 14 10 11 8 2 0
