# MCW Instance
# Type: UNIFORM
# N: 24
# Optimal cost: 2.2717002375988384
# Optimal tour (permutation): [0, 15, 23, 10, 12, 9, 20, 21, 4, 17, 13, 7, 22, 2, 11, 18, 3, 5, 1, 6, 14, 8, 19, 16, 0]
# Optimal walk (full path): [0, 15, 23, 10, 9, 12, 9, 13, 20, 21, 4, 17, 13, 7, 22, 2, 11, 3, 18, 3, 5, 1, 5, 3, 6, 14, 8, 14, 19, 16, 19, 0]
# Walk size: 32
# Is walk (has repeats): true

# Distance Matrix
0.0000000000 0.4912206070 0.2707929100 0.1799968317 0.9981922580 0.0957523139 0.2240218880 0.7698261149 0.1974342720 0.7790048382 0.5005245012 0.5269079538 0.7898927222 0.2164232864 0.7803862570 0.0756049495 0.3003354988 0.4575556970 0.6088371129 0.1404466754 0.6729360444 0.1017072677 0.2022016512 0.5908981484
0.4912206070 0.0000000000 0.2670967145 0.3548362677 0.7632420264 0.0177762224 0.6943452910 0.5460915481 0.7409827294 0.3537951887 0.2600068463 0.3708677495 0.2601454478 0.5048250388 0.9540174940 0.5969807425 0.7666110518 0.6937972271 0.6471605612 0.2215431740 0.7878652804 0.2357941423 0.3921697384 0.0983454657
0.2707929100 0.2670967145 0.0000000000 0.5911732265 0.7607105050 0.5035577797 0.8690252351 0.4372673080 0.4789757523 0.3956937412 0.6260337069 0.0736219292 0.9461790479 0.9955650603 0.1113850884 0.0889275835 0.9240390188 0.9148257004 0.4124008872 0.7591659571 0.3580127042 0.4651451034 0.0541379470 0.0557266434
0.1799968317 0.3548362677 0.5911732265 0.0000000000 0.1959394038 0.0315369403 0.1079153173 0.5572953380 0.7574667264 0.2802605556 0.4363321115 0.1097822160 0.6306077594 0.1710523634 0.4773945697 0.2123482437 0.6196295908 0.7678582957 0.0338472133 0.2726266793 0.0975755715 0.3979023185 0.3785298801 0.0705253615
0.9981922580 0.7632420264 0.7607105050 0.1959394038 0.0000000000 0.2270745477 0.7958406573 0.6125584333 0.9975351524 0.9046923175 0.4879145881 0.6203541116 0.8972584393 0.9569319801 0.8204296599 0.1540224672 0.6229109453 0.0700915028 0.7175524408 0.5493098839 0.7488390805 0.1715381741 0.4653305304 0.3263418896
0.0957523139 0.0177762224 0.5035577797 0.0315369403 0.2270745477 0.0000000000 0.2256342459 0.4965614222 0.5620052650 0.4605741690 0.1522140342 0.3728170204 0.9491008634 0.4228639173 0.2532804902 0.8334769047 0.7434376939 0.1822953346 0.0968530664 0.5305510022 0.9271314859 0.2413699191 0.5641145874 0.0614484830
0.2240218880 0.6943452910 0.8690252351 0.1079153173 0.7958406573 0.2256342459 0.0000000000 0.3208039817 0.4303990373 0.5925961701 0.7446975349 0.5646455460 0.6264118005 0.7537673337 0.0848449267 0.7626331173 0.7816193838 0.7973857019 0.6519068415 0.9071217795 0.6474517643 0.8975001190 0.8673457502 0.1941919212
0.7698261149 0.5460915481 0.4372673080 0.5572953380 0.6125584333 0.4965614222 0.3208039817 0.0000000000 0.3624112033 0.9687902399 0.2363979574 0.8645483772 0.6354614514 0.0869642824 0.8956795385 0.2604313634 0.6014001415 0.7432260998 0.9553486991 0.3759137425 0.5506368053 0.3903614675 0.0067048141 0.2961230290
0.1974342720 0.7409827294 0.4789757523 0.7574667264 0.9975351524 0.5620052650 0.4303990373 0.3624112033 0.0000000000 0.6430264559 0.4967828657 0.3389561831 0.5703401813 0.4038849394 0.1149108635 0.8629891449 0.7445919156 0.2700388715 0.7915591779 0.4753239447 0.9912670602 0.7047392416 0.5005300775 0.6120433006
0.7790048382 0.3537951887 0.3956937412 0.2802605556 0.9046923175 0.4605741690 0.5925961701 0.9687902399 0.6430264559 0.0000000000 0.0164513349 0.4324950122 0.1614150361 0.0403319237 0.2000894226 0.1583588348 0.2236355033 0.5143662821 0.2297467932 0.7309241466 0.7410468691 0.7826457160 0.3256583980 0.0842689966
0.5005245012 0.2600068463 0.6260337069 0.4363321115 0.4879145881 0.1522140342 0.7446975349 0.2363979574 0.4967828657 0.0164513349 0.0000000000 0.3399685491 0.5754576969 0.5229146484 0.4513090391 0.4922915470 0.6240211571 0.3760498780 0.2794982453 0.5453541368 0.4669537454 0.8819621112 0.9995426258 0.0315657127
0.5269079538 0.3708677495 0.0736219292 0.1097822160 0.6203541116 0.3728170204 0.5646455460 0.8645483772 0.3389561831 0.4324950122 0.3399685491 0.0000000000 0.7850605406 0.3790072198 0.2987689105 0.8832973196 0.2720427310 0.6732744695 0.8330163681 0.3123466629 0.5965768716 0.6674646989 0.3743970703 0.2783248685
0.7898927222 0.2601454478 0.9461790479 0.6306077594 0.8972584393 0.9491008634 0.6264118005 0.6354614514 0.5703401813 0.1614150361 0.5754576969 0.7850605406 0.0000000000 0.8403169477 0.3234562174 0.2369958362 0.6666007287 0.9067221831 0.8765578044 0.4485581401 0.5239774166 0.7872165983 0.8376120330 0.5434404864
0.2164232864 0.5048250388 0.9955650603 0.1710523634 0.9569319801 0.4228639173 0.7537673337 0.0869642824 0.4038849394 0.0403319237 0.5229146484 0.3790072198 0.8403169477 0.0000000000 0.9590660502 0.2440361589 0.4685264670 0.0405746010 0.6043589736 0.4232223805 0.0974739222 0.6399232339 0.8582952855 0.1465717689
0.7803862570 0.9540174940 0.1113850884 0.4773945697 0.8204296599 0.2532804902 0.0848449267 0.8956795385 0.1149108635 0.2000894226 0.4513090391 0.2987689105 0.3234562174 0.9590660502 0.0000000000 0.8519176928 0.9218817732 0.4781496588 0.1479528020 0.1307808524 0.8663066774 0.4783649762 0.3172533335 0.4114937440
0.0756049495 0.5969807425 0.0889275835 0.2123482437 0.1540224672 0.8334769047 0.7626331173 0.2604313634 0.8629891449 0.1583588348 0.4922915470 0.8832973196 0.2369958362 0.2440361589 0.8519176928 0.0000000000 0.8213282177 0.7039881457 0.0943225447 0.7933170224 0.6468315814 0.8951575949 0.5156241922 0.0152521704
0.3003354988 0.7666110518 0.9240390188 0.6196295908 0.6229109453 0.7434376939 0.7816193838 0.6014001415 0.7445919156 0.2236355033 0.6240211571 0.2720427310 0.6666007287 0.4685264670 0.9218817732 0.8213282177 0.0000000000 0.6334667396 0.5361299727 0.0579180781 0.5550152184 0.4552745559 0.2911226763 0.3461394896
0.4575556970 0.6937972271 0.9148257004 0.7678582957 0.0700915028 0.1822953346 0.7973857019 0.7432260998 0.2700388715 0.5143662821 0.3760498780 0.6732744695 0.9067221831 0.0405746010 0.4781496588 0.7039881457 0.6334667396 0.0000000000 0.8149637786 0.8524924936 0.3692879505 0.9967469099 0.3315310823 0.9608305463
0.6088371129 0.6471605612 0.4124008872 0.0338472133 0.7175524408 0.0968530664 0.6519068415 0.9553486991 0.7915591779 0.2297467932 0.2794982453 0.8330163681 0.8765578044 0.6043589736 0.1479528020 0.0943225447 0.5361299727 0.8149637786 0.0000000000 0.7324231247 0.3531607262 0.4066351344 0.2044840702 0.6615610087
0.1404466754 0.2215431740 0.7591659571 0.2726266793 0.5493098839 0.5305510022 0.9071217795 0.3759137425 0.4753239447 0.7309241466 0.5453541368 0.3123466629 0.4485581401 0.4232223805 0.1307808524 0.7933170224 0.0579180781 0.8524924936 0.7324231247 0.0000000000 0.6365164879 0.5526951668 0.4523768276 0.8323730758
0.6729360444 0.7878652804 0.3580127042 0.0975755715 0.7488390805 0.9271314859 0.6474517643 0.5506368053 0.9912670602 0.7410468691 0.4669537454 0.5965768716 0.5239774166 0.0974739222 0.8663066774 0.6468315814 0.5550152184 0.3692879505 0.3531607262 0.6365164879 0.0000000000 0.0828082784 0.6673014096 0.7006044107
0.1017072677 0.2357941423 0.4651451034 0.3979023185 0.1715381741 0.2413699191 0.8975001190 0.3903614675 0.7047392416 0.7826457160 0.8819621112 0.6674646989 0.7872165983 0.6399232339 0.4783649762 0.8951575949 0.4552745559 0.9967469099 0.4066351344 0.5526951668 0.0828082784 0.0000000000 0.7143575993 0.9665992827
0.2022016512 0.3921697384 0.0541379470 0.3785298801 0.4653305304 0.5641145874 0.8673457502 0.0067048141 0.5005300775 0.3256583980 0.9995426258 0.3743970703 0.8376120330 0.8582952855 0.3172533335 0.5156241922 0.2911226763 0.3315310823 0.2044840702 0.4523768276 0.6673014096 0.7143575993 0.0000000000 0.9092483886
0.5908981484 0.0983454657 0.0557266434 0.0705253615 0.3263418896 0.0614484830 0.1941919212 0.2961230290 0.6120433006 0.0842689966 0.0315657127 0.2783248685 0.5434404864 0.1465717689 0.4114937440 0.0152521704 0.3461394896 0.9608305463 0.6615610087 0.8323730758 0.7006044107 0.9665992827 0.9092483886 0.0000000000
