# Graph size: 24
# Optimal cost: 1.4808027421769925

# Distance Matrix
0.0 0.7567123126547077 0.5131918856433213 0.7991126685488611 0.2469229941787321 0.3086977516457985 0.008403745776996763 0.6427887675202634 0.16323522917866595 0.9862572718281034 0.9484594562383877 0.05804595112910227 0.44957591973073496 0.31905133957068343 0.8019405095811986 0.0032116909917198067 0.8266284493963895 0.3385675466067467 0.037805404399266274 0.6815735080990151 0.058233960729154766 0.675760628188414 0.023033711945631974 0.9503328806355926
0.7567123126547077 0.0 0.5011278586981042 0.7964036517829206 0.9214842053866542 0.9649423160822176 0.9504614403270096 0.5033318694226104 0.8610873111399696 0.9345881154851555 0.6893417685221082 0.14823642012062743 0.051531408975994064 0.9436840098797361 0.4562881524825345 0.09039191178148465 0.9808914679227733 0.15459091793607227 0.3814166198385709 0.8156786828754533 0.2971875161311712 0.348381192591234 0.8103281728249788 0.7864865126510961
0.5131918856433213 0.5011278586981042 0.0 0.4896494153246914 0.6833161110937708 0.3340909222536784 0.5315639798077358 0.024504104234855828 0.7548073090477186 0.27436995666825237 0.7046034042930625 0.1613892828058302 0.5259849937972989 0.33467299841765674 0.8413283403638161 0.2790382132136088 0.46459609908479793 0.12184382312353892 0.3270770139009167 0.17266764149670633 0.2698083975805382 0.7663497297857877 0.650351702966087 0.4505414556560009
0.7991126685488611 0.7964036517829206 0.4896494153246914 0.0 0.9015973214631022 0.9255731515047054 0.3625305497017053 0.8534706915912864 0.23574398296390908 0.0412318196756043 0.2899149321302362 0.048549930317087986 0.5590747128108802 0.8402155603409811 0.451512047983214 0.20721950842423498 0.29242374876480326 0.7175423896897684 0.8244289034928456 0.4677812754476207 0.7829022539971942 0.8208001940250578 0.5684805326176706 0.20378551417003443
0.2469229941787321 0.9214842053866542 0.6833161110937708 0.9015973214631022 0.0 0.7424085067006464 0.367354596811173 0.5725917580287777 0.8722451276058486 0.9259156545344603 0.9687675140709552 0.21779842747689537 0.09942247993739028 0.9409250044001851 0.5112850946903519 0.06513060927699621 0.576973285137393 0.6585743749101174 0.44691777216386863 0.7713866638823907 0.2875212028448444 0.5572423671405137 0.186549108388124 0.9117840358222489
0.3086977516457985 0.9649423160822176 0.3340909222536784 0.9255731515047054 0.7424085067006464 0.0 0.556275506704921 0.4710914327222977 0.654674375711826 0.54569857133128 0.43409336401668275 0.6388438319980778 0.9647836704220761 0.3001815012902299 0.9574277432419956 0.652186200760575 0.6050685391482098 0.4656689265863563 0.9018903768089371 0.8885501839608512 0.4860451971617422 0.09927602665306756 0.7486985772506434 0.2796175993688539
0.008403745776996763 0.9504614403270096 0.5315639798077358 0.3625305497017053 0.367354596811173 0.556275506704921 0.0 0.6948512901339395 0.41329422701941365 0.7170640217772082 0.8147512327683698 0.8253875287379885 0.7899862794544978 0.880620183529272 0.007652704966962576 0.30913918665546714 0.6085007942641194 0.5822745808385621 0.6649012259367599 0.25842690208410746 0.6957044867079548 0.5894105314742183 0.6866281994197538 0.9520000153330567
0.6427887675202634 0.5033318694226104 0.024504104234855828 0.8534706915912864 0.5725917580287777 0.4710914327222977 0.6948512901339395 0.0 0.6199564536926311 0.6901532000840036 0.3024347677034416 0.24229988341658093 0.23532616471358692 0.7214523160271126 0.09975991309827514 0.8443846108686643 0.8534824628274469 0.34102437995829127 0.43725953422941743 0.6784207372235965 0.17145827371310296 0.20773544917004672 0.3523574765398808 0.1808112681135663
0.16323522917866595 0.8610873111399696 0.7548073090477186 0.23574398296390908 0.8722451276058486 0.654674375711826 0.41329422701941365 0.6199564536926311 0.0 0.6157217992811398 0.6187948677781823 0.8699816469886705 0.7734441910140527 0.07646166396858955 0.06716927704356801 0.6985997433337781 0.4862085514089213 0.10072001194888514 0.6289156187156744 0.6600204044645128 0.06484025915965008 0.48898432432665506 0.5676704679703947 0.8410277532697213
0.9862572718281034 0.9345881154851555 0.27436995666825237 0.0412318196756043 0.9259156545344603 0.54569857133128 0.7170640217772082 0.6901532000840036 0.6157217992811398 0.0 0.7643234271648347 0.8970748578051436 0.05232243711565754 0.3777683160387968 0.4274868839171293 0.4836416351301681 0.423933205846452 0.9879110250362175 0.37910023375846713 0.863311144096247 0.019262031329770446 0.8509528774235104 0.1276870346115121 0.6264997565593367
0.9484594562383877 0.6893417685221082 0.7046034042930625 0.2899149321302362 0.9687675140709552 0.43409336401668275 0.8147512327683698 0.3024347677034416 0.6187948677781823 0.7643234271648347 0.0 0.1607875820280622 0.20364373143911718 0.8604374072661723 0.46913688652153573 0.5569095931247731 0.0653561581805363 0.24101631364004705 0.5390185554300694 0.021052857429789018 0.8373268817030839 0.07572752926427206 0.9502369871279625 0.1146839866467182
0.05804595112910227 0.14823642012062743 0.1613892828058302 0.048549930317087986 0.21779842747689537 0.6388438319980778 0.8253875287379885 0.24229988341658093 0.8699816469886705 0.8970748578051436 0.1607875820280622 0.0 0.13004866303083917 4.075091120421259E-4 0.5431102387842712 0.04679137620306062 0.06469280305649328 0.4585877567744858 0.8742608628857751 0.9211671571881349 0.4672935449494422 0.8908779565197705 0.10997003024478824 0.21286970585252585
0.44957591973073496 0.051531408975994064 0.5259849937972989 0.5590747128108802 0.09942247993739028 0.9647836704220761 0.7899862794544978 0.23532616471358692 0.7734441910140527 0.05232243711565754 0.20364373143911718 0.13004866303083917 0.0 0.8285281877232863 0.23618605902758916 0.965660131812644 0.176533554166861 0.637277356075974 0.5573064845317572 0.08533481160049305 0.7417332098433596 0.7127518261589766 0.8465701348568053 0.2870326460528183
0.31905133957068343 0.9436840098797361 0.33467299841765674 0.8402155603409811 0.9409250044001851 0.3001815012902299 0.880620183529272 0.7214523160271126 0.07646166396858955 0.3777683160387968 0.8604374072661723 4.075091120421259E-4 0.8285281877232863 0.0 0.3343962605201264 0.4578240328353371 0.8416658147542161 0.9138266392889325 0.9783000985652505 0.5353034938200083 0.9874048749787588 0.12462907563622183 0.9769757793847159 0.32924765309776705
0.8019405095811986 0.4562881524825345 0.8413283403638161 0.451512047983214 0.5112850946903519 0.9574277432419956 0.007652704966962576 0.09975991309827514 0.06716927704356801 0.4274868839171293 0.46913688652153573 0.5431102387842712 0.23618605902758916 0.3343962605201264 0.0 0.5161166764618809 0.33503660375661415 0.45388155958705945 0.6950000601496036 0.9875248927962066 0.17567845898394407 0.03749777538604149 0.9245009076419931 0.5283702139491581
0.0032116909917198067 0.09039191178148465 0.2790382132136088 0.20721950842423498 0.06513060927699621 0.652186200760575 0.30913918665546714 0.8443846108686643 0.6985997433337781 0.4836416351301681 0.5569095931247731 0.04679137620306062 0.965660131812644 0.4578240328353371 0.5161166764618809 0.0 0.27400591901260873 0.018033767198721296 0.557515056101297 0.44270809973908576 0.8851887376205221 0.3737262652993364 0.6547750845210899 0.8257245079185911
0.8266284493963895 0.9808914679227733 0.46459609908479793 0.29242374876480326 0.576973285137393 0.6050685391482098 0.6085007942641194 0.8534824628274469 0.4862085514089213 0.423933205846452 0.0653561581805363 0.06469280305649328 0.176533554166861 0.8416658147542161 0.33503660375661415 0.27400591901260873 0.0 0.8987600903351569 0.16724858824121525 0.4156382829733557 0.3070769307344797 0.029878653906566632 0.9465380115134182 0.5707079647023493
0.3385675466067467 0.15459091793607227 0.12184382312353892 0.7175423896897684 0.6585743749101174 0.4656689265863563 0.5822745808385621 0.34102437995829127 0.10072001194888514 0.9879110250362175 0.24101631364004705 0.4585877567744858 0.637277356075974 0.9138266392889325 0.45388155958705945 0.018033767198721296 0.8987600903351569 0.0 0.07418172150233493 0.06755263766502506 0.94938856815434 0.8089711102794167 0.8815329946563653 0.8968973496270917
0.037805404399266274 0.3814166198385709 0.3270770139009167 0.8244289034928456 0.44691777216386863 0.9018903768089371 0.6649012259367599 0.43725953422941743 0.6289156187156744 0.37910023375846713 0.5390185554300694 0.8742608628857751 0.5573064845317572 0.9783000985652505 0.6950000601496036 0.557515056101297 0.16724858824121525 0.07418172150233493 0.0 0.10744497813868104 0.6093559118684979 0.839052191522534 0.6384744834156187 0.07277308129834403
0.6815735080990151 0.8156786828754533 0.17266764149670633 0.4677812754476207 0.7713866638823907 0.8885501839608512 0.25842690208410746 0.6784207372235965 0.6600204044645128 0.863311144096247 0.021052857429789018 0.9211671571881349 0.08533481160049305 0.5353034938200083 0.9875248927962066 0.44270809973908576 0.4156382829733557 0.06755263766502506 0.10744497813868104 0.0 0.2382143360011837 0.3906319416102564 0.654987649368331 0.7489705808380235
0.058233960729154766 0.2971875161311712 0.2698083975805382 0.7829022539971942 0.2875212028448444 0.4860451971617422 0.6957044867079548 0.17145827371310296 0.06484025915965008 0.019262031329770446 0.8373268817030839 0.4672935449494422 0.7417332098433596 0.9874048749787588 0.17567845898394407 0.8851887376205221 0.3070769307344797 0.94938856815434 0.6093559118684979 0.2382143360011837 0.0 0.34708641319056 0.04345132738578816 0.3640853853760505
0.675760628188414 0.348381192591234 0.7663497297857877 0.8208001940250578 0.5572423671405137 0.09927602665306756 0.5894105314742183 0.20773544917004672 0.48898432432665506 0.8509528774235104 0.07572752926427206 0.8908779565197705 0.7127518261589766 0.12462907563622183 0.03749777538604149 0.3737262652993364 0.029878653906566632 0.8089711102794167 0.839052191522534 0.3906319416102564 0.34708641319056 0.0 0.09882146044714535 0.5592044730153518
0.023033711945631974 0.8103281728249788 0.650351702966087 0.5684805326176706 0.186549108388124 0.7486985772506434 0.6866281994197538 0.3523574765398808 0.5676704679703947 0.1276870346115121 0.9502369871279625 0.10997003024478824 0.8465701348568053 0.9769757793847159 0.9245009076419931 0.6547750845210899 0.9465380115134182 0.8815329946563653 0.6384744834156187 0.654987649368331 0.04345132738578816 0.09882146044714535 0.0 0.08930425484838456
0.9503328806355926 0.7864865126510961 0.4505414556560009 0.20378551417003443 0.9117840358222489 0.2796175993688539 0.9520000153330567 0.1808112681135663 0.8410277532697213 0.6264997565593367 0.1146839866467182 0.21286970585252585 0.2870326460528183 0.32924765309776705 0.5283702139491581 0.8257245079185911 0.5707079647023493 0.8968973496270917 0.07277308129834403 0.7489705808380235 0.3640853853760505 0.5592044730153518 0.08930425484838456 0.0

# Optimal Walk
0 18 23 22 20 8 13 11 3 9 12 1 19 10 16 21 5 14 6 7 2 17 4 15 0
