# MCW Instance
# Type: UNIFORM
# N: 24
# Optimal cost: 1.4253238075766812
# Optimal tour (permutation): [0, 22, 15, 7, 13, 3, 9, 10, 11, 8, 6, 1, 17, 16, 14, 18, 23, 2, 21, 19, 12, 20, 5, 4, 0]
# Optimal walk (full path): [0, 22, 0, 15, 2, 7, 3, 13, 3, 9, 10, 11, 8, 11, 6, 11, 1, 17, 14, 16, 14, 18, 23, 2, 21, 19, 12, 20, 5, 4, 0]
# Walk size: 31
# Is walk (has repeats): true

# Distance Matrix
0.0000000000 0.1161090148 0.8883180496 0.7552001211 0.0816041932 0.7179026726 0.7797982576 0.5465889723 0.3299369825 0.7595804995 0.5874152609 0.9948216207 0.8749652239 0.8669378163 0.7048242053 0.0660217279 0.7993563458 0.6799244396 0.3469783551 0.9448557087 0.7952630925 0.4195671094 0.0859744823 0.2497823086
0.1161090148 0.0000000000 0.4925581671 0.8209512826 0.9349413016 0.7835665910 0.2656696120 0.5365406683 0.8823456839 0.6464808160 0.6015662710 0.0057150175 0.8972545095 0.4468421264 0.8702335425 0.9592572671 0.0755048185 0.0320132880 0.1290163369 0.1816238738 0.7773987450 0.6327190813 0.4134975966 0.8891827368
0.8883180496 0.4925581671 0.0000000000 0.3194535432 0.5645079492 0.8201178871 0.0992054462 0.0259014840 0.6624145895 0.5695319050 0.6622512491 0.2200481586 0.4383560318 0.1547359832 0.2096830994 0.0412619068 0.5455203338 0.6242904156 0.1284057514 0.8102812376 0.5099832735 0.0284987410 0.8165196325 0.0336908635
0.7552001211 0.8209512826 0.3194535432 0.0000000000 0.8470154939 0.0651961349 0.8964338110 0.0378314933 0.6180184602 0.0018369262 0.7660843346 0.6530720859 0.2037548643 0.0218617073 0.8542550993 0.3312878143 0.5705150988 0.2458620452 0.2126000000 0.5725506693 0.5880882527 0.8118514729 0.6248169428 0.5614539461
0.0816041932 0.9349413016 0.5645079492 0.8470154939 0.0000000000 0.0218826528 0.5639889618 0.2425258336 0.4691555682 0.6662674543 0.0953913122 0.8677537638 0.9641400064 0.7121833608 0.1182094322 0.3935328066 0.0928616000 0.8492971844 0.3929324109 0.5869670977 0.8408469796 0.7914513010 0.7389228060 0.3532273271
0.7179026726 0.7835665910 0.8201178871 0.0651961349 0.0218826528 0.0000000000 0.3654979932 0.8838860651 0.9694753512 0.8542823752 0.1037505922 0.2016892966 0.9472300980 0.3727798969 0.7009092635 0.0811538338 0.3395607732 0.6093382689 0.9813907682 0.3392006018 0.0685975226 0.1806147309 0.9877747156 0.5307513363
0.7797982576 0.2656696120 0.0992054462 0.8964338110 0.5639889618 0.3654979932 0.0000000000 0.8968325286 0.4458656505 0.4514728795 0.4699112530 0.0667961800 0.4313166151 0.9264929906 0.8980492865 0.4220802051 0.5445115479 0.2171870267 0.6203392136 0.9770237256 0.9749113906 0.6615377220 0.6520520966 0.4736666363
0.5465889723 0.5365406683 0.0259014840 0.0378314933 0.2425258336 0.8838860651 0.8968325286 0.0000000000 0.1623650207 0.2934516790 0.9168669780 0.0671143903 0.4816760626 0.9006906708 0.8216930632 0.9142469263 0.3393408894 0.5194878550 0.5959735192 0.1057436232 0.2076352132 0.9625585435 0.6281672356 0.0776853866
0.3299369825 0.8823456839 0.6624145895 0.6180184602 0.4691555682 0.9694753512 0.4458656505 0.1623650207 0.0000000000 0.7315774973 0.5641302094 0.1580819391 0.3665337779 0.9358994113 0.4437798107 0.5909579782 0.3300764140 0.7320051043 0.2402810097 0.3876792339 0.2469667464 0.3790023500 0.4473275745 0.9552137959
0.7595804995 0.6464808160 0.5695319050 0.0018369262 0.6662674543 0.8542823752 0.4514728795 0.2934516790 0.7315774973 0.0000000000 0.0287754921 0.2882407265 0.1949136100 0.2123640218 0.6310099860 0.5773927116 0.5633150474 0.5381313853 0.1333468585 0.0779660734 0.2910313261 0.6234791127 0.3743623414 0.0792369751
0.5874152609 0.6015662710 0.6622512491 0.7660843346 0.0953913122 0.1037505922 0.4699112530 0.9168669780 0.5641302094 0.0287754921 0.0000000000 0.0437095658 0.3420013223 0.9723338797 0.9519444918 0.2479883558 0.1309844036 0.5412254893 0.9366897408 0.8623617209 0.5315726547 0.9197583842 0.8048333541 0.3565784472
0.9948216207 0.0057150175 0.2200481586 0.6530720859 0.8677537638 0.2016892966 0.0667961800 0.0671143903 0.1580819391 0.2882407265 0.0437095658 0.0000000000 0.4752270461 0.2715077737 0.8037873321 0.6017554350 0.6233924460 0.9852553307 0.2839482542 0.3352982206 0.5682647330 0.4073662501 0.6711213014 0.3578857816
0.8749652239 0.8972545095 0.4383560318 0.2037548643 0.9641400064 0.9472300980 0.4313166151 0.4816760626 0.3665337779 0.1949136100 0.3420013223 0.4752270461 0.0000000000 0.9847768735 0.5717488487 0.9961348286 0.6441907631 0.8873983457 0.2579933424 0.0224480399 0.1046702207 0.9900697409 0.9045761953 0.1229050523
0.8669378163 0.4468421264 0.1547359832 0.0218617073 0.7121833608 0.3727798969 0.9264929906 0.9006906708 0.9358994113 0.2123640218 0.9723338797 0.2715077737 0.9847768735 0.0000000000 0.8226762764 0.7935705595 0.1315545797 0.4483905444 0.2092999656 0.4318448971 0.8859656321 0.6039937147 0.6677756275 0.4972861797
0.7048242053 0.8702335425 0.2096830994 0.8542550993 0.1182094322 0.7009092635 0.8980492865 0.8216930632 0.4437798107 0.6310099860 0.9519444918 0.8037873321 0.5717488487 0.8226762764 0.0000000000 0.5131831821 0.0023887564 0.0399374137 0.0347088153 0.3787745183 0.2994916485 0.3191332622 0.6447109335 0.0179382842
0.0660217279 0.9592572671 0.0412619068 0.3312878143 0.3935328066 0.0811538338 0.4220802051 0.9142469263 0.5909579782 0.5773927116 0.2479883558 0.6017554350 0.9961348286 0.7935705595 0.5131831821 0.0000000000 0.8340547436 0.8571661118 0.1693594452 0.1733939888 0.7907118874 0.5672457700 0.7466044955 0.4976325581
0.7993563458 0.0755048185 0.5455203338 0.5705150988 0.0928616000 0.3395607732 0.5445115479 0.3393408894 0.3300764140 0.5633150474 0.1309844036 0.6233924460 0.6441907631 0.1315545797 0.0023887564 0.8340547436 0.0000000000 0.8850888482 0.4305994034 0.1145576746 0.1417262990 0.7299448855 0.9513021376 0.9227444073
0.6799244396 0.0320132880 0.6242904156 0.2458620452 0.8492971844 0.6093382689 0.2171870267 0.5194878550 0.7320051043 0.5381313853 0.5412254893 0.9852553307 0.8873983457 0.4483905444 0.0399374137 0.8571661118 0.8850888482 0.0000000000 0.9304359405 0.6829131837 0.0720538806 0.4646676825 0.3321412997 0.8992593093
0.3469783551 0.1290163369 0.1284057514 0.2126000000 0.3929324109 0.9813907682 0.6203392136 0.5959735192 0.2402810097 0.1333468585 0.9366897408 0.2839482542 0.2579933424 0.2092999656 0.0347088153 0.1693594452 0.4305994034 0.9304359405 0.0000000000 0.4630420893 0.6844969289 0.9721612956 0.5171785373 0.0266942996
0.9448557087 0.1816238738 0.8102812376 0.5725506693 0.5869670977 0.3392006018 0.9770237256 0.1057436232 0.3876792339 0.0779660734 0.8623617209 0.3352982206 0.0224480399 0.4318448971 0.3787745183 0.1733939888 0.1145576746 0.6829131837 0.4630420893 0.0000000000 0.5304222910 0.0093180134 0.3885042897 0.9230388875
0.7952630925 0.7773987450 0.5099832735 0.5880882527 0.8408469796 0.0685975226 0.9749113906 0.2076352132 0.2469667464 0.2910313261 0.5315726547 0.5682647330 0.1046702207 0.8859656321 0.2994916485 0.7907118874 0.1417262990 0.0720538806 0.6844969289 0.5304222910 0.0000000000 0.7281910862 0.2981385908 0.5343013504
0.4195671094 0.6327190813 0.0284987410 0.8118514729 0.7914513010 0.1806147309 0.6615377220 0.9625585435 0.3790023500 0.6234791127 0.9197583842 0.4073662501 0.9900697409 0.6039937147 0.3191332622 0.5672457700 0.7299448855 0.4646676825 0.9721612956 0.0093180134 0.7281910862 0.0000000000 0.4135556292 0.8305698589
0.0859744823 0.4134975966 0.8165196325 0.6248169428 0.7389228060 0.9877747156 0.6520520966 0.6281672356 0.4473275745 0.3743623414 0.8048333541 0.6711213014 0.9045761953 0.6677756275 0.6447109335 0.7466044955 0.9513021376 0.3321412997 0.5171785373 0.3885042897 0.2981385908 0.4135556292 0.0000000000 0.8928778726
0.2497823086 0.8891827368 0.0336908635 0.5614539461 0.3532273271 0.5307513363 0.4736666363 0.0776853866 0.9552137959 0.0792369751 0.3565784472 0.3578857816 0.1229050523 0.4972861797 0.0179382842 0.4976325581 0.9227444073 0.8992593093 0.0266942996 0.9230388875 0.5343013504 0.8305698589 0.8928778726 0.0000000000
