# Graph size: 24
# Optimal cost: 1.48493286187713

# Distance Matrix
0.0 0.6084452904837429 0.1705485951215071 0.09252759902027563 0.20947805247132978 0.6383387840864705 0.6971819669622333 0.9178798036669583 0.8102889593509456 0.0717086352806724 0.43986828863217275 0.2259810863361713 0.6736535784069504 0.29641951517264276 0.5350121824628732 0.363351464160632 0.7165013290587816 0.4637921265785897 0.3292721753702228 0.9623446056095566 0.29581887300835064 0.2803107036594976 0.9670342374565174 0.745318237562715
0.6084452904837429 0.0 0.010265772971939313 0.5010828678142867 0.1487311388912208 0.6333556757098271 0.13053730031302369 0.034018425812756825 0.45456959834577626 0.6666490433852934 0.10821162104645499 0.20529429654993037 0.4963910818792978 0.9008814128082083 0.12160827740746405 0.6595252107264066 0.5598059506929737 0.8824215801707597 0.15722341366501813 0.5721605371242062 0.32940517974844763 0.5248715317091338 0.6965965221602599 0.33697981330861904
0.1705485951215071 0.010265772971939313 0.0 0.7517673930480933 0.2104839595846847 0.6810026400916216 0.6581607345440423 0.08414352686204862 0.7221925681752742 0.06015265602899422 0.024245047087642635 0.7011151469106542 0.17547572436642367 0.8961238796129353 0.8704293898712737 0.2871865909714061 0.46399968988390095 0.6900316045501036 0.34595966170176773 0.6301852375418623 0.8589645525825609 0.3264919910038747 0.4950089147989978 0.3485084332634044
0.09252759902027563 0.5010828678142867 0.7517673930480933 0.0 0.3093025567845238 0.7897150779333634 0.8322706857964347 0.5346690378245412 0.6783550586617121 0.5951063738313552 0.7486007758492689 0.4782563852895457 0.6223809502949736 0.7015441347858934 0.9173924660617508 0.34334321184357797 0.06722568818198271 0.5220385523529318 0.8889714682386234 0.9185328048903382 0.27170708659128684 0.5342684466634771 0.35814856236316306 0.33225537506748115
0.20947805247132978 0.1487311388912208 0.2104839595846847 0.3093025567845238 0.0 0.27975015414250815 0.9075295451085715 0.1691694290727651 0.9315859674657591 0.15803023657101412 0.508918199418865 0.9826527818526161 0.3597712552951444 0.7918596426583694 0.6291128760814847 0.6707092714779311 0.23581539433078869 0.16928045598660146 0.7769049733733739 0.9292856535739744 0.7388902747454449 0.021801855830700823 0.9316699512965857 0.30087957599013826
0.6383387840864705 0.6333556757098271 0.6810026400916216 0.7897150779333634 0.27975015414250815 0.0 0.830998890573581 0.4099472196918208 0.7142580076680285 0.7861226637029419 0.8132351064857676 0.3427533656004439 0.03932369398541036 0.4893304941499619 0.40414657180352254 0.8025894580240914 0.9459018108409465 0.2909701729556454 0.5531221181265058 0.6101414729974325 0.46807679710761174 0.36909724416185385 0.7573888914364248 0.4091331841464436
0.6971819669622333 0.13053730031302369 0.6581607345440423 0.8322706857964347 0.9075295451085715 0.830998890573581 0.0 0.6038816347459249 0.5021657013845662 0.738118352835178 0.6763317709217824 0.6681009259421171 0.47721610374293855 0.949304476895326 0.06961309861325571 0.5734429303211194 0.6002985542500496 0.5424917743326936 0.6153374931105612 0.8745829538665859 0.2600887788546177 0.09109413817363232 0.2060140396085488 0.7308710415524527
0.9178798036669583 0.034018425812756825 0.08414352686204862 0.5346690378245412 0.1691694290727651 0.4099472196918208 0.6038816347459249 0.0 0.7310070644041444 0.5899607015968918 0.630207465824901 0.2960346906981218 0.9187515820785715 0.9890074308337832 0.888869030199423 0.4269973977016782 0.549008789953451 0.7941489587702102 0.8657481712158241 0.018972134559812615 0.3792057240135783 0.0744277569085604 0.5142697538005133 0.7202784675943124
0.8102889593509456 0.45456959834577626 0.7221925681752742 0.6783550586617121 0.9315859674657591 0.7142580076680285 0.5021657013845662 0.7310070644041444 0.0 0.3735198904836654 0.5511526585460248 0.5992367016510416 0.2578706842943119 0.42296478637629065 0.31302254224041504 0.6889459484217294 0.11335372858678272 0.11521984924914519 0.10062512217877861 0.5317806876556993 0.8293024253454216 0.262975851545747 0.03436455568232133 0.17106988617128505
0.0717086352806724 0.6666490433852934 0.06015265602899422 0.5951063738313552 0.15803023657101412 0.7861226637029419 0.738118352835178 0.5899607015968918 0.3735198904836654 0.0 0.796988876755103 0.38491793597353763 0.121786264174372 0.15298137525230493 0.97916181437018 0.10007023057488384 0.8734306330240499 0.9644422423217642 0.655310583078485 0.4440774659060879 0.8807622220996136 0.40155633023358084 0.9418860170634455 0.4451004804756651
0.43986828863217275 0.10821162104645499 0.024245047087642635 0.7486007758492689 0.508918199418865 0.8132351064857676 0.6763317709217824 0.630207465824901 0.5511526585460248 0.796988876755103 0.0 0.2653841467388487 0.9137154831583292 0.5362388656980056 0.9073543913406975 0.49566223757004113 0.09457762477851162 0.8605760530941293 0.24191945163541873 0.18504737265571714 0.39831112907088073 0.5410236735963844 0.35730612478016 0.1357980696660087
0.2259810863361713 0.20529429654993037 0.7011151469106542 0.4782563852895457 0.9826527818526161 0.3427533656004439 0.6681009259421171 0.2960346906981218 0.5992367016510416 0.38491793597353763 0.2653841467388487 0.0 0.8479821553086843 0.9469251888995792 0.07635804872041607 0.07247008720168158 0.9726871636703062 0.33679159531679514 0.28142710760090106 0.22145329701364014 0.4610102971724769 0.009860531071592349 0.006357691793443254 0.13600062827564274
0.6736535784069504 0.4963910818792978 0.17547572436642367 0.6223809502949736 0.3597712552951444 0.03932369398541036 0.47721610374293855 0.9187515820785715 0.2578706842943119 0.121786264174372 0.9137154831583292 0.8479821553086843 0.0 0.050611714422628795 0.7460089974941249 0.9916673288744547 0.9406076929229955 0.9872287031385892 0.7318045069497211 0.7984138853299183 0.47426552243020503 0.9810994022410631 0.11676815501711568 0.4365898835179096
0.29641951517264276 0.9008814128082083 0.8961238796129353 0.7015441347858934 0.7918596426583694 0.4893304941499619 0.949304476895326 0.9890074308337832 0.42296478637629065 0.15298137525230493 0.5362388656980056 0.9469251888995792 0.050611714422628795 0.0 0.649023724346246 0.964794069684658 0.3214619392861867 0.6054869340133687 0.7084642168968639 0.11366650788153077 0.2278021635047398 0.06632409480452162 0.9701010370510406 0.5286139537339325
0.5350121824628732 0.12160827740746405 0.8704293898712737 0.9173924660617508 0.6291128760814847 0.40414657180352254 0.06961309861325571 0.888869030199423 0.31302254224041504 0.97916181437018 0.9073543913406975 0.07635804872041607 0.7460089974941249 0.649023724346246 0.0 0.4220394239498093 0.37153635455585177 0.06638484776760667 0.7005612110206133 0.7321351437611823 0.1604701339445348 0.6609051805597331 0.3770604579973753 0.40380308261171693
0.363351464160632 0.6595252107264066 0.2871865909714061 0.34334321184357797 0.6707092714779311 0.8025894580240914 0.5734429303211194 0.4269973977016782 0.6889459484217294 0.10007023057488384 0.49566223757004113 0.07247008720168158 0.9916673288744547 0.964794069684658 0.4220394239498093 0.0 0.49783498517123204 0.10954762012120556 0.7336252063236851 0.39327411748864594 0.27911169902031063 0.5607770089443611 0.8158937690944124 0.4198808554878589
0.7165013290587816 0.5598059506929737 0.46399968988390095 0.06722568818198271 0.23581539433078869 0.9459018108409465 0.6002985542500496 0.549008789953451 0.11335372858678272 0.8734306330240499 0.09457762477851162 0.9726871636703062 0.9406076929229955 0.3214619392861867 0.37153635455585177 0.49783498517123204 0.0 0.5562191258800597 0.5448817537590009 0.06344295983278525 0.6178483710183592 0.7470927679421914 0.18892882476352846 0.35205119524634565
0.4637921265785897 0.8824215801707597 0.6900316045501036 0.5220385523529318 0.16928045598660146 0.2909701729556454 0.5424917743326936 0.7941489587702102 0.11521984924914519 0.9644422423217642 0.8605760530941293 0.33679159531679514 0.9872287031385892 0.6054869340133687 0.06638484776760667 0.10954762012120556 0.5562191258800597 0.0 0.8542157860606973 0.08443098694544615 0.8123423542716158 0.39843463431049075 0.03860309612093393 0.3317147269388806
0.3292721753702228 0.15722341366501813 0.34595966170176773 0.8889714682386234 0.7769049733733739 0.5531221181265058 0.6153374931105612 0.8657481712158241 0.10062512217877861 0.655310583078485 0.24191945163541873 0.28142710760090106 0.7318045069497211 0.7084642168968639 0.7005612110206133 0.7336252063236851 0.5448817537590009 0.8542157860606973 0.0 0.8074336202746988 0.5599582779337202 0.04057630639290699 0.7487096817611338 0.38987357288333246
0.9623446056095566 0.5721605371242062 0.6301852375418623 0.9185328048903382 0.9292856535739744 0.6101414729974325 0.8745829538665859 0.018972134559812615 0.5317806876556993 0.4440774659060879 0.18504737265571714 0.22145329701364014 0.7984138853299183 0.11366650788153077 0.7321351437611823 0.39327411748864594 0.06344295983278525 0.08443098694544615 0.8074336202746988 0.0 0.03154941625592478 0.1516530128977439 0.5240102990306966 0.01601362476908108
0.29581887300835064 0.32940517974844763 0.8589645525825609 0.27170708659128684 0.7388902747454449 0.46807679710761174 0.2600887788546177 0.3792057240135783 0.8293024253454216 0.8807622220996136 0.39831112907088073 0.4610102971724769 0.47426552243020503 0.2278021635047398 0.1604701339445348 0.27911169902031063 0.6178483710183592 0.8123423542716158 0.5599582779337202 0.03154941625592478 0.0 0.1930180489947514 0.3815299973072037 0.40878703404057404
0.2803107036594976 0.5248715317091338 0.3264919910038747 0.5342684466634771 0.021801855830700823 0.36909724416185385 0.09109413817363232 0.0744277569085604 0.262975851545747 0.40155633023358084 0.5410236735963844 0.009860531071592349 0.9810994022410631 0.06632409480452162 0.6609051805597331 0.5607770089443611 0.7470927679421914 0.39843463431049075 0.04057630639290699 0.1516530128977439 0.1930180489947514 0.0 0.007124154025251572 0.39221489324955416
0.9670342374565174 0.6965965221602599 0.4950089147989978 0.35814856236316306 0.9316699512965857 0.7573888914364248 0.2060140396085488 0.5142697538005133 0.03436455568232133 0.9418860170634455 0.35730612478016 0.006357691793443254 0.11676815501711568 0.9701010370510406 0.3770604579973753 0.8158937690944124 0.18892882476352846 0.03860309612093393 0.7487096817611338 0.5240102990306966 0.3815299973072037 0.007124154025251572 0.0 0.26190275636389204
0.745318237562715 0.33697981330861904 0.3485084332634044 0.33225537506748115 0.30087957599013826 0.4091331841464436 0.7308710415524527 0.7202784675943124 0.17106988617128505 0.4451004804756651 0.1357980696660087 0.13600062827564274 0.4365898835179096 0.5286139537339325 0.40380308261171693 0.4198808554878589 0.35205119524634565 0.3317147269388806 0.38987357288333246 0.01601362476908108 0.40878703404057404 0.39221489324955416 0.26190275636389204 0.0

# Optimal Walk
0 3 16 23 20 19 7 10 2 1 6 14 17 15 11 22 8 21 18 4 13 12 5 9 0
