# Graph size: 24
# Optimal cost: 2.1657383669700057

# Distance Matrix
0.0 0.2717652972080542 0.8587408809023811 0.8004808884145294 0.8184323888080631 0.4624658405758234 0.2547782145081702 0.6606959778419885 0.6362015149342211 0.15224225303877537 0.5695934329922572 0.5213685304299849 0.6118946590655039 0.6594656886122708 0.8938754178409456 0.09783031281094545 0.6688710060797413 0.19060669901656624 0.1402920224850056 0.5758785113235972 0.65162093268569 0.5070236303267852 0.7219945748896748 0.013759703280567193
0.2717652972080542 0.0 0.3006424178906556 0.15815808239983742 0.7063201601660196 0.14626969716522475 0.8659827715316158 0.7574867303884698 0.9134488154417585 0.4935875688580682 0.8375032017836543 0.32542930048500374 0.4541866702179408 0.740938983450819 0.4349636021115646 0.5525154831424856 0.7567103375582137 0.19991009074844046 0.6973131348060819 0.9464635131669941 0.21902183415754162 0.788210422202804 0.2381119406961546 0.21842633555173085
0.8587408809023811 0.3006424178906556 0.0 0.2420272339369044 0.37190918180181043 0.9927978412370053 0.9365113906389196 0.5475666022456963 0.5026462442204763 0.5735516488297179 0.42878266518375174 0.36638660705343506 0.5520457092213188 0.16880254958904328 0.15330480344675002 0.29296117062458893 0.9965361906842379 0.2769558276205777 0.26939043838820687 0.3472301614377924 0.1380089911172081 0.9477123450808826 0.9420637854039965 0.057739121853473296
0.8004808884145294 0.15815808239983742 0.2420272339369044 0.0 0.8592213038218615 0.6193900390480908 0.9908551500645401 0.1863284651701156 0.10757886003899353 0.08694518137569696 0.854392217788706 0.05143328553610316 0.6769083300702788 0.6129316042320527 0.48385580077860924 0.2752200615030981 0.5140566797498533 0.702423948908295 0.7012193260980889 0.1791998221849498 0.21563132502534876 0.6029710170796203 0.7622926243866299 0.9836219281682053
0.8184323888080631 0.7063201601660196 0.37190918180181043 0.8592213038218615 0.0 0.5999212880001473 0.16193370713402389 0.3499426091464348 0.42786647094849095 0.24001618892999887 0.27610156015367615 0.9894643889804113 0.4222172492063766 0.6263664676310384 0.8022704748798016 0.9259286584822893 0.8658115015995886 0.19050493806003665 0.462503839180623 0.8324318874546933 0.8212268851216846 0.7663759411168656 0.97408778298785 0.328528329826155
0.4624658405758234 0.14626969716522475 0.9927978412370053 0.6193900390480908 0.5999212880001473 0.0 0.8230793635653053 0.19169552271441104 0.36173089835844086 0.17972367147856028 0.21617096068403685 0.6589920959964726 0.16834718226682888 0.22176213590882132 0.06813944573630593 0.11445370659657439 0.07080071483937822 0.5075403098956149 0.38222636758352624 0.4724350547003313 0.22827906740313308 0.9098323894668119 0.04769420060651486 0.6644531535698553
0.2547782145081702 0.8659827715316158 0.9365113906389196 0.9908551500645401 0.16193370713402389 0.8230793635653053 0.0 0.5435018761091445 0.42961341159940236 0.2085869067363202 0.5737279162440518 0.9007599427918297 0.7576182116442134 0.5059427708096949 0.7197999609020095 0.3598190672736198 0.21587573116167036 0.9542320686103706 0.1524845970306049 0.23101249839057647 0.06630976319402193 0.049706438658842056 0.3903979116417281 0.934384224129013
0.6606959778419885 0.7574867303884698 0.5475666022456963 0.1863284651701156 0.3499426091464348 0.19169552271441104 0.5435018761091445 0.0 0.31509856000705194 0.07651073678657794 0.39651659742074674 0.5545346737100625 0.5643378062776894 0.4758222081184159 0.521710797000981 0.04286000137822776 0.16665252024608312 0.5739461036963376 0.06691478603784773 0.09016393648328225 0.9237550511135534 0.9272105790449802 0.6155777461098475 0.7951616279362026
0.6362015149342211 0.9134488154417585 0.5026462442204763 0.10757886003899353 0.42786647094849095 0.36173089835844086 0.42961341159940236 0.31509856000705194 0.0 0.8365484184455554 0.03466803159703613 0.5702626402253212 0.3881830807870531 0.9622251941071593 0.1940240540942707 0.3907383685031277 0.4344231206841519 0.2629138368638615 0.8318790657700376 0.8756369228641472 0.1373738531144748 0.44077637738563646 0.7262822369645894 0.45572320712113135
0.15224225303877537 0.4935875688580682 0.5735516488297179 0.08694518137569696 0.24001618892999887 0.17972367147856028 0.2085869067363202 0.07651073678657794 0.8365484184455554 0.0 0.5906147556299194 0.1460621715843997 0.15776044476143947 0.8740524351343619 0.08492445040141905 0.6174748497092688 0.1744003082437019 0.8167664785472931 0.8677173729536 0.7683102197577864 0.8372242475949109 0.028006564657686916 0.07309742947374676 0.967175446923715
0.5695934329922572 0.8375032017836543 0.42878266518375174 0.854392217788706 0.27610156015367615 0.21617096068403685 0.5737279162440518 0.39651659742074674 0.03466803159703613 0.5906147556299194 0.0 0.524016461857654 0.19339694844229727 0.8933602286311262 0.2787004665923998 0.11291806002979665 0.408780484672008 0.4465639303573107 0.7275048283882077 0.1415252299497174 0.3643632408945272 0.20982839379806928 0.22778443507432444 0.8428881880350898
0.5213685304299849 0.32542930048500374 0.36638660705343506 0.05143328553610316 0.9894643889804113 0.6589920959964726 0.9007599427918297 0.5545346737100625 0.5702626402253212 0.1460621715843997 0.524016461857654 0.0 0.469152760927778 0.33431087957730976 0.1812340204879621 0.2967223760454263 0.016549869230777503 0.6353460792702235 0.38762339061725115 0.8023080315204555 0.1491818568786062 0.5600269343280213 0.8351962558201896 0.9789679937592732
0.6118946590655039 0.4541866702179408 0.5520457092213188 0.6769083300702788 0.4222172492063766 0.16834718226682888 0.7576182116442134 0.5643378062776894 0.3881830807870531 0.15776044476143947 0.19339694844229727 0.469152760927778 0.0 0.8195402497541414 0.9745419832407727 0.14216248795191877 0.030677415526911278 0.16271376324268583 0.18487393049702738 0.9059064728974306 0.07327388577979654 0.6984830381070768 0.20700325563744548 0.9831347344120409
0.6594656886122708 0.740938983450819 0.16880254958904328 0.6129316042320527 0.6263664676310384 0.22176213590882132 0.5059427708096949 0.4758222081184159 0.9622251941071593 0.8740524351343619 0.8933602286311262 0.33431087957730976 0.8195402497541414 0.0 0.4158995440724085 0.5622709221323556 0.9365497369859902 0.77203894924534 0.2127215847171462 0.5279177442527552 0.5328237971798447 0.8966509984873335 0.9566414856136303 0.9299787984883189
0.8938754178409456 0.4349636021115646 0.15330480344675002 0.48385580077860924 0.8022704748798016 0.06813944573630593 0.7197999609020095 0.521710797000981 0.1940240540942707 0.08492445040141905 0.2787004665923998 0.1812340204879621 0.9745419832407727 0.4158995440724085 0.0 0.02854870561738798 0.303918695131162 0.8736169191865062 0.7192162861476674 0.9040536281813918 0.6756323260418785 0.39438483296750937 0.7921862615652336 0.12352650568835877
0.09783031281094545 0.5525154831424856 0.29296117062458893 0.2752200615030981 0.9259286584822893 0.11445370659657439 0.3598190672736198 0.04286000137822776 0.3907383685031277 0.6174748497092688 0.11291806002979665 0.2967223760454263 0.14216248795191877 0.5622709221323556 0.02854870561738798 0.0 0.23018362469241105 0.5297881051096504 0.4242962369329113 0.9209553506098755 0.4432406962108919 0.1565722454881051 0.10543616645810094 0.4446747203477748
0.6688710060797413 0.7567103375582137 0.9965361906842379 0.5140566797498533 0.8658115015995886 0.07080071483937822 0.21587573116167036 0.16665252024608312 0.4344231206841519 0.1744003082437019 0.408780484672008 0.016549869230777503 0.030677415526911278 0.9365497369859902 0.303918695131162 0.23018362469241105 0.0 0.9517731838560587 0.9324326323086589 0.32826270138861724 0.22197395416330645 0.9224647252432897 0.8022567324091778 0.9114420525470063
0.19060669901656624 0.19991009074844046 0.2769558276205777 0.702423948908295 0.19050493806003665 0.5075403098956149 0.9542320686103706 0.5739461036963376 0.2629138368638615 0.8167664785472931 0.4465639303573107 0.6353460792702235 0.16271376324268583 0.77203894924534 0.8736169191865062 0.5297881051096504 0.9517731838560587 0.0 0.2890124185407925 0.46339998243116665 0.8319201871443929 0.25363422630165045 0.7463262804477097 0.23701624913744612
0.1402920224850056 0.6973131348060819 0.26939043838820687 0.7012193260980889 0.462503839180623 0.38222636758352624 0.1524845970306049 0.06691478603784773 0.8318790657700376 0.8677173729536 0.7275048283882077 0.38762339061725115 0.18487393049702738 0.2127215847171462 0.7192162861476674 0.4242962369329113 0.9324326323086589 0.2890124185407925 0.0 0.4116593627963617 0.5087276692246053 0.4465001616533867 0.29266048974487535 0.707957037735947
0.5758785113235972 0.9464635131669941 0.3472301614377924 0.1791998221849498 0.8324318874546933 0.4724350547003313 0.23101249839057647 0.09016393648328225 0.8756369228641472 0.7683102197577864 0.1415252299497174 0.8023080315204555 0.9059064728974306 0.5279177442527552 0.9040536281813918 0.9209553506098755 0.32826270138861724 0.46339998243116665 0.4116593627963617 0.0 0.04880971774394749 0.4981163438594929 0.2786943007881161 0.6110421641617247
0.65162093268569 0.21902183415754162 0.1380089911172081 0.21563132502534876 0.8212268851216846 0.22827906740313308 0.06630976319402193 0.9237550511135534 0.1373738531144748 0.8372242475949109 0.3643632408945272 0.1491818568786062 0.07327388577979654 0.5328237971798447 0.6756323260418785 0.4432406962108919 0.22197395416330645 0.8319201871443929 0.5087276692246053 0.04880971774394749 0.0 0.7385852681356514 0.2788830998075664 0.6169412741494646
0.5070236303267852 0.788210422202804 0.9477123450808826 0.6029710170796203 0.7663759411168656 0.9098323894668119 0.049706438658842056 0.9272105790449802 0.44077637738563646 0.028006564657686916 0.20982839379806928 0.5600269343280213 0.6984830381070768 0.8966509984873335 0.39438483296750937 0.1565722454881051 0.9224647252432897 0.25363422630165045 0.4465001616533867 0.4981163438594929 0.7385852681356514 0.0 0.32451868292942276 0.483432239298204
0.7219945748896748 0.2381119406961546 0.9420637854039965 0.7622926243866299 0.97408778298785 0.04769420060651486 0.3903979116417281 0.6155777461098475 0.7262822369645894 0.07309742947374676 0.22778443507432444 0.8351962558201896 0.20700325563744548 0.9566414856136303 0.7921862615652336 0.10543616645810094 0.8022567324091778 0.7463262804477097 0.29266048974487535 0.2786943007881161 0.2788830998075664 0.32451868292942276 0.0 0.6908828158084439
0.013759703280567193 0.21842633555173085 0.057739121853473296 0.9836219281682053 0.328528329826155 0.6644531535698553 0.934384224129013 0.7951616279362026 0.45572320712113135 0.967175446923715 0.8428881880350898 0.9789679937592732 0.9831347344120409 0.9299787984883189 0.12352650568835877 0.4446747203477748 0.9114420525470063 0.23701624913744612 0.707957037735947 0.6110421641617247 0.6169412741494646 0.483432239298204 0.6908828158084439 0.0

# Optimal Walk
0 23 2 13 18 7 19 20 12 16 11 3 8 10 15 14 5 22 9 21 6 4 17 1 0
