# MCW Instance
# Type: UNIFORM
# N: 24
# Optimal cost: 1.491578787951164
# Optimal tour (permutation): [0, 3, 20, 2, 13, 11, 10, 9, 5, 8, 21, 16, 18, 19, 14, 17, 15, 22, 12, 6, 7, 4, 23, 1, 0]
# Optimal walk (full path): [0, 3, 20, 2, 9, 13, 9, 11, 9, 10, 9, 5, 8, 21, 16, 21, 18, 19, 14, 17, 15, 22, 12, 6, 4, 7, 4, 1, 23, 1, 0]
# Walk size: 31
# Is walk (has repeats): true

# Distance Matrix
0.0000000000 0.1285478362 0.4759530620 0.1339242325 0.6763402623 0.3868006340 0.6983772990 0.2584761673 0.6512141842 0.8218942828 0.7923583042 0.3891441682 0.1305664752 0.2402174522 0.8186194286 0.2318903053 0.6737680844 0.9964784766 0.8030806095 0.5441593214 0.3288358343 0.8330472515 0.2705449838 0.5973481093
0.1285478362 0.0000000000 0.8008012519 0.7704302578 0.0482457920 0.8168883274 0.9594129298 0.3216144326 0.1796161535 0.1661348592 0.5895232581 0.4602418383 0.7974333035 0.2631044770 0.1869244989 0.7110540558 0.8455277644 0.9232101827 0.0330628576 0.4507714483 0.6095375412 0.8064888334 0.7439741038 0.0085491993
0.4759530620 0.8008012519 0.0000000000 0.1197258480 0.1144206525 0.9819471599 0.4373785045 0.6226703836 0.8292913004 0.0428374447 0.8912778386 0.4836710196 0.8181483645 0.5876146521 0.3878461001 0.0780118124 0.2337558184 0.8736445223 0.3617252797 0.4567526275 0.0365517911 0.4593679714 0.8217476671 0.8315141890
0.1339242325 0.7704302578 0.1197258480 0.0000000000 0.1344659620 0.5054546780 0.1130187368 0.2127599810 0.5915552472 0.4761729830 0.2549134090 0.8573670666 0.5917672426 0.2566312093 0.5769400801 0.5338171150 0.3607430480 0.4447102949 0.9066533449 0.9971283375 0.0464222932 0.8509213151 0.8772729783 0.4806870342
0.6763402623 0.0482457920 0.1144206525 0.1344659620 0.0000000000 0.6383148236 0.0450853985 0.0173928427 0.4584282013 0.3656552449 0.1256480752 0.1611408735 0.4083518274 0.6562579261 0.7556037967 0.3743768764 0.8171521630 0.6607414360 0.9084203441 0.0309918832 0.2057751392 0.5508935829 0.6980173790 0.8930996816
0.3868006340 0.8168883274 0.9819471599 0.5054546780 0.6383148236 0.0000000000 0.5270091829 0.2862988756 0.1287669593 0.0498869133 0.8887526827 0.3099527227 0.5946481102 0.3521155182 0.1903914321 0.6814375486 0.4811016427 0.5427472472 0.9247576435 0.4853378373 0.2787954669 0.6288870256 0.0944317535 0.9629228893
0.6983772990 0.9594129298 0.4373785045 0.1130187368 0.0450853985 0.5270091829 0.0000000000 0.2054245716 0.1662178721 0.9186868759 0.7067271272 0.4498339332 0.0343275874 0.7661651704 0.4305097547 0.8021670934 0.9698027865 0.5384141986 0.2811772117 0.6144064298 0.5936936786 0.5507005642 0.3946028898 0.7475858216
0.2584761673 0.3216144326 0.6226703836 0.2127599810 0.0173928427 0.2862988756 0.2054245716 0.0000000000 0.9209284660 0.8090571138 0.4138807025 0.4051204598 0.3714835736 0.4663089620 0.9864004776 0.5261121039 0.1165919352 0.1548630708 0.8352345579 0.7181527616 0.1879986779 0.8403344418 0.8606767135 0.5460634941
0.6512141842 0.1796161535 0.8292913004 0.5915552472 0.4584282013 0.1287669593 0.1662178721 0.9209284660 0.0000000000 0.1542493896 0.8176217864 0.8693760313 0.3611690062 0.3252236475 0.4798342237 0.9513598837 0.7551232401 0.3846019429 0.5305095244 0.2293419120 0.1529645910 0.0696817594 0.3808538734 0.6900620462
0.8218942828 0.1661348592 0.0428374447 0.4761729830 0.3656552449 0.0498869133 0.9186868759 0.8090571138 0.1542493896 0.0000000000 0.0219939974 0.0189344660 0.5762717810 0.0740077631 0.6662329262 0.1899213763 0.2302440130 0.3477166806 0.6006322627 0.3136640408 0.6086506588 0.1119629360 0.0548674951 0.6962902749
0.7923583042 0.5895232581 0.8912778386 0.2549134090 0.1256480752 0.8887526827 0.7067271272 0.4138807025 0.8176217864 0.0219939974 0.0000000000 0.2039249232 0.4094803680 0.2434694757 0.3047540327 0.8659631577 0.7874781318 0.6572037060 0.4806536728 0.8155048995 0.1430550695 0.7800262787 0.8146501175 0.6557363636
0.3891441682 0.4602418383 0.4836710196 0.8573670666 0.1611408735 0.3099527227 0.4498339332 0.4051204598 0.8693760313 0.0189344660 0.2039249232 0.0000000000 0.8337213284 0.3166070029 0.6837122995 0.8191591878 0.7705869368 0.2273260965 0.7043946327 0.2393063633 0.7283785964 0.6108134384 0.8875770401 0.4206751018
0.1305664752 0.7974333035 0.8181483645 0.5917672426 0.4083518274 0.5946481102 0.0343275874 0.3714835736 0.3611690062 0.5762717810 0.4094803680 0.8337213284 0.0000000000 0.9042980228 0.7485142204 0.5935753438 0.4952865034 0.8368358086 0.4314289009 0.4812558912 0.3005701537 0.1560072799 0.0260887467 0.5207649113
0.2402174522 0.2631044770 0.5876146521 0.2566312093 0.6562579261 0.3521155182 0.7661651704 0.4663089620 0.3252236475 0.0740077631 0.2434694757 0.3166070029 0.9042980228 0.0000000000 0.9908116199 0.2780778201 0.6049933411 0.7967100350 0.2031889721 0.0806968048 0.8661495587 0.2671073816 0.3394644742 0.7984610252
0.8186194286 0.1869244989 0.3878461001 0.5769400801 0.7556037967 0.1903914321 0.4305097547 0.9864004776 0.4798342237 0.6662329262 0.3047540327 0.6837122995 0.7485142204 0.9908116199 0.0000000000 0.4970161078 0.8631347798 0.0956856981 0.8642798429 0.1000716970 0.3157078021 0.9747904346 0.1885158162 0.7903887897
0.2318903053 0.7110540558 0.0780118124 0.5338171150 0.3743768764 0.6814375486 0.8021670934 0.5261121039 0.9513598837 0.1899213763 0.8659631577 0.8191591878 0.5935753438 0.2780778201 0.4970161078 0.0000000000 0.8771220130 0.1507976554 0.4157266838 0.1000091955 0.6694814972 0.7183068994 0.0279349930 0.8795816957
0.6737680844 0.8455277644 0.2337558184 0.3607430480 0.8171521630 0.4811016427 0.9698027865 0.1165919352 0.7551232401 0.2302440130 0.7874781318 0.7705869368 0.4952865034 0.6049933411 0.8631347798 0.8771220130 0.0000000000 0.7363601492 0.0573169321 0.7737047292 0.4746358223 0.0001188465 0.7709135518 0.7939044613
0.9964784766 0.9232101827 0.8736445223 0.4447102949 0.6607414360 0.5427472472 0.5384141986 0.1548630708 0.3846019429 0.3477166806 0.6572037060 0.2273260965 0.8368358086 0.7967100350 0.0956856981 0.1507976554 0.7363601492 0.0000000000 0.5720303496 0.2345280310 0.4121659478 0.9878889619 0.7615287537 0.8508221989
0.8030806095 0.0330628576 0.3617252797 0.9066533449 0.9084203441 0.9247576435 0.2811772117 0.8352345579 0.5305095244 0.6006322627 0.4806536728 0.7043946327 0.4314289009 0.2031889721 0.8642798429 0.4157266838 0.0573169321 0.5720303496 0.0000000000 0.0066096537 0.6179325591 0.0381181068 0.7650387735 0.1979832168
0.5441593214 0.4507714483 0.4567526275 0.9971283375 0.0309918832 0.4853378373 0.6144064298 0.7181527616 0.2293419120 0.3136640408 0.8155048995 0.2393063633 0.4812558912 0.0806968048 0.1000716970 0.1000091955 0.7737047292 0.2345280310 0.0066096537 0.0000000000 0.8850990000 0.1826018203 0.8654709496 0.6974249822
0.3288358343 0.6095375412 0.0365517911 0.0464222932 0.2057751392 0.2787954669 0.5936936786 0.1879986779 0.1529645910 0.6086506588 0.1430550695 0.7283785964 0.3005701537 0.8661495587 0.3157078021 0.6694814972 0.4746358223 0.4121659478 0.6179325591 0.8850990000 0.0000000000 0.2263340729 0.2011612331 0.6312901669
0.8330472515 0.8064888334 0.4593679714 0.8509213151 0.5508935829 0.6288870256 0.5507005642 0.8403344418 0.0696817594 0.1119629360 0.7800262787 0.6108134384 0.1560072799 0.2671073816 0.9747904346 0.7183068994 0.0001188465 0.9878889619 0.0381181068 0.1826018203 0.2263340729 0.0000000000 0.6001255837 0.3804191961
0.2705449838 0.7439741038 0.8217476671 0.8772729783 0.6980173790 0.0944317535 0.3946028898 0.8606767135 0.3808538734 0.0548674951 0.8146501175 0.8875770401 0.0260887467 0.3394644742 0.1885158162 0.0279349930 0.7709135518 0.7615287537 0.7650387735 0.8654709496 0.2011612331 0.6001255837 0.0000000000 0.7789939874
0.5973481093 0.0085491993 0.8315141890 0.4806870342 0.8930996816 0.9629228893 0.7475858216 0.5460634941 0.6900620462 0.6962902749 0.6557363636 0.4206751018 0.5207649113 0.7984610252 0.7903887897 0.8795816957 0.7939044613 0.8508221989 0.1979832168 0.6974249822 0.6312901669 0.3804191961 0.7789939874 0.0000000000
