# Graph size: 24
# Optimal cost: 1.6343290690983463

# Distance Matrix
0.0 0.5800914942995428 0.42855944152138403 0.09440139358289723 0.8744392509741836 0.49152890809132044 0.9202923172388203 0.6177397468562831 0.971324610044955 0.38606875654742134 0.2652532561683496 0.048169769774572435 0.04573240864293093 0.1775272089102442 0.10835747265173534 0.9168936333953351 0.6026417617092146 0.23624189519789784 0.4489193358800857 0.3128804133942976 0.41422060960280094 0.9180286476582347 0.9977085290085574 0.6250609826747503
0.5800914942995428 0.0 0.15678926546306693 0.2604059180729401 0.30269158982621847 0.8309564617363403 0.29292554884886346 0.9796625857620725 0.622004952587632 0.1572099538441033 0.07618250846115326 0.23144587293960162 0.5783694878522916 0.28221827289160173 0.2521802952657789 0.20789803442269117 0.21607135179377546 0.377036788789224 0.7573719575127252 0.5359721955088151 0.19979666859551481 0.18795688977071834 0.47557221826520857 0.6144086088611602
0.42855944152138403 0.15678926546306693 0.0 0.5440233499473203 0.05263242963967296 0.9023777402341161 0.4809547895478815 0.44233575209348097 0.21135777308583215 0.3888957898678125 0.5367645000113673 0.47794296303312245 0.026077163904970613 0.48873760933206545 0.47151161721714374 0.739845619749745 0.7519306754651008 0.8160221779508503 0.03060711697266194 0.14350926284833176 0.31961996848842134 0.737174410389435 0.8450085500421113 0.560567443146611
0.09440139358289723 0.2604059180729401 0.5440233499473203 0.0 0.18160223295388833 0.16559149212525037 0.40446299603417746 0.19899116769545888 0.6510983930876393 0.7057897434942728 0.39662641509371566 0.04332550850218009 0.3201274068470291 0.4024339199603293 0.05735309897067753 0.06400816341128068 0.08125555737306989 0.38968930578441086 0.8815515770060294 0.33544933432884516 0.9974759870276568 0.8076263675286667 0.029353701540865584 0.16446525298573456
0.8744392509741836 0.30269158982621847 0.05263242963967296 0.18160223295388833 0.0 0.7656102440146424 0.45494707463513206 0.028946280976773875 0.8238232259478312 0.8008504015156993 0.7810903278992566 0.9252653450652942 0.5100686006630166 0.03353655018914159 0.9858137962103503 0.852855164435172 0.7004694887454853 0.35399127436952993 0.19063773311247134 0.12154579124449416 0.17082799741567922 0.26720926590294725 0.8740764250147764 0.29520381234518467
0.49152890809132044 0.8309564617363403 0.9023777402341161 0.16559149212525037 0.7656102440146424 0.0 0.5540716300904318 0.7264266413677504 0.02137062502366882 0.4166634754461974 0.4689522486054961 0.30307118099240804 0.7294748508854464 0.48604608420365103 0.9288436898409071 0.820321392274463 0.32934124408678533 0.5350276146891146 0.9525440652073044 0.3284785859940488 0.4400817469467977 0.1562160802507927 0.04215199210848963 0.8325830055772038
0.9202923172388203 0.29292554884886346 0.4809547895478815 0.40446299603417746 0.45494707463513206 0.5540716300904318 0.0 0.7533784981246162 0.14465118988065884 0.4675004178485619 0.49618135501139005 0.7615522996507631 0.9875412588857624 0.10229580838482566 0.13987992843405395 0.08898726859609507 0.2987031149982665 0.8940246146658634 0.7292936746049031 0.5641495873708461 0.9357727143657313 0.9178525764970548 0.2042287347743278 0.67822661326482
0.6177397468562831 0.9796625857620725 0.44233575209348097 0.19899116769545888 0.028946280976773875 0.7264266413677504 0.7533784981246162 0.0 0.46110579041996724 0.3641567402339869 0.4394117397766558 0.616452271814096 0.8113890299236454 0.7399946795885982 0.34680646644341895 0.6194733600320429 0.5263343605444352 0.026728053467043655 0.13053463753836347 0.03465058478678518 0.653430005955789 0.5291834817450753 0.48764419347865384 0.05097714338778847
0.971324610044955 0.622004952587632 0.21135777308583215 0.6510983930876393 0.8238232259478312 0.02137062502366882 0.14465118988065884 0.46110579041996724 0.0 0.4935738803567512 0.6761461978141363 0.11144491049775385 0.7763369393015815 0.6815162984346773 0.08764706566846969 0.19885832506660683 0.012113147275319536 0.7053905546179179 0.8114171420240681 0.789204521763061 0.8076974530358194 0.861211408759443 0.749047957615176 0.6690757147193046
0.38606875654742134 0.1572099538441033 0.3888957898678125 0.7057897434942728 0.8008504015156993 0.4166634754461974 0.4675004178485619 0.3641567402339869 0.4935738803567512 0.0 0.6362388814940992 0.8110734405988725 0.941810190711444 0.26642303397552225 0.8230105417653122 0.3678821868591141 0.5667469795272426 0.42670878574597015 0.6790612926893693 0.8648029792027132 0.20557234807715696 0.21495399944117644 0.6453589825420161 0.4842141322987529
0.2652532561683496 0.07618250846115326 0.5367645000113673 0.39662641509371566 0.7810903278992566 0.4689522486054961 0.49618135501139005 0.4394117397766558 0.6761461978141363 0.6362388814940992 0.0 0.19206961042999382 0.9197370409326994 0.6364202464808503 0.21880202268956828 0.6180981281464408 0.2486756067620337 0.687461537184764 0.7165377818637217 0.8839810640805668 0.299651294265431 0.9553948382408763 0.12162655086226937 0.515961385450125
0.048169769774572435 0.23144587293960162 0.47794296303312245 0.04332550850218009 0.9252653450652942 0.30307118099240804 0.7615522996507631 0.616452271814096 0.11144491049775385 0.8110734405988725 0.19206961042999382 0.0 0.2680123185453963 0.10153046879615446 0.1651222076017288 0.34157618926906697 0.007216549024346541 0.0926387702401481 0.1817512745406794 0.013215028544275365 0.49885338912920807 0.49706119833700424 0.43359226397520345 0.30079060092255583
0.04573240864293093 0.5783694878522916 0.026077163904970613 0.3201274068470291 0.5100686006630166 0.7294748508854464 0.9875412588857624 0.8113890299236454 0.7763369393015815 0.941810190711444 0.9197370409326994 0.2680123185453963 0.0 0.007710150657703196 0.42385078328483583 0.10660735543574096 0.5363651083374686 0.19852445300982624 0.35546032221274393 0.6126255410484318 0.08673936448040731 0.7732911611149803 0.258286805246312 0.37722768712025534
0.1775272089102442 0.28221827289160173 0.48873760933206545 0.4024339199603293 0.03353655018914159 0.48604608420365103 0.10229580838482566 0.7399946795885982 0.6815162984346773 0.26642303397552225 0.6364202464808503 0.10153046879615446 0.007710150657703196 0.0 0.7544255534028194 0.2514688403198977 0.5204182751560668 0.12308523767890722 0.5630892468104778 0.36015736698050427 0.4622197822555042 0.7686565415243627 0.47045954505510423 0.1272944449642821
0.10835747265173534 0.2521802952657789 0.47151161721714374 0.05735309897067753 0.9858137962103503 0.9288436898409071 0.13987992843405395 0.34680646644341895 0.08764706566846969 0.8230105417653122 0.21880202268956828 0.1651222076017288 0.42385078328483583 0.7544255534028194 0.0 0.3929328966131117 0.45374550023319193 0.16987093809101395 0.17814618846239727 0.44525341537889085 0.8762795844462792 0.2910141694485545 0.9238425558925446 0.7098900135541395
0.9168936333953351 0.20789803442269117 0.739845619749745 0.06400816341128068 0.852855164435172 0.820321392274463 0.08898726859609507 0.6194733600320429 0.19885832506660683 0.3678821868591141 0.6180981281464408 0.34157618926906697 0.10660735543574096 0.2514688403198977 0.3929328966131117 0.0 0.07876519492758827 0.9911375186980605 0.3004356557088558 0.5133963124405152 0.058230446108072376 0.13985419791462883 0.4679351104153123 0.035107588488625385
0.6026417617092146 0.21607135179377546 0.7519306754651008 0.08125555737306989 0.7004694887454853 0.32934124408678533 0.2987031149982665 0.5263343605444352 0.012113147275319536 0.5667469795272426 0.2486756067620337 0.007216549024346541 0.5363651083374686 0.5204182751560668 0.45374550023319193 0.07876519492758827 0.0 0.09006647304939774 0.04387524024716816 0.4110016524513791 0.84280253193788 0.4540304090405749 0.9324016104435945 0.6964560871390202
0.23624189519789784 0.377036788789224 0.8160221779508503 0.38968930578441086 0.35399127436952993 0.5350276146891146 0.8940246146658634 0.026728053467043655 0.7053905546179179 0.42670878574597015 0.687461537184764 0.0926387702401481 0.19852445300982624 0.12308523767890722 0.16987093809101395 0.9911375186980605 0.09006647304939774 0.0 0.341749344440049 0.32977441753403225 0.22957321520412877 0.737487884019597 0.5780849020562286 0.9896169895452845
0.4489193358800857 0.7573719575127252 0.03060711697266194 0.8815515770060294 0.19063773311247134 0.9525440652073044 0.7292936746049031 0.13053463753836347 0.8114171420240681 0.6790612926893693 0.7165377818637217 0.1817512745406794 0.35546032221274393 0.5630892468104778 0.17814618846239727 0.3004356557088558 0.04387524024716816 0.341749344440049 0.0 0.9772867060786511 0.7904239668129195 0.31501427409927707 0.0578738842845985 0.6398577489374107
0.3128804133942976 0.5359721955088151 0.14350926284833176 0.33544933432884516 0.12154579124449416 0.3284785859940488 0.5641495873708461 0.03465058478678518 0.789204521763061 0.8648029792027132 0.8839810640805668 0.013215028544275365 0.6126255410484318 0.36015736698050427 0.44525341537889085 0.5133963124405152 0.4110016524513791 0.32977441753403225 0.9772867060786511 0.0 0.5671446728697678 0.8091073972028787 0.5289181910841894 0.9214175715886153
0.41422060960280094 0.19979666859551481 0.31961996848842134 0.9974759870276568 0.17082799741567922 0.4400817469467977 0.9357727143657313 0.653430005955789 0.8076974530358194 0.20557234807715696 0.299651294265431 0.49885338912920807 0.08673936448040731 0.4622197822555042 0.8762795844462792 0.058230446108072376 0.84280253193788 0.22957321520412877 0.7904239668129195 0.5671446728697678 0.0 0.78471092650881 0.25400842919955635 0.4402399831714099
0.9180286476582347 0.18795688977071834 0.737174410389435 0.8076263675286667 0.26720926590294725 0.1562160802507927 0.9178525764970548 0.5291834817450753 0.861211408759443 0.21495399944117644 0.9553948382408763 0.49706119833700424 0.7732911611149803 0.7686565415243627 0.2910141694485545 0.13985419791462883 0.4540304090405749 0.737487884019597 0.31501427409927707 0.8091073972028787 0.78471092650881 0.0 0.15759816939734284 0.1934926586919874
0.9977085290085574 0.47557221826520857 0.8450085500421113 0.029353701540865584 0.8740764250147764 0.04215199210848963 0.2042287347743278 0.48764419347865384 0.749047957615176 0.6453589825420161 0.12162655086226937 0.43359226397520345 0.258286805246312 0.47045954505510423 0.9238425558925446 0.4679351104153123 0.9324016104435945 0.5780849020562286 0.0578738842845985 0.5289181910841894 0.25400842919955635 0.15759816939734284 0.0 0.43016270919695543
0.6250609826747503 0.6144086088611602 0.560567443146611 0.16446525298573456 0.29520381234518467 0.8325830055772038 0.67822661326482 0.05097714338778847 0.6690757147193046 0.4842141322987529 0.515961385450125 0.30079060092255583 0.37722768712025534 0.1272944449642821 0.7098900135541395 0.035107588488625385 0.6964560871390202 0.9896169895452845 0.6398577489374107 0.9214175715886153 0.4402399831714099 0.1934926586919874 0.43016270919695543 0.0

# Optimal Walk
0 12 2 18 16 19 11 8 5 21 9 1 10 22 3 14 6 20 15 23 7 17 4 13 0
