# MCW Instance
# Type: UNIFORM
# N: 24
# Optimal cost: 1.1823687035671187
# Optimal tour (permutation): [0, 13, 7, 11, 20, 6, 2, 19, 15, 23, 4, 22, 16, 5, 3, 9, 8, 1, 18, 17, 12, 14, 21, 10, 0]
# Optimal walk (full path): [0, 13, 7, 11, 20, 6, 2, 19, 15, 23, 4, 22, 3, 16, 3, 5, 3, 9, 1, 8, 1, 18, 17, 12, 14, 21, 10, 0]
# Walk size: 28
# Is walk (has repeats): true

# Distance Matrix
0.0000000000 0.9820512019 0.8179969365 0.6195358466 0.2835171609 0.1081558688 0.3249552667 0.1535247599 0.4786729935 0.8693530350 0.0767148144 0.6035392859 0.6605593448 0.0756525993 0.8459822357 0.0708163982 0.0923182588 0.2008169803 0.2181770448 0.3079594330 0.9340461025 0.7173872909 0.1233697812 0.5214898841
0.9820512019 0.0000000000 0.7314125971 0.4534997815 0.4399144593 0.2399065789 0.4802617550 0.9419825030 0.0242981559 0.0502604457 0.2862683732 0.5925728156 0.3586443923 0.3822310493 0.6162628448 0.6596988967 0.3754712056 0.6759167860 0.1466254182 0.4011188270 0.9187188888 0.2080275528 0.2541911783 0.5268134876
0.8179969365 0.7314125971 0.0000000000 0.7307260002 0.5708950529 0.2663949650 0.0228803918 0.8167472372 0.2996928268 0.6899253297 0.7017773823 0.5317697138 0.4254841530 0.7709452804 0.3781163951 0.7587990700 0.7951928786 0.9049766963 0.3983097962 0.1034505295 0.8443188059 0.6108347074 0.3627223229 0.1165942635
0.6195358466 0.4534997815 0.7307260002 0.0000000000 0.1341956627 0.0105364971 0.2705841672 0.1749682271 0.3728162345 0.0158991890 0.9907714646 0.7990859754 0.8267260227 0.7125798423 0.9156629734 0.8684310259 0.0012131481 0.7535995479 0.8906322689 0.4058429115 0.2169987444 0.9269332747 0.0283371381 0.3461649462
0.2835171609 0.4399144593 0.5708950529 0.1341956627 0.0000000000 0.2438589818 0.4455356142 0.8148189855 0.9786371502 0.4650859898 0.9232118280 0.9935266833 0.5581817905 0.1414217426 0.4460329609 0.0737312763 0.9176439086 0.2190756090 0.6265320682 0.9513985505 0.7812120023 0.7836626721 0.0367087207 0.0534393234
0.1081558688 0.2399065789 0.2663949650 0.0105364971 0.2438589818 0.0000000000 0.8786592589 0.7003763506 0.9559071135 0.6203578402 0.8907089271 0.2004360843 0.9409225497 0.2276705146 0.7177421841 0.1748262535 0.3282302545 0.4130691881 0.5572302491 0.7185704742 0.4120192038 0.3241541040 0.7996872002 0.0322605917
0.3249552667 0.4802617550 0.0228803918 0.2705841672 0.4455356142 0.8786592589 0.0000000000 0.7067530124 0.6306637602 0.8086033755 0.1322873108 0.3992687996 0.5554800290 0.2367338651 0.9471954957 0.8229641322 0.7702888600 0.6492804871 0.2848135568 0.5454111314 0.0746281215 0.8739192309 0.8432835578 0.4507757874
0.1535247599 0.9419825030 0.8167472372 0.1749682271 0.8148189855 0.7003763506 0.7067530124 0.0000000000 0.2311558787 0.6782901122 0.9088443805 0.0197101658 0.0653239635 0.0874796717 0.6341976550 0.8619230232 0.9542430792 0.8971907990 0.8235121836 0.4404251391 0.1273776621 0.7127083888 0.9635992902 0.8414828870
0.4786729935 0.0242981559 0.2996928268 0.3728162345 0.9786371502 0.9559071135 0.6306637602 0.2311558787 0.0000000000 0.7808095198 0.1494337649 0.8355182710 0.3906043115 0.8671618450 0.6676744670 0.4168475140 0.8924195486 0.5648759910 0.8825402729 0.9420832770 0.2811078397 0.8533849816 0.0892103130 0.9271050617
0.8693530350 0.0502604457 0.6899253297 0.0158991890 0.4650859898 0.6203578402 0.8086033755 0.6782901122 0.7808095198 0.0000000000 0.5080613444 0.3248299027 0.1745003338 0.6833727550 0.5647657419 0.3483163374 0.0475731032 0.3484974352 0.6414163539 0.9693095272 0.2157988069 0.7420541164 0.5555775415 0.4746190179
0.0767148144 0.2862683732 0.7017773823 0.9907714646 0.9232118280 0.8907089271 0.1322873108 0.9088443805 0.1494337649 0.5080613444 0.0000000000 0.1561870653 0.4189816437 0.7502325550 0.3825245722 0.6884751629 0.1376410898 0.3568595276 0.7279469680 0.6428724215 0.5855806994 0.0467088892 0.9041689137 0.7336233005
0.6035392859 0.5925728156 0.5317697138 0.7990859754 0.9935266833 0.2004360843 0.3992687996 0.0197101658 0.8355182710 0.3248299027 0.1561870653 0.0000000000 0.6132822387 0.6522461207 0.9954624974 0.6989674228 0.4146398742 0.8307633368 0.4890818590 0.4487373170 0.0626492258 0.3634514092 0.4904303980 0.1727497422
0.6605593448 0.3586443923 0.4254841530 0.8267260227 0.5581817905 0.9409225497 0.5554800290 0.0653239635 0.3906043115 0.1745003338 0.4189816437 0.6132822387 0.0000000000 0.5597613270 0.0357645641 0.0818142855 0.1063100327 0.0945817844 0.4286972333 0.2630450520 0.9235633208 0.5100733097 0.3656330556 0.9912557034
0.0756525993 0.3822310493 0.7709452804 0.7125798423 0.1414217426 0.2276705146 0.2367338651 0.0874796717 0.8671618450 0.6833727550 0.7502325550 0.6522461207 0.5597613270 0.0000000000 0.5350899549 0.0831450783 0.2057140368 0.1976466499 0.4030572702 0.5914898230 0.6522180921 0.3004787147 0.3554033229 0.3007558977
0.8459822357 0.6162628448 0.3781163951 0.9156629734 0.4460329609 0.7177421841 0.9471954957 0.6341976550 0.6676744670 0.5647657419 0.3825245722 0.9954624974 0.0357645641 0.5350899549 0.0000000000 0.2532206951 0.6564828190 0.2799425291 0.9436174897 0.3118571371 0.5969568217 0.0099472423 0.9820341236 0.4947895893
0.0708163982 0.6596988967 0.7587990700 0.8684310259 0.0737312763 0.1748262535 0.8229641322 0.8619230232 0.4168475140 0.3483163374 0.6884751629 0.6989674228 0.0818142855 0.0831450783 0.2532206951 0.0000000000 0.1801718949 0.1746730953 0.4449654641 0.0300231346 0.5583123154 0.7814603921 0.4160353795 0.0190032170
0.0923182588 0.3754712056 0.7951928786 0.0012131481 0.9176439086 0.3282302545 0.7702888600 0.9542430792 0.8924195486 0.0475731032 0.1376410898 0.4146398742 0.1063100327 0.2057140368 0.6564828190 0.1801718949 0.0000000000 0.9050241573 0.8204576269 0.8091150028 0.0529668834 0.1787498790 0.2386772756 0.4145213265
0.2008169803 0.6759167860 0.9049766963 0.7535995479 0.2190756090 0.4130691881 0.6492804871 0.8971907990 0.5648759910 0.3484974352 0.3568595276 0.8307633368 0.0945817844 0.1976466499 0.2799425291 0.1746730953 0.9050241573 0.0000000000 0.0198085149 0.6073772117 0.2170081072 0.3245045697 0.7152600602 0.6713327322
0.2181770448 0.1466254182 0.3983097962 0.8906322689 0.6265320682 0.5572302491 0.2848135568 0.8235121836 0.8825402729 0.6414163539 0.7279469680 0.4890818590 0.4286972333 0.4030572702 0.9436174897 0.4449654641 0.8204576269 0.0198085149 0.0000000000 0.8019725373 0.7539238095 0.6309752333 0.5351016962 0.5934312111
0.3079594330 0.4011188270 0.1034505295 0.4058429115 0.9513985505 0.7185704742 0.5454111314 0.4404251391 0.9420832770 0.9693095272 0.6428724215 0.4487373170 0.2630450520 0.5914898230 0.3118571371 0.0300231346 0.8091150028 0.6073772117 0.8019725373 0.0000000000 0.9604871206 0.0821453919 0.3312571534 0.3701013670
0.9340461025 0.9187188888 0.8443188059 0.2169987444 0.7812120023 0.4120192038 0.0746281215 0.1273776621 0.2811078397 0.2157988069 0.5855806994 0.0626492258 0.9235633208 0.6522180921 0.5969568217 0.5583123154 0.0529668834 0.2170081072 0.7539238095 0.9604871206 0.0000000000 0.4386591398 0.6585645767 0.4364337559
0.7173872909 0.2080275528 0.6108347074 0.9269332747 0.7836626721 0.3241541040 0.8739192309 0.7127083888 0.8533849816 0.7420541164 0.0467088892 0.3634514092 0.5100733097 0.3004787147 0.0099472423 0.7814603921 0.1787498790 0.3245045697 0.6309752333 0.0821453919 0.4386591398 0.0000000000 0.2466694165 0.8123153297
0.1233697812 0.2541911783 0.3627223229 0.0283371381 0.0367087207 0.7996872002 0.8432835578 0.9635992902 0.0892103130 0.5555775415 0.9041689137 0.4904303980 0.3656330556 0.3554033229 0.9820341236 0.4160353795 0.2386772756 0.7152600602 0.5351016962 0.3312571534 0.6585645767 0.2466694165 0.0000000000 0.8356001978
0.5214898841 0.5268134876 0.1165942635 0.3461649462 0.0534393234 0.0322605917 0.4507757874 0.8414828870 0.9271050617 0.4746190179 0.7336233005 0.1727497422 0.9912557034 0.3007558977 0.4947895893 0.0190032170 0.4145213265 0.6713327322 0.5934312111 0.3701013670 0.4364337559 0.8123153297 0.8356001978 0.0000000000
