# Graph size: 24
# Optimal cost: 2.486457844569471

# Distance Matrix
0.0 0.8285768021700964 0.5581179699640975 0.7741455868507373 0.7690525491932273 0.36423411362271596 0.1797820464985067 0.5927754154187389 0.09962864897509982 0.15666627540074995 0.12535616175521802 0.07115081116380884 0.769313126605029 0.9115233125391183 0.8219536725929912 0.5153025771314723 0.9650424331416199 0.6007994536597642 0.16610486470998886 0.7489694135469542 0.32136486972443057 0.44721601236247854 0.5916791610327671 0.3136148382698811
0.8285768021700964 0.0 0.6526240102080715 0.38071221432855995 0.3053267886656025 0.10809625823691005 0.358902645253929 0.06643959179485825 0.5791190423435559 0.46240203482982256 0.6224568168737993 0.589007351632533 0.951980126510296 0.14084787730918225 0.6139088234227773 0.14432760469613348 0.684667415823491 0.052351388740106586 0.061257034467529614 0.6382608651210967 0.8374717540473883 0.5088794870272284 0.6997994098454258 0.92036372923682
0.5581179699640975 0.6526240102080715 0.0 0.8954725360231214 0.7178903374737008 0.31735681228340384 0.491392556861749 0.9530970500666414 0.8205678725680406 0.3367210166222404 0.9148179171484739 0.08789754434847419 0.19487347592448312 0.13604158545713696 0.8354568961352368 0.7028729589773528 0.9309162237771036 0.5979049197139071 0.4624311582068048 0.2973273814083608 0.3558693299867137 0.6991474606048743 0.6090107101906265 0.33817020682713994
0.7741455868507373 0.38071221432855995 0.8954725360231214 0.0 0.2366371722437669 0.3059845874566718 0.8985049360812154 0.6467279939582076 0.8207037429821313 0.7228253912306679 0.5432134884840005 0.99055127070908 0.18907026881219824 0.958182800589956 0.18255185774112936 0.375364401052819 0.48991558692126447 0.11737779575018015 0.6268173432473292 0.8692199602271018 0.4975903082811488 0.8092746220036279 0.9946634654975977 0.6590836066004834
0.7690525491932273 0.3053267886656025 0.7178903374737008 0.2366371722437669 0.0 0.5987815722932828 0.9630744518952461 0.6552017507095631 0.4394892780775205 0.7461624796373768 0.9912324632363387 0.5897515723095114 0.16356872176515247 0.13956599503084832 0.8058534619079311 0.27361057030191116 0.6486733811637069 0.39570081563118686 0.7984596921967182 0.944819449807879 0.5219705302782665 0.7496518739693276 0.5268137870125895 0.17474648852109387
0.36423411362271596 0.10809625823691005 0.31735681228340384 0.3059845874566718 0.5987815722932828 0.0 0.515810242246557 0.3948861063034441 0.5175186789615515 0.9844189936006578 0.1783227632494061 0.41320965272294996 0.2894055255541731 0.3608799451982795 0.6516211837250431 0.8720995491068461 0.43025980607911973 0.9194502623668224 0.28814730908676434 0.5740598820443702 0.3182242768290997 0.6306282476410371 0.5251132949536418 0.6311283225825525
0.1797820464985067 0.358902645253929 0.491392556861749 0.8985049360812154 0.9630744518952461 0.515810242246557 0.0 0.8692576308044665 0.9844594184446143 0.6176555580613928 0.5073858554245455 0.5133155191277718 0.7005615653175674 0.5432312697693734 0.4232993934878595 0.45446042022097033 0.10859153347787853 0.6329522784895691 0.047952606548803844 0.15389585810511874 0.6217915478034466 0.25996486189976087 0.21869791569937214 0.8899592094220821
0.5927754154187389 0.06643959179485825 0.9530970500666414 0.6467279939582076 0.6552017507095631 0.3948861063034441 0.8692576308044665 0.0 0.30535448799110754 0.22064817191317754 0.02248856174097902 0.19539667911747827 0.40169943002349706 0.28131808514250867 0.9491261359065882 0.9497829091814112 0.8163499739716842 0.7312872732844489 0.9838860697469751 0.9137370074881273 0.9909593302561187 0.6825464528457604 0.4454594698941551 0.5316253972181828
0.09962864897509982 0.5791190423435559 0.8205678725680406 0.8207037429821313 0.4394892780775205 0.5175186789615515 0.9844594184446143 0.30535448799110754 0.0 0.2941282987165197 0.2869956490087576 0.09487688592279864 0.9007315499240338 0.046013180249601326 0.004068599646571025 0.5420556569771283 0.9074110822333468 0.559322633943129 0.5447574619942749 0.25883921315802993 0.6645402963630457 0.1271537752287123 0.14245851294122736 0.5708735297276274
0.15666627540074995 0.46240203482982256 0.3367210166222404 0.7228253912306679 0.7461624796373768 0.9844189936006578 0.6176555580613928 0.22064817191317754 0.2941282987165197 0.0 0.5496050461867144 0.7172196989949841 0.35672481930926947 0.845392071125969 0.3390657970351185 0.2423718243475358 0.7029243668677648 0.717957343810117 0.1621740826270488 0.6689223209755102 0.018967479046439917 0.6084337973571046 0.2562044418627346 0.8971233329046672
0.12535616175521802 0.6224568168737993 0.9148179171484739 0.5432134884840005 0.9912324632363387 0.1783227632494061 0.5073858554245455 0.02248856174097902 0.2869956490087576 0.5496050461867144 0.0 0.6296807003643758 0.9649431976131299 0.7951048781065194 0.3022608978934693 0.05006875003868139 0.6442804144742352 0.3848581773590819 0.060173949385377346 0.1806197607207024 0.5882436727591756 0.17138552783157224 0.8976093194128051 0.6909738770925065
0.07115081116380884 0.589007351632533 0.08789754434847419 0.99055127070908 0.5897515723095114 0.41320965272294996 0.5133155191277718 0.19539667911747827 0.09487688592279864 0.7172196989949841 0.6296807003643758 0.0 0.48756055532718534 0.8906124293555986 0.7056758561382096 0.5626883295026168 0.4385668750033611 0.6053567294391767 0.5337621999263383 0.5674971187236565 0.6925227623218307 0.3199869721912578 0.8416341124221081 0.7943766494796048
0.769313126605029 0.951980126510296 0.19487347592448312 0.18907026881219824 0.16356872176515247 0.2894055255541731 0.7005615653175674 0.40169943002349706 0.9007315499240338 0.35672481930926947 0.9649431976131299 0.48756055532718534 0.0 0.47342625247163006 0.14133882369875894 0.5290292393167096 0.20689369830241067 0.4974118005273108 0.16316586287248624 0.18491821489605476 0.611725061630199 0.26529733349623985 0.791440973874717 0.2027031265397029
0.9115233125391183 0.14084787730918225 0.13604158545713696 0.958182800589956 0.13956599503084832 0.3608799451982795 0.5432312697693734 0.28131808514250867 0.046013180249601326 0.845392071125969 0.7951048781065194 0.8906124293555986 0.47342625247163006 0.0 0.3499030665611297 0.4195700020218214 0.7991123836239655 0.892975434110024 0.48425521672373684 0.45807781315345075 0.0014587494073762253 0.4920573154834066 0.24966945520586492 0.8789200202905404
0.8219536725929912 0.6139088234227773 0.8354568961352368 0.18255185774112936 0.8058534619079311 0.6516211837250431 0.4232993934878595 0.9491261359065882 0.004068599646571025 0.3390657970351185 0.3022608978934693 0.7056758561382096 0.14133882369875894 0.3499030665611297 0.0 0.07697577444088577 0.012401997543037835 0.0572318058300173 0.3945069444965311 0.7237663385920546 0.21002972315989787 0.3989462266397945 0.1974850195866642 0.03769542339141718
0.5153025771314723 0.14432760469613348 0.7028729589773528 0.375364401052819 0.27361057030191116 0.8720995491068461 0.45446042022097033 0.9497829091814112 0.5420556569771283 0.2423718243475358 0.05006875003868139 0.5626883295026168 0.5290292393167096 0.4195700020218214 0.07697577444088577 0.0 0.5545284467791338 0.5866610111534589 0.3872007753477591 0.7261094845507436 0.9787488063427767 0.3769901709036714 0.5726029537405881 0.5297094229398378
0.9650424331416199 0.684667415823491 0.9309162237771036 0.48991558692126447 0.6486733811637069 0.43025980607911973 0.10859153347787853 0.8163499739716842 0.9074110822333468 0.7029243668677648 0.6442804144742352 0.4385668750033611 0.20689369830241067 0.7991123836239655 0.012401997543037835 0.5545284467791338 0.0 0.3581754852361847 0.18343207602874756 0.35595929840123663 0.015205838562650675 0.12405810396013794 0.7575519195649189 0.8714906836567249
0.6007994536597642 0.052351388740106586 0.5979049197139071 0.11737779575018015 0.39570081563118686 0.9194502623668224 0.6329522784895691 0.7312872732844489 0.559322633943129 0.717957343810117 0.3848581773590819 0.6053567294391767 0.4974118005273108 0.892975434110024 0.0572318058300173 0.5866610111534589 0.3581754852361847 0.0 0.7226729737745695 0.1497363087622573 0.9330082923321256 0.8040018245321974 0.5040584599696597 0.0661956492022443
0.16610486470998886 0.061257034467529614 0.4624311582068048 0.6268173432473292 0.7984596921967182 0.28814730908676434 0.047952606548803844 0.9838860697469751 0.5447574619942749 0.1621740826270488 0.060173949385377346 0.5337621999263383 0.16316586287248624 0.48425521672373684 0.3945069444965311 0.3872007753477591 0.18343207602874756 0.7226729737745695 0.0 0.2693688437273942 0.34481471464286795 0.7730935965656265 0.4607420111859333 0.2070733049564104
0.7489694135469542 0.6382608651210967 0.2973273814083608 0.8692199602271018 0.944819449807879 0.5740598820443702 0.15389585810511874 0.9137370074881273 0.25883921315802993 0.6689223209755102 0.1806197607207024 0.5674971187236565 0.18491821489605476 0.45807781315345075 0.7237663385920546 0.7261094845507436 0.35595929840123663 0.1497363087622573 0.2693688437273942 0.0 0.35578690783494304 0.3018890300630864 0.9917842864994234 0.650566702751005
0.32136486972443057 0.8374717540473883 0.3558693299867137 0.4975903082811488 0.5219705302782665 0.3182242768290997 0.6217915478034466 0.9909593302561187 0.6645402963630457 0.018967479046439917 0.5882436727591756 0.6925227623218307 0.611725061630199 0.0014587494073762253 0.21002972315989787 0.9787488063427767 0.015205838562650675 0.9330082923321256 0.34481471464286795 0.35578690783494304 0.0 0.6069242357563651 0.14578899821417346 0.3130660794870168
0.44721601236247854 0.5088794870272284 0.6991474606048743 0.8092746220036279 0.7496518739693276 0.6306282476410371 0.25996486189976087 0.6825464528457604 0.1271537752287123 0.6084337973571046 0.17138552783157224 0.3199869721912578 0.26529733349623985 0.4920573154834066 0.3989462266397945 0.3769901709036714 0.12405810396013794 0.8040018245321974 0.7730935965656265 0.3018890300630864 0.6069242357563651 0.0 0.7335395903974401 0.32907284171244944
0.5916791610327671 0.6997994098454258 0.6090107101906265 0.9946634654975977 0.5268137870125895 0.5251132949536418 0.21869791569937214 0.4454594698941551 0.14245851294122736 0.2562044418627346 0.8976093194128051 0.8416341124221081 0.791440973874717 0.24966945520586492 0.1974850195866642 0.5726029537405881 0.7575519195649189 0.5040584599696597 0.4607420111859333 0.9917842864994234 0.14578899821417346 0.7335395903974401 0.0 0.2555969487520403
0.3136148382698811 0.92036372923682 0.33817020682713994 0.6590836066004834 0.17474648852109387 0.6311283225825525 0.8899592094220821 0.5316253972181828 0.5708735297276274 0.8971233329046672 0.6909738770925065 0.7943766494796048 0.2027031265397029 0.8789200202905404 0.03769542339141718 0.5297094229398378 0.8714906836567249 0.0661956492022443 0.2070733049564104 0.650566702751005 0.3130660794870168 0.32907284171244944 0.2555969487520403 0.0

# Optimal Walk
0 11 2 13 20 9 22 8 21 16 14 23 17 3 4 12 19 6 18 5 1 7 15 10 0
