# Graph size: 24
# Optimal cost: 2.173315157993524

# Distance Matrix
0.0 0.14242434177193397 0.38047815734127843 0.026032292848783056 0.2395260493906809 0.801363894464277 0.34148344993784485 0.3768370459627597 0.35772258717114847 0.5881768853778467 0.7784795007264632 0.7356644601954814 0.811821174841622 0.07231650205884288 0.107074896288891 0.8265990296892577 0.10509707088509623 0.5968830771585765 0.6747889047478041 0.9370319900095228 0.20909378791028732 0.30486959807996583 0.3925034895373507 0.9250434724770148
0.14242434177193397 0.0 0.9246439740799692 0.4478176128149147 0.9902221804120303 0.0040836429742404645 0.7445319266653196 0.5684671401297544 0.4665019342783854 0.6665554532572754 0.8892143516530713 0.8843352429505177 0.012838763549032794 0.3588786700019777 0.0395560654704088 0.21575969952902752 0.9374515103553126 0.5528405005320352 0.174325813758891 0.09979560504869489 0.8873225637584881 0.671516055199413 0.8352367015136374 0.31045447201125953
0.38047815734127843 0.9246439740799692 0.0 0.9730181235584733 0.9227670381232491 0.08860471161586414 0.8661270090964907 0.23772471738436107 0.469304521737004 0.430237822255787 0.7466320663921445 0.2801031221660386 0.5215279941774975 0.8889573924747218 0.9651857912942219 0.7399741516159564 0.8778293683743648 0.6241924412243705 0.3446872910126201 0.7865154960932288 0.15677714385167052 0.38437664598260834 0.33306725796748227 0.7105627497079887
0.026032292848783056 0.4478176128149147 0.9730181235584733 0.0 0.4665727296593213 0.29541664662518685 0.4590494478449405 0.21577131918248438 0.539397100935027 0.5822898255303119 0.5775244839424879 0.027810882857310926 0.4217430965844605 0.991868163933646 0.8828387505626099 0.9964270290493191 0.6565546107895728 0.8813544613429877 0.7786514270860272 0.9521198528596088 0.5189707726753052 0.16425576517895124 0.0846150395654407 0.19735253167626698
0.2395260493906809 0.9902221804120303 0.9227670381232491 0.4665727296593213 0.0 0.27470005241353523 0.564608109672038 0.7329862581924433 0.6616173910633126 0.6185251395468336 0.9202059507664824 0.06237495577513075 0.4303507326202318 0.4201667051523309 0.5968783219037552 0.05119156908458866 0.5696024075667484 0.6557101908356374 0.42839299068230585 0.3499540665675879 0.9115291020460403 0.9350265612019326 0.9803592022709072 0.7694673059571125
0.801363894464277 0.0040836429742404645 0.08860471161586414 0.29541664662518685 0.27470005241353523 0.0 0.7401954267484188 0.3490945885240484 0.35153832624206216 0.9609897554801106 0.12283037464041024 0.4558586194086435 0.17226062424738864 0.38485288966334774 0.9686007466142457 0.09923238018856106 0.9371862462426026 0.30560170433577916 0.76512783515694 0.41308615093754186 0.3184365072568921 0.4745748840642183 0.34238663139179504 0.8005307429475914
0.34148344993784485 0.7445319266653196 0.8661270090964907 0.4590494478449405 0.564608109672038 0.7401954267484188 0.0 0.6451614736001758 0.36494574217026154 0.944292074579493 0.8985389393688283 0.30689842494139674 0.30959618985269366 0.3501899697360863 0.5389208553879952 0.44061510694695927 0.6587974202168125 0.781634943326068 0.49889694854143685 0.8951205219373366 0.12252311752163336 0.8542513577997201 0.3979883899052561 0.1315652610748933
0.3768370459627597 0.5684671401297544 0.23772471738436107 0.21577131918248438 0.7329862581924433 0.3490945885240484 0.6451614736001758 0.0 0.7913217653375043 0.8901374449194941 0.44267156226417226 0.41504236058253363 0.9400268458797673 0.49318704698250504 0.8462195702745758 0.37983861973061306 0.6101852060780176 0.40786724439298105 0.6583806331468994 0.8096757266558201 0.1399349566819843 0.3314040061859638 0.4280193390418393 0.2643190434847609
0.35772258717114847 0.4665019342783854 0.469304521737004 0.539397100935027 0.6616173910633126 0.35153832624206216 0.36494574217026154 0.7913217653375043 0.0 0.26416623549274 0.5299927658248598 0.5915737454423667 0.005221605790505346 0.14314993175828483 0.8215641584082862 0.7311576317057511 0.5254095132346996 0.6944204398390522 0.730799411709511 0.8783636981831897 0.8726038290501875 0.9005504000651159 0.39650439168239804 0.8533002352248926
0.5881768853778467 0.6665554532572754 0.430237822255787 0.5822898255303119 0.6185251395468336 0.9609897554801106 0.944292074579493 0.8901374449194941 0.26416623549274 0.0 0.8696139022411967 0.3445571203892217 0.11711461778850019 0.22312056135051506 0.28232523422961586 0.08503158145919143 0.2570182179282 0.8402802352715751 0.963144432575007 0.12468269787452901 0.6045477603366521 0.07798481054779016 0.006553131941748336 0.14884110949828655
0.7784795007264632 0.8892143516530713 0.7466320663921445 0.5775244839424879 0.9202059507664824 0.12283037464041024 0.8985389393688283 0.44267156226417226 0.5299927658248598 0.8696139022411967 0.0 0.17190552325945097 0.8187665521179799 0.9934612865221812 0.914567985249015 0.8579514730648917 0.9718553192214521 0.4723397218880334 0.6563665981127227 0.3566967676040895 0.7959857111374936 0.9276506833094442 0.14109504727869593 0.18751005535845744
0.7356644601954814 0.8843352429505177 0.2801031221660386 0.027810882857310926 0.06237495577513075 0.4558586194086435 0.30689842494139674 0.41504236058253363 0.5915737454423667 0.3445571203892217 0.17190552325945097 0.0 0.5865087213525414 0.6198842409224805 0.5525310226933229 0.7474575034837624 0.3491528933213116 0.8465475415211825 0.21514023345473754 0.8418618940907642 0.9275065420592463 0.36974276397802974 0.27695234749477937 0.23607999649444766
0.811821174841622 0.012838763549032794 0.5215279941774975 0.4217430965844605 0.4303507326202318 0.17226062424738864 0.30959618985269366 0.9400268458797673 0.005221605790505346 0.11711461778850019 0.8187665521179799 0.5865087213525414 0.0 0.6772690301914083 0.9835090003164834 0.8630494082102355 0.3896616626879068 0.18754602043851243 0.45289198498036964 0.8840234773507948 0.6834677204763927 0.7379395489256915 0.3467450613787938 0.6378617488722574
0.07231650205884288 0.3588786700019777 0.8889573924747218 0.991868163933646 0.4201667051523309 0.38485288966334774 0.3501899697360863 0.49318704698250504 0.14314993175828483 0.22312056135051506 0.9934612865221812 0.6198842409224805 0.6772690301914083 0.0 0.13098870559402165 0.14991104443846748 0.6075533384019676 0.5790689432481948 0.7770191746391291 0.4418714650212149 0.05411267686070653 0.14543832159331183 0.7300079753095242 0.22967950206940657
0.107074896288891 0.0395560654704088 0.9651857912942219 0.8828387505626099 0.5968783219037552 0.9686007466142457 0.5389208553879952 0.8462195702745758 0.8215641584082862 0.28232523422961586 0.914567985249015 0.5525310226933229 0.9835090003164834 0.13098870559402165 0.0 0.3966835725146258 0.33073439230579516 0.04881738422565063 0.12770516591874426 0.7592794185965737 0.7706516641328633 0.5102895203705079 0.5003431930736044 0.15003799343229485
0.8265990296892577 0.21575969952902752 0.7399741516159564 0.9964270290493191 0.05119156908458866 0.09923238018856106 0.44061510694695927 0.37983861973061306 0.7311576317057511 0.08503158145919143 0.8579514730648917 0.7474575034837624 0.8630494082102355 0.14991104443846748 0.3966835725146258 0.0 0.4697654779697351 0.6209311072984236 0.7898364429757198 0.7981629867902268 0.9387927719975768 0.10419303300235516 0.30349659791112005 0.7847129752901968
0.10509707088509623 0.9374515103553126 0.8778293683743648 0.6565546107895728 0.5696024075667484 0.9371862462426026 0.6587974202168125 0.6101852060780176 0.5254095132346996 0.2570182179282 0.9718553192214521 0.3491528933213116 0.3896616626879068 0.6075533384019676 0.33073439230579516 0.4697654779697351 0.0 0.4343317813868046 0.494234161385379 0.7818859720276801 0.9345529393196644 0.19735142623826596 0.3977235367722286 0.28925065563244057
0.5968830771585765 0.5528405005320352 0.6241924412243705 0.8813544613429877 0.6557101908356374 0.30560170433577916 0.781634943326068 0.40786724439298105 0.6944204398390522 0.8402802352715751 0.4723397218880334 0.8465475415211825 0.18754602043851243 0.5790689432481948 0.04881738422565063 0.6209311072984236 0.4343317813868046 0.0 0.5080733819572854 0.07205278445057184 0.44714903412958673 0.9684717179688029 0.8338207136014727 0.6533265052813898
0.6747889047478041 0.174325813758891 0.3446872910126201 0.7786514270860272 0.42839299068230585 0.76512783515694 0.49889694854143685 0.6583806331468994 0.730799411709511 0.963144432575007 0.6563665981127227 0.21514023345473754 0.45289198498036964 0.7770191746391291 0.12770516591874426 0.7898364429757198 0.494234161385379 0.5080733819572854 0.0 0.9622644622031764 0.9850280635619678 0.656971741497253 0.15888148822893466 0.8607211246255374
0.9370319900095228 0.09979560504869489 0.7865154960932288 0.9521198528596088 0.3499540665675879 0.41308615093754186 0.8951205219373366 0.8096757266558201 0.8783636981831897 0.12468269787452901 0.3566967676040895 0.8418618940907642 0.8840234773507948 0.4418714650212149 0.7592794185965737 0.7981629867902268 0.7818859720276801 0.07205278445057184 0.9622644622031764 0.0 0.547940904798083 0.6436243445085791 0.5512221520378451 0.4145945110494835
0.20909378791028732 0.8873225637584881 0.15677714385167052 0.5189707726753052 0.9115291020460403 0.3184365072568921 0.12252311752163336 0.1399349566819843 0.8726038290501875 0.6045477603366521 0.7959857111374936 0.9275065420592463 0.6834677204763927 0.05411267686070653 0.7706516641328633 0.9387927719975768 0.9345529393196644 0.44714903412958673 0.9850280635619678 0.547940904798083 0.0 0.2403960789998396 0.1771650646442715 0.04500230238713232
0.30486959807996583 0.671516055199413 0.38437664598260834 0.16425576517895124 0.9350265612019326 0.4745748840642183 0.8542513577997201 0.3314040061859638 0.9005504000651159 0.07798481054779016 0.9276506833094442 0.36974276397802974 0.7379395489256915 0.14543832159331183 0.5102895203705079 0.10419303300235516 0.19735142623826596 0.9684717179688029 0.656971741497253 0.6436243445085791 0.2403960789998396 0.0 0.036429697629344115 0.018717779070442808
0.3925034895373507 0.8352367015136374 0.33306725796748227 0.0846150395654407 0.9803592022709072 0.34238663139179504 0.3979883899052561 0.4280193390418393 0.39650439168239804 0.006553131941748336 0.14109504727869593 0.27695234749477937 0.3467450613787938 0.7300079753095242 0.5003431930736044 0.30349659791112005 0.3977235367722286 0.8338207136014727 0.15888148822893466 0.5512221520378451 0.1771650646442715 0.036429697629344115 0.0 0.3105140322404937
0.9250434724770148 0.31045447201125953 0.7105627497079887 0.19735253167626698 0.7694673059571125 0.8005307429475914 0.1315652610748933 0.2643190434847609 0.8533002352248926 0.14884110949828655 0.18751005535845744 0.23607999649444766 0.6378617488722574 0.22967950206940657 0.15003799343229485 0.7847129752901968 0.28925065563244057 0.6533265052813898 0.8607211246255374 0.4145945110494835 0.04500230238713232 0.018717779070442808 0.3105140322404937 0.0

# Optimal Walk
0 13 20 7 6 23 21 22 10 5 2 8 12 1 19 17 14 18 9 15 4 11 3 16 0
