# MCW Instance
# Type: UNIFORM
# N: 24
# Optimal cost: 1.9392679878657297
# Optimal tour (permutation): [0, 5, 21, 22, 4, 2, 15, 13, 7, 18, 17, 1, 11, 12, 9, 10, 14, 8, 6, 23, 16, 20, 3, 19, 0]
# Optimal walk (full path): [0, 5, 21, 19, 22, 4, 2, 4, 15, 13, 7, 1, 18, 1, 17, 1, 11, 12, 9, 10, 14, 8, 14, 6, 23, 16, 19, 3, 20, 3, 19, 0]
# Walk size: 32
# Is walk (has repeats): true

# Distance Matrix
0.0000000000 0.6765871782 0.8820272298 0.5191828238 0.2020905534 0.1471461108 0.6400182684 0.2737605333 0.4268913231 0.7502387824 0.5961737205 0.9283918759 0.4404121842 0.8179254249 0.2425504264 0.4356787937 0.6295777449 0.5190910936 0.1838019794 0.1527678550 0.5613295787 0.9455883536 0.3952626786 0.8223110808
0.6765871782 0.0000000000 0.9302247128 0.6497056075 0.2632664954 0.2100893636 0.5127718288 0.1376298775 0.3510911302 0.5333627703 0.4083208501 0.0276749706 0.7645809928 0.0337377403 0.4176106339 0.0673973995 0.4534173215 0.0493180294 0.0126185980 0.9703237315 0.7771672113 0.7231328542 0.9851450758 0.0808650558
0.8820272298 0.9302247128 0.0000000000 0.1896580489 0.0483123572 0.5266044827 0.2050953205 0.9508872979 0.2952065086 0.1877840250 0.5554222716 0.3625919884 0.9916210551 0.8948703247 0.6487811209 0.1417662600 0.5345697637 0.9568326843 0.1708325317 0.1958293597 0.2004194112 0.7892915608 0.2727482371 0.2438104698
0.5191828238 0.6497056075 0.1896580489 0.0000000000 0.7900302420 0.9012892266 0.5025190915 0.4398309865 0.3964712209 0.5439189461 0.5893219637 0.3983287368 0.8151159438 0.3035581317 0.5973333551 0.7948828917 0.9294018246 0.8374898452 0.5444792734 0.0221620361 0.0002614480 0.8959860822 0.4419624854 0.2174326590
0.2020905534 0.2632664954 0.0483123572 0.7900302420 0.0000000000 0.1632117552 0.7524655047 0.8520096446 0.3462281328 0.5943131831 0.1721270588 0.4841325648 0.9261939449 0.7446874955 0.0895003756 0.0542994218 0.4057874066 0.7630096225 0.2366424748 0.6167631629 0.1744252449 0.7263652687 0.0662497505 0.8448959181
0.1471461108 0.2100893636 0.5266044827 0.9012892266 0.1632117552 0.0000000000 0.6738361839 0.5820928857 0.4477429812 0.2852300235 0.1047892611 0.7667045766 0.7794222253 0.4380075482 0.7790337101 0.3127080550 0.3560779685 0.6278918105 0.2531990282 0.8801271633 0.0589828680 0.0200963298 0.9995690473 0.5567461013
0.6400182684 0.5127718288 0.2050953205 0.5025190915 0.7524655047 0.6738361839 0.0000000000 0.6939790933 0.8100373186 0.5180571812 0.4595781427 0.5934135534 0.5687188100 0.4743742307 0.1397870921 0.4189639938 0.9614092610 0.6612945141 0.5442652852 0.4549367276 0.5737718946 0.3230897236 0.8192996890 0.0654065921
0.2737605333 0.1376298775 0.9508872979 0.4398309865 0.8520096446 0.5820928857 0.6939790933 0.0000000000 0.3774610763 0.6576140879 0.5552328092 0.4036087224 0.4462996178 0.1161887799 0.1657532710 0.9082800944 0.8945028288 0.4583471472 0.9714258443 0.5991890879 0.6500171716 0.3866665825 0.2142988174 0.6928790344
0.4268913231 0.3510911302 0.2952065086 0.3964712209 0.3462281328 0.4477429812 0.8100373186 0.3774610763 0.0000000000 0.5988924604 0.9863271561 0.6689018877 0.5996918765 0.8407085964 0.1247005946 0.7346750453 0.9344264794 0.2804288914 0.4281880726 0.8958455039 0.7755253962 0.5486541946 0.4466884181 0.2169956871
0.7502387824 0.5333627703 0.1877840250 0.5439189461 0.5943131831 0.2852300235 0.5180571812 0.6576140879 0.5988924604 0.0000000000 0.0414729443 0.2901028623 0.1404932826 0.1060425371 0.5181266461 0.1892439395 0.8800692603 0.9210746047 0.7669928145 0.7123619052 0.7361012450 0.1234699299 0.8719965094 0.4369331871
0.5961737205 0.4083208501 0.5554222716 0.5893219637 0.1721270588 0.1047892611 0.4595781427 0.5552328092 0.9863271561 0.0414729443 0.0000000000 0.9553354439 0.5869445157 0.7410849025 0.0120459674 0.1671743088 0.3606575132 0.4690421633 0.2476969728 0.0466399959 0.6542259739 0.0891832609 0.5661493991 0.8712367437
0.9283918759 0.0276749706 0.3625919884 0.3983287368 0.4841325648 0.7667045766 0.5934135534 0.4036087224 0.6689018877 0.2901028623 0.9553354439 0.0000000000 0.0634782875 0.8941328350 0.0651390416 0.6524067717 0.0880026712 0.3896845127 0.7405660436 0.2966884385 0.8050227181 0.8607752034 0.9954119621 0.5573492322
0.4404121842 0.7645809928 0.9916210551 0.8151159438 0.9261939449 0.7794222253 0.5687188100 0.4462996178 0.5996918765 0.1404932826 0.5869445157 0.0634782875 0.0000000000 0.1588593089 0.4748978114 0.4219734023 0.3741803470 0.7012142561 0.8258147208 0.9861044061 0.5673040695 0.7747382749 0.8292239989 0.1650122786
0.8179254249 0.0337377403 0.8948703247 0.3035581317 0.7446874955 0.4380075482 0.4743742307 0.1161887799 0.8407085964 0.1060425371 0.7410849025 0.8941328350 0.1588593089 0.0000000000 0.7502580222 0.0708213933 0.9220688463 0.2942521591 0.7582862536 0.2122715631 0.5884698291 0.3649180436 0.8496794172 0.5125232007
0.2425504264 0.4176106339 0.6487811209 0.5973333551 0.0895003756 0.7790337101 0.1397870921 0.1657532710 0.1247005946 0.5181266461 0.0120459674 0.0651390416 0.4748978114 0.7502580222 0.0000000000 0.3377990251 0.7786287733 0.4311713304 0.3452438499 0.3942037843 0.1157597560 0.0828133735 0.6216842927 0.5219269955
0.4356787937 0.0673973995 0.1417662600 0.7948828917 0.0542994218 0.3127080550 0.4189639938 0.9082800944 0.7346750453 0.1892439395 0.1671743088 0.6524067717 0.4219734023 0.0708213933 0.3377990251 0.0000000000 0.8014722116 0.2134114170 0.7178433208 0.6070597660 0.6644435108 0.7645248505 0.8194954447 0.8439020408
0.6295777449 0.4534173215 0.5345697637 0.9294018246 0.4057874066 0.3560779685 0.9614092610 0.8945028288 0.9344264794 0.8800692603 0.3606575132 0.0880026712 0.3741803470 0.9220688463 0.7786287733 0.8014722116 0.0000000000 0.7748039528 0.9991911933 0.0603562448 0.6328944920 0.6206362569 0.5609531448 0.0171363038
0.5190910936 0.0493180294 0.9568326843 0.8374898452 0.7630096225 0.6278918105 0.6612945141 0.4583471472 0.2804288914 0.9210746047 0.4690421633 0.3896845127 0.7012142561 0.2942521591 0.4311713304 0.2134114170 0.7748039528 0.0000000000 0.5871255368 0.6364965429 0.6694301657 0.0949618060 0.3657053957 0.3327661068
0.1838019794 0.0126185980 0.1708325317 0.5444792734 0.2366424748 0.2531990282 0.5442652852 0.9714258443 0.4281880726 0.7669928145 0.2476969728 0.7405660436 0.8258147208 0.7582862536 0.3452438499 0.7178433208 0.9991911933 0.5871255368 0.0000000000 0.5305895763 0.0876161156 0.4048385697 0.7912458146 0.7830371658
0.1527678550 0.9703237315 0.1958293597 0.0221620361 0.6167631629 0.8801271633 0.4549367276 0.5991890879 0.8958455039 0.7123619052 0.0466399959 0.2966884385 0.9861044061 0.2122715631 0.3942037843 0.6070597660 0.0603562448 0.6364965429 0.5305895763 0.0000000000 0.7292829754 0.0012149874 0.0902556703 0.0760606315
0.5613295787 0.7771672113 0.2004194112 0.0002614480 0.1744252449 0.0589828680 0.5737718946 0.6500171716 0.7755253962 0.7361012450 0.6542259739 0.8050227181 0.5673040695 0.5884698291 0.1157597560 0.6644435108 0.6328944920 0.6694301657 0.0876161156 0.7292829754 0.0000000000 0.3679491982 0.6173795030 0.3016043499
0.9455883536 0.7231328542 0.7892915608 0.8959860822 0.7263652687 0.0200963298 0.3230897236 0.3866665825 0.5486541946 0.1234699299 0.0891832609 0.8607752034 0.7747382749 0.3649180436 0.0828133735 0.7645248505 0.6206362569 0.0949618060 0.4048385697 0.0012149874 0.3679491982 0.0000000000 0.6808237694 0.9853503718
0.3952626786 0.9851450758 0.2727482371 0.4419624854 0.0662497505 0.9995690473 0.8192996890 0.2142988174 0.4466884181 0.8719965094 0.5661493991 0.9954119621 0.8292239989 0.8496794172 0.6216842927 0.8194954447 0.5609531448 0.3657053957 0.7912458146 0.0902556703 0.6173795030 0.6808237694 0.0000000000 0.7250278980
0.8223110808 0.0808650558 0.2438104698 0.2174326590 0.8448959181 0.5567461013 0.0654065921 0.6928790344 0.2169956871 0.4369331871 0.8712367437 0.5573492322 0.1650122786 0.5125232007 0.5219269955 0.8439020408 0.0171363038 0.3327661068 0.7830371658 0.0760606315 0.3016043499 0.9853503718 0.7250278980 0.0000000000
