# Graph size: 24
# Optimal cost: 0.9550392635424405

# Distance Matrix
0.0 0.42124694144542085 0.26912124000375237 0.8295755154554926 0.7295899669110658 0.2578296378122441 0.8216569033276159 0.3865214889680353 0.691703909669242 0.8709825225495392 0.3955306099375572 0.5815415136733934 0.1348467260882612 0.8769075794545097 0.07896522307522313 0.2817569495309914 0.9830213740790721 0.24946220128512797 0.8050436443204614 0.7089125359071367 0.5186828926409367 0.383927247203379 0.9814037341823184 0.7639673568468808
0.42124694144542085 0.0 0.10512344852696598 0.44042411874356646 0.3839341536213756 0.9140647033862289 0.6485814428852407 0.05221598751483547 0.4673337082466157 0.020573365971135682 0.015925535142533254 0.6413557590179755 0.2541856972432497 0.9097446997722203 0.5231787652063855 0.5226191117234097 0.004237993477989033 0.1916311483483455 0.04081124929293567 0.6963882424720255 0.9368685136486811 0.8182634423692441 0.22364496095839526 0.7321278427944093
0.26912124000375237 0.10512344852696598 0.0 0.3822551824587289 0.1386855887711722 0.8663772960416212 0.4263220081061202 0.870557724068606 0.7562978098948975 0.4101447811727358 0.9822167842352844 0.8334586673439223 0.3230595699815446 0.18121208078593498 0.3034401185481891 0.788699431217158 0.5154564116755672 0.029785385571267087 0.6195470944019441 0.10578628936627199 0.8287353688937856 0.6551140412660177 0.06876533551464192 0.7098308017192666
0.8295755154554926 0.44042411874356646 0.3822551824587289 0.0 0.49876596800088224 0.05245705449960736 0.05169156806228792 0.37052732141508427 0.8149848328945464 0.1981565412288796 0.13941735573091252 0.5445603885956285 0.32323404063223693 0.3009734053547978 0.07053806922308381 0.09227278112638371 0.9339040994288782 0.6910047690476798 0.9037263626077242 0.5732149687761413 0.7486450035750335 0.6919169833530362 0.7060272712133014 0.24023526936150064
0.7295899669110658 0.3839341536213756 0.1386855887711722 0.49876596800088224 0.0 0.49800950497557595 0.6278916678446131 0.25175920170611743 0.2980590998323672 0.84274489625204 0.4535968303654344 0.08288130449222297 0.46984492010695766 0.43305073719376785 0.3636586607923984 0.9389144023425998 0.4239936783506967 0.5429718927253175 0.137523998525114 0.002979230922535825 0.153527127681778 0.30119751126543426 0.9062675499422603 0.6302422267075859
0.2578296378122441 0.9140647033862289 0.8663772960416212 0.05245705449960736 0.49800950497557595 0.0 0.9716398755001344 0.024888304775598002 0.48981147077256293 0.22603577361337956 0.3895690619681357 0.9297560104803453 0.44618998555274947 0.7231461849153251 0.7767143969402497 0.5374705172104375 0.4989045817024409 0.6712395712508351 0.3679804661881173 0.4305714540444888 0.06408045958419695 0.296122055797456 0.8796025692830842 0.6154131829919596
0.8216569033276159 0.6485814428852407 0.4263220081061202 0.05169156806228792 0.6278916678446131 0.9716398755001344 0.0 0.18604822951539934 0.012507184855155673 0.7222555616780003 0.6452728607951227 0.3081393171906971 0.7811907997043178 0.5590355355306861 0.8286036816747431 0.9548973375165536 0.390008865111905 0.7459419192612665 0.3015163047482976 0.5825720453482204 0.20768155958835144 0.013777517809680062 0.4789232954045368 0.5666763567752754
0.3865214889680353 0.05221598751483547 0.870557724068606 0.37052732141508427 0.25175920170611743 0.024888304775598002 0.18604822951539934 0.0 0.21062279250404126 0.6029228161979513 0.4153831111415961 0.5385508332618473 0.11502099507269103 0.9462297054960231 0.9045313518375176 0.05729457386174419 0.25997373133688795 0.9103192437853524 0.7250889983252897 0.9090849393622094 0.48218521283450066 0.551856883513551 0.30178845295464607 0.1628230972313155
0.691703909669242 0.4673337082466157 0.7562978098948975 0.8149848328945464 0.2980590998323672 0.48981147077256293 0.012507184855155673 0.21062279250404126 0.0 0.5987122063859999 0.32291765990460375 0.19116041299898412 0.47920600109515943 0.2714705752590624 0.6683430385244956 0.22497518069186762 0.06973996579717667 0.965691000076636 0.9980300166665876 0.8482346676439825 0.13287445723630675 0.43423956873778324 0.0883822440600961 0.17396231640432736
0.8709825225495392 0.020573365971135682 0.4101447811727358 0.1981565412288796 0.84274489625204 0.22603577361337956 0.7222555616780003 0.6029228161979513 0.5987122063859999 0.0 0.5563495140326696 0.6606945499336241 0.06969201589066021 0.5436394943490861 0.16801347970476121 0.47629809552251334 0.2900109654519364 0.9299892109545057 0.8417824445943328 0.12937796225394183 0.5111062194272107 0.34790892935386675 0.3210765771571408 0.9305602587506346
0.3955306099375572 0.015925535142533254 0.9822167842352844 0.13941735573091252 0.4535968303654344 0.3895690619681357 0.6452728607951227 0.4153831111415961 0.32291765990460375 0.5563495140326696 0.0 0.08838830167896616 0.5497061114744451 0.708982526740203 0.7230718699413129 0.014235691386046967 0.6723914479809362 0.19255520028096218 0.334656997102731 0.9629300293193593 0.17763694003094244 0.7180865130954618 0.35610890423140507 0.7654552537670448
0.5815415136733934 0.6413557590179755 0.8334586673439223 0.5445603885956285 0.08288130449222297 0.9297560104803453 0.3081393171906971 0.5385508332618473 0.19116041299898412 0.6606945499336241 0.08838830167896616 0.0 0.3791064223656365 0.014832339705114661 0.5611449590822657 0.06370301787622878 0.08721887413626217 0.5766033047986756 0.033328850162536505 0.24616553336615332 0.41800561886680254 0.9537888711296288 0.597971563597143 0.1509861424366744
0.1348467260882612 0.2541856972432497 0.3230595699815446 0.32323404063223693 0.46984492010695766 0.44618998555274947 0.7811907997043178 0.11502099507269103 0.47920600109515943 0.06969201589066021 0.5497061114744451 0.3791064223656365 0.0 0.6105745612315715 0.9827986372057481 0.4704178606397079 0.4372772167293205 0.7767956064013448 0.3855682586128345 0.12685280819593514 0.9719038680524099 0.8671737864722295 0.5086917706702515 0.27973868718815476
0.8769075794545097 0.9097446997722203 0.18121208078593498 0.3009734053547978 0.43305073719376785 0.7231461849153251 0.5590355355306861 0.9462297054960231 0.2714705752590624 0.5436394943490861 0.708982526740203 0.014832339705114661 0.6105745612315715 0.0 0.05647074318149603 0.7784773977055308 0.8399065121791464 0.4972196747811026 0.8280389670775723 0.4515403737880682 0.3390699593883547 0.4443076971250097 0.7071383833166975 0.011759813163903399
0.07896522307522313 0.5231787652063855 0.3034401185481891 0.07053806922308381 0.3636586607923984 0.7767143969402497 0.8286036816747431 0.9045313518375176 0.6683430385244956 0.16801347970476121 0.7230718699413129 0.5611449590822657 0.9827986372057481 0.05647074318149603 0.0 0.5514330777407993 0.9433899847246321 0.33793037248860713 0.49016080427166964 0.9329275181031416 0.05257521056217784 0.06791455137448643 0.42950243472329774 0.8103493841334184
0.2817569495309914 0.5226191117234097 0.788699431217158 0.09227278112638371 0.9389144023425998 0.5374705172104375 0.9548973375165536 0.05729457386174419 0.22497518069186762 0.47629809552251334 0.014235691386046967 0.06370301787622878 0.4704178606397079 0.7784773977055308 0.5514330777407993 0.0 0.14262130733926137 0.648362620971252 0.7277506820450662 0.9237352373047959 0.5166653069486217 0.501700889106907 0.4003446767857983 0.5538908817209359
0.9830213740790721 0.004237993477989033 0.5154564116755672 0.9339040994288782 0.4239936783506967 0.4989045817024409 0.390008865111905 0.25997373133688795 0.06973996579717667 0.2900109654519364 0.6723914479809362 0.08721887413626217 0.4372772167293205 0.8399065121791464 0.9433899847246321 0.14262130733926137 0.0 0.461701557563877 0.5983529409535753 0.5530354944049652 0.8249467953580926 0.7467313290913555 0.7130920366164618 0.748677147071902
0.24946220128512797 0.1916311483483455 0.029785385571267087 0.6910047690476798 0.5429718927253175 0.6712395712508351 0.7459419192612665 0.9103192437853524 0.965691000076636 0.9299892109545057 0.19255520028096218 0.5766033047986756 0.7767956064013448 0.4972196747811026 0.33793037248860713 0.648362620971252 0.461701557563877 0.0 0.8899791558087118 0.4897335946214124 0.5897425511288016 0.12420166973705249 0.3571481044581861 0.004083301418573715
0.8050436443204614 0.04081124929293567 0.6195470944019441 0.9037263626077242 0.137523998525114 0.3679804661881173 0.3015163047482976 0.7250889983252897 0.9980300166665876 0.8417824445943328 0.334656997102731 0.033328850162536505 0.3855682586128345 0.8280389670775723 0.49016080427166964 0.7277506820450662 0.5983529409535753 0.8899791558087118 0.0 0.33310873952788234 0.06811154867624747 0.4944702547941726 0.7047696006910611 0.16829791917307746
0.7089125359071367 0.6963882424720255 0.10578628936627199 0.5732149687761413 0.002979230922535825 0.4305714540444888 0.5825720453482204 0.9090849393622094 0.8482346676439825 0.12937796225394183 0.9629300293193593 0.24616553336615332 0.12685280819593514 0.4515403737880682 0.9329275181031416 0.9237352373047959 0.5530354944049652 0.4897335946214124 0.33310873952788234 0.0 0.004174253339609191 0.4632559482734936 0.40574370649104574 0.5601442452271749
0.5186828926409367 0.9368685136486811 0.8287353688937856 0.7486450035750335 0.153527127681778 0.06408045958419695 0.20768155958835144 0.48218521283450066 0.13287445723630675 0.5111062194272107 0.17763694003094244 0.41800561886680254 0.9719038680524099 0.3390699593883547 0.05257521056217784 0.5166653069486217 0.8249467953580926 0.5897425511288016 0.06811154867624747 0.004174253339609191 0.0 0.843605318658917 0.07340530220376495 0.37195209524551875
0.383927247203379 0.8182634423692441 0.6551140412660177 0.6919169833530362 0.30119751126543426 0.296122055797456 0.013777517809680062 0.551856883513551 0.43423956873778324 0.34790892935386675 0.7180865130954618 0.9537888711296288 0.8671737864722295 0.4443076971250097 0.06791455137448643 0.501700889106907 0.7467313290913555 0.12420166973705249 0.4944702547941726 0.4632559482734936 0.843605318658917 0.0 0.5692287920710669 0.9658777187370563
0.9814037341823184 0.22364496095839526 0.06876533551464192 0.7060272712133014 0.9062675499422603 0.8796025692830842 0.4789232954045368 0.30178845295464607 0.0883822440600961 0.3210765771571408 0.35610890423140507 0.597971563597143 0.5086917706702515 0.7071383833166975 0.42950243472329774 0.4003446767857983 0.7130920366164618 0.3571481044581861 0.7047696006910611 0.40574370649104574 0.07340530220376495 0.5692287920710669 0.0 0.3281724218713673
0.7639673568468808 0.7321278427944093 0.7098308017192666 0.24023526936150064 0.6302422267075859 0.6154131829919596 0.5666763567752754 0.1628230972313155 0.17396231640432736 0.9305602587506346 0.7654552537670448 0.1509861424366744 0.27973868718815476 0.011759813163903399 0.8103493841334184 0.5538908817209359 0.748677147071902 0.004083301418573715 0.16829791917307746 0.5601442452271749 0.37195209524551875 0.9658777187370563 0.3281724218713673 0.0

# Optimal Walk
0 14 20 19 4 18 11 13 23 17 2 22 8 21 6 3 5 7 15 10 16 1 9 12 0
