# MCW Instance
# Type: UNIFORM
# N: 24
# Optimal cost: 1.8224401443274867
# Optimal tour (permutation): [0, 16, 4, 14, 13, 19, 6, 2, 3, 10, 1, 11, 18, 9, 22, 12, 5, 21, 17, 23, 20, 8, 15, 7, 0]
# Optimal walk (full path): [0, 16, 4, 16, 0, 14, 13, 14, 6, 19, 6, 2, 6, 3, 1, 10, 1, 11, 18, 9, 22, 12, 5, 21, 17, 23, 20, 8, 15, 7, 0]
# Walk size: 31
# Is walk (has repeats): true

# Distance Matrix
0.0000000000 0.0677947279 0.7233707284 0.4039522115 0.3219974480 0.5305228712 0.3805869966 0.0880355198 0.8155706403 0.8602820444 0.1913898390 0.9682084080 0.9771330204 0.2034493415 0.0473402960 0.9131700087 0.0096542688 0.7732967763 0.1832400985 0.7058632702 0.2380288634 0.2340432854 0.3633928982 0.6170912702
0.0677947279 0.0000000000 0.4840049746 0.0740893463 0.2391539715 0.4629601704 0.8391018248 0.6181226271 0.2982091066 0.6205445048 0.1001942603 0.0475102395 0.8973122700 0.4615221777 0.0943575601 0.2993693152 0.9727512149 0.9301282056 0.6127297525 0.9969341473 0.1565983308 0.5396271476 0.6975623268 0.6273152732
0.7233707284 0.4840049746 0.0000000000 0.1918443439 0.8906069370 0.5822947088 0.0274716257 0.7358000608 0.9247469673 0.6714017227 0.8651940069 0.8686921287 0.5193161745 0.5649273817 0.2091246821 0.8831659246 0.7005072743 0.2820323642 0.4703140832 0.2204496370 0.7078158619 0.5185466652 0.9675424597 0.7402211893
0.4039522115 0.0740893463 0.1918443439 0.0000000000 0.3770238175 0.9854329540 0.1196110164 0.8637595615 0.8259486694 0.6182301654 0.8000331573 0.5137507620 0.2249716669 0.7219609483 0.7030335307 0.1891580599 0.5134592142 0.9216509036 0.6644887180 0.9598546295 0.2835436294 0.1255209222 0.7574204877 0.6432565593
0.3219974480 0.2391539715 0.8906069370 0.3770238175 0.0000000000 0.6943307572 0.5760790408 0.6388782398 0.9339824077 0.2024540511 0.4637510767 0.0635249041 0.7976055205 0.0989952410 0.5083546887 0.6989664243 0.0108531512 0.3281444187 0.3756340954 0.3788411754 0.3331468434 0.8295732510 0.7892383247 0.7119136499
0.5305228712 0.4629601704 0.5822947088 0.9854329540 0.6943307572 0.0000000000 0.4281665643 0.6943466039 0.7229385042 0.5288915661 0.3191605726 0.7532999056 0.1135447477 0.9934133535 0.8580121014 0.8271604536 0.1218968699 0.3296288648 0.4156127734 0.7592931162 0.0874670404 0.0260233430 0.7598820004 0.5248018461
0.3805869966 0.8391018248 0.0274716257 0.1196110164 0.5760790408 0.4281665643 0.0000000000 0.9715270723 0.0636104381 0.8778103459 0.1638203943 0.2644966478 0.1863473134 0.3191944901 0.0221771635 0.0450029034 0.4826010647 0.4922693583 0.7992202516 0.1213461170 0.5787225571 0.2252337154 0.2004409636 0.9604801613
0.0880355198 0.6181226271 0.7358000608 0.8637595615 0.6388782398 0.6943466039 0.9715270723 0.0000000000 0.5592598072 0.8227028398 0.5716349882 0.4152802149 0.3230703849 0.7924122119 0.7516925997 0.0977846937 0.4605678929 0.3950346489 0.5227103564 0.6142622149 0.8945653311 0.1787624651 0.4589683422 0.7773683438
0.8155706403 0.2982091066 0.9247469673 0.8259486694 0.9339824077 0.7229385042 0.0636104381 0.5592598072 0.0000000000 0.4656534187 0.7003453362 0.6804190973 0.3413213132 0.3627795327 0.7055636925 0.0016851134 0.7679393924 0.8006692505 0.1446563725 0.2341640969 0.0245474541 0.6279583047 0.5320102707 0.9466922347
0.8602820444 0.6205445048 0.6714017227 0.6182301654 0.2024540511 0.5288915661 0.8778103459 0.8227028398 0.4656534187 0.0000000000 0.4391733987 0.6133806223 0.3244591746 0.8193175855 0.1941199035 0.0020834862 0.1888276260 0.8350871547 0.1259109225 0.5601181589 0.2568947702 0.9463526575 0.1177756934 0.7323805277
0.1913898390 0.1001942603 0.8651940069 0.8000331573 0.4637510767 0.3191605726 0.1638203943 0.5716349882 0.7003453362 0.4391733987 0.0000000000 0.7247424819 0.5249517896 0.5202484078 0.7277530726 0.4434907957 0.8597232879 0.7161242996 0.3149257681 0.4697130322 0.2001653919 0.1579282283 0.8633505190 0.8963617355
0.9682084080 0.0475102395 0.8686921287 0.5137507620 0.0635249041 0.7532999056 0.2644966478 0.4152802149 0.6804190973 0.6133806223 0.7247424819 0.0000000000 0.3616492793 0.9492148020 0.6960098495 0.6688258688 0.7054503612 0.3154343609 0.1341573932 0.5057788651 0.3859619224 0.1157616584 0.7089140976 0.4907655687
0.9771330204 0.8973122700 0.5193161745 0.2249716669 0.7976055205 0.1135447477 0.1863473134 0.3230703849 0.3413213132 0.3244591746 0.5249517896 0.3616492793 0.0000000000 0.1178071911 0.8841999323 0.8905809593 0.3780161119 0.3571673602 0.7564354378 0.3437553019 0.1647631335 0.7144949278 0.0383327556 0.1548142618
0.2034493415 0.4615221777 0.5649273817 0.7219609483 0.0989952410 0.9934133535 0.3191944901 0.7924122119 0.3627795327 0.8193175855 0.5202484078 0.9492148020 0.1178071911 0.0000000000 0.0223778726 0.6198830457 0.1026247719 0.6980559701 0.2499300447 0.7477131327 0.7622651842 0.8077650162 0.5163153947 0.4738044842
0.0473402960 0.0943575601 0.2091246821 0.7030335307 0.5083546887 0.8580121014 0.0221771635 0.7516925997 0.7055636925 0.1941199035 0.7277530726 0.6960098495 0.8841999323 0.0223778726 0.0000000000 0.2620757727 0.7056957801 0.2908834647 0.6861418813 0.5547346003 0.6969436815 0.0275377385 0.5993574626 0.5828150786
0.9131700087 0.2993693152 0.8831659246 0.1891580599 0.6989664243 0.8271604536 0.0450029034 0.0977846937 0.0016851134 0.0020834862 0.4434907957 0.6688258688 0.8905809593 0.6198830457 0.2620757727 0.0000000000 0.9919005234 0.3635693082 0.8334959178 0.8755006346 0.1379675229 0.3220235333 0.9091930116 0.8867628144
0.0096542688 0.9727512149 0.7005072743 0.5134592142 0.0108531512 0.1218968699 0.4826010647 0.4605678929 0.7679393924 0.1888276260 0.8597232879 0.7054503612 0.3780161119 0.1026247719 0.7056957801 0.9919005234 0.0000000000 0.4519251335 0.2651895134 0.4842490735 0.1512055611 0.5323364653 0.1368399688 0.1106807094
0.7732967763 0.9301282056 0.2820323642 0.9216509036 0.3281444187 0.3296288648 0.4922693583 0.3950346489 0.8006692505 0.8350871547 0.7161242996 0.3154343609 0.3571673602 0.6980559701 0.2908834647 0.3635693082 0.4519251335 0.0000000000 0.5144419171 0.4010865797 0.3521391853 0.0266855654 0.4067838678 0.0741372710
0.1832400985 0.6127297525 0.4703140832 0.6644887180 0.3756340954 0.4156127734 0.7992202516 0.5227103564 0.1446563725 0.1259109225 0.3149257681 0.1341573932 0.7564354378 0.2499300447 0.6861418813 0.8334959178 0.2651895134 0.5144419171 0.0000000000 0.5466750478 0.5145566885 0.3721896603 0.3938032720 0.2798606190
0.7058632702 0.9969341473 0.2204496370 0.9598546295 0.3788411754 0.7592931162 0.1213461170 0.6142622149 0.2341640969 0.5601181589 0.4697130322 0.5057788651 0.3437553019 0.7477131327 0.5547346003 0.8755006346 0.4842490735 0.4010865797 0.5466750478 0.0000000000 0.6534339803 0.8388275121 0.7683321302 0.7029896839
0.2380288634 0.1565983308 0.7078158619 0.2835436294 0.3331468434 0.0874670404 0.5787225571 0.8945653311 0.0245474541 0.2568947702 0.2001653919 0.3859619224 0.1647631335 0.7622651842 0.6969436815 0.1379675229 0.1512055611 0.3521391853 0.5145566885 0.6534339803 0.0000000000 0.8748829012 0.4232780881 0.0592970186
0.2340432854 0.5396271476 0.5185466652 0.1255209222 0.8295732510 0.0260233430 0.2252337154 0.1787624651 0.6279583047 0.9463526575 0.1579282283 0.1157616584 0.7144949278 0.8077650162 0.0275377385 0.3220235333 0.5323364653 0.0266855654 0.3721896603 0.8388275121 0.8748829012 0.0000000000 0.1485198385 0.5896406709
0.3633928982 0.6975623268 0.9675424597 0.7574204877 0.7892383247 0.7598820004 0.2004409636 0.4589683422 0.5320102707 0.1177756934 0.8633505190 0.7089140976 0.0383327556 0.5163153947 0.5993574626 0.9091930116 0.1368399688 0.4067838678 0.3938032720 0.7683321302 0.4232780881 0.1485198385 0.0000000000 0.8973129303
0.6170912702 0.6273152732 0.7402211893 0.6432565593 0.7119136499 0.5248018461 0.9604801613 0.7773683438 0.9466922347 0.7323805277 0.8963617355 0.4907655687 0.1548142618 0.4738044842 0.5828150786 0.8867628144 0.1106807094 0.0741372710 0.2798606190 0.7029896839 0.0592970186 0.5896406709 0.8973129303 0.0000000000
