# Graph size: 24
# Optimal cost: 1.6558349288014047

# Distance Matrix
0.0 0.9364548132663568 0.31830512259732835 0.7700894019545549 0.602715767899365 0.9067566511838028 0.7204164643377845 0.22775153971198536 0.8180187964398035 0.9771520882298489 0.49984517517063887 0.4400227322406045 0.40231076947667177 0.6917715817563579 0.4865478535309995 0.3069937341785043 0.955665522797947 0.06591769376851508 0.8776333290815991 0.9919242547148052 0.7103507251958125 0.05800597474670277 0.6470562634780234 0.9425806208614882
0.9364548132663568 0.0 0.08350465946888985 0.6404903908447785 0.24958527049490875 0.1536634612244977 0.7341854390107614 0.023759174128952565 0.9906578667070924 0.017767698868381365 0.05939376079265213 0.7442131302913494 0.4425240206747405 0.5351692645156073 0.9630840084092687 0.2662150573065265 0.32711854791347517 0.35683410517197667 0.16284252834417134 0.4673258031814632 0.3573928426531371 0.12039708626491263 0.26082628323046964 0.877218444088081
0.31830512259732835 0.08350465946888985 0.0 0.6313739453513725 0.805459181359269 0.2987187498493319 0.8228893607387202 0.3070093944731356 0.3824039970160411 0.5408745607539894 0.6962609635613224 0.4508944569657153 0.8580351084648143 0.7854876174459718 0.4049975522149202 0.15026779513319 0.9316880418949096 0.5905323741082409 0.6933326813098013 0.2052008436223699 0.8670719914961164 0.4193912618484624 0.4269323838779644 0.9766945727301707
0.7700894019545549 0.6404903908447785 0.6313739453513725 0.0 0.8579478748044552 0.8604961171838105 0.12429567393379248 0.2564372129099618 0.11985118293740249 0.7559743294207917 0.9869199126166665 0.34526497466299655 0.17541908084353053 0.28620617683511396 0.4314357713639755 0.8799071276305385 0.3174836217200856 0.8003619991324932 0.659142127127255 0.33138572115288845 0.03194349591432699 0.45740353162305614 0.1118489296005023 0.5134795255947356
0.602715767899365 0.24958527049490875 0.805459181359269 0.8579478748044552 0.0 0.24152919301310927 0.5476967804924114 0.7576616121447988 0.8859504807766231 0.5919275381847509 0.7022981973092298 0.0263180743865562 0.9147704258066625 0.6433331477139924 0.06514019886200273 0.8709149647511741 0.2603744696437421 0.7533460764369505 0.9027556497177442 0.8713372435274375 0.10500687668617492 0.6412363842058985 0.05684559748445317 0.5144313527489982
0.9067566511838028 0.1536634612244977 0.2987187498493319 0.8604961171838105 0.24152919301310927 0.0 0.5015141772426119 0.10894794682596964 0.10690777653857231 0.7869386075939602 0.22847911396317166 0.16081532578773683 0.10330858731440773 0.9994324001999882 0.2703786280368723 0.811819263100114 0.2555941236100555 0.32297920417177484 0.7064874509468041 0.2033077269560456 0.016500904598012678 0.8649696932596216 0.4885385171132932 0.2554610117866166
0.7204164643377845 0.7341854390107614 0.8228893607387202 0.12429567393379248 0.5476967804924114 0.5015141772426119 0.0 0.5890401884201338 0.23654336027617373 0.31469009977223816 0.9773811179717231 0.00219449786071102 0.4712560839559756 0.5661390999713577 0.7285370550424461 0.5501786381226476 0.843116974992321 0.06275799184243969 0.1793993938759081 0.570881581900749 0.601847167001009 0.21542358453752253 0.454448697397719 0.25101991423563563
0.22775153971198536 0.023759174128952565 0.3070093944731356 0.2564372129099618 0.7576616121447988 0.10894794682596964 0.5890401884201338 0.0 0.8941901063470402 0.0052430419367809344 0.9573444138502701 0.38869727928015874 0.17232899552345515 0.10367297254969832 0.6758921849607176 0.8184784067917812 0.20394408662616736 0.36256608066613427 0.3435486460772337 0.5097508178791735 0.3931685821749421 0.8494684650955532 0.6945555093788128 0.18606035463412463
0.8180187964398035 0.9906578667070924 0.3824039970160411 0.11985118293740249 0.8859504807766231 0.10690777653857231 0.23654336027617373 0.8941901063470402 0.0 0.4976791854605075 0.5810305793712838 0.1913948969809478 0.6812718826540977 0.9843829460247066 0.11618311705765749 0.02611044554003894 0.14781990049635563 0.2046394695774959 0.21076862311231936 0.9011398678096849 0.6629778889989131 0.2896836316741248 0.8066086391822386 0.0806562772660041
0.9771520882298489 0.017767698868381365 0.5408745607539894 0.7559743294207917 0.5919275381847509 0.7869386075939602 0.31469009977223816 0.0052430419367809344 0.4976791854605075 0.0 0.7409894799125448 0.1678907071782505 0.7305250695813288 0.47001721236203087 0.7520688578070303 0.38775225984075357 0.612623682347274 0.02877157956514176 0.27369071182530613 0.493907794473761 0.6981865954552132 0.6517768909716111 0.9552560545142375 0.5483037899739439
0.49984517517063887 0.05939376079265213 0.6962609635613224 0.9869199126166665 0.7022981973092298 0.22847911396317166 0.9773811179717231 0.9573444138502701 0.5810305793712838 0.7409894799125448 0.0 0.42380991252862543 0.7633299678046013 0.5641320816959593 0.014527962121833382 0.8559613668552648 0.26081653180562137 0.499230349512937 0.6305937321545546 0.34892211418239416 0.11723629412849101 0.20769983085484456 0.08392588892125052 0.06911599817742786
0.4400227322406045 0.7442131302913494 0.4508944569657153 0.34526497466299655 0.0263180743865562 0.16081532578773683 0.00219449786071102 0.38869727928015874 0.1913948969809478 0.1678907071782505 0.42380991252862543 0.0 0.9060615871413263 0.6209770061111081 0.27202531083799464 0.3541184293765228 0.7472397006696748 0.9383479927180688 0.6832670773623121 0.22717593084065624 0.6897500925333414 0.8293426522604076 0.9645129592541516 0.7718573056659533
0.40231076947667177 0.4425240206747405 0.8580351084648143 0.17541908084353053 0.9147704258066625 0.10330858731440773 0.4712560839559756 0.17232899552345515 0.6812718826540977 0.7305250695813288 0.7633299678046013 0.9060615871413263 0.0 0.3439793318799995 0.4006941013675456 0.0556956407419571 0.4864951735109685 0.6562786004690239 0.0792612688867177 0.36625864621233706 0.18436693966939854 0.07841934649415161 0.8992266695828011 0.3443129085966985
0.6917715817563579 0.5351692645156073 0.7854876174459718 0.28620617683511396 0.6433331477139924 0.9994324001999882 0.5661390999713577 0.10367297254969832 0.9843829460247066 0.47001721236203087 0.5641320816959593 0.6209770061111081 0.3439793318799995 0.0 0.48310225805493145 0.026265252886982893 0.5500447349807165 0.4465967063196479 0.4355940054088753 0.4448292326176988 0.9410308351615363 0.9558029331063442 0.39472813671333795 0.5009865120019684
0.4865478535309995 0.9630840084092687 0.4049975522149202 0.4314357713639755 0.06514019886200273 0.2703786280368723 0.7285370550424461 0.6758921849607176 0.11618311705765749 0.7520688578070303 0.014527962121833382 0.27202531083799464 0.4006941013675456 0.48310225805493145 0.0 0.9691449783486161 0.3115640553404849 0.7755373873148306 0.9104659546958054 0.638438116155228 0.6223612361665114 0.9809224500657142 0.17234361066869663 0.6727931753230969
0.3069937341785043 0.2662150573065265 0.15026779513319 0.8799071276305385 0.8709149647511741 0.811819263100114 0.5501786381226476 0.8184784067917812 0.02611044554003894 0.38775225984075357 0.8559613668552648 0.3541184293765228 0.0556956407419571 0.026265252886982893 0.9691449783486161 0.0 0.8078515883654988 0.39087358029813946 0.03211383899562792 0.28800693462707705 0.3845830064427783 0.9801644947734507 0.8235150852656805 0.8449229514770357
0.955665522797947 0.32711854791347517 0.9316880418949096 0.3174836217200856 0.2603744696437421 0.2555941236100555 0.843116974992321 0.20394408662616736 0.14781990049635563 0.612623682347274 0.26081653180562137 0.7472397006696748 0.4864951735109685 0.5500447349807165 0.3115640553404849 0.8078515883654988 0.0 0.2527933519450617 0.8257797077598032 0.949638733809462 0.6922398570091678 0.9679671084562204 0.49287504500071055 0.655451489584525
0.06591769376851508 0.35683410517197667 0.5905323741082409 0.8003619991324932 0.7533460764369505 0.32297920417177484 0.06275799184243969 0.36256608066613427 0.2046394695774959 0.02877157956514176 0.499230349512937 0.9383479927180688 0.6562786004690239 0.4465967063196479 0.7755373873148306 0.39087358029813946 0.2527933519450617 0.0 0.6257833023115369 0.8880492208003066 0.04686076778556447 0.41671249257267795 0.04044393499466681 0.275691941649823
0.8776333290815991 0.16284252834417134 0.6933326813098013 0.659142127127255 0.9027556497177442 0.7064874509468041 0.1793993938759081 0.3435486460772337 0.21076862311231936 0.27369071182530613 0.6305937321545546 0.6832670773623121 0.0792612688867177 0.4355940054088753 0.9104659546958054 0.03211383899562792 0.8257797077598032 0.6257833023115369 0.0 0.22923530434684558 0.724368838970271 0.03164788048706191 0.9046381098510917 0.15608684232942827
0.9919242547148052 0.4673258031814632 0.2052008436223699 0.33138572115288845 0.8713372435274375 0.2033077269560456 0.570881581900749 0.5097508178791735 0.9011398678096849 0.493907794473761 0.34892211418239416 0.22717593084065624 0.36625864621233706 0.4448292326176988 0.638438116155228 0.28800693462707705 0.949638733809462 0.8880492208003066 0.22923530434684558 0.0 0.7788641745424844 0.41514032600992057 0.9703195934419045 0.7507191794423751
0.7103507251958125 0.3573928426531371 0.8670719914961164 0.03194349591432699 0.10500687668617492 0.016500904598012678 0.601847167001009 0.3931685821749421 0.6629778889989131 0.6981865954552132 0.11723629412849101 0.6897500925333414 0.18436693966939854 0.9410308351615363 0.6223612361665114 0.3845830064427783 0.6922398570091678 0.04686076778556447 0.724368838970271 0.7788641745424844 0.0 0.6253966075267646 0.8770265995371626 0.1369772212059306
0.05800597474670277 0.12039708626491263 0.4193912618484624 0.45740353162305614 0.6412363842058985 0.8649696932596216 0.21542358453752253 0.8494684650955532 0.2896836316741248 0.6517768909716111 0.20769983085484456 0.8293426522604076 0.07841934649415161 0.9558029331063442 0.9809224500657142 0.9801644947734507 0.9679671084562204 0.41671249257267795 0.03164788048706191 0.41514032600992057 0.6253966075267646 0.0 0.005647021194338242 0.559014137891428
0.6470562634780234 0.26082628323046964 0.4269323838779644 0.1118489296005023 0.05684559748445317 0.4885385171132932 0.454448697397719 0.6945555093788128 0.8066086391822386 0.9552560545142375 0.08392588892125052 0.9645129592541516 0.8992266695828011 0.39472813671333795 0.17234361066869663 0.8235150852656805 0.49287504500071055 0.04044393499466681 0.9046381098510917 0.9703195934419045 0.8770265995371626 0.005647021194338242 0.0 0.24042953994937877
0.9425806208614882 0.877218444088081 0.9766945727301707 0.5134795255947356 0.5144313527489982 0.2554610117866166 0.25101991423563563 0.18606035463412463 0.0806562772660041 0.5483037899739439 0.06911599817742786 0.7718573056659533 0.3443129085966985 0.5009865120019684 0.6727931753230969 0.8449229514770357 0.655451489584525 0.275691941649823 0.15608684232942827 0.7507191794423751 0.1369772212059306 0.559014137891428 0.24042953994937877 0.0

# Optimal Walk
0 22 21 18 12 15 13 16 8 23 10 14 4 11 6 3 20 5 19 2 1 7 9 17 0
