# Graph size: 24
# Optimal cost: 1.506145604112354

# Distance Matrix
0.0 0.5994499675585347 0.3448081168032302 0.8226673727756557 0.6754670867302248 0.5720114646881513 0.37141739505711924 0.23987176071447813 0.45521056526965464 0.3285961880812167 0.4791100777509464 0.4734959585975984 0.08906317857874291 0.29283709944795466 0.10162146552935802 0.59036195675603 0.16710822795836033 0.7488151759821183 0.05360707481411442 0.95617529101526 0.18489170649583386 0.028916235677144964 0.8568941496435761 0.8833700837863967
0.5994499675585347 0.0 0.7380062182913124 0.2674848016222775 0.915344132819768 0.8269439173646231 0.10961253926958126 0.3333424123837152 0.36355178110252884 0.3551198153144197 0.7719255179099858 0.47708945373731315 0.8140208808449312 0.5601488319744347 0.8627298735387343 0.43321166729104676 0.1581204777974663 0.7942936620500233 0.2692805983151171 0.20236304676643724 0.038039773866873516 0.6170101941935723 0.5544820471014592 0.5057997968049511
0.3448081168032302 0.7380062182913124 0.0 0.6001236789455474 0.6215702381168675 0.5940281404372214 0.9517898737972451 0.6643850484767799 0.3728455140951792 0.4582259430379727 0.28292592481210366 0.5006539318931735 0.03269936362814252 0.7685135314009709 0.6836197072228998 0.9887383011290496 0.37540944438989243 0.48622212364505035 0.018658165870941712 0.058134096213790065 0.8027708236455078 0.8499215103120699 0.04655319530575275 0.952237445391085
0.8226673727756557 0.2674848016222775 0.6001236789455474 0.0 0.6570057976429471 0.9677273137428478 0.10551785753480636 0.04267520771539579 0.5993333523245399 0.3922368319810692 0.5052541281073708 0.6312846013896595 0.0730274281385821 0.8583001562851885 0.8743386614584627 0.42043635625082076 0.9020198932346934 0.24762167059004425 0.010844270801721234 0.10680988998556007 0.8895809327626545 0.7592265692611136 0.3629366727516502 0.8593936336814992
0.6754670867302248 0.915344132819768 0.6215702381168675 0.6570057976429471 0.0 0.8763354885902978 0.2111156098648368 0.12653771781109735 0.27939681153246587 0.09285183259863239 0.3759710067984585 0.08874765096628323 0.8079237666581193 0.799263989941627 0.2625647107907857 0.7685704434297951 0.4466757868709862 0.14286691393638973 0.29455996090783143 0.11058813057914285 0.08760903608345816 0.8843498909085026 0.409685838710775 0.9725815180873816
0.5720114646881513 0.8269439173646231 0.5940281404372214 0.9677273137428478 0.8763354885902978 0.0 0.7093920545038798 0.1443095766534882 0.20480359699582618 0.9146958761561689 0.19166959710968579 0.6039115117583684 0.38617245027088054 0.34560234391940303 0.5225540322168022 0.6570448314154668 0.9492622246642936 0.910206805138641 0.7304296003697699 0.8560417693560705 0.708748178514636 0.11380999881776199 0.9580685978609238 0.6190100246228234
0.37141739505711924 0.10961253926958126 0.9517898737972451 0.10551785753480636 0.2111156098648368 0.7093920545038798 0.0 0.026863653386695607 0.5692238806902622 0.7152231165365549 0.574052769737865 0.8470743644371354 0.9262009010675787 0.4952693305065389 0.10412735885650115 0.4300775012790178 0.49663465796117734 0.6221463021620519 0.6260205685955939 0.5104179552563791 0.8243413233270229 0.40574418903575116 0.8878948316419496 0.9445530206463233
0.23987176071447813 0.3333424123837152 0.6643850484767799 0.04267520771539579 0.12653771781109735 0.1443095766534882 0.026863653386695607 0.0 0.9648336940130976 0.42706206966083227 0.10208618046135842 0.3049857761520509 0.0383505880773205 0.04886858742697009 0.043311548524862964 0.2901265904788116 0.6985058565610509 0.053263334311613564 0.33716927873617974 0.26583155847622775 0.5192736297616134 0.6444505598661385 0.03979374270602287 0.7321048658837588
0.45521056526965464 0.36355178110252884 0.3728455140951792 0.5993333523245399 0.27939681153246587 0.20480359699582618 0.5692238806902622 0.9648336940130976 0.0 0.9446268982381218 0.9232013023066068 0.2667507046058787 0.017242170770465193 0.3679988823997472 0.3388936098589792 0.06773783720795867 0.04173039772887588 0.11283781582644048 0.5556848801732919 0.963380040723148 0.5655088469978962 0.5708777085110881 0.6312843015576288 0.56138674025982
0.3285961880812167 0.3551198153144197 0.4582259430379727 0.3922368319810692 0.09285183259863239 0.9146958761561689 0.7152231165365549 0.42706206966083227 0.9446268982381218 0.0 0.9347353027015304 0.5213486384544644 0.39995760254296797 0.4515646135682114 0.9779900594904578 0.7022020657399213 0.47581007571723755 0.14265544910285632 0.36688977470762285 0.03352852928226513 0.3480581660413249 0.14869597920136457 0.4523720917902072 0.5036958596057322
0.4791100777509464 0.7719255179099858 0.28292592481210366 0.5052541281073708 0.3759710067984585 0.19166959710968579 0.574052769737865 0.10208618046135842 0.9232013023066068 0.9347353027015304 0.0 0.6269139983186164 0.45857257758598846 0.31545133818953186 0.6203381054451804 0.6168709290224785 0.529670427683146 0.5300337428180047 0.501177192862984 0.0435927065834707 0.6349937560940001 0.925421358615437 0.1337601678735515 0.941272680988555
0.4734959585975984 0.47708945373731315 0.5006539318931735 0.6312846013896595 0.08874765096628323 0.6039115117583684 0.8470743644371354 0.3049857761520509 0.2667507046058787 0.5213486384544644 0.6269139983186164 0.0 0.8628593448085972 0.45742100148168474 0.06854696734327237 0.41924346320618067 0.3192432584075128 0.1495148969839465 0.8263853492559339 0.26978173594246135 0.11508618249819647 0.9493385627412511 0.5992604452674425 0.15346682939782552
0.08906317857874291 0.8140208808449312 0.03269936362814252 0.0730274281385821 0.8079237666581193 0.38617245027088054 0.9262009010675787 0.0383505880773205 0.017242170770465193 0.39995760254296797 0.45857257758598846 0.8628593448085972 0.0 0.5343401542145575 0.2607499989132468 0.40230881960943565 0.4041157503734756 0.37326577963437735 0.8580638826821849 0.6954380231126747 0.33223133695298956 0.817465096003751 0.8665632427661782 0.6344940883379959
0.29283709944795466 0.5601488319744347 0.7685135314009709 0.8583001562851885 0.799263989941627 0.34560234391940303 0.4952693305065389 0.04886858742697009 0.3679988823997472 0.4515646135682114 0.31545133818953186 0.45742100148168474 0.5343401542145575 0.0 0.2740645957947755 0.3803627921367978 0.5021902785359514 0.5347714301413505 0.5328059323275687 0.36532413591643453 0.3033570487845887 0.8337606159369618 0.7890842320471233 0.03332496661469031
0.10162146552935802 0.8627298735387343 0.6836197072228998 0.8743386614584627 0.2625647107907857 0.5225540322168022 0.10412735885650115 0.043311548524862964 0.3388936098589792 0.9779900594904578 0.6203381054451804 0.06854696734327237 0.2607499989132468 0.2740645957947755 0.0 0.659105374695823 0.8253815525226424 0.5198669827200476 0.1590657781453324 0.5403855513326267 0.7045509240474896 0.4580181869593074 0.940647934433071 0.47501084187356035
0.59036195675603 0.43321166729104676 0.9887383011290496 0.42043635625082076 0.7685704434297951 0.6570448314154668 0.4300775012790178 0.2901265904788116 0.06773783720795867 0.7022020657399213 0.6168709290224785 0.41924346320618067 0.40230881960943565 0.3803627921367978 0.659105374695823 0.0 0.008784132406541634 0.14918571400201452 0.29140746129141104 0.9718851844228366 0.3726340138766766 0.2183526258324603 0.38722750640030046 0.7963901402270027
0.16710822795836033 0.1581204777974663 0.37540944438989243 0.9020198932346934 0.4466757868709862 0.9492622246642936 0.49663465796117734 0.6985058565610509 0.04173039772887588 0.47581007571723755 0.529670427683146 0.3192432584075128 0.4041157503734756 0.5021902785359514 0.8253815525226424 0.008784132406541634 0.0 0.621119684442297 0.04530250541193426 0.9686278178275285 0.7263558065986621 0.6199008189398503 0.16641137046969556 0.3041558841434505
0.7488151759821183 0.7942936620500233 0.48622212364505035 0.24762167059004425 0.14286691393638973 0.910206805138641 0.6221463021620519 0.053263334311613564 0.11283781582644048 0.14265544910285632 0.5300337428180047 0.1495148969839465 0.37326577963437735 0.5347714301413505 0.5198669827200476 0.14918571400201452 0.621119684442297 0.0 0.6768301167465576 0.9728038120457576 0.8695942610352345 0.9100808082230059 0.37189943176863105 0.6114083903822143
0.05360707481411442 0.2692805983151171 0.018658165870941712 0.010844270801721234 0.29455996090783143 0.7304296003697699 0.6260205685955939 0.33716927873617974 0.5556848801732919 0.36688977470762285 0.501177192862984 0.8263853492559339 0.8580638826821849 0.5328059323275687 0.1590657781453324 0.29140746129141104 0.04530250541193426 0.6768301167465576 0.0 0.12989724609895525 0.09111792484116388 0.06310292186148558 0.5567541541488806 0.24514108181904914
0.95617529101526 0.20236304676643724 0.058134096213790065 0.10680988998556007 0.11058813057914285 0.8560417693560705 0.5104179552563791 0.26583155847622775 0.963380040723148 0.03352852928226513 0.0435927065834707 0.26978173594246135 0.6954380231126747 0.36532413591643453 0.5403855513326267 0.9718851844228366 0.9686278178275285 0.9728038120457576 0.12989724609895525 0.0 0.11788821843874309 0.146521877975768 0.649828742001954 0.2741855869192854
0.18489170649583386 0.038039773866873516 0.8027708236455078 0.8895809327626545 0.08760903608345816 0.708748178514636 0.8243413233270229 0.5192736297616134 0.5655088469978962 0.3480581660413249 0.6349937560940001 0.11508618249819647 0.33223133695298956 0.3033570487845887 0.7045509240474896 0.3726340138766766 0.7263558065986621 0.8695942610352345 0.09111792484116388 0.11788821843874309 0.0 0.3890437785229133 0.9144143116208069 0.8453502713957658
0.028916235677144964 0.6170101941935723 0.8499215103120699 0.7592265692611136 0.8843498909085026 0.11380999881776199 0.40574418903575116 0.6444505598661385 0.5708777085110881 0.14869597920136457 0.925421358615437 0.9493385627412511 0.817465096003751 0.8337606159369618 0.4580181869593074 0.2183526258324603 0.6199008189398503 0.9100808082230059 0.06310292186148558 0.146521877975768 0.3890437785229133 0.0 0.6547985251999012 0.23946647678597877
0.8568941496435761 0.5544820471014592 0.04655319530575275 0.3629366727516502 0.409685838710775 0.9580685978609238 0.8878948316419496 0.03979374270602287 0.6312843015576288 0.4523720917902072 0.1337601678735515 0.5992604452674425 0.8665632427661782 0.7890842320471233 0.940647934433071 0.38722750640030046 0.16641137046969556 0.37189943176863105 0.5567541541488806 0.649828742001954 0.9144143116208069 0.6547985251999012 0.0 0.09230437834576677
0.8833700837863967 0.5057997968049511 0.952237445391085 0.8593936336814992 0.9725815180873816 0.6190100246228234 0.9445530206463233 0.7321048658837588 0.56138674025982 0.5036958596057322 0.941272680988555 0.15346682939782552 0.6344940883379959 0.03332496661469031 0.47501084187356035 0.7963901402270027 0.3041558841434505 0.6114083903822143 0.24514108181904914 0.2741855869192854 0.8453502713957658 0.23946647678597877 0.09230437834576677 0.0

# Optimal Walk
0 21 5 10 19 9 4 20 1 11 14 17 7 6 13 23 22 2 12 8 16 15 18 3 0
