# Graph size: 24
# Optimal cost: 1.4715934880005928

# Distance Matrix
0.0 0.4314848994797488 0.34902556205492674 0.8493081768614572 0.7687213093458942 0.4487330624463375 0.11948385510044701 0.12318383302289826 0.4723470719763091 0.31179412398717776 0.8899676615496819 0.06155360562092449 0.7720559851859391 0.6844133876228854 0.8597511706979595 0.3446052239987998 0.8532691522945149 0.3623608116795304 0.32973095233237293 0.34132744085074007 0.4056196576491392 0.07549096124935362 0.879609075486469 0.49018745931976015
0.4314848994797488 0.0 0.8159673087188178 0.059289372331853496 0.2264050998311955 0.42098979773760226 0.6097739270343753 0.5075080269668106 0.18571408634541176 0.8948513961448404 0.17211970862824377 0.2684695710607127 0.009666768262652448 0.6558291719294337 0.022805445817633885 0.17984576894264492 0.2593375452384521 0.5855881664417154 0.6943990610190166 0.25019319247634497 0.28438455291059705 0.13159971309131568 0.5677492759850251 0.4902544582033713
0.34902556205492674 0.8159673087188178 0.0 0.32899523645162143 0.8397105495729996 0.8564029406088226 0.573011504991833 0.26075009879804234 0.9635258203294259 0.2995273325827057 0.6587022630339979 0.9278061698505891 0.5458997714070006 0.022351811308914615 0.6594897867562104 0.18984102693437654 0.07193020639721215 0.4538080236106985 0.938199366753115 0.7394866374900899 0.7782039010815172 0.15296173277162173 0.9365148356769911 0.9335225745457749
0.8493081768614572 0.059289372331853496 0.32899523645162143 0.0 0.9696417303349374 0.8889932001128911 0.5102532501366214 0.986885624831499 0.24314425869317136 0.3438973665392906 0.8128121645832855 0.047593533218546424 0.3463393615236653 0.36273896617445645 0.4126116998428626 0.8669680936835098 0.5100859677879931 0.7632119153249366 0.9563289157537059 0.007083309406818783 0.48498840344146743 0.3344162615133045 0.09694961617893405 0.7861522404736476
0.7687213093458942 0.2264050998311955 0.8397105495729996 0.9696417303349374 0.0 0.1850288200565835 0.8041800962383694 0.5941385625608738 0.452605996708104 0.795525109134924 0.2349178483331935 0.4641558611859581 0.39990704579989944 0.43797489158337977 0.5199305058165885 0.8075240359537592 0.5866779341808607 9.463158825984141E-4 0.3952174884652391 0.474876525856891 0.7105162412219339 0.5440291004050923 0.6562833957158279 0.04489521686979536
0.4487330624463375 0.42098979773760226 0.8564029406088226 0.8889932001128911 0.1850288200565835 0.0 0.09890466245933682 0.7609599404909138 0.07508799461951543 0.6829708798164138 0.7269150911975784 0.3483887349459015 0.8492004329908827 0.32519724603348266 0.24894404251245295 0.7683528211380819 0.28338420254380603 0.2895358830875585 0.44050615337692933 0.8153787018780305 0.8032523669615478 0.8544655698816843 0.9861513370432987 0.6032320824826387
0.11948385510044701 0.6097739270343753 0.573011504991833 0.5102532501366214 0.8041800962383694 0.09890466245933682 0.0 0.33129701891997765 0.5651561863763013 0.12086036300570069 0.07168811319334978 0.5175111989435441 0.02818455405193776 0.23481271390220093 0.8802962938853984 0.30998506118161084 0.7380350599145165 0.18520947799031529 0.6039649833863695 0.8752727246896987 0.042105307502503186 0.7238733365883843 0.4742927241212531 0.9339898429176855
0.12318383302289826 0.5075080269668106 0.26075009879804234 0.986885624831499 0.5941385625608738 0.7609599404909138 0.33129701891997765 0.0 0.6956633188535535 0.14563643154201844 0.5209250514150475 0.16401608307165627 0.5841793326336336 0.9900664341579554 0.858816686758145 0.44184108810118017 0.09768182680986492 0.38786960660077985 0.04013096934854932 0.34200614359498627 0.3302641138653678 0.43334935915104245 0.8436096744604119 0.4952580011475127
0.4723470719763091 0.18571408634541176 0.9635258203294259 0.24314425869317136 0.452605996708104 0.07508799461951543 0.5651561863763013 0.6956633188535535 0.0 0.7475941463660449 0.7855873181859412 0.6095981480398659 0.11794543333318808 0.21625695456752525 0.5535531823180111 0.2455120603269948 0.26835315799806925 0.32098564083502557 0.4041389723597901 0.32438364329345915 0.1600815476321671 0.7093133014570735 0.7471517806035256 0.2782270570711277
0.31179412398717776 0.8948513961448404 0.2995273325827057 0.3438973665392906 0.795525109134924 0.6829708798164138 0.12086036300570069 0.14563643154201844 0.7475941463660449 0.0 0.16824507620174556 0.7979050670995677 0.7975887781690871 0.5483139481827481 0.0011762459817846738 0.550805724797518 0.2930568405085052 0.696051659997935 0.8784855852973648 0.19706507559350228 0.6529885483059514 0.9010084847695358 0.4557429001123735 0.6936799350765134
0.8899676615496819 0.17211970862824377 0.6587022630339979 0.8128121645832855 0.2349178483331935 0.7269150911975784 0.07168811319334978 0.5209250514150475 0.7855873181859412 0.16824507620174556 0.0 0.4063450685648725 0.9767314806533918 0.6667085695599584 0.45951775409440765 0.7857858299315805 0.02035453422032074 0.6159579667215966 0.40686401194692956 0.4888236957670159 0.07859505554004464 0.14790603305041816 0.5794615643389527 0.7402734022153096
0.06155360562092449 0.2684695710607127 0.9278061698505891 0.047593533218546424 0.4641558611859581 0.3483887349459015 0.5175111989435441 0.16401608307165627 0.6095981480398659 0.7979050670995677 0.4063450685648725 0.0 0.7605901825047569 0.7426532040436078 0.769387054744216 0.9553405900466052 0.5571243207061074 0.9447378578658316 0.32983587518581603 0.49898665770396855 0.7361514304531379 0.6177946101396956 0.026863676234457956 0.2647453989108105
0.7720559851859391 0.009666768262652448 0.5458997714070006 0.3463393615236653 0.39990704579989944 0.8492004329908827 0.02818455405193776 0.5841793326336336 0.11794543333318808 0.7975887781690871 0.9767314806533918 0.7605901825047569 0.0 0.07611751460616545 0.9362816302131021 0.18035932957870326 0.05495479231533362 0.3714396653785583 0.1748545860555315 0.5330002881356469 0.03440756694398206 0.598600238915207 0.036628480520071616 0.25566828628727545
0.6844133876228854 0.6558291719294337 0.022351811308914615 0.36273896617445645 0.43797489158337977 0.32519724603348266 0.23481271390220093 0.9900664341579554 0.21625695456752525 0.5483139481827481 0.6667085695599584 0.7426532040436078 0.07611751460616545 0.0 0.8507125371374674 0.8666657547993373 0.47348310055852794 0.24877975652875217 0.36719804517361765 0.7926417965109808 0.6947314537677809 0.43121165563489694 0.337978110958586 0.7399272649411622
0.8597511706979595 0.022805445817633885 0.6594897867562104 0.4126116998428626 0.5199305058165885 0.24894404251245295 0.8802962938853984 0.858816686758145 0.5535531823180111 0.0011762459817846738 0.45951775409440765 0.769387054744216 0.9362816302131021 0.8507125371374674 0.0 0.33488485878932606 0.021980502360985033 0.7698403209338355 0.43723208182098483 0.5569126170284021 0.9145583031357897 0.16190417886331077 0.8556745355633161 0.20430781195666592
0.3446052239987998 0.17984576894264492 0.18984102693437654 0.8669680936835098 0.8075240359537592 0.7683528211380819 0.30998506118161084 0.44184108810118017 0.2455120603269948 0.550805724797518 0.7857858299315805 0.9553405900466052 0.18035932957870326 0.8666657547993373 0.33488485878932606 0.0 0.1196862898817157 0.2915375628754363 0.8633760905950206 0.983435040412871 0.9097733178987621 0.7238075479740075 0.09972238945992506 0.057050181773010356
0.8532691522945149 0.2593375452384521 0.07193020639721215 0.5100859677879931 0.5866779341808607 0.28338420254380603 0.7380350599145165 0.09768182680986492 0.26835315799806925 0.2930568405085052 0.02035453422032074 0.5571243207061074 0.05495479231533362 0.47348310055852794 0.021980502360985033 0.1196862898817157 0.0 0.7364429793791123 0.7617817407237731 0.715561838389678 0.3605459403691409 0.21251934207183998 0.1262843484201679 0.11096339444510828
0.3623608116795304 0.5855881664417154 0.4538080236106985 0.7632119153249366 9.463158825984141E-4 0.2895358830875585 0.18520947799031529 0.38786960660077985 0.32098564083502557 0.696051659997935 0.6159579667215966 0.9447378578658316 0.3714396653785583 0.24877975652875217 0.7698403209338355 0.2915375628754363 0.7364429793791123 0.0 0.4143914038154022 0.45071855411318507 0.2562512536631909 0.5687580768228513 0.39939738230540345 0.8335393252401927
0.32973095233237293 0.6943990610190166 0.938199366753115 0.9563289157537059 0.3952174884652391 0.44050615337692933 0.6039649833863695 0.04013096934854932 0.4041389723597901 0.8784855852973648 0.40686401194692956 0.32983587518581603 0.1748545860555315 0.36719804517361765 0.43723208182098483 0.8633760905950206 0.7617817407237731 0.4143914038154022 0.0 0.7546166168790501 0.7299391059956778 0.7858540070467327 0.852322615856919 0.1697030536091243
0.34132744085074007 0.25019319247634497 0.7394866374900899 0.007083309406818783 0.474876525856891 0.8153787018780305 0.8752727246896987 0.34200614359498627 0.32438364329345915 0.19706507559350228 0.4888236957670159 0.49898665770396855 0.5330002881356469 0.7926417965109808 0.5569126170284021 0.983435040412871 0.715561838389678 0.45071855411318507 0.7546166168790501 0.0 0.18609806627122993 0.8632505409065582 0.9981767733918147 0.998376561383957
0.4056196576491392 0.28438455291059705 0.7782039010815172 0.48498840344146743 0.7105162412219339 0.8032523669615478 0.042105307502503186 0.3302641138653678 0.1600815476321671 0.6529885483059514 0.07859505554004464 0.7361514304531379 0.03440756694398206 0.6947314537677809 0.9145583031357897 0.9097733178987621 0.3605459403691409 0.2562512536631909 0.7299391059956778 0.18609806627122993 0.0 0.07442539462478315 0.10420193053944837 0.8134414726766648
0.07549096124935362 0.13159971309131568 0.15296173277162173 0.3344162615133045 0.5440291004050923 0.8544655698816843 0.7238733365883843 0.43334935915104245 0.7093133014570735 0.9010084847695358 0.14790603305041816 0.6177946101396956 0.598600238915207 0.43121165563489694 0.16190417886331077 0.7238075479740075 0.21251934207183998 0.5687580768228513 0.7858540070467327 0.8632505409065582 0.07442539462478315 0.0 0.5247657450925521 0.4524055332985426
0.879609075486469 0.5677492759850251 0.9365148356769911 0.09694961617893405 0.6562833957158279 0.9861513370432987 0.4742927241212531 0.8436096744604119 0.7471517806035256 0.4557429001123735 0.5794615643389527 0.026863676234457956 0.036628480520071616 0.337978110958586 0.8556745355633161 0.09972238945992506 0.1262843484201679 0.39939738230540345 0.852322615856919 0.9981767733918147 0.10420193053944837 0.5247657450925521 0.0 0.41437002687698243
0.49018745931976015 0.4902544582033713 0.9335225745457749 0.7861522404736476 0.04489521686979536 0.6032320824826387 0.9339898429176855 0.4952580011475127 0.2782270570711277 0.6936799350765134 0.7402734022153096 0.2647453989108105 0.25566828628727545 0.7399272649411622 0.20430781195666592 0.057050181773010356 0.11096339444510828 0.8335393252401927 0.1697030536091243 0.998376561383957 0.8134414726766648 0.4524055332985426 0.41437002687698243 0.0

# Optimal Walk
0 21 20 6 5 8 12 13 2 16 10 14 9 1 19 3 11 22 15 23 17 4 18 7 0
