# Graph size: 24
# Optimal cost: 1.2461823448839064

# Distance Matrix
0.0 0.9330740875172859 0.34136429683011527 0.2884108353855773 0.7696531757256189 0.20103140259993246 0.15381390195603073 0.6408223418072914 0.3658091034236889 0.9475426299351272 0.6912387221617627 0.6085807705370806 0.7140261950654604 0.9689114152120258 0.6065034844627603 0.17308294596766316 0.37618593668191336 0.029086412279500817 0.019731778620688645 0.36329309866022774 0.968514741917318 0.8677806610456187 0.8439391282176725 0.2553980271347007
0.9330740875172859 0.0 0.9297605978823937 0.5785717260129023 0.10953024677699374 0.9454853826293516 0.39676951984776665 0.2078433165559045 0.8311479649800478 0.8895632760246477 0.04393786319869741 0.08265545108202388 0.46915061532220004 0.9280899865029636 0.1424303358895751 0.8141069133059097 0.5780332963443774 0.5162846317874399 0.025717482167650574 0.14248025847158918 0.8053979595935298 0.16684119851091217 0.6099010199229102 0.7914362137943537
0.34136429683011527 0.9297605978823937 0.0 0.007615999773440851 0.8782697605430387 0.6104586384034238 0.2807509955676124 0.8821162785487984 0.36994015215986764 0.62145487416031 0.21056632864888936 0.18127044069491471 0.2740055419319637 0.2789279493784148 0.8748488156828627 0.26913656888829796 0.044733887949106266 0.3170769137366738 0.18773176506001854 0.5098612531769176 0.2373779005840626 0.444037543806303 0.8136390058749915 0.7353289634488243
0.2884108353855773 0.5785717260129023 0.007615999773440851 0.0 0.9815649466173407 0.6134492078342916 0.08056720598659395 0.8296873405220305 0.928290129419751 0.44867928205078356 0.7256290073548767 0.28966505610402804 0.6849475607410882 0.2884855450912558 0.7729367919645878 0.4721391528213973 0.7694359299290516 0.566061307918068 0.8761327688801571 0.12419676264798607 0.4122266493408079 0.007821591162248342 0.2713476975994582 0.7059757343694725
0.7696531757256189 0.10953024677699374 0.8782697605430387 0.9815649466173407 0.0 0.11438365161879005 0.44395349644555815 0.08109768156235242 0.9628579367537227 0.7298762262076837 0.8596670080492056 0.08560434989070076 0.1811274117165077 0.9821276055959909 0.6842476656698158 0.2352504068458935 0.5699950532306711 0.7475929423195434 0.2144254423005323 0.11635987768103939 0.2529308611285035 0.1432631803469907 0.4992390797333305 0.30221767472410666
0.20103140259993246 0.9454853826293516 0.6104586384034238 0.6134492078342916 0.11438365161879005 0.0 0.42253291690248684 0.4403414699163394 0.9754889485539149 0.022220640189943186 0.31570244858345864 0.09294144841579488 0.6360353124788857 0.8642785949184747 0.799682253221585 0.7185076795716799 0.5376131355010171 0.2890600886477974 0.524556126588229 0.6957600590964232 0.010498931835799863 0.5794044910309912 0.7940945950494297 0.15631616136864357
0.15381390195603073 0.39676951984776665 0.2807509955676124 0.08056720598659395 0.44395349644555815 0.42253291690248684 0.0 0.019278669426532447 0.4741986509060232 0.5343723993430162 0.5377462474038001 0.7421299772892932 0.14324253962561373 0.9983716569950756 0.5386678999553354 0.5854463984259346 0.3481053342459286 0.13482415625005895 0.2705884191618072 0.5312947279901618 0.6036995744259163 0.8708345297846029 0.6365547961494469 0.9271113673759517
0.6408223418072914 0.2078433165559045 0.8821162785487984 0.8296873405220305 0.08109768156235242 0.4403414699163394 0.019278669426532447 0.0 0.9062776990086819 0.9103661609650322 0.48327264166195805 0.5702068753570402 0.12578216622159588 0.034459684888268116 0.8712070460329567 0.21406265148597803 0.4739561888418349 0.3040939587348205 0.886279926036602 0.42906736676043666 0.554349480231964 0.012887576363430187 0.7771297051277828 0.08725483729799532
0.3658091034236889 0.8311479649800478 0.36994015215986764 0.928290129419751 0.9628579367537227 0.9754889485539149 0.4741986509060232 0.9062776990086819 0.0 0.3763293435249152 0.7143787731533348 0.8435011299890182 0.6087692949111411 0.3724346415394658 0.15741025644536843 0.4241845454510721 0.5071977585882487 0.8968857684108081 0.5031844754540061 0.5370249721435385 0.7015737940683866 0.9027915797279399 0.7688443655387556 0.20887373420661448
0.9475426299351272 0.8895632760246477 0.62145487416031 0.44867928205078356 0.7298762262076837 0.022220640189943186 0.5343723993430162 0.9103661609650322 0.3763293435249152 0.0 0.5247702787853497 0.49656957270996005 0.044973011206108304 0.2999562474283767 0.3511635635595257 0.8503230013822694 0.6681954586564888 0.6749814046581633 0.29086497322720883 0.5163950239942542 0.1951043153794798 0.9024198316118524 0.45347997227601833 0.5330459474940785
0.6912387221617627 0.04393786319869741 0.21056632864888936 0.7256290073548767 0.8596670080492056 0.31570244858345864 0.5377462474038001 0.48327264166195805 0.7143787731533348 0.5247702787853497 0.0 0.7200202003219938 0.2737291934557333 0.8712692719034729 0.8361771833016574 0.8066372720081509 0.825907020512304 0.2897501187683361 0.39925126243296216 0.062392531542736496 0.2236024184576869 0.683190087369222 0.21203426076790477 0.17443766746105993
0.6085807705370806 0.08265545108202388 0.18127044069491471 0.28966505610402804 0.08560434989070076 0.09294144841579488 0.7421299772892932 0.5702068753570402 0.8435011299890182 0.49656957270996005 0.7200202003219938 0.0 0.8111203805982463 0.5331101507818663 0.6785132601645442 0.04738003539725477 0.8800028446598094 0.6198272426074434 0.2653184636169026 0.5354996264951378 0.21447357454267835 0.3202309431849383 0.26420551949408333 0.14593695502072934
0.7140261950654604 0.46915061532220004 0.2740055419319637 0.6849475607410882 0.1811274117165077 0.6360353124788857 0.14324253962561373 0.12578216622159588 0.6087692949111411 0.044973011206108304 0.2737291934557333 0.8111203805982463 0.0 0.274884257788766 0.17940298429635637 0.34563097957856936 0.004386606758817302 0.9584018392591995 0.8293524455816365 0.17517941439188822 0.3211197850576043 0.7365273966681729 0.16505294841317042 0.7405780985337941
0.9689114152120258 0.9280899865029636 0.2789279493784148 0.2884855450912558 0.9821276055959909 0.8642785949184747 0.9983716569950756 0.034459684888268116 0.3724346415394658 0.2999562474283767 0.8712692719034729 0.5331101507818663 0.274884257788766 0.0 0.5726982993602124 0.11064016857970715 0.05613316363897247 0.1942614676414509 0.6235319574215028 0.7496100541327398 0.7719853197379684 0.9549238546849087 0.051469622926734626 0.3776247812437822
0.6065034844627603 0.1424303358895751 0.8748488156828627 0.7729367919645878 0.6842476656698158 0.799682253221585 0.5386678999553354 0.8712070460329567 0.15741025644536843 0.3511635635595257 0.8361771833016574 0.6785132601645442 0.17940298429635637 0.5726982993602124 0.0 0.7287205415286956 0.53122585819508 0.012903862805910049 0.4657290838632312 0.12831433450025553 0.03179631871122546 0.08540813641864997 0.047174397368317855 0.5534490298882805
0.17308294596766316 0.8141069133059097 0.26913656888829796 0.4721391528213973 0.2352504068458935 0.7185076795716799 0.5854463984259346 0.21406265148597803 0.4241845454510721 0.8503230013822694 0.8066372720081509 0.04738003539725477 0.34563097957856936 0.11064016857970715 0.7287205415286956 0.0 0.6078981183238789 0.6597141401900055 0.5245300856648024 0.6059743685429717 0.13860300416442384 0.6178761996843731 0.1656076118726526 0.23257171846008196
0.37618593668191336 0.5780332963443774 0.044733887949106266 0.7694359299290516 0.5699950532306711 0.5376131355010171 0.3481053342459286 0.4739561888418349 0.5071977585882487 0.6681954586564888 0.825907020512304 0.8800028446598094 0.004386606758817302 0.05613316363897247 0.53122585819508 0.6078981183238789 0.0 0.3130466266183304 0.23075901967549983 0.09560151401203698 0.46812067829011705 0.8903122865953367 0.4355236184241379 0.9844525080481514
0.029086412279500817 0.5162846317874399 0.3170769137366738 0.566061307918068 0.7475929423195434 0.2890600886477974 0.13482415625005895 0.3040939587348205 0.8968857684108081 0.6749814046581633 0.2897501187683361 0.6198272426074434 0.9584018392591995 0.1942614676414509 0.012903862805910049 0.6597141401900055 0.3130466266183304 0.0 0.9454319378335815 0.3247177764641429 0.912575405029696 0.301288885525694 0.6694234019712384 0.13275659023956443
0.019731778620688645 0.025717482167650574 0.18773176506001854 0.8761327688801571 0.2144254423005323 0.524556126588229 0.2705884191618072 0.886279926036602 0.5031844754540061 0.29086497322720883 0.39925126243296216 0.2653184636169026 0.8293524455816365 0.6235319574215028 0.4657290838632312 0.5245300856648024 0.23075901967549983 0.9454319378335815 0.0 0.6714779444654458 0.9619049115062079 0.23448113413281302 0.3476713589943923 0.17662438441308548
0.36329309866022774 0.14248025847158918 0.5098612531769176 0.12419676264798607 0.11635987768103939 0.6957600590964232 0.5312947279901618 0.42906736676043666 0.5370249721435385 0.5163950239942542 0.062392531542736496 0.5354996264951378 0.17517941439188822 0.7496100541327398 0.12831433450025553 0.6059743685429717 0.09560151401203698 0.3247177764641429 0.6714779444654458 0.0 0.43058589725971685 0.8756608064325421 0.15861383097153614 0.39599778803732244
0.968514741917318 0.8053979595935298 0.2373779005840626 0.4122266493408079 0.2529308611285035 0.010498931835799863 0.6036995744259163 0.554349480231964 0.7015737940683866 0.1951043153794798 0.2236024184576869 0.21447357454267835 0.3211197850576043 0.7719853197379684 0.03179631871122546 0.13860300416442384 0.46812067829011705 0.912575405029696 0.9619049115062079 0.43058589725971685 0.0 0.8541912265279318 0.4875489516873136 0.36357222640712983
0.8677806610456187 0.16684119851091217 0.444037543806303 0.007821591162248342 0.1432631803469907 0.5794044910309912 0.8708345297846029 0.012887576363430187 0.9027915797279399 0.9024198316118524 0.683190087369222 0.3202309431849383 0.7365273966681729 0.9549238546849087 0.08540813641864997 0.6178761996843731 0.8903122865953367 0.301288885525694 0.23448113413281302 0.8756608064325421 0.8541912265279318 0.0 0.5401411313381791 0.6042583624315123
0.8439391282176725 0.6099010199229102 0.8136390058749915 0.2713476975994582 0.4992390797333305 0.7940945950494297 0.6365547961494469 0.7771297051277828 0.7688443655387556 0.45347997227601833 0.21203426076790477 0.26420551949408333 0.16505294841317042 0.051469622926734626 0.047174397368317855 0.1656076118726526 0.4355236184241379 0.6694234019712384 0.3476713589943923 0.15861383097153614 0.4875489516873136 0.5401411313381791 0.0 0.019018007008266946
0.2553980271347007 0.7914362137943537 0.7353289634488243 0.7059757343694725 0.30221767472410666 0.15631616136864357 0.9271113673759517 0.08725483729799532 0.20887373420661448 0.5330459474940785 0.17443766746105993 0.14593695502072934 0.7405780985337941 0.3776247812437822 0.5534490298882805 0.23257171846008196 0.9844525080481514 0.13275659023956443 0.17662438441308548 0.39599778803732244 0.36357222640712983 0.6042583624315123 0.019018007008266946 0.0

# Optimal Walk
0 18 1 10 19 4 11 15 13 7 6 21 3 2 16 12 9 5 20 14 22 23 8 17 0
