# Graph size: 24
# Optimal cost: 1.3647936953452318

# Distance Matrix
0.0 0.4197303220298597 0.8197637751489522 0.8734252389670677 0.5768970933282235 0.6958827542719414 0.07992487078092791 0.02805313914676777 0.11679258986378172 0.26000193301839236 0.6004747175503832 0.3642369718821904 0.016358586076364312 0.914165801560924 0.33582156812743513 0.8509008895840307 0.370376028530518 0.20781293202681506 0.11848989967616474 0.6582424843259232 0.9229705536348989 0.05921794427433669 0.5787959028768684 0.2801203021099422
0.4197303220298597 0.0 0.9182728648549409 0.9528347059351864 0.7518176417744585 0.2975100948967845 0.39852110371888505 0.5697153697196574 0.8316519420736505 0.6602571583364236 0.7616475635903087 0.9435651222046565 0.7448630342359706 0.11532926699291679 0.7429309926761215 0.7515940630859009 0.9581927630126972 0.9420012144909976 0.3690848151023637 0.14717908410759784 0.210015900947495 0.46787813614879803 0.8481907618129084 0.6204503153123506
0.8197637751489522 0.9182728648549409 0.0 0.6606884239316165 0.9343920519108239 0.8051763187027913 0.7332681462414623 0.2938503449013866 0.15638178025263605 0.7500736787359802 0.21665851790069668 0.26890897481934617 0.07759377274553536 0.17508655924147742 0.8416256259505976 0.32434260272349913 0.7624173600009055 0.21653089465479225 0.6783626598057161 0.2621284992589302 0.583894737143203 0.3890038184010338 0.8442332923776729 0.005513104042385475
0.8734252389670677 0.9528347059351864 0.6606884239316165 0.0 0.36902261829964456 0.5016749342904111 0.6074973045149866 0.715506792895037 0.0445888101399492 0.5003826956646787 0.761606076219526 0.9758990525803656 0.8902638138149044 0.6442577877741593 0.5139949318393459 0.11225451298172551 0.8503940239548977 0.12188444745617466 0.7436507850515377 0.29726390917699563 0.48191930171048936 0.9395499670514222 0.3733353405682034 0.21298844185396393
0.5768970933282235 0.7518176417744585 0.9343920519108239 0.36902261829964456 0.0 0.023065146262720604 0.672921203356068 0.7751954088563728 0.6899498924598686 0.7559350975457002 0.4635265801069325 0.5825937059387725 0.923682870141764 0.3058564699274011 0.46271055415744944 0.01634491866481025 0.5812798550215386 0.7713088087345711 0.7782669419891313 0.8501433233494556 0.3536234221954674 0.6104907261736091 0.8627465930172222 0.4378200758892743
0.6958827542719414 0.2975100948967845 0.8051763187027913 0.5016749342904111 0.023065146262720604 0.0 0.28341459866343344 0.024057859757382727 0.19747360458656804 0.8041694609030993 0.5047696052125299 0.16829078685659415 0.07259373310274142 0.6614353713246273 0.867072187731226 0.9089285668892931 0.24101745079380876 0.3551504937713804 0.28393220336866476 0.9831301099610569 0.23290943514387719 0.16587244003348334 0.5475151825414949 0.37550204079093374
0.07992487078092791 0.39852110371888505 0.7332681462414623 0.6074973045149866 0.672921203356068 0.28341459866343344 0.0 0.15741481697619963 0.09746258650384854 0.7791720741151713 0.4338583481207441 0.889602369456041 0.2679049593318923 0.6492121954619555 0.7513535546822008 0.6431430136994762 0.2852640292176619 0.991826102866862 0.12385821585026102 0.06303189997506742 0.5392316666652975 0.46558013122934494 0.9549210956737646 0.1377005439096901
0.02805313914676777 0.5697153697196574 0.2938503449013866 0.715506792895037 0.7751954088563728 0.024057859757382727 0.15741481697619963 0.0 0.16781576946302257 0.46556708930925195 0.32539007253374785 0.4261554521223945 0.5690733928319092 0.5802131191864701 0.5707398040327559 0.3233180234509939 0.719394208447445 0.5039034333081316 0.6163802796090103 0.34552980850362647 0.2326905759800414 0.4660046107812136 0.5096984277390832 0.7082264830863684
0.11679258986378172 0.8316519420736505 0.15638178025263605 0.0445888101399492 0.6899498924598686 0.19747360458656804 0.09746258650384854 0.16781576946302257 0.0 0.0489524830388991 0.917525073275221 0.557309587826077 0.7890726334886019 0.8759774275080368 0.4285687021630685 0.22697389361181153 0.4223887663361876 0.024686428890832057 0.4929018653479944 0.5058580675041887 0.3544906804579845 0.07628898432532938 0.21036699875780562 0.7203003682312169
0.26000193301839236 0.6602571583364236 0.7500736787359802 0.5003826956646787 0.7559350975457002 0.8041694609030993 0.7791720741151713 0.46556708930925195 0.0489524830388991 0.0 0.6046008885642227 0.898661855891041 0.6235406252693714 0.9169624576865828 0.9222804686744361 0.8896573303619779 0.8219475361412603 0.781229051496978 0.009868885361463464 0.9666588469896646 0.7953071181829134 0.7259423651606889 0.6872082635430029 0.7445531994334791
0.6004747175503832 0.7616475635903087 0.21665851790069668 0.761606076219526 0.4635265801069325 0.5047696052125299 0.4338583481207441 0.32539007253374785 0.917525073275221 0.6046008885642227 0.0 0.4167014407934908 0.22203500899289486 0.7159681423172294 0.548389733960006 0.8672193001856101 0.6623518076412919 0.572175035460062 0.39234935410689953 0.27554412072577916 0.05092715933872327 0.058090890690141395 0.8232467666212591 0.3391178509847289
0.3642369718821904 0.9435651222046565 0.26890897481934617 0.9758990525803656 0.5825937059387725 0.16829078685659415 0.889602369456041 0.4261554521223945 0.557309587826077 0.898661855891041 0.4167014407934908 0.0 0.5922116901686695 0.2783731639602359 0.5746417068059805 0.21792694523320733 0.8182176705454544 0.17048842148417187 0.3067359577134984 0.04762060697462345 0.23628025291164223 0.4756406741193322 0.3175847640657651 0.005585749279862773
0.016358586076364312 0.7448630342359706 0.07759377274553536 0.8902638138149044 0.923682870141764 0.07259373310274142 0.2679049593318923 0.5690733928319092 0.7890726334886019 0.6235406252693714 0.22203500899289486 0.5922116901686695 0.0 0.6061072466330739 0.7640141122242755 0.0027529932941334767 0.981766732914294 0.8620172209885779 0.8869197346698098 0.0133972931191787 0.5554324570455348 0.38474225305332865 0.018473707178110366 0.5168579516165093
0.914165801560924 0.11532926699291679 0.17508655924147742 0.6442577877741593 0.3058564699274011 0.6614353713246273 0.6492121954619555 0.5802131191864701 0.8759774275080368 0.9169624576865828 0.7159681423172294 0.2783731639602359 0.6061072466330739 0.0 0.15975726387333733 0.7968979419876453 0.270725093028122 0.6991948736824987 0.02799595897527829 0.7072001100224687 0.7186887888561597 0.6657045042930153 0.7581979226823083 0.860734098616129
0.33582156812743513 0.7429309926761215 0.8416256259505976 0.5139949318393459 0.46271055415744944 0.867072187731226 0.7513535546822008 0.5707398040327559 0.4285687021630685 0.9222804686744361 0.548389733960006 0.5746417068059805 0.7640141122242755 0.15975726387333733 0.0 0.5555293331526311 0.19330515216575594 0.10781849960780332 0.966059163076814 0.01318003799895473 0.3677805140667393 0.9352507476975773 0.06465684257584514 0.6299706388820236
0.8509008895840307 0.7515940630859009 0.32434260272349913 0.11225451298172551 0.01634491866481025 0.9089285668892931 0.6431430136994762 0.3233180234509939 0.22697389361181153 0.8896573303619779 0.8672193001856101 0.21792694523320733 0.0027529932941334767 0.7968979419876453 0.5555293331526311 0.0 0.9992224537244274 0.04221407560251711 0.6842092289881176 0.42437634654358136 0.8506154869271925 0.03910065218354708 0.17441884023692067 0.5427896879026012
0.370376028530518 0.9581927630126972 0.7624173600009055 0.8503940239548977 0.5812798550215386 0.24101745079380876 0.2852640292176619 0.719394208447445 0.4223887663361876 0.8219475361412603 0.6623518076412919 0.8182176705454544 0.981766732914294 0.270725093028122 0.19330515216575594 0.9992224537244274 0.0 0.13735753212555513 0.2547946765580823 0.5625592573195691 0.9892559560950754 0.4596119791586536 0.14314308504386353 0.9856714412854275
0.20781293202681506 0.9420012144909976 0.21653089465479225 0.12188444745617466 0.7713088087345711 0.3551504937713804 0.991826102866862 0.5039034333081316 0.024686428890832057 0.781229051496978 0.572175035460062 0.17048842148417187 0.8620172209885779 0.6991948736824987 0.10781849960780332 0.04221407560251711 0.13735753212555513 0.0 0.11640181347979106 0.3147393289114895 0.6001710394056721 0.2572979555821251 0.6593261110779834 0.6036564394084041
0.11848989967616474 0.3690848151023637 0.6783626598057161 0.7436507850515377 0.7782669419891313 0.28393220336866476 0.12385821585026102 0.6163802796090103 0.4929018653479944 0.009868885361463464 0.39234935410689953 0.3067359577134984 0.8869197346698098 0.02799595897527829 0.966059163076814 0.6842092289881176 0.2547946765580823 0.11640181347979106 0.0 0.09929918987596431 0.4088730958386829 0.22801055991335328 0.0928243355698799 0.5762337564203662
0.6582424843259232 0.14717908410759784 0.2621284992589302 0.29726390917699563 0.8501433233494556 0.9831301099610569 0.06303189997506742 0.34552980850362647 0.5058580675041887 0.9666588469896646 0.27554412072577916 0.04762060697462345 0.0133972931191787 0.7072001100224687 0.01318003799895473 0.42437634654358136 0.5625592573195691 0.3147393289114895 0.09929918987596431 0.0 0.10936418335045894 0.3388472724338242 0.6226663553954007 0.5508647289381488
0.9229705536348989 0.210015900947495 0.583894737143203 0.48191930171048936 0.3536234221954674 0.23290943514387719 0.5392316666652975 0.2326905759800414 0.3544906804579845 0.7953071181829134 0.05092715933872327 0.23628025291164223 0.5554324570455348 0.7186887888561597 0.3677805140667393 0.8506154869271925 0.9892559560950754 0.6001710394056721 0.4088730958386829 0.10936418335045894 0.0 0.7114854919740294 0.2621691339300777 0.9635702886320754
0.05921794427433669 0.46787813614879803 0.3890038184010338 0.9395499670514222 0.6104907261736091 0.16587244003348334 0.46558013122934494 0.4660046107812136 0.07628898432532938 0.7259423651606889 0.058090890690141395 0.4756406741193322 0.38474225305332865 0.6657045042930153 0.9352507476975773 0.03910065218354708 0.4596119791586536 0.2572979555821251 0.22801055991335328 0.3388472724338242 0.7114854919740294 0.0 0.060421459787933784 0.2987828515395068
0.5787959028768684 0.8481907618129084 0.8442332923776729 0.3733353405682034 0.8627465930172222 0.5475151825414949 0.9549210956737646 0.5096984277390832 0.21036699875780562 0.6872082635430029 0.8232467666212591 0.3175847640657651 0.018473707178110366 0.7581979226823083 0.06465684257584514 0.17441884023692067 0.14314308504386353 0.6593261110779834 0.0928243355698799 0.6226663553954007 0.2621691339300777 0.060421459787933784 0.0 0.19020816497289073
0.2801203021099422 0.6204503153123506 0.005513104042385475 0.21298844185396393 0.4378200758892743 0.37550204079093374 0.1377005439096901 0.7082264830863684 0.7203003682312169 0.7445531994334791 0.3391178509847289 0.005585749279862773 0.5168579516165093 0.860734098616129 0.6299706388820236 0.5427896879026012 0.9856714412854275 0.6036564394084041 0.5762337564203662 0.5508647289381488 0.9635702886320754 0.2987828515395068 0.19020816497289073 0.0

# Optimal Walk
0 6 19 14 11 23 2 12 22 16 17 8 3 9 18 13 1 20 10 21 15 4 5 7 0
