# Graph size: 24
# Optimal cost: 1.5814406814237985

# Distance Matrix
0.0 0.021890140000957903 0.6058810559241601 0.7445079361953861 0.3828935694079686 0.7013890078780982 0.9770222741924738 0.17204436207553864 0.8983640467814489 0.3454982846720096 0.850384599818882 0.3982388894935237 0.8173545714318495 0.22041765541531266 0.8295582662670377 0.24992742398884393 0.8183522845271632 0.10006623116616031 0.471110324531395 0.7275943115007332 0.8276066403513883 0.8788399483002614 0.9707534757136158 0.8324590763701614
0.021890140000957903 0.0 0.8927298692267396 0.9044780171673724 0.9399620635032604 0.43595304819501757 0.025300242385657645 0.7031881146174069 0.5518749255977267 0.29781741054623223 0.11992041974891265 0.45765622787886273 0.12536254854620565 0.7931562736484191 0.23784740574675778 0.06829439016521022 0.03742655322645705 0.6441291705034701 0.2552244787724156 0.8790551997749215 0.706637191412076 0.9685696583042293 0.11910992476129056 0.18136938180269846
0.6058810559241601 0.8927298692267396 0.0 0.27410454757387015 0.2556678666447043 0.7289110940360476 0.42323869505629685 0.5235176845835328 0.4579564803086471 0.7664962560283616 0.6452431584272632 0.5280754911414602 0.24919116636215022 0.6351715895326501 0.041198379056568646 0.4896713367660678 0.6393182403183443 0.03587339182974847 0.6984250088129844 0.24448366318112713 0.5605735500159987 0.6083411506235997 0.5110690491420362 0.9491626583336474
0.7445079361953861 0.9044780171673724 0.27410454757387015 0.0 0.7428585839714605 0.49569983582038524 0.9796384202116787 0.5330933284916319 0.18189076107511637 0.6527947895488708 0.11089735713447813 0.6047531792637821 0.7702271893010333 0.2117861077758293 0.9144874181116467 0.6339728083002616 0.20911204645982817 0.24292385920165538 0.05611975773246969 0.39694608186955893 0.14819959464174048 0.8040889545789277 0.07191039637322305 0.8671260754842763
0.3828935694079686 0.9399620635032604 0.2556678666447043 0.7428585839714605 0.0 0.6105566636892098 0.25959949537808114 0.17440644731235866 0.962681534006887 0.15194930393399342 0.4669453887485452 0.08807797301687426 0.8199784694781919 0.8762707328292493 0.5795289840076624 0.5405269436281995 0.5525893125150728 0.38306848025238704 0.8941530073640491 0.0053906656068231085 0.7766226978045648 0.9584807533821108 0.3839114410256024 0.04389425705625927
0.7013890078780982 0.43595304819501757 0.7289110940360476 0.49569983582038524 0.6105566636892098 0.0 0.5357045951183944 0.8374933781980283 0.3003027350401596 0.1242331971774252 0.6427312352865943 0.16328008017969908 0.5027992409768389 0.11144314744120454 0.8705536372066626 0.34849089303697534 0.9797703171459884 0.7151412638981801 0.8700415486505283 0.9037044623549192 0.3615710679228904 0.05849949914596919 0.1715151148648899 0.4398622207621171
0.9770222741924738 0.025300242385657645 0.42323869505629685 0.9796384202116787 0.25959949537808114 0.5357045951183944 0.0 0.09477255046068056 0.1890371656426698 0.134320250125609 0.4743531108171839 0.3459231066977807 0.7902963307141534 0.24936372391018535 0.8745202826322065 0.6338950319449019 0.5731904957357563 0.7707126748047682 0.25771134615149904 0.6517845535579037 0.8267932258777939 0.25490215158212215 0.4335967519031847 0.7324970030386511
0.17204436207553864 0.7031881146174069 0.5235176845835328 0.5330933284916319 0.17440644731235866 0.8374933781980283 0.09477255046068056 0.0 0.3905602984949117 0.22038378420813398 0.022331180608972212 0.9365636736994636 0.873455201508257 0.8045874965546358 0.7112352394479625 0.7964001372198659 0.29017467477317416 0.9923568684608155 0.2230260425702636 0.338130726249383 0.4106472106472254 0.7170588574127283 0.9602266026396659 0.12026713880694562
0.8983640467814489 0.5518749255977267 0.4579564803086471 0.18189076107511637 0.962681534006887 0.3003027350401596 0.1890371656426698 0.3905602984949117 0.0 0.026204326075991435 0.8944563146054777 0.4632359449957637 0.6779438724446054 0.024300735799787754 0.23947190449171385 0.2736430310520598 0.942076635661209 0.6333862037239589 0.5372605483827239 0.529719328595758 0.9147244993643935 0.45050854396673057 0.892546685835706 0.6376266274829975
0.3454982846720096 0.29781741054623223 0.7664962560283616 0.6527947895488708 0.15194930393399342 0.1242331971774252 0.134320250125609 0.22038378420813398 0.026204326075991435 0.0 0.12510034553112026 0.8964534481599107 0.36497158836314914 0.6597276800686849 0.1650880078753243 0.5567039170370089 0.31323538369333137 0.6404893688226072 0.9087891402553328 0.46122798603804493 0.7171071484007325 0.9508195361203604 0.8575364449995188 0.7320806450843359
0.850384599818882 0.11992041974891265 0.6452431584272632 0.11089735713447813 0.4669453887485452 0.6427312352865943 0.4743531108171839 0.022331180608972212 0.8944563146054777 0.12510034553112026 0.0 0.723915624106861 0.8732799492052278 0.41997390560999615 0.18503191803947927 0.6749220774687165 0.07346968303963108 0.8362193050372884 0.40990988012202745 0.9070161975737729 0.3069745464289967 0.8857876198517012 0.5740739979966921 0.6964646183622254
0.3982388894935237 0.45765622787886273 0.5280754911414602 0.6047531792637821 0.08807797301687426 0.16328008017969908 0.3459231066977807 0.9365636736994636 0.4632359449957637 0.8964534481599107 0.723915624106861 0.0 0.6966301550927476 0.48086851457628743 0.6944103688280413 0.8139808901944859 0.18144711093964871 0.7397149436222797 0.40546761194272685 0.2941746394072219 0.28639910228224263 0.15931402257590144 0.3148280649368005 0.18747718642773192
0.8173545714318495 0.12536254854620565 0.24919116636215022 0.7702271893010333 0.8199784694781919 0.5027992409768389 0.7902963307141534 0.873455201508257 0.6779438724446054 0.36497158836314914 0.8732799492052278 0.6966301550927476 0.0 0.19137574897585363 0.06217539408954509 0.8815360882810377 0.2589292238025037 0.18795376565415567 0.578986271429281 0.37938140884173976 0.8257557440329798 0.0042415218789664255 0.047046582254705926 0.9140621276714646
0.22041765541531266 0.7931562736484191 0.6351715895326501 0.2117861077758293 0.8762707328292493 0.11144314744120454 0.24936372391018535 0.8045874965546358 0.024300735799787754 0.6597276800686849 0.41997390560999615 0.48086851457628743 0.19137574897585363 0.0 0.18444249506285904 0.15090393617319298 0.8538116051133029 0.6517287891952274 0.36806687333015875 0.3955755551616862 0.43553345964066903 0.3861371316741524 0.2959256219836274 0.7082220682944391
0.8295582662670377 0.23784740574675778 0.041198379056568646 0.9144874181116467 0.5795289840076624 0.8705536372066626 0.8745202826322065 0.7112352394479625 0.23947190449171385 0.1650880078753243 0.18503191803947927 0.6944103688280413 0.06217539408954509 0.18444249506285904 0.0 0.35290710639570266 0.32261395995973996 0.7300406589635711 0.5366111742192676 0.10879028425996162 0.48926698777890165 0.8369133228012381 0.06890623798669437 0.6474810607706962
0.24992742398884393 0.06829439016521022 0.4896713367660678 0.6339728083002616 0.5405269436281995 0.34849089303697534 0.6338950319449019 0.7964001372198659 0.2736430310520598 0.5567039170370089 0.6749220774687165 0.8139808901944859 0.8815360882810377 0.15090393617319298 0.35290710639570266 0.0 0.49934611396145656 0.5679365167159882 0.21949681871674998 0.28070094660268496 0.48339036553324966 0.5181631472461027 0.43453234730405355 0.1223449355953029
0.8183522845271632 0.03742655322645705 0.6393182403183443 0.20911204645982817 0.5525893125150728 0.9797703171459884 0.5731904957357563 0.29017467477317416 0.942076635661209 0.31323538369333137 0.07346968303963108 0.18144711093964871 0.2589292238025037 0.8538116051133029 0.32261395995973996 0.49934611396145656 0.0 0.8857706471704718 0.400668637295305 0.05522653449223491 0.982224551807744 0.47746601434154323 0.7825337593048824 0.8998516535020886
0.10006623116616031 0.6441291705034701 0.03587339182974847 0.24292385920165538 0.38306848025238704 0.7151412638981801 0.7707126748047682 0.9923568684608155 0.6333862037239589 0.6404893688226072 0.8362193050372884 0.7397149436222797 0.18795376565415567 0.6517287891952274 0.7300406589635711 0.5679365167159882 0.8857706471704718 0.0 0.06844379480400498 0.3753867857675709 0.26851372803793483 0.9294436832509676 0.7787119062083471 0.07828494628494842
0.471110324531395 0.2552244787724156 0.6984250088129844 0.05611975773246969 0.8941530073640491 0.8700415486505283 0.25771134615149904 0.2230260425702636 0.5372605483827239 0.9087891402553328 0.40990988012202745 0.40546761194272685 0.578986271429281 0.36806687333015875 0.5366111742192676 0.21949681871674998 0.400668637295305 0.06844379480400498 0.0 0.8897483876298012 0.3475900620481581 0.32281083650828346 0.5302686392129892 0.05740685625081032
0.7275943115007332 0.8790551997749215 0.24448366318112713 0.39694608186955893 0.0053906656068231085 0.9037044623549192 0.6517845535579037 0.338130726249383 0.529719328595758 0.46122798603804493 0.9070161975737729 0.2941746394072219 0.37938140884173976 0.3955755551616862 0.10879028425996162 0.28070094660268496 0.05522653449223491 0.3753867857675709 0.8897483876298012 0.0 0.25127473594548 0.911599752260954 0.005164150996850636 0.07494997188582808
0.8276066403513883 0.706637191412076 0.5605735500159987 0.14819959464174048 0.7766226978045648 0.3615710679228904 0.8267932258777939 0.4106472106472254 0.9147244993643935 0.7171071484007325 0.3069745464289967 0.28639910228224263 0.8257557440329798 0.43553345964066903 0.48926698777890165 0.48339036553324966 0.982224551807744 0.26851372803793483 0.3475900620481581 0.25127473594548 0.0 0.9976051944669764 0.7723524895709227 0.16844550119981105
0.8788399483002614 0.9685696583042293 0.6083411506235997 0.8040889545789277 0.9584807533821108 0.05849949914596919 0.25490215158212215 0.7170588574127283 0.45050854396673057 0.9508195361203604 0.8857876198517012 0.15931402257590144 0.0042415218789664255 0.3861371316741524 0.8369133228012381 0.5181631472461027 0.47746601434154323 0.9294436832509676 0.32281083650828346 0.911599752260954 0.9976051944669764 0.0 0.86773218511578 0.7803489018752573
0.9707534757136158 0.11910992476129056 0.5110690491420362 0.07191039637322305 0.3839114410256024 0.1715151148648899 0.4335967519031847 0.9602266026396659 0.892546685835706 0.8575364449995188 0.5740739979966921 0.3148280649368005 0.047046582254705926 0.2959256219836274 0.06890623798669437 0.43453234730405355 0.7825337593048824 0.7787119062083471 0.5302686392129892 0.005164150996850636 0.7723524895709227 0.86773218511578 0.0 0.3058883627957647
0.8324590763701614 0.18136938180269846 0.9491626583336474 0.8671260754842763 0.04389425705625927 0.4398622207621171 0.7324970030386511 0.12026713880694562 0.6376266274829975 0.7320806450843359 0.6964646183622254 0.18747718642773192 0.9140621276714646 0.7082220682944391 0.6474810607706962 0.1223449355953029 0.8998516535020886 0.07828494628494842 0.05740685625081032 0.07494997188582808 0.16844550119981105 0.7803489018752573 0.3058883627957647 0.0

# Optimal Walk
0 6 7 10 9 8 13 5 21 12 14 2 17 18 3 20 23 4 11 19 22 16 15 1 0
