# MCW Instance
# Type: UNIFORM
# N: 24
# Optimal cost: 2.173315157993524
# Optimal tour (permutation): [0, 13, 20, 7, 6, 23, 21, 22, 10, 5, 2, 8, 12, 1, 19, 17, 14, 18, 9, 15, 4, 11, 3, 16, 0]
# Optimal walk (full path): [0, 13, 20, 7, 20, 6, 23, 21, 22, 10, 5, 2, 5, 1, 12, 8, 12, 1, 19, 17, 14, 18, 22, 9, 15, 4, 11, 3, 0, 16, 0]
# Walk size: 31
# Is walk (has repeats): true

# Distance Matrix
0.0000000000 0.1424243418 0.3804781573 0.0260322928 0.2395260494 0.8013638945 0.3414834499 0.3768370460 0.3577225872 0.5881768854 0.7784795007 0.7356644602 0.8118211748 0.0723165021 0.1070748963 0.8265990297 0.1050970709 0.5968830772 0.6747889047 0.9370319900 0.2090937879 0.3048695981 0.3925034895 0.9250434725
0.1424243418 0.0000000000 0.9246439741 0.4478176128 0.9902221804 0.0040836430 0.7445319267 0.5684671401 0.4665019343 0.6665554533 0.8892143517 0.8843352430 0.0128387635 0.3588786700 0.0395560655 0.2157596995 0.9374515104 0.5528405005 0.1743258138 0.0997956050 0.8873225638 0.6715160552 0.8352367015 0.3104544720
0.3804781573 0.9246439741 0.0000000000 0.9730181236 0.9227670381 0.0886047116 0.8661270091 0.2377247174 0.4693045217 0.4302378223 0.7466320664 0.2801031222 0.5215279942 0.8889573925 0.9651857913 0.7399741516 0.8778293684 0.6241924412 0.3446872910 0.7865154961 0.1567771439 0.3843766460 0.3330672580 0.7105627497
0.0260322928 0.4478176128 0.9730181236 0.0000000000 0.4665727297 0.2954166466 0.4590494478 0.2157713192 0.5393971009 0.5822898255 0.5775244839 0.0278108829 0.4217430966 0.9918681639 0.8828387506 0.9964270290 0.6565546108 0.8813544613 0.7786514271 0.9521198529 0.5189707727 0.1642557652 0.0846150396 0.1973525317
0.2395260494 0.9902221804 0.9227670381 0.4665727297 0.0000000000 0.2747000524 0.5646081097 0.7329862582 0.6616173911 0.6185251395 0.9202059508 0.0623749558 0.4303507326 0.4201667052 0.5968783219 0.0511915691 0.5696024076 0.6557101908 0.4283929907 0.3499540666 0.9115291020 0.9350265612 0.9803592023 0.7694673060
0.8013638945 0.0040836430 0.0886047116 0.2954166466 0.2747000524 0.0000000000 0.7401954267 0.3490945885 0.3515383262 0.9609897555 0.1228303746 0.4558586194 0.1722606242 0.3848528897 0.9686007466 0.0992323802 0.9371862462 0.3056017043 0.7651278352 0.4130861509 0.3184365073 0.4745748841 0.3423866314 0.8005307429
0.3414834499 0.7445319267 0.8661270091 0.4590494478 0.5646081097 0.7401954267 0.0000000000 0.6451614736 0.3649457422 0.9442920746 0.8985389394 0.3068984249 0.3095961899 0.3501899697 0.5389208554 0.4406151069 0.6587974202 0.7816349433 0.4988969485 0.8951205219 0.1225231175 0.8542513578 0.3979883899 0.1315652611
0.3768370460 0.5684671401 0.2377247174 0.2157713192 0.7329862582 0.3490945885 0.6451614736 0.0000000000 0.7913217653 0.8901374449 0.4426715623 0.4150423606 0.9400268459 0.4931870470 0.8462195703 0.3798386197 0.6101852061 0.4078672444 0.6583806331 0.8096757267 0.1399349567 0.3314040062 0.4280193390 0.2643190435
0.3577225872 0.4665019343 0.4693045217 0.5393971009 0.6616173911 0.3515383262 0.3649457422 0.7913217653 0.0000000000 0.2641662355 0.5299927658 0.5915737454 0.0052216058 0.1431499318 0.8215641584 0.7311576317 0.5254095132 0.6944204398 0.7307994117 0.8783636982 0.8726038291 0.9005504001 0.3965043917 0.8533002352
0.5881768854 0.6665554533 0.4302378223 0.5822898255 0.6185251395 0.9609897555 0.9442920746 0.8901374449 0.2641662355 0.0000000000 0.8696139022 0.3445571204 0.1171146178 0.2231205614 0.2823252342 0.0850315815 0.2570182179 0.8402802353 0.9631444326 0.1246826979 0.6045477603 0.0779848105 0.0065531319 0.1488411095
0.7784795007 0.8892143517 0.7466320664 0.5775244839 0.9202059508 0.1228303746 0.8985389394 0.4426715623 0.5299927658 0.8696139022 0.0000000000 0.1719055233 0.8187665521 0.9934612865 0.9145679852 0.8579514731 0.9718553192 0.4723397219 0.6563665981 0.3566967676 0.7959857111 0.9276506833 0.1410950473 0.1875100554
0.7356644602 0.8843352430 0.2801031222 0.0278108829 0.0623749558 0.4558586194 0.3068984249 0.4150423606 0.5915737454 0.3445571204 0.1719055233 0.0000000000 0.5865087214 0.6198842409 0.5525310227 0.7474575035 0.3491528933 0.8465475415 0.2151402335 0.8418618941 0.9275065421 0.3697427640 0.2769523475 0.2360799965
0.8118211748 0.0128387635 0.5215279942 0.4217430966 0.4303507326 0.1722606242 0.3095961899 0.9400268459 0.0052216058 0.1171146178 0.8187665521 0.5865087214 0.0000000000 0.6772690302 0.9835090003 0.8630494082 0.3896616627 0.1875460204 0.4528919850 0.8840234774 0.6834677205 0.7379395489 0.3467450614 0.6378617489
0.0723165021 0.3588786700 0.8889573925 0.9918681639 0.4201667052 0.3848528897 0.3501899697 0.4931870470 0.1431499318 0.2231205614 0.9934612865 0.6198842409 0.6772690302 0.0000000000 0.1309887056 0.1499110444 0.6075533384 0.5790689432 0.7770191746 0.4418714650 0.0541126769 0.1454383216 0.7300079753 0.2296795021
0.1070748963 0.0395560655 0.9651857913 0.8828387506 0.5968783219 0.9686007466 0.5389208554 0.8462195703 0.8215641584 0.2823252342 0.9145679852 0.5525310227 0.9835090003 0.1309887056 0.0000000000 0.3966835725 0.3307343923 0.0488173842 0.1277051659 0.7592794186 0.7706516641 0.5102895204 0.5003431931 0.1500379934
0.8265990297 0.2157596995 0.7399741516 0.9964270290 0.0511915691 0.0992323802 0.4406151069 0.3798386197 0.7311576317 0.0850315815 0.8579514731 0.7474575035 0.8630494082 0.1499110444 0.3966835725 0.0000000000 0.4697654780 0.6209311073 0.7898364430 0.7981629868 0.9387927720 0.1041930330 0.3034965979 0.7847129753
0.1050970709 0.9374515104 0.8778293684 0.6565546108 0.5696024076 0.9371862462 0.6587974202 0.6101852061 0.5254095132 0.2570182179 0.9718553192 0.3491528933 0.3896616627 0.6075533384 0.3307343923 0.4697654780 0.0000000000 0.4343317814 0.4942341614 0.7818859720 0.9345529393 0.1973514262 0.3977235368 0.2892506556
0.5968830772 0.5528405005 0.6241924412 0.8813544613 0.6557101908 0.3056017043 0.7816349433 0.4078672444 0.6944204398 0.8402802353 0.4723397219 0.8465475415 0.1875460204 0.5790689432 0.0488173842 0.6209311073 0.4343317814 0.0000000000 0.5080733820 0.0720527845 0.4471490341 0.9684717180 0.8338207136 0.6533265053
0.6747889047 0.1743258138 0.3446872910 0.7786514271 0.4283929907 0.7651278352 0.4988969485 0.6583806331 0.7307994117 0.9631444326 0.6563665981 0.2151402335 0.4528919850 0.7770191746 0.1277051659 0.7898364430 0.4942341614 0.5080733820 0.0000000000 0.9622644622 0.9850280636 0.6569717415 0.1588814882 0.8607211246
0.9370319900 0.0997956050 0.7865154961 0.9521198529 0.3499540666 0.4130861509 0.8951205219 0.8096757267 0.8783636982 0.1246826979 0.3566967676 0.8418618941 0.8840234774 0.4418714650 0.7592794186 0.7981629868 0.7818859720 0.0720527845 0.9622644622 0.0000000000 0.5479409048 0.6436243445 0.5512221520 0.4145945110
0.2090937879 0.8873225638 0.1567771439 0.5189707727 0.9115291020 0.3184365073 0.1225231175 0.1399349567 0.8726038291 0.6045477603 0.7959857111 0.9275065421 0.6834677205 0.0541126769 0.7706516641 0.9387927720 0.9345529393 0.4471490341 0.9850280636 0.5479409048 0.0000000000 0.2403960790 0.1771650646 0.0450023024
0.3048695981 0.6715160552 0.3843766460 0.1642557652 0.9350265612 0.4745748841 0.8542513578 0.3314040062 0.9005504001 0.0779848105 0.9276506833 0.3697427640 0.7379395489 0.1454383216 0.5102895204 0.1041930330 0.1973514262 0.9684717180 0.6569717415 0.6436243445 0.2403960790 0.0000000000 0.0364296976 0.0187177791
0.3925034895 0.8352367015 0.3330672580 0.0846150396 0.9803592023 0.3423866314 0.3979883899 0.4280193390 0.3965043917 0.0065531319 0.1410950473 0.2769523475 0.3467450614 0.7300079753 0.5003431931 0.3034965979 0.3977235368 0.8338207136 0.1588814882 0.5512221520 0.1771650646 0.0364296976 0.0000000000 0.3105140322
0.9250434725 0.3104544720 0.7105627497 0.1973525317 0.7694673060 0.8005307429 0.1315652611 0.2643190435 0.8533002352 0.1488411095 0.1875100554 0.2360799965 0.6378617489 0.2296795021 0.1500379934 0.7847129753 0.2892506556 0.6533265053 0.8607211246 0.4145945110 0.0450023024 0.0187177791 0.3105140322 0.0000000000
