# MCW Instance
# Type: UNIFORM
# N: 24
# Optimal cost: 1.8390970625918006
# Optimal tour (permutation): [0, 8, 18, 3, 12, 2, 1, 19, 6, 22, 7, 14, 17, 16, 15, 9, 10, 4, 21, 11, 13, 5, 23, 20, 0]
# Optimal walk (full path): [0, 8, 18, 3, 2, 12, 2, 1, 19, 6, 7, 22, 7, 14, 17, 16, 15, 10, 9, 10, 4, 21, 11, 13, 5, 23, 0, 20, 0]
# Walk size: 29
# Is walk (has repeats): true

# Distance Matrix
0.0000000000 0.7309441744 0.2146604861 0.1912444567 0.5065189193 0.1819946157 0.9878580158 0.8309177236 0.1450372807 0.1680463377 0.6564578678 0.3870105389 0.7314664683 0.6388811524 0.3017636952 0.0945908021 0.0671121830 0.5597506506 0.2690609621 0.5965825754 0.0209047769 0.8557981359 0.7398438881 0.1163037506
0.7309441744 0.0000000000 0.0295899908 0.6079465879 0.4603926432 0.3031154822 0.4411748033 0.5234760511 0.5183327610 0.9506770912 0.3515610402 0.7523663786 0.5832227954 0.3507761399 0.2493391152 0.4495818693 0.0828807660 0.3904304772 0.4800021316 0.0938267229 0.3740731089 0.6259349508 0.2683812881 0.4649012857
0.2146604861 0.0295899908 0.0000000000 0.0843551437 0.4747530627 0.7968910360 0.3546407654 0.4512648206 0.3546290893 0.6272123217 0.5405196200 0.6657366061 0.0690240131 0.5743314487 0.2863567488 0.9385158913 0.9889542773 0.9943904014 0.6511573374 0.2515184933 0.6135393709 0.3315943219 0.1849797315 0.5304938004
0.1912444567 0.6079465879 0.0843551437 0.0000000000 0.9050408319 0.6844604511 0.1698167311 0.2810146243 0.3889014499 0.0979819460 0.4238321888 0.5667299537 0.3852705114 0.2658193641 0.8288958657 0.5769820687 0.8957271314 0.3354210745 0.1642102937 0.9303023391 0.6073903320 0.5490135766 0.5329260022 0.2909651122
0.5065189193 0.4603926432 0.4747530627 0.9050408319 0.0000000000 0.1963313160 0.5246913219 0.6539916732 0.8376924315 0.6131796043 0.0843748162 0.5580889085 0.6167666954 0.3160415979 0.6691950173 0.7743512336 0.8362226492 0.4793264007 0.5479006540 0.9236700912 0.7134535010 0.0518006036 0.2201748392 0.7447408903
0.1819946157 0.3031154822 0.7968910360 0.6844604511 0.1963313160 0.0000000000 0.5754807110 0.1631698442 0.6442857435 0.9706044046 0.5293009168 0.7857121885 0.1772854536 0.1462901144 0.1691368923 0.7459642269 0.4060104142 0.4322700934 0.4680844752 0.1511877305 0.3684253815 0.6737826484 0.2135608042 0.0463214773
0.9878580158 0.4411748033 0.3546407654 0.1698167311 0.5246913219 0.5754807110 0.0000000000 0.0173924645 0.5326877647 0.0891233318 0.6493486925 0.1627354010 0.2763665926 0.7796435375 0.8264880663 0.5425086495 0.8972802471 0.2824827217 0.5633419546 0.1206696889 0.5971532827 0.9442318484 0.0641126389 0.1858920762
0.8309177236 0.5234760511 0.4512648206 0.2810146243 0.6539916732 0.1631698442 0.0173924645 0.0000000000 0.3113498701 0.6107412590 0.7682237516 0.3350459825 0.8718618543 0.6775801304 0.0121604849 0.9649116928 0.6114291449 0.7587294750 0.2840689475 0.4669809751 0.6966652644 0.1532270057 0.0196315002 0.9227400951
0.1450372807 0.5183327610 0.3546290893 0.3889014499 0.8376924315 0.6442857435 0.5326877647 0.3113498701 0.0000000000 0.2446613266 0.2826456778 0.6699615060 0.7306171887 0.3253943914 0.7967022134 0.3357373876 0.2608161406 0.2813669366 0.0999556835 0.6065226265 0.3305476935 0.4062561236 0.6394705319 0.3701946957
0.1680463377 0.9506770912 0.6272123217 0.0979819460 0.6131796043 0.9706044046 0.0891233318 0.6107412590 0.2446613266 0.0000000000 0.0197082128 0.9159527309 0.4114823169 0.2646326808 0.1058447174 0.3182219915 0.7945185677 0.1322897648 0.1872848293 0.7413189348 0.9970912090 0.3080032801 0.3845985950 0.5172434702
0.6564578678 0.3515610402 0.5405196200 0.4238321888 0.0843748162 0.5293009168 0.6493486925 0.7682237516 0.2826456778 0.0197082128 0.0000000000 0.1199910521 0.8213719352 0.3630984864 0.3319215191 0.0763790193 0.6272557160 0.3028731541 0.5524500376 0.3872826055 0.7914313139 0.3578891448 0.9206454044 0.1757703510
0.3870105389 0.7523663786 0.6657366061 0.5667299537 0.5580889085 0.7857121885 0.1627354010 0.3350459825 0.6699615060 0.9159527309 0.1199910521 0.0000000000 0.1531619069 0.0919839800 0.6624865532 0.5199912436 0.3624170027 0.3571136728 0.2046449014 0.6934295086 0.3467042930 0.0880054692 0.1121459330 0.7201401302
0.7314664683 0.5832227954 0.0690240131 0.3852705114 0.6167666954 0.1772854536 0.2763665926 0.8718618543 0.7306171887 0.4114823169 0.8213719352 0.1531619069 0.0000000000 0.2009526143 0.5274073611 0.5653077107 0.1033936415 0.2136107891 0.4674133607 0.6794536632 0.5480735169 0.2431047745 0.1948838489 0.2374988744
0.6388811524 0.3507761399 0.5743314487 0.2658193641 0.3160415979 0.1462901144 0.7796435375 0.6775801304 0.3253943914 0.2646326808 0.3630984864 0.0919839800 0.2009526143 0.0000000000 0.9903331332 0.9410210389 0.9627686015 0.9533599246 0.2724332902 0.3818612979 0.9741795662 0.2132405028 0.3563458308 0.5039403380
0.3017636952 0.2493391152 0.2863567488 0.8288958657 0.6691950173 0.1691368923 0.8264880663 0.0121604849 0.7967022134 0.1058447174 0.3319215191 0.6624865532 0.5274073611 0.9903331332 0.0000000000 0.0623491396 0.3521962083 0.0566222834 0.3919747880 0.4771492651 0.9149839135 0.8911911020 0.8391374336 0.4476354489
0.0945908021 0.4495818693 0.9385158913 0.5769820687 0.7743512336 0.7459642269 0.5425086495 0.9649116928 0.3357373876 0.3182219915 0.0763790193 0.5199912436 0.5653077107 0.9410210389 0.0623491396 0.0000000000 0.0230520664 0.7981607520 0.8148286227 0.4801184973 0.9236303736 0.1473701733 0.4341422490 0.6725566981
0.0671121830 0.0828807660 0.9889542773 0.8957271314 0.8362226492 0.4060104142 0.8972802471 0.6114291449 0.2608161406 0.7945185677 0.6272557160 0.3624170027 0.1033936415 0.9627686015 0.3521962083 0.0230520664 0.0000000000 0.0322287227 0.6873421017 0.7759807567 0.6785994997 0.2964564756 0.8114588460 0.4290001627
0.5597506506 0.3904304772 0.9943904014 0.3354210745 0.4793264007 0.4322700934 0.2824827217 0.7587294750 0.2813669366 0.1322897648 0.3028731541 0.3571136728 0.2136107891 0.9533599246 0.0566222834 0.7981607520 0.0322287227 0.0000000000 0.3384029900 0.5069254477 0.8015941719 0.9580422953 0.4083768148 0.2601006611
0.2690609621 0.4800021316 0.6511573374 0.1642102937 0.5479006540 0.4680844752 0.5633419546 0.2840689475 0.0999556835 0.1872848293 0.5524500376 0.2046449014 0.4674133607 0.2724332902 0.3919747880 0.8148286227 0.6873421017 0.3384029900 0.0000000000 0.5130989494 0.5784387505 0.2683107536 0.6383152501 0.3019523799
0.5965825754 0.0938267229 0.2515184933 0.9303023391 0.9236700912 0.1511877305 0.1206696889 0.4669809751 0.6065226265 0.7413189348 0.3872826055 0.6934295086 0.6794536632 0.3818612979 0.4771492651 0.4801184973 0.7759807567 0.5069254477 0.5130989494 0.0000000000 0.2015466045 0.9618687124 0.3137669884 0.8630546636
0.0209047769 0.3740731089 0.6135393709 0.6073903320 0.7134535010 0.3684253815 0.5971532827 0.6966652644 0.3305476935 0.9970912090 0.7914313139 0.3467042930 0.5480735169 0.9741795662 0.9149839135 0.9236303736 0.6785994997 0.8015941719 0.5784387505 0.2015466045 0.0000000000 0.6721034791 0.4352267823 0.7061657697
0.8557981359 0.6259349508 0.3315943219 0.5490135766 0.0518006036 0.6737826484 0.9442318484 0.1532270057 0.4062561236 0.3080032801 0.3578891448 0.0880054692 0.2431047745 0.2132405028 0.8911911020 0.1473701733 0.2964564756 0.9580422953 0.2683107536 0.9618687124 0.6721034791 0.0000000000 0.0480509007 0.4564654590
0.7398438881 0.2683812881 0.1849797315 0.5329260022 0.2201748392 0.2135608042 0.0641126389 0.0196315002 0.6394705319 0.3845985950 0.9206454044 0.1121459330 0.1948838489 0.3563458308 0.8391374336 0.4341422490 0.8114588460 0.4083768148 0.6383152501 0.3137669884 0.4352267823 0.0480509007 0.0000000000 0.3786706728
0.1163037506 0.4649012857 0.5304938004 0.2909651122 0.7447408903 0.0463214773 0.1858920762 0.9227400951 0.3701946957 0.5172434702 0.1757703510 0.7201401302 0.2374988744 0.5039403380 0.4476354489 0.6725566981 0.4290001627 0.2601006611 0.3019523799 0.8630546636 0.7061657697 0.4564654590 0.3786706728 0.0000000000
