# Graph size: 24
# Optimal cost: 1.455134062078573

# Distance Matrix
0.0 0.08377632561167125 0.43743873134470057 0.013653937416200246 0.018657402731562023 0.48205013002763886 0.8034685652502509 0.9747847457188528 0.7836201552236345 0.7190521247875382 0.6245049633820031 0.7477828600247506 0.6636404904167095 0.6826309902707554 0.14001735850594965 0.6251934694660818 0.4562096036879134 0.7025666978300412 0.3421915290135318 0.5040832219093374 0.6083817771015453 0.1532781140396382 0.8793282697384442 0.6306590452482959
0.08377632561167125 0.0 0.3130673305735323 0.2621743849289846 0.999579479638042 0.8444910285070165 0.05058581756880387 0.5360338968005317 0.5384702483740569 0.5125555859841907 0.5012907666577042 0.09377148537810365 0.4311946541538084 0.984916622139992 0.6232422436638013 0.8511812785956641 0.7394617937476187 0.32671372546015387 0.08831688672045812 0.9417185291700338 0.722707439810914 0.2852282166816402 0.20080942621818942 0.9771108689490129
0.43743873134470057 0.3130673305735323 0.0 0.05477673339410771 0.9361495048788562 0.8844938363750908 0.7525660481677486 0.8897209094423014 0.21976523185521102 0.3172758471729332 0.7835691260589823 0.11414148027999871 0.6256512419280403 0.31698337771238694 0.6247395644269905 0.7885536938637081 0.6135377007393085 0.6375049120478925 0.2659443602470256 0.4765299433625716 0.9683805162452201 0.9213999230215335 0.026840500446151272 0.8879236986381519
0.013653937416200246 0.2621743849289846 0.05477673339410771 0.0 0.1792678638667714 0.1732700095142844 0.27824650089151015 0.0212625080092973 0.1046435131874286 0.26759282364562154 0.007218885380318896 0.7804388228294088 0.6404304395578942 0.1853854513598585 0.7124369423304466 0.862115268116131 0.8429891503543726 0.3859777800922095 0.3674744353360756 0.5628012583267304 0.9754476019182198 0.963340077251321 0.2217648177443109 0.03834579979695785
0.018657402731562023 0.999579479638042 0.9361495048788562 0.1792678638667714 0.0 0.24379004250961578 0.010824062808581059 0.022541978641313798 0.4636312963972433 0.568194954976169 0.923839433255321 0.835765755732257 0.4865416063289587 0.5954625579847943 0.20690329798346563 0.02001773715142785 0.34781700398143867 0.2999748994691911 0.7196628838394408 0.06457956545050014 0.04719763598485127 0.9434824617957418 0.19590654503775518 0.9413824419367293
0.48205013002763886 0.8444910285070165 0.8844938363750908 0.1732700095142844 0.24379004250961578 0.0 0.9762960912689693 0.868113390181052 0.300242095305727 0.340243031686039 0.5099289800850304 0.5823520781805643 0.44903544251772765 0.6577777869618634 0.15017610210216203 0.8663366666034613 0.11536663198001329 0.8926139900630109 0.9512252199557879 0.17067535602982986 0.36217421610853706 0.6629923257619444 0.11809930089852538 0.41208382816478617
0.8034685652502509 0.05058581756880387 0.7525660481677486 0.27824650089151015 0.010824062808581059 0.9762960912689693 0.0 0.9034236321007956 0.4075830202170436 0.8686522842574784 0.3794971946020088 0.08004825842625463 0.45631296454889936 0.8757583354856 0.3559117846449873 0.75557707376291 0.06522905379476895 0.8654086504472591 0.23406312242168847 0.2857758284370606 0.6978986410404757 0.23646917619929875 0.3581488031968131 0.397293471199906
0.9747847457188528 0.5360338968005317 0.8897209094423014 0.0212625080092973 0.022541978641313798 0.868113390181052 0.9034236321007956 0.0 0.8055749892446993 0.8891413867618204 0.5591556345996295 0.022219213461222465 0.10933209657624499 0.8017072541768919 0.36795272810697155 0.8786199066411366 0.919599707114181 0.2789290845515737 0.1881633932308996 0.8615412683111097 0.34200611474621934 0.21051339605333474 0.28993023627834735 0.1146207537397177
0.7836201552236345 0.5384702483740569 0.21976523185521102 0.1046435131874286 0.4636312963972433 0.300242095305727 0.4075830202170436 0.8055749892446993 0.0 0.3131626448738528 0.12433733381390533 0.8460397078688616 0.9893738309830704 0.28600055877950603 0.29667550034383006 0.873473539843109 0.9673793777869897 0.04149731753374075 0.6904532031610959 0.8663063591702171 0.02000430943203313 0.542106275444814 0.032592485666101845 0.1099703549953932
0.7190521247875382 0.5125555859841907 0.3172758471729332 0.26759282364562154 0.568194954976169 0.340243031686039 0.8686522842574784 0.8891413867618204 0.3131626448738528 0.0 0.8109710718520868 0.9619297270055802 0.9128050401721864 0.15225899644437013 0.608986424758597 0.029652339271268757 0.3887264337335298 0.6730439731365014 0.7708132383907645 0.6024783966527869 0.21607379259407133 0.042530641588889195 0.17958162140431 0.9527926973907674
0.6245049633820031 0.5012907666577042 0.7835691260589823 0.007218885380318896 0.923839433255321 0.5099289800850304 0.3794971946020088 0.5591556345996295 0.12433733381390533 0.8109710718520868 0.0 0.4875495839324877 0.18697909695910542 0.07879955974982689 0.5939917728169885 0.16050195027426006 0.9911691948682058 0.3294372712459317 0.5979084876446562 0.6808919906563323 0.3584900614965606 0.23562380203285938 0.2634796031026704 0.6699067180725224
0.7477828600247506 0.09377148537810365 0.11414148027999871 0.7804388228294088 0.835765755732257 0.5823520781805643 0.08004825842625463 0.022219213461222465 0.8460397078688616 0.9619297270055802 0.4875495839324877 0.0 0.22238531855513266 0.7339079214140574 0.6847825298402168 0.4295964480553168 0.2569876466562042 0.9217000926111534 0.23629432378149018 0.8452031694565704 0.7701272122905332 0.6124258840902552 0.24420174870968125 0.1143867690463587
0.6636404904167095 0.4311946541538084 0.6256512419280403 0.6404304395578942 0.4865416063289587 0.44903544251772765 0.45631296454889936 0.10933209657624499 0.9893738309830704 0.9128050401721864 0.18697909695910542 0.22238531855513266 0.0 0.27850061697500106 0.8480853977019156 0.1448188947344602 0.6173441325900214 0.5626380377825332 0.07432741065751192 0.244644333931068 0.15685565816348856 0.5784082770728002 0.9888108689342954 0.7913171664476171
0.6826309902707554 0.984916622139992 0.31698337771238694 0.1853854513598585 0.5954625579847943 0.6577777869618634 0.8757583354856 0.8017072541768919 0.28600055877950603 0.15225899644437013 0.07879955974982689 0.7339079214140574 0.27850061697500106 0.0 0.7435827150799921 0.46215263336047663 0.910540621798268 0.4407074479176225 0.07947848115974543 0.008140349904916744 0.8860280162933201 0.3626030908195086 0.9009638541141142 0.41988965598462846
0.14001735850594965 0.6232422436638013 0.6247395644269905 0.7124369423304466 0.20690329798346563 0.15017610210216203 0.3559117846449873 0.36795272810697155 0.29667550034383006 0.608986424758597 0.5939917728169885 0.6847825298402168 0.8480853977019156 0.7435827150799921 0.0 0.6475415476735488 0.16593204086599478 0.3835591485896036 0.8410003694317575 0.969376145394275 0.5441850316594681 0.8809511334304507 0.15649526223560195 0.9299844870303735
0.6251934694660818 0.8511812785956641 0.7885536938637081 0.862115268116131 0.02001773715142785 0.8663366666034613 0.75557707376291 0.8786199066411366 0.873473539843109 0.029652339271268757 0.16050195027426006 0.4295964480553168 0.1448188947344602 0.46215263336047663 0.6475415476735488 0.0 0.04268072533096923 0.37401442373327665 0.8222689320601064 0.08097715803864813 0.6315414940855895 0.13909505268442812 0.02809489056760983 0.5484129276122403
0.4562096036879134 0.7394617937476187 0.6135377007393085 0.8429891503543726 0.34781700398143867 0.11536663198001329 0.06522905379476895 0.919599707114181 0.9673793777869897 0.3887264337335298 0.9911691948682058 0.2569876466562042 0.6173441325900214 0.910540621798268 0.16593204086599478 0.04268072533096923 0.0 0.8317252772674599 0.3099028497402434 0.32874278240694943 0.6474642061582409 0.9861843573380189 0.20364919182193686 0.988109010480355
0.7025666978300412 0.32671372546015387 0.6375049120478925 0.3859777800922095 0.2999748994691911 0.8926139900630109 0.8654086504472591 0.2789290845515737 0.04149731753374075 0.6730439731365014 0.3294372712459317 0.9217000926111534 0.5626380377825332 0.4407074479176225 0.3835591485896036 0.37401442373327665 0.8317252772674599 0.0 0.6784572590716107 0.8941998275662939 0.5096044945946315 0.672866472621229 0.19045003732824273 0.4341659823705397
0.3421915290135318 0.08831688672045812 0.2659443602470256 0.3674744353360756 0.7196628838394408 0.9512252199557879 0.23406312242168847 0.1881633932308996 0.6904532031610959 0.7708132383907645 0.5979084876446562 0.23629432378149018 0.07432741065751192 0.07947848115974543 0.8410003694317575 0.8222689320601064 0.3099028497402434 0.6784572590716107 0.0 0.6970401654500756 0.8049894232454021 0.1479255431109353 0.9885759310448881 0.28955782053851153
0.5040832219093374 0.9417185291700338 0.4765299433625716 0.5628012583267304 0.06457956545050014 0.17067535602982986 0.2857758284370606 0.8615412683111097 0.8663063591702171 0.6024783966527869 0.6808919906563323 0.8452031694565704 0.244644333931068 0.008140349904916744 0.969376145394275 0.08097715803864813 0.32874278240694943 0.8941998275662939 0.6970401654500756 0.0 0.8366123249452471 0.11684173802271092 0.4546864053959373 0.9740980407826869
0.6083817771015453 0.722707439810914 0.9683805162452201 0.9754476019182198 0.04719763598485127 0.36217421610853706 0.6978986410404757 0.34200611474621934 0.02000430943203313 0.21607379259407133 0.3584900614965606 0.7701272122905332 0.15685565816348856 0.8860280162933201 0.5441850316594681 0.6315414940855895 0.6474642061582409 0.5096044945946315 0.8049894232454021 0.8366123249452471 0.0 0.946032106501717 0.798193743414495 0.3753159121954668
0.1532781140396382 0.2852282166816402 0.9213999230215335 0.963340077251321 0.9434824617957418 0.6629923257619444 0.23646917619929875 0.21051339605333474 0.542106275444814 0.042530641588889195 0.23562380203285938 0.6124258840902552 0.5784082770728002 0.3626030908195086 0.8809511334304507 0.13909505268442812 0.9861843573380189 0.672866472621229 0.1479255431109353 0.11684173802271092 0.946032106501717 0.0 0.8654601224248989 0.170265265387753
0.8793282697384442 0.20080942621818942 0.026840500446151272 0.2217648177443109 0.19590654503775518 0.11809930089852538 0.3581488031968131 0.28993023627834735 0.032592485666101845 0.17958162140431 0.2634796031026704 0.24420174870968125 0.9888108689342954 0.9009638541141142 0.15649526223560195 0.02809489056760983 0.20364919182193686 0.19045003732824273 0.9885759310448881 0.4546864053959373 0.798193743414495 0.8654601224248989 0.0 0.9804078841566053
0.6306590452482959 0.9771108689490129 0.8879236986381519 0.03834579979695785 0.9413824419367293 0.41208382816478617 0.397293471199906 0.1146207537397177 0.1099703549953932 0.9527926973907674 0.6699067180725224 0.1143867690463587 0.7913171664476171 0.41988965598462846 0.9299844870303735 0.5484129276122403 0.988109010480355 0.4341659823705397 0.28955782053851153 0.9740980407826869 0.3753159121954668 0.170265265387753 0.9804078841566053 0.0

# Optimal Walk
0 14 5 16 15 9 21 19 13 18 12 7 11 1 6 4 20 17 8 22 2 10 23 3 0
