# MCW Instance
# Type: UNIFORM
# N: 24
# Optimal cost: 1.4706622391616797
# Optimal tour (permutation): [0, 23, 9, 21, 22, 1, 17, 14, 16, 18, 2, 7, 12, 10, 19, 5, 15, 8, 13, 6, 3, 20, 11, 4, 0]
# Optimal walk (full path): [0, 9, 23, 9, 21, 22, 1, 17, 14, 16, 2, 18, 2, 7, 12, 10, 12, 19, 5, 8, 15, 8, 13, 6, 3, 20, 3, 11, 4, 0]
# Walk size: 30
# Is walk (has repeats): true

# Distance Matrix
0.0000000000 0.0873594859 0.4771519868 0.7476414365 0.0515943223 0.0624709857 0.3815301552 0.9534361362 0.8495353311 0.0324220245 0.9256627161 0.7713703736 0.6135343745 0.2341107619 0.9115707183 0.9929255494 0.1831317620 0.6382807033 0.4075031276 0.5847752664 0.4473306929 0.0558093957 0.6948257397 0.3353463427
0.0873594859 0.0000000000 0.1169948125 0.7646738102 0.8180835766 0.9581067589 0.6747751039 0.2525933414 0.4164893084 0.1962888902 0.1500575675 0.6400787691 0.8363806955 0.7091078087 0.5783372002 0.0995907998 0.8767277685 0.0361362082 0.7475878366 0.1187397892 0.9035605275 0.7343484763 0.1086116217 0.7689336296
0.4771519868 0.1169948125 0.0000000000 0.4842261685 0.8614490022 0.5320155312 0.2356080753 0.1386748155 0.3394500721 0.9313771249 0.7421499981 0.2825107229 0.3740678056 0.6403249149 0.6568508674 0.9453361344 0.0283544989 0.8306736769 0.0107039172 0.3879531600 0.2530887585 0.1894181969 0.8735856526 0.3132782703
0.7476414365 0.7646738102 0.4842261685 0.0000000000 0.1617954379 0.5343039759 0.0373381048 0.9683637126 0.1048691638 0.0408564321 0.2364956779 0.0687080928 0.1451273313 0.2781653269 0.7008762355 0.1410786057 0.8662189733 0.3063840986 0.1789830688 0.5773553335 0.0556685756 0.6758185972 0.6971409392 0.4194483570
0.0515943223 0.8180835766 0.8614490022 0.1617954379 0.0000000000 0.6959346752 0.2856437581 0.2265157188 0.6541260752 0.8697150663 0.7097000529 0.1186438421 0.5866333917 0.6398317464 0.7774868337 0.6398244729 0.6832668200 0.6993805458 0.9103825396 0.1857036746 0.1256128496 0.6044317282 0.9562867239 0.7896064319
0.0624709857 0.9581067589 0.5320155312 0.5343039759 0.6959346752 0.0000000000 0.2029448595 0.6994196031 0.0402922790 0.3516490436 0.5843131512 0.4244604994 0.2546607878 0.6103909858 0.4581514050 0.5541902031 0.8482875129 0.2547617400 0.5047623442 0.0593137094 0.9440071725 0.7312247211 0.6758338635 0.7049111537
0.3815301552 0.6747751039 0.2356080753 0.0373381048 0.2856437581 0.2029448595 0.0000000000 0.7115050650 0.2396171846 0.7951767141 0.2036458623 0.3542627886 0.1308312815 0.0661631449 0.7273717699 0.2308813729 0.4204779953 0.6738855677 0.8472391269 0.9242888888 0.4149027241 0.8038427357 0.5202489695 0.0967540086
0.9534361362 0.2525933414 0.1386748155 0.9683637126 0.2265157188 0.6994196031 0.7115050650 0.0000000000 0.5093970039 0.5640008768 0.5693081477 0.5242901583 0.0631783951 0.4933652823 0.2141888152 0.7909500530 0.8816861286 0.5677376513 0.6023971767 0.7416737685 0.2439676822 0.8721233389 0.9618083866 0.9417675147
0.8495353311 0.4164893084 0.3394500721 0.1048691638 0.6541260752 0.0402922790 0.2396171846 0.5093970039 0.0000000000 0.6014070671 0.3992914539 0.9510257801 0.0717548880 0.0437728855 0.7552802972 0.0187742714 0.3982560461 0.3795403270 0.9051792921 0.1002392674 0.2047141724 0.2096683005 0.4763078488 0.7761140471
0.0324220245 0.1962888902 0.9313771249 0.0408564321 0.8697150663 0.3516490436 0.7951767141 0.5640008768 0.6014070671 0.0000000000 0.3402032451 0.6874886557 0.5509503352 0.0992201788 0.8502143604 0.7520921363 0.3270961974 0.6539168688 0.9902328316 0.4985711851 0.5031721038 0.0551170766 0.7910815490 0.0057070427
0.9256627161 0.1500575675 0.7421499981 0.2364956779 0.7097000529 0.5843131512 0.2036458623 0.5693081477 0.3992914539 0.3402032451 0.0000000000 0.7515432455 0.0165794378 0.7444207711 0.3801646738 0.1855991986 0.3222468333 0.1074578965 0.9959859356 0.2965291004 0.5197537436 0.7878358221 0.9091478123 0.4384301484
0.7713703736 0.6400787691 0.2825107229 0.0687080928 0.1186438421 0.4244604994 0.3542627886 0.5242901583 0.9510257801 0.6874886557 0.7515432455 0.0000000000 0.9218267003 0.7628314218 0.2091790064 0.5741819804 0.5491525909 0.5114105852 0.6333050700 0.6595590492 0.9773925207 0.9933499100 0.1133184032 0.7393419947
0.6135343745 0.8363806955 0.3740678056 0.1451273313 0.5866333917 0.2546607878 0.1308312815 0.0631783951 0.0717548880 0.5509503352 0.0165794378 0.9218267003 0.0000000000 0.6613693444 0.2965494052 0.0513463111 0.5567279250 0.2010590805 0.1918244065 0.0279167914 0.2361288405 0.1868680868 0.4838792858 0.3341982773
0.2341107619 0.7091078087 0.6403249149 0.2781653269 0.6398317464 0.6103909858 0.0661631449 0.4933652823 0.0437728855 0.0992201788 0.7444207711 0.7628314218 0.6613693444 0.0000000000 0.3894863543 0.7157790426 0.2278291386 0.1900159736 0.8175197921 0.4053005118 0.5925502354 0.7602244109 0.8298643764 0.7487567340
0.9115707183 0.5783372002 0.6568508674 0.7008762355 0.7774868337 0.4581514050 0.7273717699 0.2141888152 0.7552802972 0.8502143604 0.3801646738 0.2091790064 0.2965494052 0.3894863543 0.0000000000 0.3953036965 0.1142418157 0.0918441987 0.9533054129 0.1064910168 0.0870290344 0.8206651390 0.9811728655 0.4290641259
0.9929255494 0.0995907998 0.9453361344 0.1410786057 0.6398244729 0.5541902031 0.2308813729 0.7909500530 0.0187742714 0.7520921363 0.1855991986 0.5741819804 0.0513463111 0.7157790426 0.3953036965 0.0000000000 0.5945218448 0.1001006792 0.3749478714 0.3940268906 0.3325023523 0.0602833078 0.5893766556 0.2816286983
0.1831317620 0.8767277685 0.0283544989 0.8662189733 0.6832668200 0.8482875129 0.4204779953 0.8816861286 0.3982560461 0.3270961974 0.3222468333 0.5491525909 0.5567279250 0.2278291386 0.1142418157 0.5945218448 0.0000000000 0.9451216683 0.6780033713 0.9749532967 0.5772652296 0.6877624030 0.9929556332 0.2627012962
0.6382807033 0.0361362082 0.8306736769 0.3063840986 0.6993805458 0.2547617400 0.6738855677 0.5677376513 0.3795403270 0.6539168688 0.1074578965 0.5114105852 0.2010590805 0.1900159736 0.0918441987 0.1001006792 0.9451216683 0.0000000000 0.6017650782 0.3286564836 0.6066635361 0.3848935192 0.4176556293 0.5346501061
0.4075031276 0.7475878366 0.0107039172 0.1789830688 0.9103825396 0.5047623442 0.8472391269 0.6023971767 0.9051792921 0.9902328316 0.9959859356 0.6333050700 0.1918244065 0.8175197921 0.9533054129 0.3749478714 0.6780033713 0.6017650782 0.0000000000 0.4333499865 0.7330595075 0.1061648523 0.2687339395 0.8058123756
0.5847752664 0.1187397892 0.3879531600 0.5773553335 0.1857036746 0.0593137094 0.9242888888 0.7416737685 0.1002392674 0.4985711851 0.2965291004 0.6595590492 0.0279167914 0.4053005118 0.1064910168 0.3940268906 0.9749532967 0.3286564836 0.4333499865 0.0000000000 0.5024805882 0.5341305056 0.7904340479 0.2043988787
0.4473306929 0.9035605275 0.2530887585 0.0556685756 0.1256128496 0.9440071725 0.4149027241 0.2439676822 0.2047141724 0.5031721038 0.5197537436 0.9773925207 0.2361288405 0.5925502354 0.0870290344 0.3325023523 0.5772652296 0.6066635361 0.7330595075 0.5024805882 0.0000000000 0.6014747542 0.2856517481 0.6948845813
0.0558093957 0.7343484763 0.1894181969 0.6758185972 0.6044317282 0.7312247211 0.8038427357 0.8721233389 0.2096683005 0.0551170766 0.7878358221 0.9933499100 0.1868680868 0.7602244109 0.8206651390 0.0602833078 0.6877624030 0.3848935192 0.1061648523 0.5341305056 0.6014747542 0.0000000000 0.0734719227 0.7141248119
0.6948257397 0.1086116217 0.8735856526 0.6971409392 0.9562867239 0.6758338635 0.5202489695 0.9618083866 0.4763078488 0.7910815490 0.9091478123 0.1133184032 0.4838792858 0.8298643764 0.9811728655 0.5893766556 0.9929556332 0.4176556293 0.2687339395 0.7904340479 0.2856517481 0.0734719227 0.0000000000 0.5202324969
0.3353463427 0.7689336296 0.3132782703 0.4194483570 0.7896064319 0.7049111537 0.0967540086 0.9417675147 0.7761140471 0.0057070427 0.4384301484 0.7393419947 0.3341982773 0.7487567340 0.4290641259 0.2816286983 0.2627012962 0.5346501061 0.8058123756 0.2043988787 0.6948845813 0.7141248119 0.5202324969 0.0000000000
