# Graph size: 14
# Optimal cost: 2.253206063525845

# Distance Matrix
0.0 0.061151336881257734 0.7698687696521878 0.465772264522735 0.5687085631676744 0.02203373515963447 0.5575934502668151 0.1727237793423324 0.8653697139828491 0.5359817926707068 0.788120176921234 0.21539556970392126 0.7973445132547775 0.5597600129991483
0.061151336881257734 0.0 0.9904444876631472 0.5087323077490923 0.5485145959389608 0.7514418035368919 0.8127379520714292 0.3118970402957226 0.3689809173907723 0.32750215494935075 0.861756976519081 0.44050097168344027 0.8555055265526194 0.6276902046461926
0.7698687696521878 0.9904444876631472 0.0 0.7756435246477966 0.4678786957261979 0.03725974354205808 0.8215500397623035 0.789425395505546 0.9708588835843635 0.04230005286704086 0.25393472350199364 0.21756308451347262 0.7045826804158489 0.6758565654579216
0.465772264522735 0.5087323077490923 0.7756435246477966 0.0 0.7715852934856771 0.47417911965625303 0.7012730379919357 0.3284337843768036 0.9988224878935067 0.4791450260017053 0.6794605058706684 0.24988656080409932 0.9376260077653061 0.5569899658916341
0.5687085631676744 0.5485145959389608 0.4678786957261979 0.7715852934856771 0.0 0.8230219529011139 0.375048826965231 0.455852761476772 0.22563422595312155 0.9434904395526448 0.5671567207742284 0.19707134293584994 0.5932399115449328 0.27444619026082895
0.02203373515963447 0.7514418035368919 0.03725974354205808 0.47417911965625303 0.8230219529011139 0.0 0.35722125194949716 0.19646772514520372 0.43400989813328117 0.663399906422982 6.704446361120997E-4 0.0195025884282074 0.3975556184893979 0.7244315728444104
0.5575934502668151 0.8127379520714292 0.8215500397623035 0.7012730379919357 0.375048826965231 0.35722125194949716 0.0 0.9469943641488963 0.5534779009327153 0.22149304009392923 0.5939488340054315 0.6237908305054665 0.676896943823242 0.26321532630722067
0.1727237793423324 0.3118970402957226 0.789425395505546 0.3284337843768036 0.455852761476772 0.19646772514520372 0.9469943641488963 0.0 0.29228167840189956 0.7735236723496526 0.9074781185631748 0.14432968598174245 0.3354302778737731 0.4494690071674282
0.8653697139828491 0.3689809173907723 0.9708588835843635 0.9988224878935067 0.22563422595312155 0.43400989813328117 0.5534779009327153 0.29228167840189956 0.0 0.7869099150776293 0.8100350674741362 0.16413580829990004 0.1767399610032615 0.19891059903748476
0.5359817926707068 0.32750215494935075 0.04230005286704086 0.4791450260017053 0.9434904395526448 0.663399906422982 0.22149304009392923 0.7735236723496526 0.7869099150776293 0.0 0.845756376238753 0.161544623489289 0.7149434084565577 0.03688298413215563
0.788120176921234 0.861756976519081 0.25393472350199364 0.6794605058706684 0.5671567207742284 6.704446361120997E-4 0.5939488340054315 0.9074781185631748 0.8100350674741362 0.845756376238753 0.0 0.4646399244625219 0.5160883782601701 0.3209366869067063
0.21539556970392126 0.44050097168344027 0.21756308451347262 0.24988656080409932 0.19707134293584994 0.0195025884282074 0.6237908305054665 0.14432968598174245 0.16413580829990004 0.161544623489289 0.4646399244625219 0.0 0.6384311522295846 0.1820539459395365
0.7973445132547775 0.8555055265526194 0.7045826804158489 0.9376260077653061 0.5932399115449328 0.3975556184893979 0.676896943823242 0.3354302778737731 0.1767399610032615 0.7149434084565577 0.5160883782601701 0.6384311522295846 0.0 0.9528035746323994
0.5597600129991483 0.6276902046461926 0.6758565654579216 0.5569899658916341 0.27444619026082895 0.7244315728444104 0.26321532630722067 0.4494690071674282 0.19891059903748476 0.03688298413215563 0.3209366869067063 0.1820539459395365 0.9528035746323994 0.0

# Optimal Walk
0 2 13 9 6 4 8 12 7 3 11 10 5 1 0
