# Graph size: 14
# Optimal cost: 1.791336673057725

# Distance Matrix
0.0 0.042783681005514995 0.27238167614634456 0.9715020310532191 0.3194068247504275 0.5380710213348217 0.9456016309266324 0.28114100191550273 0.21122293377786694 0.26946449680636664 0.7740059570607883 0.7025568628834076 0.5623503245645006 0.7230233644880779
0.042783681005514995 0.0 0.6324714698472179 0.3402678490936979 0.45175659726017137 0.5331493793182759 0.17213206461774944 0.5766349392771987 0.4463577477937636 0.6130855648779527 0.28685422785914105 0.41661347012256333 0.05160200704271345 0.14868176519233334
0.27238167614634456 0.6324714698472179 0.0 0.18612066989873155 0.9101424158918131 0.06645097728459126 0.8101940965739127 0.5279658927948463 0.6128952272396825 0.17188955252948568 0.3191115751516965 0.6993965186554149 0.0939676814542012 0.6065113141718098
0.9715020310532191 0.3402678490936979 0.18612066989873155 0.0 0.07047981662820735 0.9967682957505133 0.828179749479057 0.8383892702851465 0.8559186558565078 0.15488085758503334 0.4210198691863599 0.7293562042669698 0.85850626531327 0.40109020573086906
0.3194068247504275 0.45175659726017137 0.9101424158918131 0.07047981662820735 0.0 0.005862153313442198 0.805983279625165 0.9979300374081183 0.9695279975210551 0.825937674381633 0.9009588396015941 0.39277994858780085 0.8005558360649269 0.46764367876070145
0.5380710213348217 0.5331493793182759 0.06645097728459126 0.9967682957505133 0.005862153313442198 0.0 0.6092342997643548 0.17658739648204613 0.9718719718605757 0.9471249770861602 0.7152172612050992 0.15518889778605272 0.2602263278959348 0.8686642939250541
0.9456016309266324 0.17213206461774944 0.8101940965739127 0.828179749479057 0.805983279625165 0.6092342997643548 0.0 0.9904567051027863 0.8252205823625778 0.11648975891460744 0.17126931062893513 0.5356788627654787 0.08702561153503818 0.2518612549890683
0.28114100191550273 0.5766349392771987 0.5279658927948463 0.8383892702851465 0.9979300374081183 0.17658739648204613 0.9904567051027863 0.0 0.5589460349078395 0.1466962362266473 0.5799841248596613 0.9792873468776424 0.5704994290854766 0.02062689890070235
0.21122293377786694 0.4463577477937636 0.6128952272396825 0.8559186558565078 0.9695279975210551 0.9718719718605757 0.8252205823625778 0.5589460349078395 0.0 0.9442507717517258 0.4317057077095706 0.3863039842359596 0.48702462203736707 0.4701123355118427
0.26946449680636664 0.6130855648779527 0.17188955252948568 0.15488085758503334 0.825937674381633 0.9471249770861602 0.11648975891460744 0.1466962362266473 0.9442507717517258 0.0 0.7875146854195749 0.8923384689039896 0.3479348604360196 0.5346539653848134
0.7740059570607883 0.28685422785914105 0.3191115751516965 0.4210198691863599 0.9009588396015941 0.7152172612050992 0.17126931062893513 0.5799841248596613 0.4317057077095706 0.7875146854195749 0.0 0.6737096949410682 0.2258805131815923 0.8415554913568933
0.7025568628834076 0.41661347012256333 0.6993965186554149 0.7293562042669698 0.39277994858780085 0.15518889778605272 0.5356788627654787 0.9792873468776424 0.3863039842359596 0.8923384689039896 0.6737096949410682 0.0 0.945149496372798 0.9884158696515878
0.5623503245645006 0.05160200704271345 0.0939676814542012 0.85850626531327 0.8005558360649269 0.2602263278959348 0.08702561153503818 0.5704994290854766 0.48702462203736707 0.3479348604360196 0.2258805131815923 0.945149496372798 0.0 0.012608503293606188
0.7230233644880779 0.14868176519233334 0.6065113141718098 0.40109020573086906 0.46764367876070145 0.8686642939250541 0.2518612549890683 0.02062689890070235 0.4701123355118427 0.5346539653848134 0.8415554913568933 0.9884158696515878 0.012608503293606188 0.0

# Optimal Walk
0 8 11 5 2 4 3 9 6 10 12 13 7 1 0
