# MCW Instance
# Type: UNIFORM
# N: 14
# Optimal cost: 1.9000742383050526
# Optimal tour (permutation): [0, 3, 7, 11, 13, 1, 10, 9, 8, 5, 4, 12, 6, 2, 0]
# Optimal walk (full path): [0, 3, 7, 11, 13, 1, 10, 8, 9, 8, 5, 8, 4, 12, 6, 2, 0]
# Walk size: 17
# Is walk (has repeats): true

# Distance Matrix
0.0000000000 0.6831225919 0.0068386582 0.1337654450 0.1048497506 0.2180341394 0.4235499339 0.2790790705 0.4921167023 0.4476364910 0.3149403901 0.9248502983 0.9413841193 0.6016250334
0.6831225919 0.0000000000 0.9848808729 0.5052063015 0.2967190263 0.8337079121 0.6120838581 0.8974760809 0.5098228853 0.4772238541 0.1592717302 0.5431387058 0.6542341251 0.0826367008
0.0068386582 0.9848808729 0.0000000000 0.9833881995 0.8487099991 0.9761605196 0.0731186066 0.6522543947 0.7618622379 0.9409560125 0.7929105064 0.5131105155 0.1221726019 0.6649211664
0.1337654450 0.5052063015 0.9833881995 0.0000000000 0.4428756569 0.6297724260 0.3712472781 0.0840199994 0.8986373557 0.8076724501 0.4735707402 0.7042706249 0.6889200119 0.5598416348
0.1048497506 0.2967190263 0.8487099991 0.4428756569 0.0000000000 0.4472800411 0.8029806055 0.4751878672 0.0319312011 0.7331664643 0.5056621464 0.2184033236 0.1006582084 0.7405580690
0.2180341394 0.8337079121 0.9761605196 0.6297724260 0.4472800411 0.0000000000 0.2503766869 0.8447029607 0.0876015042 0.3003381061 0.7694220489 0.6290155893 0.7890610486 0.4282061854
0.4235499339 0.6120838581 0.0731186066 0.3712472781 0.8029806055 0.2503766869 0.0000000000 0.8676893294 0.7041238757 0.8127347488 0.7553901854 0.9576815871 0.0723972049 0.5332542380
0.2790790705 0.8974760809 0.6522543947 0.0840199994 0.4751878672 0.8447029607 0.8676893294 0.0000000000 0.2193690971 0.5230991189 0.2484000789 0.3311614749 0.1237677842 0.4260613544
0.4921167023 0.5098228853 0.7618622379 0.8986373557 0.0319312011 0.0876015042 0.7041238757 0.2193690971 0.0000000000 0.1928071093 0.1636961170 0.4744368773 0.2474490309 0.5115318343
0.4476364910 0.4772238541 0.9409560125 0.8076724501 0.7331664643 0.3003381061 0.8127347488 0.5230991189 0.1928071093 0.0000000000 0.9308034464 0.5778321689 0.6555140989 0.9887036709
0.3149403901 0.1592717302 0.7929105064 0.4735707402 0.5056621464 0.7694220489 0.7553901854 0.2484000789 0.1636961170 0.9308034464 0.0000000000 0.5460609821 0.2481596288 0.1348191852
0.9248502983 0.5431387058 0.5131105155 0.7042706249 0.2184033236 0.6290155893 0.9576815871 0.3311614749 0.4744368773 0.5778321689 0.5460609821 0.0000000000 0.3981034134 0.0997616648
0.9413841193 0.6542341251 0.1221726019 0.6889200119 0.1006582084 0.7890610486 0.0723972049 0.1237677842 0.2474490309 0.6555140989 0.2481596288 0.3981034134 0.0000000000 0.6113536096
0.6016250334 0.0826367008 0.6649211664 0.5598416348 0.7405580690 0.4282061854 0.5332542380 0.4260613544 0.5115318343 0.9887036709 0.1348191852 0.0997616648 0.6113536096 0.0000000000
