# MCW Instance
# Type: UNIFORM
# N: 14
# Optimal cost: 1.9909481090172867
# Optimal tour (permutation): [0, 8, 9, 13, 6, 11, 12, 3, 4, 10, 2, 5, 7, 1, 0]
# Optimal walk (full path): [0, 8, 9, 13, 6, 11, 12, 3, 4, 10, 2, 5, 7, 8, 0, 1, 0]
# Walk size: 17
# Is walk (has repeats): true

# Distance Matrix
0.0000000000 0.0476450189 0.2705698596 0.4133896674 0.4734785355 0.7698993696 0.6553075783 0.2729520420 0.0891130444 0.8028095870 0.3549702443 0.8694864273 0.1987035556 0.5551308908
0.0476450189 0.0000000000 0.8904209800 0.7801332065 0.4083714411 0.8981447522 0.7645828681 0.4805431470 0.2978065722 0.8158600444 0.9359023756 0.3127784032 0.5639888661 0.6106043978
0.2705698596 0.8904209800 0.0000000000 0.4071169544 0.7383555692 0.0681931372 0.3581284848 0.7652945998 0.7311973545 0.7399205702 0.0729465835 0.5022775581 0.9474865407 0.9251902854
0.4133896674 0.7801332065 0.4071169544 0.0000000000 0.0924893729 0.4690761397 0.8728922102 0.4316624611 0.5177454951 0.8734231078 0.4923644035 0.2193540652 0.1584208622 0.8166126935
0.4734785355 0.4083714411 0.7383555692 0.0924893729 0.0000000000 0.1536708788 0.4132474877 0.3222455590 0.4839126964 0.2030751574 0.0728809077 0.9609100418 0.7522519766 0.6600322825
0.7698993696 0.8981447522 0.0681931372 0.4690761397 0.1536708788 0.0000000000 0.9440487517 0.1392141806 0.1595497796 0.6675050062 0.2390293889 0.5293634444 0.8919676268 0.7054798882
0.6553075783 0.7645828681 0.3581284848 0.8728922102 0.4132474877 0.9440487517 0.0000000000 0.3442963564 0.6489491974 0.6885280570 0.5874889381 0.2384585566 0.8590005210 0.3369589424
0.2729520420 0.4805431470 0.7652945998 0.4316624611 0.3222455590 0.1392141806 0.3442963564 0.0000000000 0.0734196659 0.3182137092 0.7175974257 0.7402863198 0.5266221084 0.2763887715
0.0891130444 0.2978065722 0.7311973545 0.5177454951 0.4839126964 0.1595497796 0.6489491974 0.0734196659 0.0000000000 0.1448863175 0.3706121182 0.4192988813 0.6536796433 0.9969404581
0.8028095870 0.8158600444 0.7399205702 0.8734231078 0.2030751574 0.6675050062 0.6885280570 0.3182137092 0.1448863175 0.0000000000 0.2946780023 0.6473900091 0.6944918370 0.0687594926
0.3549702443 0.9359023756 0.0729465835 0.4923644035 0.0728809077 0.2390293889 0.5874889381 0.7175974257 0.3706121182 0.2946780023 0.0000000000 0.8552298404 0.5546416696 0.1773228862
0.8694864273 0.3127784032 0.5022775581 0.2193540652 0.9609100418 0.5293634444 0.2384585566 0.7402863198 0.4192988813 0.6473900091 0.8552298404 0.0000000000 0.2508039632 0.5228621118
0.1987035556 0.5639888661 0.9474865407 0.1584208622 0.7522519766 0.8919676268 0.8590005210 0.5266221084 0.6536796433 0.6944918370 0.5546416696 0.2508039632 0.0000000000 0.2852737118
0.5551308908 0.6106043978 0.9251902854 0.8166126935 0.6600322825 0.7054798882 0.3369589424 0.2763887715 0.9969404581 0.0687594926 0.1773228862 0.5228621118 0.2852737118 0.0000000000
