# MCW Instance
# Type: UNIFORM
# N: 14
# Optimal cost: 1.5998731343653518
# Optimal tour (permutation): [0, 6, 1, 5, 11, 13, 8, 7, 12, 10, 4, 3, 9, 2, 0]
# Optimal walk (full path): [0, 6, 1, 5, 11, 13, 8, 7, 10, 12, 10, 4, 3, 9, 2, 9, 0]
# Walk size: 17
# Is walk (has repeats): true

# Distance Matrix
0.0000000000 0.9912126859 0.6961673366 0.5998742528 0.9841514638 0.7109601801 0.0503254491 0.7220126459 0.5474810795 0.0617034473 0.9544979724 0.5082042989 0.2889292005 0.0953010595
0.9912126859 0.0000000000 0.7511302543 0.9250083608 0.2855824891 0.1472782570 0.0414955617 0.8620292378 0.9109748122 0.5752515855 0.2746725702 0.9440987642 0.9881978107 0.9860017941
0.6961673366 0.7511302543 0.0000000000 0.5845475339 0.3299249210 0.8759881315 0.8455129015 0.2313174882 0.5052939491 0.0400680749 0.2891464418 0.4033839051 0.5173898205 0.2020550403
0.5998742528 0.9250083608 0.5845475339 0.0000000000 0.1532217119 0.0661911152 0.3165213640 0.7295450936 0.7346243524 0.0064772599 0.8725236713 0.5335136744 0.5516669330 0.2135700302
0.9841514638 0.2855824891 0.3299249210 0.1532217119 0.0000000000 0.5153273755 0.3729669607 0.4272774285 0.2637731893 0.5126657723 0.1318154612 0.5446920539 0.4295542798 0.2426162009
0.7109601801 0.1472782570 0.8759881315 0.0661911152 0.5153273755 0.0000000000 0.3292309761 0.7361814015 0.8221575043 0.4446488906 0.8522868478 0.1569399471 0.9944304210 0.9400828529
0.0503254491 0.0414955617 0.8455129015 0.3165213640 0.3729669607 0.3292309761 0.0000000000 0.6584708284 0.6691203659 0.0800665651 0.9013251796 0.9856983529 0.7150962893 0.7261307077
0.7220126459 0.8620292378 0.2313174882 0.7295450936 0.4272774285 0.7361814015 0.6584708284 0.0000000000 0.2189961872 0.4287439785 0.1943879870 0.7876469796 0.7670203469 0.0935467912
0.5474810795 0.9109748122 0.5052939491 0.7346243524 0.2637731893 0.8221575043 0.6691203659 0.2189961872 0.0000000000 0.8752875664 0.9961947719 0.3979881788 0.9246354452 0.1700715567
0.0617034473 0.5752515855 0.0400680749 0.0064772599 0.5126657723 0.4446488906 0.0800665651 0.4287439785 0.8752875664 0.0000000000 0.5888707489 0.3145722648 0.2159572687 0.6817902759
0.9544979724 0.2746725702 0.2891464418 0.8725236713 0.1318154612 0.8522868478 0.9013251796 0.1943879870 0.9961947719 0.5888707489 0.0000000000 0.1896399481 0.0575058844 0.2616844955
0.5082042989 0.9440987642 0.4033839051 0.5335136744 0.5446920539 0.1569399471 0.9856983529 0.7876469796 0.3979881788 0.3145722648 0.1896399481 0.0000000000 0.7909752833 0.0720123897
0.2889292005 0.9881978107 0.5173898205 0.5516669330 0.4295542798 0.9944304210 0.7150962893 0.7670203469 0.9246354452 0.2159572687 0.0575058844 0.7909752833 0.0000000000 0.7266102538
0.0953010595 0.9860017941 0.2020550403 0.2135700302 0.2426162009 0.9400828529 0.7261307077 0.0935467912 0.1700715567 0.6817902759 0.2616844955 0.0720123897 0.7266102538 0.0000000000
