# Graph size: 14
# Optimal cost: 1.8592829527231327

# Distance Matrix
0.0 0.8231003380607245 0.6064031778412717 0.16140884556438873 0.41596795241748674 0.5028606239730072 0.2562477426883335 0.3678655679090932 0.6790349065517352 0.7085801716879468 0.1361814969799643 0.07892505292216123 0.20696810347825323 0.3129367374044496
0.8231003380607245 0.0 0.13043390532996735 0.2682017032098267 0.8752214529405385 0.8900373770441644 0.5943315106577414 0.4045796008636331 0.7088238551150301 0.49660763044191614 0.9111041114168308 0.5280151621243526 0.583793378617886 0.1281695216361367
0.6064031778412717 0.13043390532996735 0.0 0.8937005791791032 0.27646666231580874 0.6821457405993815 0.504291518686508 0.1634811988737188 0.28805383743097046 0.9344145121720386 0.5723453325940363 0.3495664646708372 0.6535264499450466 0.5361392581557254
0.16140884556438873 0.2682017032098267 0.8937005791791032 0.0 0.13580594240709065 0.19578751916566173 0.12634813338683126 0.5085668652334192 0.310982601872523 0.4365963522059514 0.611177635257814 0.18885066179861665 0.09517073590584724 0.6089589338627143
0.41596795241748674 0.8752214529405385 0.27646666231580874 0.13580594240709065 0.0 0.046256771083122095 0.4813208558825717 0.18956514381930312 0.8041675905536169 0.17119048031414286 0.6789384337859604 0.3618780523935792 0.7316738843831371 0.8288312597294547
0.5028606239730072 0.8900373770441644 0.6821457405993815 0.19578751916566173 0.046256771083122095 0.0 0.6728348042480281 0.056455166229599674 0.36645653649094634 0.3884567796079209 0.4078770880509174 0.6637863065447248 0.8821035854373118 0.5971555728684959
0.2562477426883335 0.5943315106577414 0.504291518686508 0.12634813338683126 0.4813208558825717 0.6728348042480281 0.0 0.5134895096038804 0.8466574644337304 0.5337017115237952 0.6673132647364098 0.1414991679390114 0.586793425412396 0.6477897093444156
0.3678655679090932 0.4045796008636331 0.1634811988737188 0.5085668652334192 0.18956514381930312 0.056455166229599674 0.5134895096038804 0.0 0.6903170954100052 0.17656434785091868 0.16369124074267505 0.901047528292539 0.5300742937416435 0.1497820652614562
0.6790349065517352 0.7088238551150301 0.28805383743097046 0.310982601872523 0.8041675905536169 0.36645653649094634 0.8466574644337304 0.6903170954100052 0.0 0.1064465753472087 0.625055738404067 0.19466525382544986 0.38236116807771114 0.2697264728888906
0.7085801716879468 0.49660763044191614 0.9344145121720386 0.4365963522059514 0.17119048031414286 0.3884567796079209 0.5337017115237952 0.17656434785091868 0.1064465753472087 0.0 0.9613749221698854 0.3104302914815835 0.11378557614527629 0.5766438822600792
0.1361814969799643 0.9111041114168308 0.5723453325940363 0.611177635257814 0.6789384337859604 0.4078770880509174 0.6673132647364098 0.16369124074267505 0.625055738404067 0.9613749221698854 0.0 0.30935825563742125 0.7300138879417815 0.627682196117488
0.07892505292216123 0.5280151621243526 0.3495664646708372 0.18885066179861665 0.3618780523935792 0.6637863065447248 0.1414991679390114 0.901047528292539 0.19466525382544986 0.3104302914815835 0.30935825563742125 0.0 0.6441402538076444 0.6585247653470633
0.20696810347825323 0.583793378617886 0.6535264499450466 0.09517073590584724 0.7316738843831371 0.8821035854373118 0.586793425412396 0.5300742937416435 0.38236116807771114 0.11378557614527629 0.7300138879417815 0.6441402538076444 0.0 0.49436829190490605
0.3129367374044496 0.1281695216361367 0.5361392581557254 0.6089589338627143 0.8288312597294547 0.5971555728684959 0.6477897093444156 0.1497820652614562 0.2697264728888906 0.5766438822600792 0.627682196117488 0.6585247653470633 0.49436829190490605 0.0

# Optimal Walk
0 11 6 3 12 9 8 13 1 2 7 5 4 10 0
