# Graph size: 14
# Optimal cost: 2.4410556694378753

# Distance Matrix
0.0 0.8294804909129659 0.3233155610766104 0.5282214643420385 0.9518124288280437 0.35937447431640457 0.9503580440692474 0.5049654802124734 0.4399025821613364 0.26473525021711086 0.5934988541366061 0.6564795566646231 0.42384331992371826 0.7033146067326109
0.8294804909129659 0.0 0.8201925347897713 0.6497044410881633 0.8296900415319691 0.3756176437371046 0.5473754712854711 0.29210098542762253 0.07549480567100586 0.7684674798543604 0.8293548701227035 0.4434246352438269 0.637653455661501 0.6576654571225445
0.3233155610766104 0.8201925347897713 0.0 0.134384372865066 0.2771863836539904 0.5321020975785082 0.6839858412371469 0.05819894467500997 0.03855956859275955 0.8231862586719061 0.6770963567858377 0.2596957512292086 0.8214677462548837 0.2505654298351119
0.5282214643420385 0.6497044410881633 0.134384372865066 0.0 0.5435970858850854 0.772111884076024 0.04481620554179844 0.07330452677478405 0.9582219193392401 0.742463984194342 0.24630523448499841 0.27034286501151694 0.8013484199325501 0.082678331262106
0.9518124288280437 0.8296900415319691 0.2771863836539904 0.5435970858850854 0.0 0.5319912716907234 0.3078206530991189 0.2713132354018769 0.477754883204094 0.5207368666984573 0.7862814104822884 0.8666320674993445 0.6894720867296413 0.9049186829960676
0.35937447431640457 0.3756176437371046 0.5321020975785082 0.772111884076024 0.5319912716907234 0.0 0.41455855500979755 0.9810745308515558 0.11855347858252452 0.812237885863383 0.9221928341608714 0.6836461982470553 0.14388166736878494 0.9982047968625678
0.9503580440692474 0.5473754712854711 0.6839858412371469 0.04481620554179844 0.3078206530991189 0.41455855500979755 0.0 0.7185166181074574 0.3658807754843154 0.8442586028773105 0.5248458380593564 0.3340803036443978 0.3304484042789493 0.3263755773552669
0.5049654802124734 0.29210098542762253 0.05819894467500997 0.07330452677478405 0.2713132354018769 0.9810745308515558 0.7185166181074574 0.0 0.9884073200834229 0.9388846146278477 0.06793589351987472 0.032070551920564405 0.5473075042153795 0.5219222150089867
0.4399025821613364 0.07549480567100586 0.03855956859275955 0.9582219193392401 0.477754883204094 0.11855347858252452 0.3658807754843154 0.9884073200834229 0.0 0.9227576944837111 0.07861384826208728 0.9713144573338822 0.6378208823876615 0.08450743415721829
0.26473525021711086 0.7684674798543604 0.8231862586719061 0.742463984194342 0.5207368666984573 0.812237885863383 0.8442586028773105 0.9388846146278477 0.9227576944837111 0.0 0.8976781516637634 0.6839042185014461 0.9789192980994605 0.3576609781486104
0.5934988541366061 0.8293548701227035 0.6770963567858377 0.24630523448499841 0.7862814104822884 0.9221928341608714 0.5248458380593564 0.06793589351987472 0.07861384826208728 0.8976781516637634 0.0 0.18181206655150717 0.3019802767003634 0.414896128654893
0.6564795566646231 0.4434246352438269 0.2596957512292086 0.27034286501151694 0.8666320674993445 0.6836461982470553 0.3340803036443978 0.032070551920564405 0.9713144573338822 0.6839042185014461 0.18181206655150717 0.0 0.9603943687725451 0.42165119003952045
0.42384331992371826 0.637653455661501 0.8214677462548837 0.8013484199325501 0.6894720867296413 0.14388166736878494 0.3304484042789493 0.5473075042153795 0.6378208823876615 0.9789192980994605 0.3019802767003634 0.9603943687725451 0.0 0.49061151446565965
0.7033146067326109 0.6576654571225445 0.2505654298351119 0.082678331262106 0.9049186829960676 0.9982047968625678 0.3263755773552669 0.5219222150089867 0.08450743415721829 0.3576609781486104 0.414896128654893 0.42165119003952045 0.49061151446565965 0.0

# Optimal Walk
0 12 5 8 1 10 11 7 2 4 6 3 13 9 0
