# MCW Instance
# Type: UNIFORM
# N: 14
# Optimal cost: 1.473753228047077
# Optimal tour (permutation): [0, 8, 2, 7, 6, 9, 11, 12, 3, 1, 13, 10, 5, 4, 0]
# Optimal walk (full path): [0, 8, 2, 7, 6, 9, 11, 12, 3, 12, 1, 13, 10, 5, 4, 0]
# Walk size: 16
# Is walk (has repeats): true

# Distance Matrix
0.0000000000 0.5548571190 0.1897592812 0.2635327785 0.0296854099 0.5947397116 0.0535817359 0.3069224998 0.0266375040 0.8424378979 0.4067752544 0.7264594912 0.4001984106 0.9352060664
0.5548571190 0.0000000000 0.3582159956 0.6118087306 0.2253803901 0.8745910462 0.3619225842 0.9726109611 0.4123206463 0.7292297718 0.8603762655 0.3740850523 0.2738192431 0.3106245657
0.1897592812 0.3582159956 0.0000000000 0.9132468905 0.6794121387 0.6667989959 0.3514676626 0.1196609360 0.0813054080 0.8131868960 0.3420629888 0.3696863688 0.9967704593 0.5238802480
0.2635327785 0.6118087306 0.9132468905 0.0000000000 0.5876197743 0.2194985643 0.0719131405 0.6988750058 0.2376694499 0.9747306147 0.4977527493 0.6572976335 0.0085833852 0.8877999225
0.0296854099 0.2253803901 0.6794121387 0.5876197743 0.0000000000 0.0733508814 0.0629961653 0.0711459048 0.2275427407 0.9691668906 0.9545098898 0.1073635142 0.3632767453 0.9414031782
0.5947397116 0.8745910462 0.6667989959 0.2194985643 0.0733508814 0.0000000000 0.6626514235 0.8541677822 0.4204512017 0.8272045901 0.2045988562 0.5463958982 0.5113332178 0.5109283075
0.0535817359 0.3619225842 0.3514676626 0.0719131405 0.0629961653 0.6626514235 0.0000000000 0.0803096419 0.5474095035 0.0217174996 0.1933013980 0.2652321822 0.1129389413 0.9434364251
0.3069224998 0.9726109611 0.1196609360 0.6988750058 0.0711459048 0.8541677822 0.0803096419 0.0000000000 0.7181356511 0.5927049489 0.6722167758 0.7824859097 0.9153702412 0.6500970665
0.0266375040 0.4123206463 0.0813054080 0.2376694499 0.2275427407 0.4204512017 0.5474095035 0.7181356511 0.0000000000 0.2301906223 0.1438720213 0.4045645211 0.7746584590 0.4955823541
0.8424378979 0.7292297718 0.8131868960 0.9747306147 0.9691668906 0.8272045901 0.0217174996 0.5927049489 0.2301906223 0.0000000000 0.6968217913 0.0695648455 0.7282115566 0.1217869182
0.4067752544 0.8603762655 0.3420629888 0.4977527493 0.9545098898 0.2045988562 0.1933013980 0.6722167758 0.1438720213 0.6968217913 0.0000000000 0.8577915265 0.4629209979 0.1542306907
0.7264594912 0.3740850523 0.3696863688 0.6572976335 0.1073635142 0.5463958982 0.2652321822 0.7824859097 0.4045645211 0.0695648455 0.8577915265 0.0000000000 0.0110809758 0.1937442164
0.4001984106 0.2738192431 0.9967704593 0.0085833852 0.3632767453 0.5113332178 0.1129389413 0.9153702412 0.7746584590 0.7282115566 0.4629209979 0.0110809758 0.0000000000 0.7277289928
0.9352060664 0.3106245657 0.5238802480 0.8877999225 0.9414031782 0.5109283075 0.9434364251 0.6500970665 0.4955823541 0.1217869182 0.1542306907 0.1937442164 0.7277289928 0.0000000000
