# MCW Instance
# Type: UNIFORM
# N: 14
# Optimal cost: 1.747210791409207
# Optimal tour (permutation): [0, 9, 3, 7, 4, 8, 13, 10, 2, 1, 12, 11, 6, 5, 0]
# Optimal walk (full path): [0, 9, 3, 7, 4, 8, 13, 10, 2, 1, 12, 1, 6, 11, 6, 5, 0]
# Walk size: 17
# Is walk (has repeats): true

# Distance Matrix
0.0000000000 0.5417408101 0.2103471837 0.4198548439 0.4331624726 0.1740973652 0.2201462116 0.2369795776 0.8220276343 0.2447008006 0.8598458182 0.4919666662 0.4836269328 0.9841408914
0.5417408101 0.0000000000 0.0190805177 0.4047470973 0.1157299734 0.2482864314 0.0556168686 0.2261289957 0.8971340614 0.1347224138 0.2880621682 0.4940173734 0.0005455716 0.9989380054
0.2103471837 0.0190805177 0.0000000000 0.8242141409 0.7726515713 0.3482219452 0.4276687246 0.2055506240 0.4054090007 0.5210493313 0.1183980842 0.9665229673 0.2189492974 0.9905200512
0.4198548439 0.4047470973 0.8242141409 0.0000000000 0.2868752613 0.3567301667 0.3049505633 0.1331131570 0.1786071724 0.1547154607 0.9754151151 0.8078700575 0.4956346661 0.7140406715
0.4331624726 0.1157299734 0.7726515713 0.2868752613 0.0000000000 0.7384995321 0.6304968362 0.0665042146 0.1254581946 0.6740492352 0.4611133188 0.8851982157 0.6534138452 0.9014958578
0.1740973652 0.2482864314 0.3482219452 0.3567301667 0.7384995321 0.0000000000 0.0378086118 0.7238880313 0.4107787072 0.9275008178 0.1344511581 0.8847263871 0.5726214003 0.5367060128
0.2201462116 0.0556168686 0.4276687246 0.3049505633 0.6304968362 0.0378086118 0.0000000000 0.0987415695 0.2974960876 0.2979968473 0.5461786944 0.1352839825 0.0927849236 0.9281412345
0.2369795776 0.2261289957 0.2055506240 0.1331131570 0.0665042146 0.7238880313 0.0987415695 0.0000000000 0.1826142188 0.2384922963 0.9844568647 0.9601272955 0.0610870589 0.2514357786
0.8220276343 0.8971340614 0.4054090007 0.1786071724 0.1254581946 0.4107787072 0.2974960876 0.1826142188 0.0000000000 0.2805424358 0.7569479001 0.7451168116 0.1292676878 0.1082718462
0.2447008006 0.1347224138 0.5210493313 0.1547154607 0.6740492352 0.9275008178 0.2979968473 0.2384922963 0.2805424358 0.0000000000 0.9481597176 0.6500425968 0.1196700980 0.4868261004
0.8598458182 0.2880621682 0.1183980842 0.9754151151 0.4611133188 0.1344511581 0.5461786944 0.9844568647 0.7569479001 0.9481597176 0.0000000000 0.9996337548 0.6151760593 0.2377865621
0.4919666662 0.4940173734 0.9665229673 0.8078700575 0.8851982157 0.8847263871 0.1352839825 0.9601272955 0.7451168116 0.6500425968 0.9996337548 0.0000000000 0.2104837695 0.4866222648
0.4836269328 0.0005455716 0.2189492974 0.4956346661 0.6534138452 0.5726214003 0.0927849236 0.0610870589 0.1292676878 0.1196700980 0.6151760593 0.2104837695 0.0000000000 0.8149290931
0.9841408914 0.9989380054 0.9905200512 0.7140406715 0.9014958578 0.5367060128 0.9281412345 0.2514357786 0.1082718462 0.4868261004 0.2377865621 0.4866222648 0.8149290931 0.0000000000
