# Graph size: 14
# Optimal cost: 1.8325307992173214

# Distance Matrix
0.0 0.6902470482383154 0.5524392208952273 0.9181593984096262 0.989692177374101 0.23055983810147762 0.3000537081875525 0.8113668805878691 0.6955985066043879 0.355630543245819 0.49954971601450826 0.0027080932968472915 0.09678454718771323 0.330352046915135
0.6902470482383154 0.0 0.30896219263710933 0.8106921790905441 0.31168086699647635 0.11798976025615016 0.617355750110805 0.42578637512464035 0.3893034465030566 0.7136430907912827 0.4073631508064033 0.26266545652518636 0.7414414729214097 0.11166494198506549
0.5524392208952273 0.30896219263710933 0.0 0.6154281037685122 0.6949695400657526 0.9594052662911423 0.12704011669515436 0.7930058368242986 0.3422781561884921 0.28782668662867084 0.2604507780377402 0.19326354847786797 0.3143609264565487 0.2399168035626602
0.9181593984096262 0.8106921790905441 0.6154281037685122 0.0 0.5477329737528881 0.2603621583539075 0.33436574480982206 0.5817508570860146 0.8666553218357262 0.8821894698874145 0.46045785430935904 0.18756390632847264 0.48742737865585783 0.18245454341973655
0.989692177374101 0.31168086699647635 0.6949695400657526 0.5477329737528881 0.0 0.2045238366014711 0.07370498811110016 0.7480714577581896 0.07434135276784426 0.20690701440139259 0.2558116579751992 0.6117688258083331 0.2754595396078432 0.26774163591731504
0.23055983810147762 0.11798976025615016 0.9594052662911423 0.2603621583539075 0.2045238366014711 0.0 0.9419302994705967 0.5205171855522694 0.9926190077775464 0.45830513161683417 0.9737228277184274 0.3979133397726037 0.024993452275059003 0.23990902424799654
0.3000537081875525 0.617355750110805 0.12704011669515436 0.33436574480982206 0.07370498811110016 0.9419302994705967 0.0 0.3585629251842005 0.8736011120019844 0.6055283775197758 0.0032012822870031155 0.19724051285867183 0.8029016332269919 0.9029865854483611
0.8113668805878691 0.42578637512464035 0.7930058368242986 0.5817508570860146 0.7480714577581896 0.5205171855522694 0.3585629251842005 0.0 0.2073532633782429 0.3051561311067488 0.9373691561402095 0.7408146604207269 0.34645729370222333 0.34930145363345444
0.6955985066043879 0.3893034465030566 0.3422781561884921 0.8666553218357262 0.07434135276784426 0.9926190077775464 0.8736011120019844 0.2073532633782429 0.0 0.16549255192405354 0.7540519524661937 0.29956178199551087 0.3789862587729683 0.08748892504837436
0.355630543245819 0.7136430907912827 0.28782668662867084 0.8821894698874145 0.20690701440139259 0.45830513161683417 0.6055283775197758 0.3051561311067488 0.16549255192405354 0.0 0.9017931801365019 0.2311219871420922 0.21518604324817858 0.8141124220184515
0.49954971601450826 0.4073631508064033 0.2604507780377402 0.46045785430935904 0.2558116579751992 0.9737228277184274 0.0032012822870031155 0.9373691561402095 0.7540519524661937 0.9017931801365019 0.0 0.9802548486794683 0.1002473677528366 0.2815484870053968
0.0027080932968472915 0.26266545652518636 0.19326354847786797 0.18756390632847264 0.6117688258083331 0.3979133397726037 0.19724051285867183 0.7408146604207269 0.29956178199551087 0.2311219871420922 0.9802548486794683 0.0 0.7866279527929193 0.5402843127129635
0.09678454718771323 0.7414414729214097 0.3143609264565487 0.48742737865585783 0.2754595396078432 0.024993452275059003 0.8029016332269919 0.34645729370222333 0.3789862587729683 0.21518604324817858 0.1002473677528366 0.7866279527929193 0.0 0.009976191786696398
0.330352046915135 0.11166494198506549 0.2399168035626602 0.18245454341973655 0.26774163591731504 0.23990902424799654 0.9029865854483611 0.34930145363345444 0.08748892504837436 0.8141124220184515 0.2815484870053968 0.5402843127129635 0.009976191786696398 0.0

# Optimal Walk
0 11 3 13 1 5 12 9 7 8 4 10 6 2 0
