# MCW Instance
# Type: UNIFORM
# N: 14
# Optimal cost: 1.9589618496913839
# Optimal tour (permutation): [0, 6, 11, 4, 12, 2, 5, 9, 7, 13, 8, 3, 10, 1, 0]
# Optimal walk (full path): [0, 6, 4, 11, 4, 12, 2, 5, 9, 7, 13, 8, 13, 3, 10, 1, 6, 0]
# Walk size: 18
# Is walk (has repeats): true

# Distance Matrix
0.0000000000 0.4585239374 0.4647229894 0.4762993147 0.3213400823 0.1339052798 0.0544724958 0.7185259272 0.7718861035 0.7689660431 0.7779698531 0.6304969877 0.6810222047 0.9260905838
0.4585239374 0.0000000000 0.2690755688 0.5248905180 0.6166630675 0.8158853182 0.1480890061 0.4078618648 0.8320177284 0.6361825673 0.1544583390 0.8387197512 0.9900359581 0.4090006722
0.4647229894 0.2690755688 0.0000000000 0.3329660079 0.3014900340 0.0681762272 0.3748170773 0.4589668333 0.6521181676 0.8404986213 0.9576125544 0.5689204157 0.1747883101 0.6553747541
0.4762993147 0.5248905180 0.3329660079 0.0000000000 0.5494966242 0.6743732989 0.5318130698 0.5796463238 0.8803252052 0.4807104160 0.4237754146 0.3638521028 0.5355737321 0.2064094329
0.3213400823 0.6166630675 0.3014900340 0.5494966242 0.0000000000 0.0900796171 0.0981833692 0.2648300603 0.4041960316 0.8747955760 0.8751159020 0.0836233417 0.0224112702 0.9586570747
0.1339052798 0.8158853182 0.0681762272 0.6743732989 0.0900796171 0.0000000000 0.2522062389 0.8129063898 0.8130675054 0.0153010895 0.8173287321 0.6233607793 0.5924823211 0.9883117917
0.0544724958 0.1480890061 0.3748170773 0.5318130698 0.0981833692 0.2522062389 0.0000000000 0.6986691275 0.3557954844 0.7910446256 0.4053598218 0.4330794339 0.8742612198 0.1905809300
0.7185259272 0.4078618648 0.4589668333 0.5796463238 0.2648300603 0.8129063898 0.6986691275 0.0000000000 0.6467033233 0.2089376931 0.4751046129 0.7409537037 0.3675442935 0.1334459423
0.7718861035 0.8320177284 0.6521181676 0.8803252052 0.4041960316 0.8130675054 0.3557954844 0.6467033233 0.0000000000 0.4230372407 0.8719382607 0.8372103533 0.8393375596 0.0143970402
0.7689660431 0.6361825673 0.8404986213 0.4807104160 0.8747955760 0.0153010895 0.7910446256 0.2089376931 0.4230372407 0.0000000000 0.7720880546 0.3028581551 0.4422559392 0.1781302992
0.7779698531 0.1544583390 0.9576125544 0.4237754146 0.8751159020 0.8173287321 0.4053598218 0.4751046129 0.8719382607 0.7720880546 0.0000000000 0.6932129612 0.6113719736 0.5876035601
0.6304969877 0.8387197512 0.5689204157 0.3638521028 0.0836233417 0.6233607793 0.4330794339 0.7409537037 0.8372103533 0.3028581551 0.6932129612 0.0000000000 0.5166243529 0.4572585766
0.6810222047 0.9900359581 0.1747883101 0.5355737321 0.0224112702 0.5924823211 0.8742612198 0.3675442935 0.8393375596 0.4422559392 0.6113719736 0.5166243529 0.0000000000 0.2303565787
0.9260905838 0.4090006722 0.6553747541 0.2064094329 0.9586570747 0.9883117917 0.1905809300 0.1334459423 0.0143970402 0.1781302992 0.5876035601 0.4572585766 0.2303565787 0.0000000000
