# Graph size: 14
# Optimal cost: 1.9337365689131043

# Distance Matrix
0.0 0.8515981022180091 0.3013236027052526 0.8400660708649811 0.3191390647028358 0.4088334920256741 0.4543925184220394 0.6953724814608014 0.32044345402220786 0.9390585326489633 0.6308564898015612 0.7729733717976407 0.20349828116124646 0.8510982012319525
0.8515981022180091 0.0 0.8742872004140526 0.5440867316792501 0.7689280203907144 0.00858739712554546 0.17775083872807207 0.3731382950132497 0.6903678637606546 0.6827096459423859 0.2195526831121054 0.4643702010101316 0.9144467014516565 0.6942827750631386
0.3013236027052526 0.8742872004140526 0.0 0.7094485334412907 0.7028905135907746 0.7451047970608996 0.3079667927052513 0.13978724433618628 0.6370200474927051 0.4853236392464515 0.6298446482330483 0.026087455745665178 0.8028947429896817 0.19000949416828672
0.8400660708649811 0.5440867316792501 0.7094485334412907 0.0 0.22935414505127705 0.042840925260761 0.8276335002319585 0.2956858969569449 0.45752504057296917 0.8128734958212318 0.2639826756560607 0.6358149418070546 0.46570222101430103 0.4923842767759602
0.3191390647028358 0.7689280203907144 0.7028905135907746 0.22935414505127705 0.0 0.9072004742901624 0.6249809859949154 0.24241279866738497 0.708822406652053 0.4240454996583456 0.200834241732454 0.08076055572049723 0.8550498157545725 0.48408547589882966
0.4088334920256741 0.00858739712554546 0.7451047970608996 0.042840925260761 0.9072004742901624 0.0 0.44960630224173115 0.7647090024186215 0.22077755194647242 0.2251440833147309 0.7091732956370722 0.41983960040914314 0.9510524587453507 0.8075547567781487
0.4543925184220394 0.17775083872807207 0.3079667927052513 0.8276335002319585 0.6249809859949154 0.44960630224173115 0.0 0.34305654244960504 0.4126493418812669 0.36160960086550054 0.015992436284712364 0.3094146989739067 0.9021776843569357 0.7121952937453911
0.6953724814608014 0.3731382950132497 0.13978724433618628 0.2956858969569449 0.24241279866738497 0.7647090024186215 0.34305654244960504 0.0 0.3530053953319938 0.11099542886091573 0.6487297701556423 0.1415047779438976 0.8349711640083998 0.7051787936357009
0.32044345402220786 0.6903678637606546 0.6370200474927051 0.45752504057296917 0.708822406652053 0.22077755194647242 0.4126493418812669 0.3530053953319938 0.0 0.46668937381592435 0.10116675640641959 0.7490519878341009 0.47765807382736414 0.2718915522461999
0.9390585326489633 0.6827096459423859 0.4853236392464515 0.8128734958212318 0.4240454996583456 0.2251440833147309 0.36160960086550054 0.11099542886091573 0.46668937381592435 0.0 0.2912476544650453 0.9588266824282251 0.43896884643429634 0.018751401887650787
0.6308564898015612 0.2195526831121054 0.6298446482330483 0.2639826756560607 0.200834241732454 0.7091732956370722 0.015992436284712364 0.6487297701556423 0.10116675640641959 0.2912476544650453 0.0 0.7960355787783258 0.9566276795275733 0.3899900666162751
0.7729733717976407 0.4643702010101316 0.026087455745665178 0.6358149418070546 0.08076055572049723 0.41983960040914314 0.3094146989739067 0.1415047779438976 0.7490519878341009 0.9588266824282251 0.7960355787783258 0.0 0.9483221762427263 0.8464048736073347
0.20349828116124646 0.9144467014516565 0.8028947429896817 0.46570222101430103 0.8550498157545725 0.9510524587453507 0.9021776843569357 0.8349711640083998 0.47765807382736414 0.43896884643429634 0.9566276795275733 0.9483221762427263 0.0 0.7522130514377254
0.8510982012319525 0.6942827750631386 0.19000949416828672 0.4923842767759602 0.48408547589882966 0.8075547567781487 0.7121952937453911 0.7051787936357009 0.2718915522461999 0.018751401887650787 0.3899900666162751 0.8464048736073347 0.7522130514377254 0.0

# Optimal Walk
0 12 13 9 7 2 11 4 3 5 1 6 10 8 0
