# MCW Instance
# Type: UNIFORM
# N: 14
# Optimal cost: 1.8744568847297045
# Optimal tour (permutation): [0, 12, 6, 9, 2, 1, 13, 10, 7, 3, 8, 5, 11, 4, 0]
# Optimal walk (full path): [0, 12, 6, 9, 2, 1, 13, 10, 7, 3, 8, 5, 11, 4, 0]
# Walk size: 15
# Is walk (has repeats): false

# Distance Matrix
0.0000000000 0.5587812625 0.3269949612 0.3741931515 0.0830454955 0.9853421127 0.5388379394 0.4852171741 0.5393442081 0.5359650802 0.2898087347 0.1437899708 0.2508154788 0.6597072831
0.5587812625 0.0000000000 0.0278418517 0.9304793684 0.0896554192 0.6599295002 0.2383234127 0.6621108116 0.4665908366 0.7954769085 0.7784808078 0.7278614286 0.7093442132 0.0779515240
0.3269949612 0.0278418517 0.0000000000 0.2960248314 0.9578870039 0.6407231858 0.0671089608 0.6485785885 0.5887209536 0.0546064158 0.5611379884 0.1867164778 0.7500366705 0.6250132307
0.3741931515 0.9304793684 0.2960248314 0.0000000000 0.4545591300 0.7409762518 0.0389657189 0.1516075358 0.1937041174 0.1619953093 0.1710161233 0.9444010571 0.1982148464 0.3029622478
0.0830454955 0.0896554192 0.9578870039 0.4545591300 0.0000000000 0.4007364581 0.5810846868 0.3367273960 0.4048630761 0.3906230815 0.2323310715 0.0458827166 0.9475411941 0.4733694258
0.9853421127 0.6599295002 0.6407231858 0.7409762518 0.4007364581 0.0000000000 0.2435756753 0.9640324578 0.1633788862 0.8004076898 0.6861970522 0.0144851825 0.5754470901 0.6987950022
0.5388379394 0.2383234127 0.0671089608 0.0389657189 0.5810846868 0.2435756753 0.0000000000 0.1466819868 0.7178638177 0.1182597376 0.6688476513 0.1092743938 0.1391232857 0.6268074659
0.4852171741 0.6621108116 0.6485785885 0.1516075358 0.3367273960 0.9640324578 0.1466819868 0.0000000000 0.8465285114 0.9057716385 0.2820023130 0.7383348985 0.4274440290 0.3555452727
0.5393442081 0.4665908366 0.5887209536 0.1937041174 0.4048630761 0.1633788862 0.7178638177 0.8465285114 0.0000000000 0.9321609951 0.5413647292 0.5034097288 0.8995281912 0.9199817184
0.5359650802 0.7954769085 0.0546064158 0.1619953093 0.3906230815 0.8004076898 0.1182597376 0.9057716385 0.9321609951 0.0000000000 0.6277606598 0.9978933065 0.2438231070 0.5249879877
0.2898087347 0.7784808078 0.5611379884 0.1710161233 0.2323310715 0.6861970522 0.6688476513 0.2820023130 0.5413647292 0.6277606598 0.0000000000 0.5561607803 0.9032470937 0.2717523443
0.1437899708 0.7278614286 0.1867164778 0.9444010571 0.0458827166 0.0144851825 0.1092743938 0.7383348985 0.5034097288 0.9978933065 0.5561607803 0.0000000000 0.2760617194 0.1189014812
0.2508154788 0.7093442132 0.7500366705 0.1982148464 0.9475411941 0.5754470901 0.1391232857 0.4274440290 0.8995281912 0.2438231070 0.9032470937 0.2760617194 0.0000000000 0.8204927616
0.6597072831 0.0779515240 0.6250132307 0.3029622478 0.4733694258 0.6987950022 0.6268074659 0.3555452727 0.9199817184 0.5249879877 0.2717523443 0.1189014812 0.8204927616 0.0000000000
