# MCW Instance
# Type: UNIFORM
# N: 14
# Optimal cost: 1.0668339487961203
# Optimal tour (permutation): [0, 13, 7, 3, 1, 2, 4, 12, 11, 8, 10, 6, 9, 5, 0]
# Optimal walk (full path): [0, 13, 7, 3, 1, 2, 4, 8, 12, 11, 12, 8, 10, 6, 10, 9, 5, 9, 0]
# Walk size: 19
# Is walk (has repeats): true

# Distance Matrix
0.0000000000 0.5690965010 0.2465923188 0.8710892025 0.3186901957 0.5811849428 0.7294911624 0.9108847879 0.2099784172 0.0262310424 0.5354411398 0.2423081141 0.8446891517 0.0643099959
0.5690965010 0.0000000000 0.1532517826 0.0401594847 0.2459381761 0.9553422102 0.6650546444 0.7974111806 0.4648935837 0.1777540237 0.6646171533 0.8195439355 0.6747724003 0.1167957424
0.2465923188 0.1532517826 0.0000000000 0.3124298385 0.2192199557 0.6620014564 0.1958385294 0.9294524708 0.4374461349 0.4137918582 0.9499482748 0.7589444642 0.7089826944 0.1195405648
0.8710892025 0.0401594847 0.3124298385 0.0000000000 0.9482610439 0.7845934549 0.5626038010 0.0528860424 0.6601614450 0.7831954249 0.4009184337 0.4819099024 0.3299914789 0.1114283458
0.3186901957 0.2459381761 0.2192199557 0.9482610439 0.0000000000 0.4398114107 0.9668898036 0.6759944336 0.0788008119 0.8041658662 0.1481731885 0.7614246889 0.1426461686 0.3743800699
0.5811849428 0.9553422102 0.6620014564 0.7845934549 0.4398114107 0.0000000000 0.4011556315 0.6992307351 0.5760711805 0.0572932811 0.5410113263 0.9464457286 0.7060580040 0.5154865022
0.7294911624 0.6650546444 0.1958385294 0.5626038010 0.9668898036 0.4011556315 0.0000000000 0.0967376954 0.8203958493 0.2964570440 0.0305257912 0.5422397074 0.5260639384 0.1593970571
0.9108847879 0.7974111806 0.9294524708 0.0528860424 0.6759944336 0.6992307351 0.0967376954 0.0000000000 0.0985675161 0.2715939823 0.4224218705 0.6186783899 0.5608460206 0.0362966622
0.2099784172 0.4648935837 0.4374461349 0.6601614450 0.0788008119 0.5760711805 0.8203958493 0.0985675161 0.0000000000 0.4752720850 0.0200040485 0.5569161825 0.0242127434 0.8451152250
0.0262310424 0.1777540237 0.4137918582 0.7831954249 0.8041658662 0.0572932811 0.2964570440 0.2715939823 0.4752720850 0.0000000000 0.0854423917 0.3551247182 0.7531094731 0.3407868754
0.5354411398 0.6646171533 0.9499482748 0.4009184337 0.1481731885 0.5410113263 0.0305257912 0.4224218705 0.0200040485 0.0854423917 0.0000000000 0.5433041872 0.1626357180 0.4760694597
0.2423081141 0.8195439355 0.7589444642 0.4819099024 0.7614246889 0.9464457286 0.5422397074 0.6186783899 0.5569161825 0.3551247182 0.5433041872 0.0000000000 0.0330840497 0.1296561087
0.8446891517 0.6747724003 0.7089826944 0.3299914789 0.1426461686 0.7060580040 0.5260639384 0.5608460206 0.0242127434 0.7531094731 0.1626357180 0.0330840497 0.0000000000 0.3464372575
0.0643099959 0.1167957424 0.1195405648 0.1114283458 0.3743800699 0.5154865022 0.1593970571 0.0362966622 0.8451152250 0.3407868754 0.4760694597 0.1296561087 0.3464372575 0.0000000000
