# MCW Instance
# Type: UNIFORM
# N: 14
# Optimal cost: 1.944354115273864
# Optimal tour (permutation): [0, 3, 11, 9, 12, 7, 13, 8, 4, 2, 5, 10, 6, 1, 0]
# Optimal walk (full path): [0, 3, 9, 11, 9, 12, 7, 8, 13, 8, 4, 8, 2, 5, 10, 6, 1, 6, 0]
# Walk size: 19
# Is walk (has repeats): true

# Distance Matrix
0.0000000000 0.7912943056 0.5363885090 0.3501872224 0.3151493442 0.4729444893 0.0427994799 0.6358324851 0.2267961248 0.6928885580 0.8749131759 0.5428450357 0.1033243176 0.5356066628
0.7912943056 0.0000000000 0.2490594751 0.3777123035 0.8682379027 0.4763288764 0.0174457174 0.2067408499 0.7438579838 0.3281085713 0.3058705872 0.5512036909 0.5063925178 0.1902393768
0.5363885090 0.2490594751 0.0000000000 0.7324708421 0.5347742446 0.0851156453 0.4485834443 0.9702265466 0.1475843553 0.9641831142 0.8012304196 0.8153648583 0.7297196514 0.3856495227
0.3501872224 0.3777123035 0.7324708421 0.0000000000 0.4870075283 0.8544662095 0.9966930454 0.9235421921 0.3797133739 0.2849909058 0.9304128498 0.6013853266 0.3775493002 0.4371082650
0.3151493442 0.8682379027 0.5347742446 0.4870075283 0.0000000000 0.6413888959 0.3593573791 0.5650734274 0.0691245857 0.8713970848 0.3423035745 0.9541048920 0.5644696754 0.1505481962
0.4729444893 0.4763288764 0.0851156453 0.8544662095 0.6413888959 0.0000000000 0.1761146872 0.2203564409 0.7451167536 0.7486847818 0.1275217041 0.7441756142 0.1344738531 0.4682551795
0.0427994799 0.0174457174 0.4485834443 0.9966930454 0.3593573791 0.1761146872 0.0000000000 0.8011460874 0.4366263873 0.1521989381 0.0142913133 0.8176832716 0.2862441152 0.9040553830
0.6358324851 0.2067408499 0.9702265466 0.9235421921 0.5650734274 0.2203564409 0.8011460874 0.0000000000 0.1468427890 0.7383870186 0.2971492334 0.9418384273 0.0721968593 0.3535606675
0.2267961248 0.7438579838 0.1475843553 0.3797133739 0.0691245857 0.7451167536 0.4366263873 0.1468427890 0.0000000000 0.5058052936 0.6115668399 0.5614398605 0.3365507018 0.0615599911
0.6928885580 0.3281085713 0.9641831142 0.2849909058 0.8713970848 0.7486847818 0.1521989381 0.7383870186 0.5058052936 0.0000000000 0.3825487733 0.0983929588 0.1797773347 0.9352082714
0.8749131759 0.3058705872 0.8012304196 0.9304128498 0.3423035745 0.1275217041 0.0142913133 0.2971492334 0.6115668399 0.3825487733 0.0000000000 0.8555944266 0.9536808790 0.2756250018
0.5428450357 0.5512036909 0.8153648583 0.6013853266 0.9541048920 0.7441756142 0.8176832716 0.9418384273 0.5614398605 0.0983929588 0.8555944266 0.0000000000 0.6801686685 0.9855621112
0.1033243176 0.5063925178 0.7297196514 0.3775493002 0.5644696754 0.1344738531 0.2862441152 0.0721968593 0.3365507018 0.1797773347 0.9536808790 0.6801686685 0.0000000000 0.4576695467
0.5356066628 0.1902393768 0.3856495227 0.4371082650 0.1505481962 0.4682551795 0.9040553830 0.3535606675 0.0615599911 0.9352082714 0.2756250018 0.9855621112 0.4576695467 0.0000000000
