# MCW Instance
# Type: UNIFORM
# N: 14
# Optimal cost: 1.969059420248091
# Optimal tour (permutation): [0, 9, 13, 5, 6, 8, 3, 7, 2, 1, 12, 10, 4, 11, 0]
# Optimal walk (full path): [0, 9, 13, 5, 13, 6, 8, 3, 7, 2, 1, 12, 10, 4, 11, 0]
# Walk size: 16
# Is walk (has repeats): true

# Distance Matrix
0.0000000000 0.1853008802 0.2130757909 0.4184806877 0.6767458405 0.9325327623 0.7259827473 0.4211703177 0.5754984484 0.0220252991 0.4818239927 0.0915469621 0.2289895488 0.5325751018
0.1853008802 0.0000000000 0.0856218704 0.7928283549 0.8446442404 0.8431647778 0.5500238849 0.4808528912 0.4697577610 0.7018374239 0.5336846766 0.1793229821 0.2025493325 0.8717817815
0.2130757909 0.0856218704 0.0000000000 0.8454339914 0.7751939835 0.5912586652 0.9110547287 0.0921911630 0.8981553444 0.1387961370 0.2527196315 0.9355002054 0.7741268994 0.5579965915
0.4184806877 0.7928283549 0.8454339914 0.0000000000 0.6437811235 0.5397238855 0.8499201608 0.1813159099 0.1741472916 0.4443490685 0.6746906745 0.7188486614 0.5809533697 0.2735200622
0.6767458405 0.8446442404 0.7751939835 0.6437811235 0.0000000000 0.9935342123 0.3798338251 0.2489309030 0.4078301138 0.2595562845 0.2253550333 0.3441094163 0.9865659562 0.8029708366
0.9325327623 0.8431647778 0.5912586652 0.5397238855 0.9935342123 0.0000000000 0.5037307261 0.8159881982 0.3830139044 0.7092604445 0.6351285703 0.5824177602 0.6011001040 0.0531572876
0.7259827473 0.5500238849 0.9110547287 0.8499201608 0.3798338251 0.5037307261 0.0000000000 0.4582275373 0.0717820752 0.8785519665 0.5111803053 0.3292905436 0.4386742251 0.1499313454
0.4211703177 0.4808528912 0.0921911630 0.1813159099 0.2489309030 0.8159881982 0.4582275373 0.0000000000 0.5326907812 0.6727986915 0.1921095459 0.9223045853 0.1879050835 0.6228384108
0.5754984484 0.4697577610 0.8981553444 0.1741472916 0.4078301138 0.3830139044 0.0717820752 0.5326907812 0.0000000000 0.6794222148 0.5469781232 0.5310297352 0.4657207699 0.8543424075
0.0220252991 0.7018374239 0.1387961370 0.4443490685 0.2595562845 0.7092604445 0.8785519665 0.6727986915 0.6794222148 0.0000000000 0.8326430742 0.8176608757 0.6968519649 0.0243528765
0.4818239927 0.5336846766 0.2527196315 0.6746906745 0.2253550333 0.6351285703 0.5111803053 0.1921095459 0.5469781232 0.8326430742 0.0000000000 0.4384352421 0.1978162698 0.6386627790
0.0915469621 0.1793229821 0.9355002054 0.7188486614 0.3441094163 0.5824177602 0.3292905436 0.9223045853 0.5310297352 0.8176608757 0.4384352421 0.0000000000 0.8202757531 0.5098325667
0.2289895488 0.2025493325 0.7741268994 0.5809533697 0.9865659562 0.6011001040 0.4386742251 0.1879050835 0.4657207699 0.6968519649 0.1978162698 0.8202757531 0.0000000000 0.5694450305
0.5325751018 0.8717817815 0.5579965915 0.2735200622 0.8029708366 0.0531572876 0.1499313454 0.6228384108 0.8543424075 0.0243528765 0.6386627790 0.5098325667 0.5694450305 0.0000000000
