# Graph size: 14
# Optimal cost: 1.1959645063577171

# Distance Matrix
0.0 0.40070987023100846 0.9483765169091667 0.4879868576844292 0.06328559928163091 0.7610835569688688 0.5827422780595607 0.7908752336812498 0.19035914860941716 0.6985837693687758 0.5543631869137369 0.18608118548924857 0.46746532323329526 0.2787112468277594
0.40070987023100846 0.0 0.4409279337897811 0.8489428540524815 0.30920575752782076 0.16220755733829395 0.5490924105381108 0.9238262104061297 0.09509758252766198 0.6245980742289168 0.6839742485615846 0.4146363284460314 0.06969880230148462 0.5782383691863748
0.9483765169091667 0.4409279337897811 0.0 0.5901952717051921 0.750454685194107 0.45372576741745574 0.8876659060807414 0.05180708274905199 0.2746243382474016 0.5430483999415967 0.3794107885107556 0.7253488855316198 0.5315803753177383 0.7999883235404326
0.4879868576844292 0.8489428540524815 0.5901952717051921 0.0 0.33902058121372636 0.39845118227727383 0.632951186019745 0.20013400610023302 0.9609058750193463 0.5158124489691301 0.17293097048748496 0.3879260715765527 0.17071483493368578 0.4950402624484742
0.06328559928163091 0.30920575752782076 0.750454685194107 0.33902058121372636 0.0 0.13265176128408152 0.515555008043951 0.4752967890440306 0.5667627372668994 0.9642592366360555 0.9922526944348288 0.011915805045346173 0.6165793211720783 0.5776229496464301
0.7610835569688688 0.16220755733829395 0.45372576741745574 0.39845118227727383 0.13265176128408152 0.0 0.7548478633894876 0.7662275752931214 0.780835065112244 0.26608876665516656 0.08549512328900122 0.007633884658725498 0.3538658207169376 0.7024075250839943
0.5827422780595607 0.5490924105381108 0.8876659060807414 0.632951186019745 0.515555008043951 0.7548478633894876 0.0 0.4487760185944569 0.35098086718915666 0.9012761373637007 0.01195023000647466 0.29790951442519165 0.49516855832775897 0.34197576988160916
0.7908752336812498 0.9238262104061297 0.05180708274905199 0.20013400610023302 0.4752967890440306 0.7662275752931214 0.4487760185944569 0.0 0.5875471798754343 0.30859878531658547 0.6120910666255583 0.16111480078328277 0.748764755202615 0.039079585473587364
0.19035914860941716 0.09509758252766198 0.2746243382474016 0.9609058750193463 0.5667627372668994 0.780835065112244 0.35098086718915666 0.5875471798754343 0.0 0.5634279644818532 0.846720921017803 0.5681601582926593 0.5862254905907645 0.6081592596777371
0.6985837693687758 0.6245980742289168 0.5430483999415967 0.5158124489691301 0.9642592366360555 0.26608876665516656 0.9012761373637007 0.30859878531658547 0.5634279644818532 0.0 0.10475742715573944 0.18803053153661364 0.41010315944950493 0.030278081470150764
0.5543631869137369 0.6839742485615846 0.3794107885107556 0.17293097048748496 0.9922526944348288 0.08549512328900122 0.01195023000647466 0.6120910666255583 0.846720921017803 0.10475742715573944 0.0 0.400483508683671 0.7334007371350405 0.1331611608938459
0.18608118548924857 0.4146363284460314 0.7253488855316198 0.3879260715765527 0.011915805045346173 0.007633884658725498 0.29790951442519165 0.16111480078328277 0.5681601582926593 0.18803053153661364 0.400483508683671 0.0 0.16402593881442795 0.8984134698150381
0.46746532323329526 0.06969880230148462 0.5315803753177383 0.17071483493368578 0.6165793211720783 0.3538658207169376 0.49516855832775897 0.748764755202615 0.5862254905907645 0.41010315944950493 0.7334007371350405 0.16402593881442795 0.0 0.49046876486671287
0.2787112468277594 0.5782383691863748 0.7999883235404326 0.4950402624484742 0.5776229496464301 0.7024075250839943 0.34197576988160916 0.039079585473587364 0.6081592596777371 0.030278081470150764 0.1331611608938459 0.8984134698150381 0.49046876486671287 0.0

# Optimal Walk
0 8 1 12 3 7 2 13 9 10 6 5 11 4 0
