# MCW Instance
# Type: UNIFORM
# N: 14
# Optimal cost: 1.6080756792584285
# Optimal tour (permutation): [0, 11, 9, 13, 10, 5, 8, 4, 2, 12, 3, 7, 1, 6, 0]
# Optimal walk (full path): [0, 11, 9, 13, 10, 5, 8, 4, 2, 12, 3, 7, 1, 6, 0]
# Walk size: 15
# Is walk (has repeats): false

# Distance Matrix
0.0000000000 0.7614478755 0.2047701370 0.3414433525 0.9673188179 0.8259449990 0.1136214532 0.5275515309 0.5370781935 0.7198641661 0.5000149102 0.0111988965 0.2387997754 0.5021254015
0.7614478755 0.0000000000 0.5612464663 0.2298506701 0.4783778883 0.5278347187 0.0237436480 0.0593401429 0.6999559632 0.7323511562 0.8689748338 0.5495544425 0.6755950875 0.7855785797
0.2047701370 0.5612464663 0.0000000000 0.2088573806 0.0747938498 0.9006335019 0.9126557242 0.1119649541 0.3634352120 0.3340255728 0.0844437459 0.9406226679 0.0443809240 0.3723621223
0.3414433525 0.2298506701 0.2088573806 0.0000000000 0.9696878822 0.5490187536 0.8018767067 0.1269392382 0.5104557504 0.5137495615 0.9656332193 0.7851554551 0.2334315865 0.4207545203
0.9673188179 0.4783778883 0.0747938498 0.9696878822 0.0000000000 0.3797876825 0.0806823488 0.4418726732 0.1163861052 0.6920933489 0.6712668718 0.2465100579 0.7453995840 0.7838267725
0.8259449990 0.5278347187 0.9006335019 0.5490187536 0.3797876825 0.0000000000 0.5286884273 0.9884026897 0.3449356223 0.9212534064 0.2823071131 0.9827308534 0.7411087443 0.3510945166
0.1136214532 0.0237436480 0.9126557242 0.8018767067 0.0806823488 0.5286884273 0.0000000000 0.8258042804 0.6697404852 0.5036028629 0.4852894341 0.3961300535 0.1975277986 0.7537148397
0.5275515309 0.0593401429 0.1119649541 0.1269392382 0.4418726732 0.9884026897 0.8258042804 0.0000000000 0.5244489417 0.7643369901 0.1810787901 0.6925755815 0.3547472128 0.1398926821
0.5370781935 0.6999559632 0.3634352120 0.5104557504 0.1163861052 0.3449356223 0.6697404852 0.5244489417 0.0000000000 0.8829560905 0.8188177119 0.8196009331 0.8832285202 0.3432511613
0.7198641661 0.7323511562 0.3340255728 0.5137495615 0.6920933489 0.9212534064 0.5036028629 0.7643369901 0.8829560905 0.0000000000 0.9387474766 0.0153362488 0.1456957313 0.0498969429
0.5000149102 0.8689748338 0.0844437459 0.9656332193 0.6712668718 0.2823071131 0.4852894341 0.1810787901 0.8188177119 0.9387474766 0.0000000000 0.2371178467 0.0891456252 0.1117639078
0.0111988965 0.5495544425 0.9406226679 0.7851554551 0.2465100579 0.9827308534 0.3961300535 0.6925755815 0.8196009331 0.0153362488 0.2371178467 0.0000000000 0.5851625577 0.8728889943
0.2387997754 0.6755950875 0.0443809240 0.2334315865 0.7453995840 0.7411087443 0.1975277986 0.3547472128 0.8832285202 0.1456957313 0.0891456252 0.5851625577 0.0000000000 0.1279877500
0.5021254015 0.7855785797 0.3723621223 0.4207545203 0.7838267725 0.3510945166 0.7537148397 0.1398926821 0.3432511613 0.0498969429 0.1117639078 0.8728889943 0.1279877500 0.0000000000
