# MCW Instance
# Type: UNIFORM
# N: 14
# Optimal cost: 1.689521615899819
# Optimal tour (permutation): [0, 12, 5, 13, 3, 7, 9, 8, 1, 6, 4, 11, 2, 10, 0]
# Optimal walk (full path): [0, 5, 12, 5, 13, 3, 7, 9, 4, 1, 8, 1, 4, 6, 4, 11, 2, 10, 0]
# Walk size: 19
# Is walk (has repeats): true

# Distance Matrix
0.0000000000 0.2294922580 0.5156102412 0.8610941756 0.6373272661 0.1722928797 0.6778818233 0.6303673763 0.5519260770 0.7210658602 0.0902028146 0.2955407184 0.6584032796 0.7228550720
0.2294922580 0.0000000000 0.7180117256 0.2807813759 0.0290631017 0.5893202676 0.7963376825 0.1469261101 0.1226229315 0.5448103952 0.6328295034 0.8515065141 0.4391183352 0.1353480155
0.5156102412 0.7180117256 0.0000000000 0.7385674561 0.5494856275 0.1706964898 0.7810257713 0.6524106512 0.6669144586 0.1832899914 0.1240430703 0.1459227707 0.2150676104 0.8760763063
0.8610941756 0.2807813759 0.7385674561 0.0000000000 0.6755868396 0.8484568607 0.8292201325 0.2087923732 0.7969878149 0.7157700146 0.8140778367 0.4613882978 0.3640592327 0.1805770431
0.6373272661 0.0290631017 0.5494856275 0.6755868396 0.0000000000 0.5569760478 0.0961675454 0.5582525783 0.2697418847 0.0303128057 0.4294754978 0.1042405015 0.4503440184 0.7462837877
0.1722928797 0.5893202676 0.1706964898 0.8484568607 0.5569760478 0.0000000000 0.6881622376 0.9307641858 0.4756468266 0.4498386912 0.4254594953 0.6700591757 0.0420333268 0.0398792477
0.6778818233 0.7963376825 0.7810257713 0.8292201325 0.0961675454 0.6881622376 0.0000000000 0.2015755362 0.6308994579 0.6392639454 0.6940717654 0.8962262698 0.8812769557 0.5789505639
0.6303673763 0.1469261101 0.6524106512 0.2087923732 0.5582525783 0.9307641858 0.2015755362 0.0000000000 0.9392474863 0.0134842986 0.8589600057 0.8199291527 0.4572167645 0.8637425430
0.5519260770 0.1226229315 0.6669144586 0.7969878149 0.2697418847 0.4756468266 0.6308994579 0.9392474863 0.0000000000 0.4916502449 0.8742532387 0.7449236095 0.5632520795 0.1531849306
0.7210658602 0.5448103952 0.1832899914 0.7157700146 0.0303128057 0.4498386912 0.6392639454 0.0134842986 0.4916502449 0.0000000000 0.7738192336 0.3582194802 0.3786090144 0.9082076543
0.0902028146 0.6328295034 0.1240430703 0.8140778367 0.4294754978 0.4254594953 0.6940717654 0.8589600057 0.8742532387 0.7738192336 0.0000000000 0.8051734443 0.3601361588 0.0617281821
0.2955407184 0.8515065141 0.1459227707 0.4613882978 0.1042405015 0.6700591757 0.8962262698 0.8199291527 0.7449236095 0.3582194802 0.8051734443 0.0000000000 0.4049569638 0.4788399799
0.6584032796 0.4391183352 0.2150676104 0.3640592327 0.4503440184 0.0420333268 0.8812769557 0.4572167645 0.5632520795 0.3786090144 0.3601361588 0.4049569638 0.0000000000 0.7673897433
0.7228550720 0.1353480155 0.8760763063 0.1805770431 0.7462837877 0.0398792477 0.5789505639 0.8637425430 0.1531849306 0.9082076543 0.0617281821 0.4788399799 0.7673897433 0.0000000000
