# MCW Instance
# Type: UNIFORM
# N: 14
# Optimal cost: 1.431202032966618
# Optimal tour (permutation): [0, 12, 7, 3, 11, 4, 1, 2, 10, 6, 5, 9, 13, 8, 0]
# Optimal walk (full path): [0, 12, 7, 12, 3, 11, 4, 1, 2, 10, 6, 10, 5, 9, 13, 8, 0]
# Walk size: 17
# Is walk (has repeats): true

# Distance Matrix
0.0000000000 0.7613236057 0.9613668092 0.3185856625 0.6115633966 0.9347727051 0.5071548979 0.9930852619 0.0018292642 0.3059627083 0.1036109793 0.3730509448 0.0895920383 0.3792931806
0.7613236057 0.0000000000 0.1423368238 0.2981188593 0.1669065188 0.1890141269 0.2283051304 0.2628918325 0.2680562615 0.6742414285 0.2837389982 0.4432578323 0.9954337000 0.8368712744
0.9613668092 0.1423368238 0.0000000000 0.0775675793 0.8833079178 0.3436434076 0.1646018248 0.2654495100 0.3450818515 0.9588711790 0.0366216689 0.2372693884 0.0743454514 0.6230996707
0.3185856625 0.2981188593 0.0775675793 0.0000000000 0.3461268120 0.8121770944 0.2678306947 0.1365414553 0.3716788083 0.0956535096 0.3408460936 0.1866985494 0.0085187291 0.6187503154
0.6115633966 0.1669065188 0.8833079178 0.3461268120 0.0000000000 0.1888912779 0.2387471523 0.8313030201 0.2165656777 0.5128864265 0.9594850324 0.1013287968 0.9711817330 0.9348536847
0.9347727051 0.1890141269 0.3436434076 0.8121770944 0.1888912779 0.0000000000 0.1958681151 0.7541678095 0.9437034674 0.0693643553 0.0692020641 0.6077298239 0.3507033872 0.9357921063
0.5071548979 0.2283051304 0.1646018248 0.2678306947 0.2387471523 0.1958681151 0.0000000000 0.3173435822 0.5161278203 0.3022895588 0.0973889167 0.6198051518 0.9613186217 0.2121794916
0.9930852619 0.2628918325 0.2654495100 0.1365414553 0.8313030201 0.7541678095 0.3173435822 0.0000000000 0.6954273698 0.2744460648 0.6223447740 0.5145756331 0.1101292574 0.2594718624
0.0018292642 0.2680562615 0.3450818515 0.3716788083 0.2165656777 0.9437034674 0.5161278203 0.6954273698 0.0000000000 0.7911043685 0.3783030328 0.3248267809 0.4107528090 0.1139274790
0.3059627083 0.6742414285 0.9588711790 0.0956535096 0.5128864265 0.0693643553 0.3022895588 0.2744460648 0.7911043685 0.0000000000 0.6955831141 0.1957797252 0.1720119744 0.0298393971
0.1036109793 0.2837389982 0.0366216689 0.3408460936 0.9594850324 0.0692020641 0.0973889167 0.6223447740 0.3783030328 0.6955831141 0.0000000000 0.7409821900 0.7372981006 0.1342213928
0.3730509448 0.4432578323 0.2372693884 0.1866985494 0.1013287968 0.6077298239 0.6198051518 0.5145756331 0.3248267809 0.1957797252 0.7409821900 0.0000000000 0.4492422838 0.5454868709
0.0895920383 0.9954337000 0.0743454514 0.0085187291 0.9711817330 0.3507033872 0.9613186217 0.1101292574 0.4107528090 0.1720119744 0.7372981006 0.4492422838 0.0000000000 0.2202965593
0.3792931806 0.8368712744 0.6230996707 0.6187503154 0.9348536847 0.9357921063 0.2121794916 0.2594718624 0.1139274790 0.0298393971 0.1342213928 0.5454868709 0.2202965593 0.0000000000
