# MCW Instance
# Type: UNIFORM
# N: 14
# Optimal cost: 1.5916776920735318
# Optimal tour (permutation): [0, 13, 9, 5, 4, 2, 12, 3, 8, 10, 6, 11, 7, 1, 0]
# Optimal walk (full path): [0, 9, 13, 9, 5, 4, 5, 2, 3, 12, 3, 8, 10, 6, 10, 11, 7, 1, 0]
# Walk size: 19
# Is walk (has repeats): true

# Distance Matrix
0.0000000000 0.1137261027 0.6515070998 0.6272653132 0.4116061721 0.5645211125 0.4287368018 0.8525053022 0.9241080436 0.1597627364 0.5235649225 0.4541722623 0.2094267463 0.9239986084
0.1137261027 0.0000000000 0.4293173695 0.1253504135 0.1716698294 0.6614648724 0.4526332280 0.0917600681 0.7273189239 0.5498494109 0.7797405844 0.9238021372 0.5910874952 0.6385815443
0.6515070998 0.4293173695 0.0000000000 0.1064155152 0.5651561019 0.1773571669 0.3642281404 0.8555811384 0.4214682944 0.6416372851 0.2278012989 0.8902916421 0.6505179705 0.8609064525
0.6272653132 0.1253504135 0.1064155152 0.0000000000 0.5922607963 0.5448860143 0.3743511077 0.4573585248 0.1532198107 0.7433848850 0.3942224449 0.8069900069 0.0118397456 0.9517429085
0.4116061721 0.1716698294 0.5651561019 0.5922607963 0.0000000000 0.1307891840 0.3426295899 0.4361263167 0.7193583783 0.9348496136 0.3604248349 0.3353155719 0.6052808552 0.6180231983
0.5645211125 0.6614648724 0.1773571669 0.5448860143 0.1307891840 0.0000000000 0.9694648547 0.1917650984 0.3558464194 0.0381189246 0.7861319408 0.6957423328 0.3030092147 0.8405411590
0.4287368018 0.4526332280 0.3642281404 0.3743511077 0.3426295899 0.9694648547 0.0000000000 0.4679394508 0.6107283440 0.0864275960 0.0049330671 0.2060268104 0.4603321082 0.9674012206
0.8525053022 0.0917600681 0.8555811384 0.4573585248 0.4361263167 0.1917650984 0.4679394508 0.0000000000 0.6753599460 0.8511472515 0.4726366550 0.1990455109 0.8626859158 0.4348968948
0.9241080436 0.7273189239 0.4214682944 0.1532198107 0.7193583783 0.3558464194 0.6107283440 0.6753599460 0.0000000000 0.8437753937 0.1446284627 0.9993989085 0.4660992631 0.7897632400
0.1597627364 0.5498494109 0.6416372851 0.7433848850 0.9348496136 0.0381189246 0.0864275960 0.8511472515 0.8437753937 0.0000000000 0.0947835481 0.9999910329 0.5316720743 0.0440834384
0.5235649225 0.7797405844 0.2278012989 0.3942224449 0.3604248349 0.7861319408 0.0049330671 0.4726366550 0.1446284627 0.0947835481 0.0000000000 0.0243525235 0.4341021432 0.4119678753
0.4541722623 0.9238021372 0.8902916421 0.8069900069 0.3353155719 0.6957423328 0.2060268104 0.1990455109 0.9993989085 0.9999910329 0.0243525235 0.0000000000 0.4282584549 0.8508998042
0.2094267463 0.5910874952 0.6505179705 0.0118397456 0.6052808552 0.3030092147 0.4603321082 0.8626859158 0.4660992631 0.5316720743 0.4341021432 0.4282584549 0.0000000000 0.6549867364
0.9239986084 0.6385815443 0.8609064525 0.9517429085 0.6180231983 0.8405411590 0.9674012206 0.4348968948 0.7897632400 0.0440834384 0.4119678753 0.8508998042 0.6549867364 0.0000000000
