# Graph size: 14
# Optimal cost: 1.6015364537330699

# Distance Matrix
0.0 0.3809123877969759 0.47411875476381127 0.4094618530251918 0.2860691321844644 0.9148871501149016 0.9794184717216717 0.8104123552376072 0.14129293843706925 0.6951385792884923 0.9852455147039222 0.757243700056029 0.009166239846531754 0.34483712999440475
0.3809123877969759 0.0 0.5481688854731651 0.9929682359015315 0.07005912443130002 0.274086331843279 0.563526012206587 0.09975273968253129 0.6066595196860004 0.9352102175673896 0.7939465848171519 0.7027498113728643 0.9023248295472562 0.11753152945912126
0.47411875476381127 0.5481688854731651 0.0 0.14059148463503046 0.5090896286029246 0.8415144289639926 0.2872862032488964 0.20303533591072165 0.5826972378401075 0.9852825184769508 0.9636718155193204 0.13563615346486457 0.7565771079197922 0.9973502863256409
0.4094618530251918 0.9929682359015315 0.14059148463503046 0.0 0.3886284916313296 0.301398747939282 0.3664336702362424 0.4300651658204617 0.29580312661564845 0.24875324085362993 0.5529724680933199 0.044594164717508655 0.4132483933034039 0.09233392636217719
0.2860691321844644 0.07005912443130002 0.5090896286029246 0.3886284916313296 0.0 0.2249536005243038 0.03598724467189662 0.44476067012709986 0.46575759989840226 0.40104570438833054 0.7612857213361589 0.6663615878956649 0.832564847529594 0.05575483234266665
0.9148871501149016 0.274086331843279 0.8415144289639926 0.301398747939282 0.2249536005243038 0.0 0.8276398777320305 0.9472800808240954 0.09090156603471145 0.7831796689854995 0.687439017924183 0.9588931883888844 0.0881821459430322 0.5620707949238546
0.9794184717216717 0.563526012206587 0.2872862032488964 0.3664336702362424 0.03598724467189662 0.8276398777320305 0.0 0.20874604966438326 0.5704353299581094 0.873890059610022 0.6566483955419844 0.041867969600581034 0.9468875275225263 0.2618351150872358
0.8104123552376072 0.09975273968253129 0.20303533591072165 0.4300651658204617 0.44476067012709986 0.9472800808240954 0.20874604966438326 0.0 0.21985909826326555 0.9866825877994988 0.6623095318883081 0.5476012863146997 0.47922993962476523 0.9803810806610352
0.14129293843706925 0.6066595196860004 0.5826972378401075 0.29580312661564845 0.46575759989840226 0.09090156603471145 0.5704353299581094 0.21985909826326555 0.0 0.22097911869132458 0.03258262055644312 0.4802026822743365 0.7715745789361921 0.7390549907371726
0.6951385792884923 0.9352102175673896 0.9852825184769508 0.24875324085362993 0.40104570438833054 0.7831796689854995 0.873890059610022 0.9866825877994988 0.22097911869132458 0.0 0.34291917726242327 0.23780997785715086 0.8242524408110945 0.18108066629801034
0.9852455147039222 0.7939465848171519 0.9636718155193204 0.5529724680933199 0.7612857213361589 0.687439017924183 0.6566483955419844 0.6623095318883081 0.03258262055644312 0.34291917726242327 0.0 0.39980873385343263 0.8047797971826696 0.5038690709055584
0.757243700056029 0.7027498113728643 0.13563615346486457 0.044594164717508655 0.6663615878956649 0.9588931883888844 0.041867969600581034 0.5476012863146997 0.4802026822743365 0.23780997785715086 0.39980873385343263 0.0 0.4684985054668226 0.2970840271616739
0.009166239846531754 0.9023248295472562 0.7565771079197922 0.4132483933034039 0.832564847529594 0.0881821459430322 0.9468875275225263 0.47922993962476523 0.7715745789361921 0.8242524408110945 0.8047797971826696 0.4684985054668226 0.0 0.20263226333258955
0.34483712999440475 0.11753152945912126 0.9973502863256409 0.09233392636217719 0.05575483234266665 0.5620707949238546 0.2618351150872358 0.9803810806610352 0.7390549907371726 0.18108066629801034 0.5038690709055584 0.2970840271616739 0.20263226333258955 0.0

# Optimal Walk
0 12 5 1 7 2 3 11 6 4 13 9 8 10 0
