# MCW Instance
# Type: UNIFORM
# N: 14
# Optimal cost: 1.0772752929441465
# Optimal tour (permutation): [0, 8, 10, 5, 12, 9, 2, 6, 7, 11, 13, 1, 3, 4, 0]
# Optimal walk (full path): [0, 8, 10, 5, 12, 9, 2, 6, 7, 11, 13, 1, 3, 4, 8, 0]
# Walk size: 16
# Is walk (has repeats): true

# Distance Matrix
0.0000000000 0.7923639431 0.6262056735 0.6477275011 0.4301440161 0.7554557893 0.6443512545 0.4993964706 0.0249908950 0.7769401314 0.9673754571 0.7151797775 0.7330865615 0.4679247272
0.7923639431 0.0000000000 0.2479034680 0.0599654938 0.4173989083 0.1594189156 0.8697432543 0.2033585579 0.7982919278 0.7897331871 0.5549592636 0.7588940422 0.6448668302 0.0156191230
0.6262056735 0.2479034680 0.0000000000 0.2395859053 0.2476903049 0.5973844248 0.1558231271 0.3317804889 0.2636711197 0.1725576960 0.4829535697 0.2250049846 0.2903396507 0.1529163973
0.6477275011 0.0599654938 0.2395859053 0.0000000000 0.0680372507 0.7288645561 0.0731864043 0.7421107425 0.8518684068 0.9015204239 0.1871668334 0.5799340410 0.8682293480 0.6201329455
0.4301440161 0.4173989083 0.2476903049 0.0680372507 0.0000000000 0.4552845505 0.9540094254 0.5762886243 0.1095806612 0.1721680148 0.3194989676 0.0729592484 0.5647394224 0.6656306192
0.7554557893 0.1594189156 0.5973844248 0.7288645561 0.4552845505 0.0000000000 0.5438579780 0.5507262156 0.9478954278 0.5895547473 0.1305714222 0.7424283445 0.0204041825 0.4830427804
0.6443512545 0.8697432543 0.1558231271 0.0731864043 0.9540094254 0.5438579780 0.0000000000 0.0439729173 0.2517073420 0.6764976967 0.5536290261 0.6566616416 0.6063121572 0.6871799473
0.4993964706 0.2033585579 0.3317804889 0.7421107425 0.5762886243 0.5507262156 0.0439729173 0.0000000000 0.3464485074 0.7716957398 0.5911743829 0.0334407499 0.9466097242 0.6336555032
0.0249908950 0.7982919278 0.2636711197 0.8518684068 0.1095806612 0.9478954278 0.2517073420 0.3464485074 0.0000000000 0.9191461917 0.1105566496 0.6286205200 0.3358331759 0.5795194572
0.7769401314 0.7897331871 0.1725576960 0.9015204239 0.1721680148 0.5895547473 0.6764976967 0.7716957398 0.9191461917 0.0000000000 0.2190368027 0.4145671372 0.0552207651 0.2679210266
0.9673754571 0.5549592636 0.4829535697 0.1871668334 0.3194989676 0.1305714222 0.5536290261 0.5911743829 0.1105566496 0.2190368027 0.0000000000 0.9228106490 0.8318488981 0.1026309414
0.7151797775 0.7588940422 0.2250049846 0.5799340410 0.0729592484 0.7424283445 0.6566616416 0.0334407499 0.6286205200 0.4145671372 0.9228106490 0.0000000000 0.1459054269 0.0515434646
0.7330865615 0.6448668302 0.2903396507 0.8682293480 0.5647394224 0.0204041825 0.6063121572 0.9466097242 0.3358331759 0.0552207651 0.8318488981 0.1459054269 0.0000000000 0.2716216382
0.4679247272 0.0156191230 0.1529163973 0.6201329455 0.6656306192 0.4830427804 0.6871799473 0.6336555032 0.5795194572 0.2679210266 0.1026309414 0.0515434646 0.2716216382 0.0000000000
