# MCW Instance
# Type: UNIFORM
# N: 14
# Optimal cost: 2.867531996000812
# Optimal tour (permutation): [0, 10, 2, 13, 4, 12, 1, 8, 9, 7, 6, 5, 11, 3, 0]
# Optimal walk (full path): [0, 10, 0, 2, 13, 4, 13, 12, 1, 8, 9, 7, 6, 5, 11, 3, 11, 0]
# Walk size: 18
# Is walk (has repeats): true

# Distance Matrix
0.0000000000 0.8874922142 0.0829881186 0.2007756970 0.7492276695 0.1056907622 0.8629005507 0.1003604822 0.1435196273 0.1986312672 0.0965329321 0.1027567959 0.2530543538 0.9823813466
0.8874922142 0.0000000000 0.2912861104 0.8053603481 0.3978843560 0.4614919904 0.8310702994 0.3808698763 0.2425980621 0.8502795215 0.3803016149 0.4154525593 0.1950144142 0.2812881027
0.0829881186 0.2912861104 0.0000000000 0.6239820518 0.4092031729 0.8168793437 0.4990590276 0.8502408193 0.4367296271 0.9721807841 0.3070594148 0.7030048190 0.2010501936 0.1506126870
0.2007756970 0.8053603481 0.6239820518 0.0000000000 0.7865999274 0.2850039853 0.7305885736 0.6468823752 0.3387971411 0.6751072681 0.2669047083 0.0509703125 0.4141132082 0.8390234015
0.7492276695 0.3978843560 0.4092031729 0.7865999274 0.0000000000 0.4699010029 0.8101146288 0.3887317798 0.8586901973 0.9275949010 0.4602074314 0.4230059260 0.3832146283 0.0991504730
0.1056907622 0.4614919904 0.8168793437 0.2850039853 0.4699010029 0.0000000000 0.4924533882 0.2944398608 0.2130155723 0.2427130907 0.7205559347 0.1361436120 0.9688598200 0.5836933293
0.8629005507 0.8310702994 0.4990590276 0.7305885736 0.8101146288 0.4924533882 0.0000000000 0.4443596833 0.7314256950 0.8687708384 0.9644968503 0.6677921999 0.5161655981 0.7383295981
0.1003604822 0.3808698763 0.8502408193 0.6468823752 0.3887317798 0.2944398608 0.4443596833 0.0000000000 0.4832995241 0.1221121984 0.7228346399 0.5136747206 0.1773182777 0.8698854372
0.1435196273 0.2425980621 0.4367296271 0.3387971411 0.8586901973 0.2130155723 0.7314256950 0.4832995241 0.0000000000 0.1635100356 0.6615494013 0.6351292626 0.8207732136 0.9939538017
0.1986312672 0.8502795215 0.9721807841 0.6751072681 0.9275949010 0.2427130907 0.8687708384 0.1221121984 0.1635100356 0.0000000000 0.1370307786 0.5329373621 0.5771330284 0.4268045518
0.0965329321 0.3803016149 0.3070594148 0.2669047083 0.4602074314 0.7205559347 0.9644968503 0.7228346399 0.6615494013 0.1370307786 0.0000000000 0.7271168112 0.4813019474 0.6455946334
0.1027567959 0.4154525593 0.7030048190 0.0509703125 0.4230059260 0.1361436120 0.6677921999 0.5136747206 0.6351292626 0.5329373621 0.7271168112 0.0000000000 0.7691567390 0.8871350263
0.2530543538 0.1950144142 0.2010501936 0.4141132082 0.3832146283 0.9688598200 0.5161655981 0.1773182777 0.8207732136 0.5771330284 0.4813019474 0.7691567390 0.0000000000 0.2416755653
0.9823813466 0.2812881027 0.1506126870 0.8390234015 0.0991504730 0.5836933293 0.7383295981 0.8698854372 0.9939538017 0.4268045518 0.6455946334 0.8871350263 0.2416755653 0.0000000000
