# MCW Instance
# Type: UNIFORM
# N: 14
# Optimal cost: 1.1863730123804213
# Optimal tour (permutation): [0, 13, 5, 3, 2, 11, 9, 4, 8, 12, 7, 10, 6, 1, 0]
# Optimal walk (full path): [0, 13, 5, 3, 2, 11, 9, 4, 8, 7, 12, 7, 10, 6, 1, 4, 0]
# Walk size: 17
# Is walk (has repeats): true

# Distance Matrix
0.0000000000 0.2730498856 0.1705855691 0.7774127314 0.0475194265 0.9867412960 0.2112356619 0.5896354817 0.1244919318 0.6406310290 0.4674297726 0.2931821934 0.9173983483 0.0201335216
0.2730498856 0.0000000000 0.6807130026 0.0844524352 0.0633154913 0.5261110323 0.1730614255 0.2798865404 0.6136075081 0.7500958646 0.5017678801 0.7741189819 0.7005459415 0.2048480733
0.1705855691 0.6807130026 0.0000000000 0.0832390073 0.6464026086 0.3450978392 0.2666756353 0.1636634890 0.1792497998 0.8233921852 0.9962955678 0.1014260844 0.6792140808 0.7369151721
0.7774127314 0.0844524352 0.0832390073 0.0000000000 0.3966161565 0.0443056501 0.3969614062 0.6902732684 0.8386720657 0.7339093664 0.5322577797 0.2704020500 0.8410454279 0.3504599214
0.0475194265 0.0633154913 0.6464026086 0.3966161565 0.0000000000 0.7792255429 0.8423885400 0.1234577922 0.0229660943 0.1181980775 0.5296127564 0.8718195088 0.8729710335 0.5927286735
0.9867412960 0.5261110323 0.3450978392 0.0443056501 0.7792255429 0.0000000000 0.6297043254 0.4498739777 0.2344872727 0.6237858249 0.6328481943 0.3716769959 0.9983909910 0.0078944344
0.2112356619 0.1730614255 0.2666756353 0.3969614062 0.8423885400 0.6297043254 0.0000000000 0.9552633350 0.2095014530 0.8664622751 0.1219580562 0.4782165047 0.2533607559 0.6684222294
0.5896354817 0.2798865404 0.1636634890 0.6902732684 0.1234577922 0.4498739777 0.9552633350 0.0000000000 0.0147246375 0.9917231616 0.1611946181 0.7947319086 0.0033344801 0.6821258191
0.1244919318 0.6136075081 0.1792497998 0.8386720657 0.0229660943 0.2344872727 0.2095014530 0.0147246375 0.0000000000 0.5428632374 0.2285818638 0.1131154531 0.8740298582 0.4064471499
0.6406310290 0.7500958646 0.8233921852 0.7339093664 0.1181980775 0.6237858249 0.8664622751 0.9917231616 0.5428632374 0.0000000000 0.6224155642 0.1997675274 0.3396153823 0.6619515121
0.4674297726 0.5017678801 0.9962955678 0.5322577797 0.5296127564 0.6328481943 0.1219580562 0.1611946181 0.2285818638 0.6224155642 0.0000000000 0.3574934392 0.8753049871 0.6221331665
0.2931821934 0.7741189819 0.1014260844 0.2704020500 0.8718195088 0.3716769959 0.4782165047 0.7947319086 0.1131154531 0.1997675274 0.3574934392 0.0000000000 0.4253654431 0.5494190533
0.9173983483 0.7005459415 0.6792140808 0.8410454279 0.8729710335 0.9983909910 0.2533607559 0.0033344801 0.8740298582 0.3396153823 0.8753049871 0.4253654431 0.0000000000 0.4226014044
0.0201335216 0.2048480733 0.7369151721 0.3504599214 0.5927286735 0.0078944344 0.6684222294 0.6821258191 0.4064471499 0.6619515121 0.6221331665 0.5494190533 0.4226014044 0.0000000000
