# Graph size: 14
# Optimal cost: 2.2368942472273035

# Distance Matrix
0.0 0.8243966285042491 0.7207953122633494 0.24523631349255393 0.9820755356034797 0.26189948427273213 0.977663632055761 0.8018633372480379 0.4264678019287428 0.6708762928203361 0.10136312235514311 0.8707232244878341 0.9608555639163376 0.6305118313172039
0.8243966285042491 0.0 0.9080108222799652 0.9419579242634118 0.30049382158349824 0.14903937233685138 0.44643992601609295 0.6220669482196766 0.6656996592340473 0.49666442562043134 0.42730850534057263 0.395958293835062 0.3349924352967406 0.5116796789844118
0.7207953122633494 0.9080108222799652 0.0 0.7069193969379662 0.19472537017660807 0.45816079154423395 0.6114911080220544 0.3594735318311225 0.13807704189229963 0.3197166876207228 0.08500202628815234 0.5677674416941862 0.43069917206171626 0.8301105277477229
0.24523631349255393 0.9419579242634118 0.7069193969379662 0.0 0.36877775795420353 0.28988507908831596 0.2834280791629403 0.1402461702892508 0.9166410772679717 0.41822296054504493 0.9029672800446721 0.9242476792435714 0.9608241760824908 0.9372270558020791
0.9820755356034797 0.30049382158349824 0.19472537017660807 0.36877775795420353 0.0 0.047980989690654785 0.05609465106624323 0.9325302834148356 0.4075084324647602 0.38474904826970924 0.11765646285596754 0.5607341147163666 0.9565438832372215 0.8921699303101511
0.26189948427273213 0.14903937233685138 0.45816079154423395 0.28988507908831596 0.047980989690654785 0.0 0.41882011872841185 0.700277114742753 0.8399573295183629 0.8637492332641793 0.9848201641580508 0.7537898739179442 0.5524158330428743 0.6333138363926124
0.977663632055761 0.44643992601609295 0.6114911080220544 0.2834280791629403 0.05609465106624323 0.41882011872841185 0.0 0.2715436150793732 0.1467009932575959 0.41346419224995445 0.011542191146623915 0.20649650458925872 0.6905675869404599 0.5311603735720811
0.8018633372480379 0.6220669482196766 0.3594735318311225 0.1402461702892508 0.9325302834148356 0.700277114742753 0.2715436150793732 0.0 0.5620037343236219 0.52128290079225 0.8271900329848306 0.055163588899357796 0.2682515097411755 0.24086130491828295
0.4264678019287428 0.6656996592340473 0.13807704189229963 0.9166410772679717 0.4075084324647602 0.8399573295183629 0.1467009932575959 0.5620037343236219 0.0 0.6844493819574724 0.6709655035220529 0.847613665255679 0.625507407934458 0.5945327977316522
0.6708762928203361 0.49666442562043134 0.3197166876207228 0.41822296054504493 0.38474904826970924 0.8637492332641793 0.41346419224995445 0.52128290079225 0.6844493819574724 0.0 0.35824446811153643 0.9526812914303914 0.8233262068639841 0.22618893859473943
0.10136312235514311 0.42730850534057263 0.08500202628815234 0.9029672800446721 0.11765646285596754 0.9848201641580508 0.011542191146623915 0.8271900329848306 0.6709655035220529 0.35824446811153643 0.0 0.5388615471692013 0.768091340972506 0.9843205483234773
0.8707232244878341 0.395958293835062 0.5677674416941862 0.9242476792435714 0.5607341147163666 0.7537898739179442 0.20649650458925872 0.055163588899357796 0.847613665255679 0.9526812914303914 0.5388615471692013 0.0 0.7648815448040438 0.8738060161970947
0.9608555639163376 0.3349924352967406 0.43069917206171626 0.9608241760824908 0.9565438832372215 0.5524158330428743 0.6905675869404599 0.2682515097411755 0.625507407934458 0.8233262068639841 0.768091340972506 0.7648815448040438 0.0 0.05805524669926809
0.6305118313172039 0.5116796789844118 0.8301105277477229 0.9372270558020791 0.8921699303101511 0.6333138363926124 0.5311603735720811 0.24086130491828295 0.5945327977316522 0.22618893859473943 0.9843205483234773 0.8738060161970947 0.05805524669926809 0.0

# Optimal Walk
0 3 7 11 8 2 9 13 12 1 5 4 6 10 0
