# Graph size: 14
# Optimal cost: 1.858479892881563

# Distance Matrix
0.0 0.31775790274088045 0.6679399441464821 0.8280631598046889 0.757739735883113 0.32940578824820865 0.6572353405508665 0.9700869606990558 0.37536082858791986 0.3149723290678008 0.8920826538393797 0.4542557957854626 0.6444286648832286 0.5109193106219905
0.31775790274088045 0.0 0.13163750461841983 0.9480579819784566 0.2549780194987875 0.6150242096275899 0.2036837141177812 0.5345803837296313 0.22301865922638786 0.4135397695211247 0.07189925494532601 0.16394420654455033 0.6545332917241012 0.023527471040456716
0.6679399441464821 0.13163750461841983 0.0 0.3426146354626275 0.351522260902849 0.18177134983638465 0.8028863673567173 0.17886710344917578 0.3204777071495053 0.5166927746005299 0.46594924877681243 0.051469545478669 0.7871413701014913 0.1689561875344019
0.8280631598046889 0.9480579819784566 0.3426146354626275 0.0 0.7091197250290677 0.7499751248309094 0.3699709879558364 0.009633811301976603 0.6988765187993874 0.6008347549689078 0.16631208295874877 0.02687543936162884 0.1035709099797889 0.8957070268447008
0.757739735883113 0.2549780194987875 0.351522260902849 0.7091197250290677 0.0 0.3859075542821253 0.3160321381422303 0.9607967552629727 0.11979503781428313 0.056078512113170276 0.0742900208845263 0.5637127840164539 0.6882483847830129 0.7207263939142745
0.32940578824820865 0.6150242096275899 0.18177134983638465 0.7499751248309094 0.3859075542821253 0.0 0.1286529614430184 0.7225489455878863 0.5480829936932663 0.7437822591599819 0.3161525456245978 0.21162998173677539 0.18373473307130217 0.2974565215531384
0.6572353405508665 0.2036837141177812 0.8028863673567173 0.3699709879558364 0.3160321381422303 0.1286529614430184 0.0 0.8564525012364802 0.9476013575532012 0.2762778365990005 0.3666178950019042 0.709553752962403 0.46114344667442575 0.5095023579815521
0.9700869606990558 0.5345803837296313 0.17886710344917578 0.009633811301976603 0.9607967552629727 0.7225489455878863 0.8564525012364802 0.0 0.1328579056074437 0.7950957999359901 0.5223122779671294 0.7904595833078791 0.915273261080822 0.8647884199861867
0.37536082858791986 0.22301865922638786 0.3204777071495053 0.6988765187993874 0.11979503781428313 0.5480829936932663 0.9476013575532012 0.1328579056074437 0.0 0.3587462308742706 0.4577477153271101 0.4397249810569053 0.7657974919042198 0.7663297375809891
0.3149723290678008 0.4135397695211247 0.5166927746005299 0.6008347549689078 0.056078512113170276 0.7437822591599819 0.2762778365990005 0.7950957999359901 0.3587462308742706 0.0 0.887725185922874 0.5843102680866388 0.8104473433179548 0.5535065371731882
0.8920826538393797 0.07189925494532601 0.46594924877681243 0.16631208295874877 0.0742900208845263 0.3161525456245978 0.3666178950019042 0.5223122779671294 0.4577477153271101 0.887725185922874 0.0 0.2770017285521428 0.9060088962310947 0.9763913842064337
0.4542557957854626 0.16394420654455033 0.051469545478669 0.02687543936162884 0.5637127840164539 0.21162998173677539 0.709553752962403 0.7904595833078791 0.4397249810569053 0.5843102680866388 0.2770017285521428 0.0 0.183286821783757 0.27897272420653996
0.6444286648832286 0.6545332917241012 0.7871413701014913 0.1035709099797889 0.6882483847830129 0.18373473307130217 0.46114344667442575 0.915273261080822 0.7657974919042198 0.8104473433179548 0.9060088962310947 0.183286821783757 0.0 0.19194288574390117
0.5109193106219905 0.023527471040456716 0.1689561875344019 0.8957070268447008 0.7207263939142745 0.2974565215531384 0.5095023579815521 0.8647884199861867 0.7663297375809891 0.5535065371731882 0.9763913842064337 0.27897272420653996 0.19194288574390117 0.0

# Optimal Walk
0 9 4 10 13 1 6 5 12 3 11 2 7 8 0
