# Graph size: 14
# Optimal cost: 1.918920673267399

# Distance Matrix
0.0 0.24119986022226736 0.19176126757284218 0.2589651087937408 0.5914616324471353 0.3919831169167476 0.628233217237649 0.18272827558780091 0.3531022401365833 0.25455302779698585 0.3085919663508917 0.9192947510288931 0.43186109147291973 0.2815248732619454
0.24119986022226736 0.0 0.10349777491007195 0.8585295446687624 0.7141103034412646 0.9721138369629101 0.7347203124733427 0.11827696378239272 0.9070041455032055 0.5753138728341805 0.4338047271346438 0.07718689409652457 0.20784216602360572 0.12993017211148872
0.19176126757284218 0.10349777491007195 0.0 0.31659733001732016 0.6728769705351412 0.5939699670742224 0.2377367216181384 0.535184522632024 0.5067212888341877 0.7718224869482356 0.451380612399659 0.7307130272181863 0.7975319565425282 0.4262536552490408
0.2589651087937408 0.8585295446687624 0.31659733001732016 0.0 0.9252574685648483 0.3037238370590364 0.008627547884087927 0.045085043679763404 0.02543314959608378 0.543045482042121 0.5362579110565862 0.2588458238486574 0.9237888199650959 0.7099573336743848
0.5914616324471353 0.7141103034412646 0.6728769705351412 0.9252574685648483 0.0 0.1920821001219819 0.3319645922352048 0.8119180130100746 0.761246908853525 0.3383724715693345 0.16921330785646893 0.2619056801146241 0.5129494829800886 0.44184467311718356
0.3919831169167476 0.9721138369629101 0.5939699670742224 0.3037238370590364 0.1920821001219819 0.0 0.9599926835751317 0.4339709775227868 0.6959727324852042 0.5004895398059035 0.373086683684579 0.2850572098888343 0.535472417355179 0.26751003670717666
0.628233217237649 0.7347203124733427 0.2377367216181384 0.008627547884087927 0.3319645922352048 0.9599926835751317 0.0 0.03580385649095286 0.6678033109481466 0.19775999776780806 0.44744212837473407 0.8839615097097283 0.22593377738393072 0.6916864411734184
0.18272827558780091 0.11827696378239272 0.535184522632024 0.045085043679763404 0.8119180130100746 0.4339709775227868 0.03580385649095286 0.0 0.07176603112864388 0.85295819883735 0.2899545653797405 0.5858612674863527 0.07478973679466383 0.2952189306132329
0.3531022401365833 0.9070041455032055 0.5067212888341877 0.02543314959608378 0.761246908853525 0.6959727324852042 0.6678033109481466 0.07176603112864388 0.0 0.5561447314719026 0.20872903086054995 0.6853143665518857 0.4555866452132127 0.19218464442260763
0.25455302779698585 0.5753138728341805 0.7718224869482356 0.543045482042121 0.3383724715693345 0.5004895398059035 0.19775999776780806 0.85295819883735 0.5561447314719026 0.0 0.8354404932824921 0.625566499739358 0.313772306063559 0.1543636331966065
0.3085919663508917 0.4338047271346438 0.451380612399659 0.5362579110565862 0.16921330785646893 0.373086683684579 0.44744212837473407 0.2899545653797405 0.20872903086054995 0.8354404932824921 0.0 0.7336189528334212 0.2661101034456046 0.11176548722783564
0.9192947510288931 0.07718689409652457 0.7307130272181863 0.2588458238486574 0.2619056801146241 0.2850572098888343 0.8839615097097283 0.5858612674863527 0.6853143665518857 0.625566499739358 0.7336189528334212 0.0 0.9241611647016535 0.839536811304694
0.43186109147291973 0.20784216602360572 0.7975319565425282 0.9237888199650959 0.5129494829800886 0.535472417355179 0.22593377738393072 0.07478973679466383 0.4555866452132127 0.313772306063559 0.2661101034456046 0.9241611647016535 0.0 0.8239262050532212
0.2815248732619454 0.12993017211148872 0.4262536552490408 0.7099573336743848 0.44184467311718356 0.26751003670717666 0.6916864411734184 0.2952189306132329 0.19218464442260763 0.1543636331966065 0.11176548722783564 0.839536811304694 0.8239262050532212 0.0

# Optimal Walk
0 2 1 11 5 4 10 13 9 6 8 3 7 12 0
