# MCW Instance
# Type: UNIFORM
# N: 14
# Optimal cost: 2.0519120731125455
# Optimal tour (permutation): [0, 8, 6, 12, 9, 5, 7, 13, 1, 3, 10, 11, 4, 2, 0]
# Optimal walk (full path): [0, 8, 6, 12, 9, 5, 7, 13, 1, 3, 10, 11, 4, 0, 2, 0]
# Walk size: 16
# Is walk (has repeats): true

# Distance Matrix
0.0000000000 0.2357791805 0.0186092313 0.4630494224 0.3482138299 0.4434772352 0.9957790643 0.5984464617 0.0710957457 0.2482407776 0.5707172958 0.3392139419 0.7925612498 0.4718979596
0.2357791805 0.0000000000 0.3437799170 0.3353960600 0.9914369994 0.0635065183 0.5194409137 0.6081049944 0.6735540942 0.6794799680 0.6297874266 0.8512928027 0.2813857511 0.0549743090
0.0186092313 0.3437799170 0.0000000000 0.9678315786 0.3956489050 0.1683752472 0.2756969927 0.6457090555 0.4950541234 0.6863249551 0.8571507520 0.4672477328 0.9094985808 0.3492558396
0.4630494224 0.3353960600 0.9678315786 0.0000000000 0.6174272137 0.6100540791 0.8530976971 0.9834355735 0.6900157583 0.4491794318 0.2518167227 0.2508133129 0.6646960584 0.7225914552
0.3482138299 0.9914369994 0.3956489050 0.6174272137 0.0000000000 0.9127410695 0.4418873635 0.7674325968 0.6380911086 0.6452060710 0.9740714899 0.1942926586 0.4519789760 0.5938265223
0.4434772352 0.0635065183 0.1683752472 0.6100540791 0.9127410695 0.0000000000 0.6029148837 0.1997596558 0.5116886470 0.0444428322 0.9560690381 0.3064159220 0.7477698645 0.7462271201
0.9957790643 0.5194409137 0.2756969927 0.8530976971 0.4418873635 0.6029148837 0.0000000000 0.6336850561 0.0508201344 0.1250169475 0.3566695084 0.7839626686 0.0095067747 0.6182030497
0.5984464617 0.6081049944 0.6457090555 0.9834355735 0.7674325968 0.1997596558 0.6336850561 0.0000000000 0.9608905748 0.7588624704 0.4593857412 0.8647944689 0.7427037186 0.1825310916
0.0710957457 0.6735540942 0.4950541234 0.6900157583 0.6380911086 0.5116886470 0.0508201344 0.9608905748 0.0000000000 0.9184226130 0.7651832733 0.7920766737 0.5237786109 0.9853309969
0.2482407776 0.6794799680 0.6863249551 0.4491794318 0.6452060710 0.0444428322 0.1250169475 0.7588624704 0.9184226130 0.0000000000 0.9503906840 0.7221185693 0.0539861680 0.3511103364
0.5707172958 0.6297874266 0.8571507520 0.2518167227 0.9740714899 0.9560690381 0.3566695084 0.4593857412 0.7651832733 0.9503906840 0.0000000000 0.2178576280 0.2384451225 0.8931113957
0.3392139419 0.8512928027 0.4672477328 0.2508133129 0.1942926586 0.3064159220 0.7839626686 0.8647944689 0.7920766737 0.7221185693 0.2178576280 0.0000000000 0.5906140452 0.7478529693
0.7925612498 0.2813857511 0.9094985808 0.6646960584 0.4519789760 0.7477698645 0.0095067747 0.7427037186 0.5237786109 0.0539861680 0.2384451225 0.5906140452 0.0000000000 0.0547516770
0.4718979596 0.0549743090 0.3492558396 0.7225914552 0.5938265223 0.7462271201 0.6182030497 0.1825310916 0.9853309969 0.3511103364 0.8931113957 0.7478529693 0.0547516770 0.0000000000
