# MCW Instance
# Type: UNIFORM
# N: 14
# Optimal cost: 1.3982723485289628
# Optimal tour (permutation): [0, 8, 6, 10, 1, 9, 7, 13, 12, 11, 2, 3, 4, 5, 0]
# Optimal walk (full path): [0, 8, 6, 10, 1, 9, 7, 13, 7, 12, 11, 12, 2, 12, 3, 4, 5, 0]
# Walk size: 18
# Is walk (has repeats): true

# Distance Matrix
0.0000000000 0.8772952073 0.6599094551 0.8411665768 0.1570840893 0.0214989967 0.2556704804 0.6448970740 0.2909741632 0.8649128516 0.3196635142 0.8992615105 0.2121688690 0.5449442447
0.8772952073 0.0000000000 0.9604915068 0.6044771809 0.6782198596 0.3881440364 0.2971726889 0.5704136839 0.7071269845 0.2118705907 0.0815839352 0.4152980751 0.8141388663 0.5856563332
0.6599094551 0.9604915068 0.0000000000 0.9280444949 0.5939620696 0.9779019631 0.8054814205 0.4396214803 0.1897923944 0.8760270263 0.8663847784 0.9045279133 0.0023977367 0.2045572783
0.8411665768 0.6044771809 0.9280444949 0.0000000000 0.0323205749 0.6510218913 0.5421062370 0.7014855486 0.6968939786 0.5955063779 0.9027598300 0.8313822600 0.1045866162 0.9960662408
0.1570840893 0.6782198596 0.5939620696 0.0323205749 0.0000000000 0.1258733143 0.9563602590 0.1593091543 0.9324697731 0.5920767812 0.2180160934 0.9855944748 0.5737002382 0.1798626612
0.0214989967 0.3881440364 0.9779019631 0.6510218913 0.1258733143 0.0000000000 0.2856519445 0.1274720654 0.8653717603 0.4170093836 0.5879961165 0.2710399971 0.8719240887 0.6166558447
0.2556704804 0.2971726889 0.8054814205 0.5421062370 0.9563602590 0.2856519445 0.0000000000 0.6388041446 0.1589784491 0.6422784840 0.0378516393 0.5911367462 0.9287242286 0.1326768243
0.6448970740 0.5704136839 0.4396214803 0.7014855486 0.1593091543 0.1274720654 0.6388041446 0.0000000000 0.4395105857 0.2107747161 0.4507530869 0.4167151729 0.0070457929 0.0461451477
0.2909741632 0.7071269845 0.1897923944 0.6968939786 0.9324697731 0.8653717603 0.1589784491 0.4395105857 0.0000000000 0.3693931253 0.1401214529 0.5225664156 0.6902972163 0.4558184668
0.8649128516 0.2118705907 0.8760270263 0.5955063779 0.5920767812 0.4170093836 0.6422784840 0.2107747161 0.3693931253 0.0000000000 0.9366166535 0.8223678863 0.6798799983 0.5713496682
0.3196635142 0.0815839352 0.8663847784 0.9027598300 0.2180160934 0.5879961165 0.0378516393 0.4507530869 0.1401214529 0.9366166535 0.0000000000 0.3112375027 0.0395488876 0.7567386193
0.8992615105 0.4152980751 0.9045279133 0.8313822600 0.9855944748 0.2710399971 0.5911367462 0.4167151729 0.5225664156 0.8223678863 0.3112375027 0.0000000000 0.0089138956 0.3187881332
0.2121688690 0.8141388663 0.0023977367 0.1045866162 0.5737002382 0.8719240887 0.9287242286 0.0070457929 0.6902972163 0.6798799983 0.0395488876 0.0089138956 0.0000000000 0.8649397491
0.5449442447 0.5856563332 0.2045572783 0.9960662408 0.1798626612 0.6166558447 0.1326768243 0.0461451477 0.4558184668 0.5713496682 0.7567386193 0.3187881332 0.8649397491 0.0000000000
