# MCW Instance
# Type: UNIFORM
# N: 14
# Optimal cost: 1.898791461163675
# Optimal tour (permutation): [0, 9, 5, 13, 11, 8, 6, 10, 2, 12, 4, 3, 7, 1, 0]
# Optimal walk (full path): [0, 9, 5, 9, 13, 11, 13, 6, 8, 6, 2, 10, 2, 12, 4, 3, 7, 1, 7, 0]
# Walk size: 20
# Is walk (has repeats): true

# Distance Matrix
0.0000000000 0.4848735823 0.8911826974 0.4000029738 0.8327099854 0.4464395456 0.7535428999 0.1571774278 0.5855978315 0.1568421074 0.4292499318 0.9122245539 0.6704349127 0.8617015275
0.4848735823 0.0000000000 0.4226892851 0.8486900270 0.3142113599 0.8795639479 0.5604093744 0.0483642112 0.6345074882 0.1295115398 0.7595203570 0.4615617580 0.1218212466 0.7214260819
0.8911826974 0.4226892851 0.0000000000 0.7677811886 0.4266420313 0.8493366168 0.1760753496 0.3812648518 0.9353345718 0.2524483439 0.0462930302 0.5761557239 0.0601593877 0.8916481079
0.4000029738 0.8486900270 0.7677811886 0.0000000000 0.1958742672 0.4531469961 0.9612093500 0.2149155832 0.7594110243 0.8860704510 0.6717878320 0.9695474825 0.8541425528 0.2908044347
0.8327099854 0.3142113599 0.4266420313 0.1958742672 0.0000000000 0.4258716207 0.5783964646 0.4439978774 0.9861705180 0.6350956916 0.4917806567 0.3663590739 0.2054429420 0.7489329742
0.4464395456 0.8795639479 0.8493366168 0.4531469961 0.4258716207 0.0000000000 0.2538643622 0.4236752967 0.9352592280 0.1389685071 0.7810984157 0.6149092797 0.4081343305 0.8366446048
0.7535428999 0.5604093744 0.1760753496 0.9612093500 0.5783964646 0.2538643622 0.0000000000 0.1403489523 0.0358997100 0.2554448157 0.4235794313 0.9356313788 0.7130739442 0.0396635576
0.1571774278 0.0483642112 0.3812648518 0.2149155832 0.4439978774 0.4236752967 0.1403489523 0.0000000000 0.6245387358 0.2649060909 0.6515479212 0.1277895334 0.1853661623 0.0921812840
0.5855978315 0.6345074882 0.9353345718 0.7594110243 0.9861705180 0.9352592280 0.0358997100 0.6245387358 0.0000000000 0.6765007198 0.6423314058 0.4316549888 0.7952071842 0.2258136745
0.1568421074 0.1295115398 0.2524483439 0.8860704510 0.6350956916 0.1389685071 0.2554448157 0.2649060909 0.6765007198 0.0000000000 0.5318674916 0.4986703163 0.5953351855 0.1123148745
0.4292499318 0.7595203570 0.0462930302 0.6717878320 0.4917806567 0.7810984157 0.4235794313 0.6515479212 0.6423314058 0.5318674916 0.0000000000 0.6401190728 0.5990069840 0.5536545953
0.9122245539 0.4615617580 0.5761557239 0.9695474825 0.3663590739 0.6149092797 0.9356313788 0.1277895334 0.4316549888 0.4986703163 0.6401190728 0.0000000000 0.4155716869 0.0206375237
0.6704349127 0.1218212466 0.0601593877 0.8541425528 0.2054429420 0.4081343305 0.7130739442 0.1853661623 0.7952071842 0.5953351855 0.5990069840 0.4155716869 0.0000000000 0.8516957761
0.8617015275 0.7214260819 0.8916481079 0.2908044347 0.7489329742 0.8366446048 0.0396635576 0.0921812840 0.2258136745 0.1123148745 0.5536545953 0.0206375237 0.8516957761 0.0000000000
