# Graph size: 14
# Optimal cost: 1.8798213550744651

# Distance Matrix
0.0 0.14052207618645218 0.9832609313891343 0.32174495857996044 0.5301542982703059 0.15241245813894022 0.38981285267385213 0.2535526367295521 0.03567839305692644 0.9358577112467991 0.3905964931515632 0.031804201826467704 0.7454583569503775 0.5040599268777552
0.14052207618645218 0.0 0.07606231991798595 0.6525583292683217 0.9017056623401111 0.8772062982587726 0.5015989223531128 0.38080888349929876 0.9021523110163377 0.09029047582083549 0.21893411228836734 0.12214868736876083 0.47168066520401486 0.7743907074934018
0.9832609313891343 0.07606231991798595 0.0 0.06981278074761676 0.7617042184755597 0.6107717400634247 0.9586519662232104 0.15604446078676593 0.5282330481319206 0.6025404772328496 0.006821225260564945 0.39317747814426485 0.7235022708847775 0.49391589565015004
0.32174495857996044 0.6525583292683217 0.06981278074761676 0.0 0.15003584751297017 0.07947115785656256 0.22054312870540227 0.6315632495933333 0.9066677036444614 0.46750108205482566 0.9791031430932529 0.029433967590633436 0.7903758628670465 0.4126466350802662
0.5301542982703059 0.9017056623401111 0.7617042184755597 0.15003584751297017 0.0 0.45259399936721734 0.5723683916610962 0.09912381534175874 0.7908742668759948 0.16805985413350988 0.31896563291422364 0.2507670465024755 0.5276439798276026 0.9491670169522489
0.15241245813894022 0.8772062982587726 0.6107717400634247 0.07947115785656256 0.45259399936721734 0.0 0.45697365551890234 0.08491993304567513 0.7604301551059872 0.22194332737059352 0.7857415477905918 0.7861614371315045 0.8692624871315503 0.5939709540111919
0.38981285267385213 0.5015989223531128 0.9586519662232104 0.22054312870540227 0.5723683916610962 0.45697365551890234 0.0 0.9528158350193857 0.6002407989166841 0.8528567753952652 0.4299638811199269 0.055550549129703586 0.31279675694025844 0.8023185868357663
0.2535526367295521 0.38080888349929876 0.15604446078676593 0.6315632495933333 0.09912381534175874 0.08491993304567513 0.9528158350193857 0.0 0.4601376820264279 0.6336410358710629 0.5392041087023297 0.030068269910135226 0.5525051130172544 0.5247795763321461
0.03567839305692644 0.9021523110163377 0.5282330481319206 0.9066677036444614 0.7908742668759948 0.7604301551059872 0.6002407989166841 0.4601376820264279 0.0 0.23451417506551908 0.7485485858285865 0.6562086068218097 0.5331706855479387 0.47405655602644803
0.9358577112467991 0.09029047582083549 0.6025404772328496 0.46750108205482566 0.16805985413350988 0.22194332737059352 0.8528567753952652 0.6336410358710629 0.23451417506551908 0.0 0.06144086800394566 0.5802266985152544 0.369432491303347 0.4781214719845609
0.3905964931515632 0.21893411228836734 0.006821225260564945 0.9791031430932529 0.31896563291422364 0.7857415477905918 0.4299638811199269 0.5392041087023297 0.7485485858285865 0.06144086800394566 0.0 0.42952969870639335 0.7102678792146856 0.860449857879659
0.031804201826467704 0.12214868736876083 0.39317747814426485 0.029433967590633436 0.2507670465024755 0.7861614371315045 0.055550549129703586 0.030068269910135226 0.6562086068218097 0.5802266985152544 0.42952969870639335 0.0 0.05824330494809293 0.7040201237530681
0.7454583569503775 0.47168066520401486 0.7235022708847775 0.7903758628670465 0.5276439798276026 0.8692624871315503 0.31279675694025844 0.5525051130172544 0.5331706855479387 0.369432491303347 0.7102678792146856 0.05824330494809293 0.0 0.9863924338916034
0.5040599268777552 0.7743907074934018 0.49391589565015004 0.4126466350802662 0.9491670169522489 0.5939709540111919 0.8023185868357663 0.5247795763321461 0.47405655602644803 0.4781214719845609 0.860449857879659 0.7040201237530681 0.9863924338916034 0.0

# Optimal Walk
0 8 13 3 5 7 4 9 10 2 1 12 11 6 0
