# Graph size: 14
# Optimal cost: 1.451502885414335

# Distance Matrix
0.0 0.987809534639389 0.2948651698998074 0.02128881758005219 0.30065945671861494 0.036011887786622454 0.5543496080632256 0.33788542404181565 0.09949178756537302 0.7256223902965306 0.3555006885711154 0.55870812336565 0.9094670658606382 0.4726270640280871
0.987809534639389 0.0 0.3514395572101323 0.7702468994346462 0.6625305091970484 0.432688895679711 0.6278860339992419 0.23739015707580746 0.5095957566766227 0.9588598499822157 0.19304507013667271 0.13795066485695118 0.019698395768005694 0.5330334193570714
0.2948651698998074 0.3514395572101323 0.0 0.986132512852174 0.4716310139146115 0.2602308895490367 0.7798108656046833 0.518340628595093 0.42055847582003414 0.31004761352517995 0.07868065394708224 0.018832393948868265 0.6113712316096164 0.4066420627223176
0.02128881758005219 0.7702468994346462 0.986132512852174 0.0 0.978887731500122 0.7483924714029138 0.18293899992300655 0.10926286175862399 0.09109477249807929 0.9646526098776812 0.29915312636330804 0.5717490361513953 0.38091544386124465 0.8753471760719476
0.30065945671861494 0.6625305091970484 0.4716310139146115 0.978887731500122 0.0 0.7628221672603408 0.26202922960024855 0.8216250407875709 0.7998447748058898 0.6845612782643343 0.23964322573368524 0.1768312862354341 0.6742398650116423 0.739664559810097
0.036011887786622454 0.432688895679711 0.2602308895490367 0.7483924714029138 0.7628221672603408 0.0 0.40830886313705883 0.2786141041673865 0.9815781697057104 0.406301867900546 0.9974708650130282 0.5426203272441635 0.1663283243163547 0.7199821022010585
0.5543496080632256 0.6278860339992419 0.7798108656046833 0.18293899992300655 0.26202922960024855 0.40830886313705883 0.0 0.8949324151301382 0.6188249179862877 0.6010014409766793 0.5020777468329118 0.3520844865123025 0.015148063745379248 0.212859118255188
0.33788542404181565 0.23739015707580746 0.518340628595093 0.10926286175862399 0.8216250407875709 0.2786141041673865 0.8949324151301382 0.0 0.7243062007730047 0.013911819600043729 0.2508429052945613 0.949939820151994 0.6564149362217726 0.18786852921054353
0.09949178756537302 0.5095957566766227 0.42055847582003414 0.09109477249807929 0.7998447748058898 0.9815781697057104 0.6188249179862877 0.7243062007730047 0.0 0.5975461170031768 0.3681722929478042 0.7109198988021616 0.7588804604274106 0.7481094822255702
0.7256223902965306 0.9588598499822157 0.31004761352517995 0.9646526098776812 0.6845612782643343 0.406301867900546 0.6010014409766793 0.013911819600043729 0.5975461170031768 0.0 0.7551338267355173 0.44659708608720905 0.18214550825446008 0.8168075935089697
0.3555006885711154 0.19304507013667271 0.07868065394708224 0.29915312636330804 0.23964322573368524 0.9974708650130282 0.5020777468329118 0.2508429052945613 0.3681722929478042 0.7551338267355173 0.0 0.3710505511791663 0.02152975522180489 0.5410669707556286
0.55870812336565 0.13795066485695118 0.018832393948868265 0.5717490361513953 0.1768312862354341 0.5426203272441635 0.3520844865123025 0.949939820151994 0.7109198988021616 0.44659708608720905 0.3710505511791663 0.0 0.9192431398780083 0.5839254497437588
0.9094670658606382 0.019698395768005694 0.6113712316096164 0.38091544386124465 0.6742398650116423 0.1663283243163547 0.015148063745379248 0.6564149362217726 0.7588804604274106 0.18214550825446008 0.02152975522180489 0.9192431398780083 0.0 0.49686423769549914
0.4726270640280871 0.5330334193570714 0.4066420627223176 0.8753471760719476 0.739664559810097 0.7199821022010585 0.212859118255188 0.18786852921054353 0.7481094822255702 0.8168075935089697 0.5410669707556286 0.5839254497437588 0.49686423769549914 0.0

# Optimal Walk
0 4 11 2 10 12 1 6 13 9 7 3 8 5 0
