# Graph size: 14
# Optimal cost: 1.2771293225542295

# Distance Matrix
0.0 0.8964655403873347 0.46923094773533935 0.25820235597036845 0.404028602355603 0.08715060997835089 0.44351133049896896 0.022765287731851047 0.09147834357867513 0.35236398343106723 0.4451757630750316 0.9768461917297818 0.37401872861860896 0.10151295171225783
0.8964655403873347 0.0 0.1849816908047952 0.7415068412183998 0.8447618990369377 0.3712639377356818 0.08764396395491603 0.811716648147094 0.722952882867999 0.3637846597003106 0.3946149730255827 0.6535439128248178 0.5558180408878316 0.060594440697645524
0.46923094773533935 0.1849816908047952 0.0 0.7628607530832633 0.6294117458084066 0.7134215198447418 0.20233667312313075 0.04569791627039821 0.11643990882262523 0.4568334047242616 0.14451331528052602 0.5130467910384712 0.6682444065530768 0.8218277544993481
0.25820235597036845 0.7415068412183998 0.7628607530832633 0.0 0.1001987184710279 0.37099409419770235 0.8371690590057962 0.553492556047883 0.06297582225894915 0.07434829302332091 0.32177444006139233 0.851547598963054 0.2668147937351153 0.5909094895681107
0.404028602355603 0.8447618990369377 0.6294117458084066 0.1001987184710279 0.0 0.43351101668659453 0.7418308217740168 0.38434088433008384 0.4724647277244507 0.4868550799031569 0.47632688538456935 0.7909141880270052 0.3150589960494157 0.6087879293381949
0.08715060997835089 0.3712639377356818 0.7134215198447418 0.37099409419770235 0.43351101668659453 0.0 0.48227691528535077 0.12917123855446733 0.949880683820777 0.6363494615901318 0.030321198963575657 0.0971546706230233 0.4961400943052765 0.22509990328090357
0.44351133049896896 0.08764396395491603 0.20233667312313075 0.8371690590057962 0.7418308217740168 0.48227691528535077 0.0 0.9722918525916091 0.8528835196854022 0.2286078624622746 0.02667413763294868 0.6111853578537025 0.679193786799596 0.06501981901382825
0.022765287731851047 0.811716648147094 0.04569791627039821 0.553492556047883 0.38434088433008384 0.12917123855446733 0.9722918525916091 0.0 0.8102152961735638 0.009010303249794904 0.5849048916190603 0.3623436495041371 0.700325312718081 0.8126182054726219
0.09147834357867513 0.722952882867999 0.11643990882262523 0.06297582225894915 0.4724647277244507 0.949880683820777 0.8528835196854022 0.8102152961735638 0.0 0.3318446783889115 0.6259414650132937 0.28327209598308767 0.9832906277330269 0.9719920730623328
0.35236398343106723 0.3637846597003106 0.4568334047242616 0.07434829302332091 0.4868550799031569 0.6363494615901318 0.2286078624622746 0.009010303249794904 0.3318446783889115 0.0 0.6819523971810801 0.1935443054096243 0.6527693189472142 0.3549725824883464
0.4451757630750316 0.3946149730255827 0.14451331528052602 0.32177444006139233 0.47632688538456935 0.030321198963575657 0.02667413763294868 0.5849048916190603 0.6259414650132937 0.6819523971810801 0.0 0.8407570076598162 0.9344464551152519 0.6965798119577989
0.9768461917297818 0.6535439128248178 0.5130467910384712 0.851547598963054 0.7909141880270052 0.0971546706230233 0.6111853578537025 0.3623436495041371 0.28327209598308767 0.1935443054096243 0.8407570076598162 0.0 0.22336941190346216 0.5881757721492644
0.37401872861860896 0.5558180408878316 0.6682444065530768 0.2668147937351153 0.3150589960494157 0.4961400943052765 0.679193786799596 0.700325312718081 0.9832906277330269 0.6527693189472142 0.9344464551152519 0.22336941190346216 0.0 0.10927837397688933
0.10151295171225783 0.060594440697645524 0.8218277544993481 0.5909094895681107 0.6087879293381949 0.22509990328090357 0.06501981901382825 0.8126182054726219 0.9719920730623328 0.3549725824883464 0.6965798119577989 0.5881757721492644 0.10927837397688933 0.0

# Optimal Walk
0 11 5 10 6 1 13 12 4 3 8 2 9 7 0
