# MCW Instance
# Type: UNIFORM
# N: 14
# Optimal cost: 1.8246294486618453
# Optimal tour (permutation): [0, 1, 9, 8, 13, 2, 4, 12, 10, 3, 5, 7, 11, 6, 0]
# Optimal walk (full path): [0, 1, 9, 8, 13, 2, 4, 12, 10, 3, 5, 7, 6, 11, 6, 0]
# Walk size: 16
# Is walk (has repeats): true

# Distance Matrix
0.0000000000 0.0870877551 0.9165086309 0.1144777935 0.6493051970 0.2292044787 0.1403987843 0.5361583013 0.1748891697 0.8423448031 0.7628072943 0.6007527742 0.3661241395 0.8168534020
0.0870877551 0.0000000000 0.1311302540 0.6112655172 0.8971990502 0.6895599709 0.3249426411 0.3362686458 0.1237653426 0.1477630136 0.9602341691 0.4862487501 0.2345550554 0.2787894521
0.9165086309 0.1311302540 0.0000000000 0.9534317578 0.0207500028 0.4749831880 0.6576900983 0.9171138248 0.9145176874 0.6073155412 0.8822320625 0.6024860486 0.5430733020 0.1557726783
0.1144777935 0.6112655172 0.9534317578 0.0000000000 0.9622012976 0.0781024675 0.1616285657 0.3999790216 0.0491296962 0.1399792061 0.0459725424 0.5264561015 0.3529127187 0.7851630359
0.6493051970 0.8971990502 0.0207500028 0.9622012976 0.0000000000 0.7399422702 0.8253969764 0.7333852488 0.4489802239 0.5113141039 0.3287488084 0.3777749798 0.1056058668 0.5564296780
0.2292044787 0.6895599709 0.4749831880 0.0781024675 0.7399422702 0.0000000000 0.8256691143 0.1790538686 0.2622574687 0.7135964624 0.7627103444 0.9155600417 0.3392308002 0.4462800311
0.1403987843 0.3249426411 0.6576900983 0.1616285657 0.8253969764 0.8256691143 0.0000000000 0.1386268482 0.0988642407 0.9211602855 0.6393313117 0.1374868222 0.4047058066 0.8892997765
0.5361583013 0.3362686458 0.9171138248 0.3999790216 0.7333852488 0.1790538686 0.1386268482 0.0000000000 0.3149688489 0.9088113439 0.9309257132 0.5002842370 0.7199624422 0.5997513216
0.1748891697 0.1237653426 0.9145176874 0.0491296962 0.4489802239 0.2622574687 0.0988642407 0.3149688489 0.0000000000 0.1366748716 0.0637462756 0.3614416064 0.4718525921 0.2087778277
0.8423448031 0.1477630136 0.6073155412 0.1399792061 0.5113141039 0.7135964624 0.9211602855 0.9088113439 0.1366748716 0.0000000000 0.9893262793 0.4759781389 0.6937481363 0.7739838131
0.7628072943 0.9602341691 0.8822320625 0.0459725424 0.3287488084 0.7627103444 0.6393313117 0.9309257132 0.0637462756 0.9893262793 0.0000000000 0.6230279226 0.1050692772 0.1911555728
0.6007527742 0.4862487501 0.6024860486 0.5264561015 0.3777749798 0.9155600417 0.1374868222 0.5002842370 0.3614416064 0.4759781389 0.6230279226 0.0000000000 0.3299381765 0.4735362495
0.3661241395 0.2345550554 0.5430733020 0.3529127187 0.1056058668 0.3392308002 0.4047058066 0.7199624422 0.4718525921 0.6937481363 0.1050692772 0.3299381765 0.0000000000 0.4198740244
0.8168534020 0.2787894521 0.1557726783 0.7851630359 0.5564296780 0.4462800311 0.8892997765 0.5997513216 0.2087778277 0.7739838131 0.1911555728 0.4735362495 0.4198740244 0.0000000000
