# MCW Instance
# Type: UNIFORM
# N: 14
# Optimal cost: 1.826072431512828
# Optimal tour (permutation): [0, 5, 10, 3, 6, 13, 8, 7, 11, 9, 2, 1, 12, 4, 0]
# Optimal walk (full path): [0, 5, 10, 3, 6, 13, 7, 8, 7, 11, 9, 1, 2, 1, 12, 4, 0]
# Walk size: 17
# Is walk (has repeats): true

# Distance Matrix
0.0000000000 0.6257000926 0.6154167108 0.7468081592 0.0519184583 0.0768043565 0.5001770719 0.6359426603 0.1802417025 0.9483304736 0.2791944172 0.3697991418 0.2943631124 0.4278076681
0.6257000926 0.0000000000 0.0388662517 0.6197528797 0.3941322280 0.7423448631 0.9450347387 0.7362092898 0.7883489262 0.2744498809 0.5887761485 0.4650212547 0.0338455702 0.4035271583
0.6154167108 0.0388662517 0.0000000000 0.2652434378 0.2501954011 0.3358357707 0.6226449657 0.8457483355 0.5206238165 0.3748921286 0.6217646763 0.2714344117 0.5158025092 0.5347046005
0.7468081592 0.6197528797 0.2652434378 0.0000000000 0.4514765065 0.5963053213 0.1439762038 0.5448103873 0.5853871589 0.9380377188 0.0858738369 0.6237747308 0.6846570471 0.6569215591
0.0519184583 0.3941322280 0.2501954011 0.4514765065 0.0000000000 0.8581773970 0.3108417131 0.1347855647 0.5764350002 0.8330920806 0.3078628064 0.9725953766 0.0833750188 0.2738627382
0.0768043565 0.7423448631 0.3358357707 0.5963053213 0.8581773970 0.0000000000 0.8183499983 0.6504669787 0.5011287720 0.2908083791 0.0667895933 0.1952280374 0.2165854493 0.2484226433
0.5001770719 0.9450347387 0.6226449657 0.1439762038 0.3108417131 0.8183499983 0.0000000000 0.9088919294 0.7107016817 0.6593513505 0.5613149503 0.7022405172 0.8457711777 0.3813459532
0.6359426603 0.7362092898 0.8457483355 0.5448103873 0.1347855647 0.6504669787 0.9088919294 0.0000000000 0.0052435066 0.8968446505 0.8039188072 0.1655203413 0.6392180093 0.1263867570
0.1802417025 0.7883489262 0.5206238165 0.5853871589 0.5764350002 0.5011287720 0.7107016817 0.0052435066 0.0000000000 0.7055490099 0.3043535612 0.1856265112 0.9334966544 0.6310068857
0.9483304736 0.2744498809 0.3748921286 0.9380377188 0.8330920806 0.2908083791 0.6593513505 0.8968446505 0.7055490099 0.0000000000 0.9319462546 0.2475669448 0.6461725722 0.4700553911
0.2791944172 0.5887761485 0.6217646763 0.0858738369 0.3078628064 0.0667895933 0.5613149503 0.8039188072 0.3043535612 0.9319462546 0.0000000000 0.5679456149 0.0560412708 0.3375083355
0.3697991418 0.4650212547 0.2714344117 0.6237747308 0.9725953766 0.1952280374 0.7022405172 0.1655203413 0.1856265112 0.2475669448 0.5679456149 0.0000000000 0.7826752688 0.8371989599
0.2943631124 0.0338455702 0.5158025092 0.6846570471 0.0833750188 0.2165854493 0.8457711777 0.6392180093 0.9334966544 0.6461725722 0.0560412708 0.7826752688 0.0000000000 0.5343960464
0.4278076681 0.4035271583 0.5347046005 0.6569215591 0.2738627382 0.2484226433 0.3813459532 0.1263867570 0.6310068857 0.4700553911 0.3375083355 0.8371989599 0.5343960464 0.0000000000
