# Graph size: 14
# Optimal cost: 1.7011354018122837

# Distance Matrix
0.0 0.8644119509778216 0.037567595519284125 0.6788412635853517 0.5709639169471414 0.008449786181470076 0.7832794930132096 0.44246554516293246 0.11041327454892524 0.9845193689590005 0.5925838648529828 0.2999498644514673 0.8857700853317919 0.25761342096104933
0.8644119509778216 0.0 0.7224489150539646 0.19281227710959092 0.24552182868536165 0.06167067284459171 0.6456424474274765 0.5026304159006999 0.3651990025496322 0.8780526459087421 0.8788842346422839 0.2641798265295726 0.948635747827654 0.4825334808063524
0.037567595519284125 0.7224489150539646 0.0 0.897920678653424 0.027422756209986465 0.11565561905990118 0.8154715956969757 0.8329123014348313 0.2524111757899683 0.5059983360730781 0.13393446861213942 0.5681876682158574 0.340894161952331 0.20059203786736268
0.6788412635853517 0.19281227710959092 0.897920678653424 0.0 0.3898984685406509 0.33233167388712803 0.40939662066694715 0.663814982767861 0.5452477297688119 0.8577406738269745 0.6907627430234888 0.5441796355477286 0.5821474732641951 0.7131900739781682
0.5709639169471414 0.24552182868536165 0.027422756209986465 0.3898984685406509 0.0 0.01463396705161435 0.8359108465471249 0.2964690449591406 0.4686250494359845 0.16205839370369302 0.6001792091300708 0.5722946543459491 0.9382984151105673 0.015404247251965097
0.008449786181470076 0.06167067284459171 0.11565561905990118 0.33233167388712803 0.01463396705161435 0.0 0.172289711564928 0.7271326509965016 0.8665439935070007 0.33197752210578746 0.5399147458044747 0.6903244328954699 0.06988804044181429 0.6582196047880348
0.7832794930132096 0.6456424474274765 0.8154715956969757 0.40939662066694715 0.8359108465471249 0.172289711564928 0.0 0.36749960729471987 0.23122647739765367 0.22986483334073804 0.3710879629003495 0.9632578019564677 0.18910257275637188 0.2428173506914859
0.44246554516293246 0.5026304159006999 0.8329123014348313 0.663814982767861 0.2964690449591406 0.7271326509965016 0.36749960729471987 0.0 0.08419919563993306 0.33771221751729086 0.6732619565096372 0.2761273632458492 0.6885401690092952 0.38652814065053953
0.11041327454892524 0.3651990025496322 0.2524111757899683 0.5452477297688119 0.4686250494359845 0.8665439935070007 0.23122647739765367 0.08419919563993306 0.0 0.4998321936234531 0.4547336763690324 0.11102985170340685 0.14542155811782598 0.7106552470090236
0.9845193689590005 0.8780526459087421 0.5059983360730781 0.8577406738269745 0.16205839370369302 0.33197752210578746 0.22986483334073804 0.33771221751729086 0.4998321936234531 0.0 0.40746114389901544 0.4689410201033255 0.011217308590482311 0.8801489203463376
0.5925838648529828 0.8788842346422839 0.13393446861213942 0.6907627430234888 0.6001792091300708 0.5399147458044747 0.3710879629003495 0.6732619565096372 0.4547336763690324 0.40746114389901544 0.0 0.7395973706791158 0.6741670936423014 0.8006687332423054
0.2999498644514673 0.2641798265295726 0.5681876682158574 0.5441796355477286 0.5722946543459491 0.6903244328954699 0.9632578019564677 0.2761273632458492 0.11102985170340685 0.4689410201033255 0.7395973706791158 0.0 0.057575373212525705 0.866317705382719
0.8857700853317919 0.948635747827654 0.340894161952331 0.5821474732641951 0.9382984151105673 0.06988804044181429 0.18910257275637188 0.6885401690092952 0.14542155811782598 0.011217308590482311 0.6741670936423014 0.057575373212525705 0.0 0.6985465298592209
0.25761342096104933 0.4825334808063524 0.20059203786736268 0.7131900739781682 0.015404247251965097 0.6582196047880348 0.2428173506914859 0.38652814065053953 0.7106552470090236 0.8801489203463376 0.8006687332423054 0.866317705382719 0.6985465298592209 0.0

# Optimal Walk
0 8 7 11 12 9 6 3 1 5 13 4 10 2 0
