# MCW Instance
# Type: UNIFORM
# N: 14
# Optimal cost: 1.0631964394553446
# Optimal tour (permutation): [0, 12, 3, 2, 1, 13, 6, 4, 11, 8, 5, 9, 10, 7, 0]
# Optimal walk (full path): [0, 12, 3, 1, 2, 1, 4, 13, 6, 13, 4, 8, 11, 8, 5, 9, 10, 7, 0]
# Walk size: 19
# Is walk (has repeats): true

# Distance Matrix
0.0000000000 0.8840547196 0.4129754696 0.5920071178 0.7933812398 0.4399317906 0.9667184354 0.1587604269 0.5398691025 0.9020399335 0.2274437855 0.8742659867 0.1791036163 0.5720245729
0.8840547196 0.0000000000 0.0339632018 0.0389962207 0.0126383480 0.2886278002 0.4373105693 0.7346822351 0.3399891831 0.5127878154 0.1783789185 0.9140030277 0.1674421911 0.4883925249
0.4129754696 0.0339632018 0.0000000000 0.7835466762 0.4323987170 0.6782991613 0.6337468542 0.5126992652 0.7127128516 0.1916415717 0.8354153859 0.1372150237 0.2655940299 0.7204838879
0.5920071178 0.0389962207 0.7835466762 0.0000000000 0.1139530108 0.7998996839 0.6020648083 0.6552251389 0.2101384382 0.0145166784 0.1693916200 0.5445976134 0.0006762155 0.1994751723
0.7933812398 0.0126383480 0.4323987170 0.1139530108 0.0000000000 0.8173664905 0.4238501590 0.2939353797 0.0084019033 0.9593375326 0.6486923914 0.4791433286 0.1197361567 0.0308022284
0.4399317906 0.2886278002 0.6782991613 0.7998996839 0.8173664905 0.0000000000 0.7335659769 0.7065562035 0.0781524833 0.0681033186 0.2640972870 0.7614778849 0.2425286835 0.2307447318
0.9667184354 0.4373105693 0.6337468542 0.6020648083 0.4238501590 0.7335659769 0.0000000000 0.5561255062 0.5616013245 0.8883413541 0.8730703392 0.3674889543 0.2549979432 0.0367851716
0.1587604269 0.7346822351 0.5126992652 0.6552251389 0.2939353797 0.7065562035 0.5561255062 0.0000000000 0.3345260877 0.6337914949 0.2251819457 0.6385759804 0.9624515867 0.8956601322
0.5398691025 0.3399891831 0.7127128516 0.2101384382 0.0084019033 0.0781524833 0.5616013245 0.3345260877 0.0000000000 0.9200279943 0.3273120311 0.0073245178 0.8125437199 0.3129227190
0.9020399335 0.5127878154 0.1916415717 0.0145166784 0.9593375326 0.0681033186 0.8883413541 0.6337914949 0.9200279943 0.0000000000 0.0754317218 0.9376074488 0.9168920104 0.9773812912
0.2274437855 0.1783789185 0.8354153859 0.1693916200 0.6486923914 0.2640972870 0.8730703392 0.2251819457 0.3273120311 0.0754317218 0.0000000000 0.7352202349 0.4098231587 0.5525931491
0.8742659867 0.9140030277 0.1372150237 0.5445976134 0.4791433286 0.7614778849 0.3674889543 0.6385759804 0.0073245178 0.9376074488 0.7352202349 0.0000000000 0.2104628009 0.6279813593
0.1791036163 0.1674421911 0.2655940299 0.0006762155 0.1197361567 0.2425286835 0.2549979432 0.9624515867 0.8125437199 0.9168920104 0.4098231587 0.2104628009 0.0000000000 0.5992114810
0.5720245729 0.4883925249 0.7204838879 0.1994751723 0.0308022284 0.2307447318 0.0367851716 0.8956601322 0.3129227190 0.9773812912 0.5525931491 0.6279813593 0.5992114810 0.0000000000
