# MCW Instance
# Type: EXPONENTIAL
# N: 10
# Optimal cost: 1.798618058594322
# Optimal tour (permutation): [0, 5, 8, 4, 3, 2, 6, 9, 7, 1, 0]
# Optimal walk (full path): [0, 5, 8, 5, 0, 4, 3, 2, 6, 9, 7, 1, 0]
# Walk size: 13
# Is walk (has repeats): true

# Distance Matrix
0.0000000000 0.1136325466 1.0070114074 2.0823619743 0.1177239413 0.0004172694 0.1865634247 1.0138479764 0.9724828133 3.2054972889
0.1136325466 0.0000000000 1.4583160351 1.4761984427 0.4283440131 2.4019864935 1.3183753745 0.1705499422 2.8246313027 4.0950234283
1.0070114074 1.4583160351 0.0000000000 0.3353119320 0.3949120168 2.7660282488 0.2690651266 1.1724674813 1.0613043663 1.8742238139
2.0823619743 1.4761984427 0.3353119320 0.0000000000 0.0321904444 0.9048911401 0.4377339463 0.4070589453 0.4432132313 0.1602974542
0.1177239413 0.4283440131 0.3949120168 0.0321904444 0.0000000000 5.5803111013 0.8366923774 0.3347850430 1.6683464839 0.6265721223
0.0004172694 2.4019864935 2.7660282488 0.9048911401 5.5803111013 0.0000000000 3.8494077011 0.7772869274 0.1353946284 1.7974377706
0.1865634247 1.3183753745 0.2690651266 0.4377339463 0.8366923774 3.8494077011 0.0000000000 0.6419514364 1.2529941434 0.0716993012
1.0138479764 0.1705499422 1.1724674813 0.4070589453 0.3347850430 0.7772869274 0.6419514364 0.0000000000 0.4793828210 0.4168210287
0.9724828133 2.8246313027 1.0613043663 0.4432132313 1.6683464839 0.1353946284 1.2529941434 0.4793828210 0.0000000000 2.2516779708
3.2054972889 4.0950234283 1.8742238139 0.1602974542 0.6265721223 1.7974377706 0.0716993012 0.4168210287 2.2516779708 0.0000000000
