# MCW Instance
# Type: EXPONENTIAL
# N: 10
# Optimal cost: 1.2117602372548155
# Optimal tour (permutation): [0, 3, 8, 7, 5, 6, 4, 9, 1, 2, 0]
# Optimal walk (full path): [0, 3, 8, 7, 6, 5, 6, 4, 6, 9, 1, 2, 0]
# Walk size: 13
# Is walk (has repeats): true

# Distance Matrix
0.0000000000 0.4627444313 0.1204333558 0.1970075595 1.9484683575 0.3411096337 0.2709177897 0.7669877031 0.6713639654 0.4418867266
0.4627444313 0.0000000000 0.2034105503 1.2725734545 1.3078309859 0.5808184471 1.3665045007 2.0497891707 1.2768809001 0.1805127267
0.1204333558 0.2034105503 0.0000000000 0.4704542696 0.8152413840 3.4553757395 1.4365754993 1.0394245400 3.7889558668 0.1115871845
0.1970075595 1.2725734545 0.4704542696 0.0000000000 0.4819581073 1.1790253911 3.2460697129 0.5987972082 0.0407472562 1.6186524521
1.9484683575 1.3078309859 0.8152413840 0.4819581073 0.0000000000 2.8394548035 0.0321620290 0.5865318640 1.3874420518 0.5648403394
0.3411096337 0.5808184471 3.4553757395 1.1790253911 2.8394548035 0.0000000000 0.1114983822 1.8791998945 3.0151299283 0.2000281015
0.2709177897 1.3665045007 1.4365754993 3.2460697129 0.0321620290 0.1114983822 0.0000000000 0.0548938835 1.2245534811 0.0049002314
0.7669877031 2.0497891707 1.0394245400 0.5987972082 0.5865318640 1.8791998945 0.0548938835 0.0000000000 0.1225338516 2.8845045442
0.6713639654 1.2768809001 3.7889558668 0.0407472562 1.3874420518 3.0151299283 1.2245534811 0.1225338516 0.0000000000 0.4644371555
0.4418867266 0.1805127267 0.1115871845 1.6186524521 0.5648403394 0.2000281015 0.0049002314 2.8845045442 0.4644371555 0.0000000000
