# MCW Instance
# Type: EXPONENTIAL
# N: 10
# Optimal cost: 1.6166374691531797
# Optimal tour (permutation): [0, 9, 8, 7, 2, 5, 1, 6, 3, 4, 0]
# Optimal walk (full path): [0, 9, 8, 7, 2, 5, 1, 6, 3, 4, 9, 0]
# Walk size: 12
# Is walk (has repeats): true

# Distance Matrix
0.0000000000 0.4453709448 2.7077858119 1.3072042949 1.7700559875 0.4998874307 0.6627271869 1.9748582501 1.0150909539 0.0212782694
0.4453709448 0.0000000000 3.5502576411 0.6344041026 0.4539433878 0.0925077459 0.1299282286 0.5699413753 2.9646500414 0.4272875760
2.7077858119 3.5502576411 0.0000000000 0.1402935274 0.8690169886 0.1297808795 0.2143584217 0.0048314541 0.3983207012 0.9307572316
1.3072042949 0.6344041026 0.1402935274 0.0000000000 0.0272839095 0.3196565652 0.1399261486 0.1763067042 0.9685782911 0.9991902805
1.7700559875 0.4539433878 0.8690169886 0.0272839095 0.0000000000 1.8369070311 1.6606268688 1.8099964194 0.3774188243 0.2133187567
0.4998874307 0.0925077459 0.1297808795 0.3196565652 1.8369070311 0.0000000000 0.5206983448 0.4991819871 1.5465586623 0.4661890563
0.6627271869 0.1299282286 0.2143584217 0.1399261486 1.6606268688 0.5206983448 0.0000000000 1.1205396898 2.4833712904 1.0151068698
1.9748582501 0.5699413753 0.0048314541 0.1763067042 1.8099964194 0.4991819871 1.1205396898 0.0000000000 0.3312457944 1.3976715762
1.0150909539 2.9646500414 0.3983207012 0.9685782911 0.3774188243 1.5465586623 2.4833712904 0.3312457944 0.0000000000 0.5052580129
0.0212782694 0.4272875760 0.9307572316 0.9991902805 0.2133187567 0.4661890563 1.0151068698 1.3976715762 0.5052580129 0.0000000000
