# MCW Instance
# Type: EXPONENTIAL
# N: 10
# Optimal cost: 2.138473434190422
# Optimal tour (permutation): [0, 4, 7, 8, 6, 2, 9, 1, 3, 5, 0]
# Optimal walk (full path): [0, 4, 7, 8, 6, 8, 2, 9, 1, 3, 5, 0]
# Walk size: 12
# Is walk (has repeats): true

# Distance Matrix
0.0000000000 1.2449989389 0.5587933662 0.1533351828 0.3038716300 0.2504783907 2.2277461542 1.1683876540 1.5191894673 1.8124328075
1.2449989389 0.0000000000 1.6260841068 0.1762537740 0.5098479137 3.6904444640 1.8118843969 1.9321310004 5.4217480134 0.1480562586
0.5587933662 1.6260841068 0.0000000000 1.3851271011 1.2955636539 1.0239739279 1.7451868324 0.4440619934 0.2473750978 0.3989784903
0.1533351828 0.1762537740 1.3851271011 0.0000000000 0.2052234226 0.2438718413 0.3343175492 0.2190329672 0.1220133584 1.2493413578
0.3038716300 0.5098479137 1.2955636539 0.2052234226 0.0000000000 1.3459549670 3.2689555002 0.0988949703 0.4183013757 0.2158075297
0.2504783907 3.6904444640 1.0239739279 0.2438718413 1.3459549670 0.0000000000 0.6424046501 1.9441172489 0.5589004225 0.8874652302
2.2277461542 1.8118843969 1.7451868324 0.3343175492 3.2689555002 0.6424046501 0.0000000000 0.6234489049 0.1118465972 1.2566456432
1.1683876540 1.9321310004 0.4440619934 0.2190329672 0.0988949703 1.9441172489 0.6234489049 0.0000000000 0.0469997867 1.6775505323
1.5191894673 5.4217480134 0.2473750978 0.1220133584 0.4183013757 0.5589004225 0.1118465972 0.0469997867 0.0000000000 2.1452007403
1.8124328075 0.1480562586 0.3989784903 1.2493413578 0.2158075297 0.8874652302 1.2566456432 1.6775505323 2.1452007403 0.0000000000
