# MCW Instance
# Type: EXPONENTIAL
# N: 10
# Optimal cost: 2.332832562914885
# Optimal tour (permutation): [0, 5, 2, 4, 7, 9, 1, 8, 3, 6, 0]
# Optimal walk (full path): [0, 5, 2, 4, 7, 4, 9, 1, 8, 3, 6, 0]
# Walk size: 12
# Is walk (has repeats): true

# Distance Matrix
0.0000000000 1.0394110004 2.1449455379 2.9066325828 0.4444944778 0.4222743908 0.5267302985 1.4326681432 2.4386999157 1.5398983165
1.0394110004 0.0000000000 1.0269421838 0.7274111398 1.2290627266 5.7358546935 0.3981149284 2.5901475303 0.1068863913 0.0823542742
2.1449455379 1.0269421838 0.0000000000 0.3147887676 0.2540899507 0.0474910070 1.1218799463 1.4574942282 0.2070787881 3.2767148075
2.9066325828 0.7274111398 0.3147887676 0.0000000000 1.2738824385 0.3076047532 0.1415378460 0.5373467228 0.1636326720 0.5754020485
0.4444944778 1.2290627266 0.2540899507 1.2738824385 0.0000000000 0.8015774161 1.6813935334 0.1871623676 0.3233029044 0.2135109972
0.4222743908 5.7358546935 0.0474910070 0.3076047532 0.8015774161 0.0000000000 0.7639661156 0.6516827925 0.0954098350 3.0470295671
0.5267302985 0.3981149284 1.1218799463 0.1415378460 1.6813935334 0.7639661156 0.0000000000 1.0657731195 0.4404682065 1.3037328964
1.4326681432 2.5901475303 1.4574942282 0.5373467228 0.1871623676 0.6516827925 1.0657731195 0.0000000000 1.3801383626 1.3117747091
2.4386999157 0.1068863913 0.2070787881 0.1636326720 0.3233029044 0.0954098350 0.4404682065 1.3801383626 0.0000000000 1.8168922609
1.5398983165 0.0823542742 3.2767148075 0.5754020485 0.2135109972 3.0470295671 1.3037328964 1.3117747091 1.8168922609 0.0000000000
