# MCW Instance
# Type: EXPONENTIAL
# N: 10
# Optimal cost: 1.9701622469499267
# Optimal tour (permutation): [0, 8, 7, 4, 2, 9, 1, 3, 6, 5, 0]
# Optimal walk (full path): [0, 4, 8, 7, 8, 4, 2, 4, 9, 1, 3, 6, 5, 0]
# Walk size: 14
# Is walk (has repeats): true

# Distance Matrix
0.0000000000 2.7886606456 0.9193996950 0.8314496029 0.4032312548 0.4483372987 2.4454762781 0.7986869456 2.5498536382 2.2130743986
2.7886606456 0.0000000000 0.9385233921 0.1828086808 1.4608794782 0.9484138570 0.9343099621 0.3142781066 0.3165461830 0.0177755771
0.9193996950 0.9385233921 0.0000000000 3.4831396986 0.0253199995 1.0790221585 0.7011758983 2.1726754142 0.5926042195 2.2535906561
0.8314496029 0.1828086808 3.4831396986 0.0000000000 0.1062604346 0.9720410370 0.1499878996 0.2801374452 0.2487831634 1.9167664268
0.4032312548 1.4608794782 0.0253199995 0.1062604346 0.0000000000 3.6688609168 1.0703194477 1.0772717107 0.1128886647 0.1250240784
0.4483372987 0.9484138570 1.0790221585 0.9720410370 3.6688609168 0.0000000000 0.2411489697 0.2998520596 0.3358527557 1.3691382672
2.4454762781 0.9343099621 0.7011758983 0.1499878996 1.0703194477 0.2411489697 0.0000000000 0.9619878357 0.9049824611 0.8939953955
0.7986869456 0.3142781066 2.1726754142 0.2801374452 1.0772717107 0.2998520596 0.9619878357 0.0000000000 0.0627155797 2.2064443148
2.5498536382 0.3165461830 0.5926042195 0.2487831634 0.1128886647 0.3358527557 0.9049824611 0.0627155797 0.0000000000 1.8041002924
2.2130743986 0.0177755771 2.2535906561 1.9167664268 0.1250240784 1.3691382672 0.8939953955 2.2064443148 1.8041002924 0.0000000000
