# MCW Instance
# Type: EXPONENTIAL
# N: 10
# Optimal cost: 1.9741180170067567
# Optimal tour (permutation): [0, 3, 7, 2, 6, 8, 9, 4, 5, 1, 0]
# Optimal walk (full path): [0, 3, 2, 7, 2, 6, 8, 9, 4, 5, 1, 0]
# Walk size: 12
# Is walk (has repeats): true

# Distance Matrix
0.0000000000 0.3811201257 2.0652864563 0.1902739455 3.4075106247 2.1680761229 1.2447723139 0.7317845221 0.3334195119 0.6331479042
0.3811201257 0.0000000000 1.6586506267 0.7145471793 0.3660412534 0.3837992528 0.3973898438 2.1846798189 0.6111326945 2.0454713868
2.0652864563 1.6586506267 0.0000000000 0.0835088413 0.6224001694 0.3631186391 0.0167972879 0.0577879716 2.4008455243 0.2944266178
0.1902739455 0.7145471793 0.0835088413 0.0000000000 0.0652054466 0.2386677877 2.7655518496 0.6907950168 0.5634099105 0.2122262751
3.4075106247 0.3660412534 0.6224001694 0.0652054466 0.0000000000 0.2170477899 1.0685131455 1.3503266138 0.8793873931 0.0561999153
2.1680761229 0.3837992528 0.3631186391 0.2386677877 0.2170477899 0.0000000000 0.5357432090 0.3737346900 0.4037029552 0.9147720808
1.2447723139 0.3973898438 0.0167972879 2.7655518496 1.0685131455 0.5357432090 0.0000000000 1.6247667986 0.2813542520 1.8813132618
0.7317845221 2.1846798189 0.0577879716 0.6907950168 1.3503266138 0.3737346900 1.6247667986 0.0000000000 0.8198208286 1.0897219103
0.3334195119 0.6111326945 2.4008455243 0.5634099105 0.8793873931 0.4037029552 0.2813542520 0.8198208286 0.0000000000 0.2484406634
0.6331479042 2.0454713868 0.2944266178 0.2122262751 0.0561999153 0.9147720808 1.8813132618 1.0897219103 0.2484406634 0.0000000000
