# MCW Instance
# Type: EXPONENTIAL
# N: 10
# Optimal cost: 1.0370459755935257
# Optimal tour (permutation): [0, 8, 4, 6, 2, 1, 5, 9, 7, 3, 0]
# Optimal walk (full path): [0, 8, 4, 6, 2, 1, 5, 9, 7, 0, 3, 0]
# Walk size: 12
# Is walk (has repeats): true

# Distance Matrix
0.0000000000 0.5175736168 1.3530322315 0.0005847406 1.0642600975 0.3444788796 0.9499952573 0.1581968947 0.1478437909 1.2559384123
0.5175736168 0.0000000000 0.1919919861 0.1960724113 1.1701757540 0.0724660982 1.2752253250 0.9956946626 2.0084277392 0.6745156745
1.3530322315 0.1919919861 0.0000000000 1.5102267956 1.2961876982 0.3046343334 0.1408905359 0.1758775259 0.2398857177 1.8772741483
0.0005847406 0.1960724113 1.5102267956 0.0000000000 0.5983528853 0.4473104704 0.2980585130 1.0677226982 1.2985211587 0.1334840751
1.0642600975 1.1701757540 1.2961876982 0.5983528853 0.0000000000 1.6935034963 0.0970320851 0.4645855907 0.0806880319 0.2815063106
0.3444788796 0.0724660982 0.3046343334 0.4473104704 1.6935034963 0.0000000000 1.3070328847 0.2087950969 1.9221951023 0.0451436021
0.9499952573 1.2752253250 0.1408905359 0.2980585130 0.0970320851 1.3070328847 0.0000000000 0.3217989567 1.0687072830 0.4084282602
0.1581968947 0.9956946626 0.1758775259 1.0677226982 0.4645855907 0.2087950969 0.3217989567 0.0000000000 0.7373019256 0.1016234695
0.1478437909 2.0084277392 0.2398857177 1.2985211587 0.0806880319 1.9221951023 1.0687072830 0.7373019256 0.0000000000 0.6076881733
1.2559384123 0.6745156745 1.8772741483 0.1334840751 0.2815063106 0.0451436021 0.4084282602 0.1016234695 0.6076881733 0.0000000000
