# MCW Instance
# Type: EXPONENTIAL
# N: 10
# Optimal cost: 0.9000270885011625
# Optimal tour (permutation): [0, 5, 7, 4, 8, 9, 6, 3, 1, 2, 0]
# Optimal walk (full path): [0, 5, 4, 7, 4, 8, 9, 6, 3, 5, 1, 2, 0]
# Walk size: 13
# Is walk (has repeats): true

# Distance Matrix
0.0000000000 0.6849299212 0.0720553461 3.1828425167 2.8869103892 0.0219411930 1.3610173172 0.9251483568 1.9922546457 0.7304926879
0.6849299212 0.0000000000 0.0529857716 1.5900727553 0.4700061846 0.0104241158 1.3411743144 1.2245751380 0.2542930209 1.5605034951
0.0720553461 0.0529857716 0.0000000000 0.8510889549 0.7792400372 0.4792025818 0.4274962632 0.3891062792 1.4250764950 0.6666196795
3.1828425167 1.5900727553 0.8510889549 0.0000000000 0.4907764324 0.0426951082 0.2782571120 0.0512259380 0.6255612948 0.9628739828
2.8869103892 0.4700061846 0.7792400372 0.4907764324 0.0000000000 0.0479220820 0.5153087904 0.0078519723 0.0749184958 1.7468982825
0.0219411930 0.0104241158 0.4792025818 0.0426951082 0.0479220820 0.0000000000 2.5313331534 0.6629335245 1.3105273257 1.6202262443
1.3610173172 1.3411743144 0.4274962632 0.2782571120 0.5153087904 2.5313331534 0.0000000000 4.4909615056 0.2996546852 0.0107298842
0.9251483568 1.2245751380 0.3891062792 0.0512259380 0.0078519723 0.6629335245 4.4909615056 0.0000000000 0.2154708554 1.2921547134
1.9922546457 0.2542930209 1.4250764950 0.6255612948 0.0749184958 1.3105273257 0.2996546852 0.2154708554 0.0000000000 0.2723940352
0.7304926879 1.5605034951 0.6666196795 0.9628739828 1.7468982825 1.6202262443 0.0107298842 1.2921547134 0.2723940352 0.0000000000
