# MCW Instance
# Type: EXPONENTIAL
# N: 10
# Optimal cost: 2.486866125550701
# Optimal tour (permutation): [0, 5, 8, 6, 2, 3, 9, 7, 1, 4, 0]
# Optimal walk (full path): [0, 5, 6, 8, 6, 2, 3, 7, 9, 7, 1, 4, 0]
# Walk size: 13
# Is walk (has repeats): true

# Distance Matrix
0.0000000000 1.7016018307 0.2483991150 2.2870731621 0.5340843934 0.0917008183 1.5713284923 1.9741598191 0.4744736547 0.7646010303
1.7016018307 0.0000000000 0.3659554756 0.9665772539 0.6231722341 0.5886298601 2.1708722762 0.0412631546 0.4115877149 1.7283832800
0.2483991150 0.3659554756 0.0000000000 0.2164114011 0.6405856815 1.2163231083 0.1076650981 2.7931268551 0.8380144276 1.9593682610
2.2870731621 0.9665772539 0.2164114011 0.0000000000 5.6049823043 2.1538613154 1.0367031421 0.5073110060 0.3872069208 1.2935503183
0.5340843934 0.6231722341 0.6405856815 5.6049823043 0.0000000000 0.6655259051 2.8695208980 1.3671981657 0.9133058812 1.3772399716
0.0917008183 0.5886298601 1.2163231083 2.1538613154 0.6655259051 0.0000000000 0.1156656589 0.3335660933 0.6682513718 2.2013453954
1.5713284923 2.1708722762 0.1076650981 1.0367031421 2.8695208980 0.1156656589 0.0000000000 1.4677462243 0.0104880944 0.3663490989
1.9741598191 0.0412631546 2.7931268551 0.5073110060 1.3671981657 0.3335660933 1.4677462243 0.0000000000 0.4717928339 0.1143080862
0.4744736547 0.4115877149 0.8380144276 0.3872069208 0.9133058812 0.6682513718 0.0104880944 0.4717928339 0.0000000000 2.3776640329
0.7646010303 1.7283832800 1.9593682610 1.2935503183 1.3772399716 2.2013453954 0.3663490989 0.1143080862 2.3776640329 0.0000000000
