# MCW Instance
# Type: EXPONENTIAL
# N: 10
# Optimal cost: 1.9520957134027532
# Optimal tour (permutation): [0, 5, 1, 3, 8, 2, 9, 6, 4, 7, 0]
# Optimal walk (full path): [0, 5, 1, 3, 8, 9, 2, 9, 6, 4, 6, 7, 0]
# Walk size: 13
# Is walk (has repeats): true

# Distance Matrix
0.0000000000 1.2439697620 0.4525554531 1.0756216122 2.6598462579 0.3756900861 2.0083995582 0.0180477084 0.9924792880 0.4571259864
1.2439697620 0.0000000000 0.5401933184 0.0345870484 1.2353234754 0.1034119438 5.2761332522 0.9072117436 1.9077575778 0.2650473162
0.4525554531 0.5401933184 0.0000000000 1.3527034089 0.6055853106 1.0890091684 2.1442401950 1.0684606760 0.9461690521 0.0412004371
1.0756216122 0.0345870484 1.3527034089 0.0000000000 0.3690067976 1.4804612330 2.8298675255 1.8968330029 0.2617420080 2.3654214206
2.6598462579 1.2353234754 0.6055853106 0.3690067976 0.0000000000 0.5438886096 0.0235788631 0.5069009090 3.0592133854 1.1932041419
0.3756900861 0.1034119438 1.0890091684 1.4804612330 0.5438886096 0.0000000000 2.4674555001 2.7736007821 0.9489829525 0.3165175389
2.0083995582 5.2761332522 2.1442401950 2.8298675255 0.0235788631 2.4674555001 0.0000000000 0.1058486250 0.9064003246 0.4688011073
0.0180477084 0.9072117436 1.0684606760 1.8968330029 0.5069009090 2.7736007821 0.1058486250 0.0000000000 0.5505545214 0.9415984159
0.9924792880 1.9077575778 0.9461690521 0.2617420080 3.0592133854 0.9489829525 0.9064003246 0.5505545214 0.0000000000 0.4544085859
0.4571259864 0.2650473162 0.0412004371 2.3654214206 1.1932041419 0.3165175389 0.4688011073 0.9415984159 0.4544085859 0.0000000000
