# MCW Instance
# Type: EXPONENTIAL
# N: 10
# Optimal cost: 1.2619334826669644
# Optimal tour (permutation): [0, 9, 1, 7, 3, 8, 2, 6, 4, 5, 0]
# Optimal walk (full path): [0, 9, 1, 7, 3, 8, 2, 6, 4, 5, 0]
# Walk size: 11
# Is walk (has repeats): false

# Distance Matrix
0.0000000000 0.4590335591 0.5436598581 0.2119457707 1.2980303867 0.0585540566 1.5038343846 0.7180947641 2.2279023088 0.3107446701
0.4590335591 0.0000000000 2.2384854237 1.6214873059 1.2150947647 2.8523206552 0.9829655321 0.1898703675 0.3917943709 0.1177702046
0.5436598581 2.2384854237 0.0000000000 0.6599650359 0.9019728825 1.9715382586 0.1313536967 0.9354248886 0.0905799891 0.2315519366
0.2119457707 1.6214873059 0.6599650359 0.0000000000 0.4354656082 0.5323515847 0.6066035296 0.0253114250 0.0232075992 4.8632111652
1.2980303867 1.2150947647 0.9019728825 0.4354656082 0.0000000000 0.1703303594 0.1442111144 0.9679130131 3.6518034999 1.3521384448
0.0585540566 2.8523206552 1.9715382586 0.5323515847 0.1703303594 0.0000000000 1.4432119133 0.6931317159 0.8741451324 2.5243462927
1.5038343846 0.9829655321 0.1313536967 0.6066035296 0.1442111144 1.4432119133 0.0000000000 0.4604727684 1.0605662141 0.3420496208
0.7180947641 0.1898703675 0.9354248886 0.0253114250 0.9679130131 0.6931317159 0.4604727684 0.0000000000 1.3318730863 3.1799506787
2.2279023088 0.3917943709 0.0905799891 0.0232075992 3.6518034999 0.8741451324 1.0605662141 1.3318730863 0.0000000000 0.3483302211
0.3107446701 0.1177702046 0.2315519366 4.8632111652 1.3521384448 2.5243462927 0.3420496208 3.1799506787 0.3483302211 0.0000000000
