# MCW Instance
# Type: EXPONENTIAL
# N: 10
# Optimal cost: 1.7807502686260683
# Optimal tour (permutation): [0, 6, 8, 1, 2, 9, 7, 3, 4, 5, 0]
# Optimal walk (full path): [0, 6, 8, 1, 2, 9, 7, 9, 3, 9, 4, 5, 4, 0]
# Walk size: 14
# Is walk (has repeats): true

# Distance Matrix
0.0000000000 1.6505248657 0.5620684032 0.2879806250 0.1048829007 0.7144445020 0.0786549845 1.6310155951 1.1762727499 1.6247481271
1.6505248657 0.0000000000 0.2787691763 1.9747174983 0.1266994319 0.2784467340 0.9749096665 0.7087156798 0.3136104124 0.6611608852
0.5620684032 0.2787691763 0.0000000000 1.5560791520 0.1869682644 3.0087419295 0.7348475413 0.4711022089 0.6444948553 0.2961694258
0.2879806250 1.9747174983 1.5560791520 0.0000000000 0.2428978822 0.9197175963 0.2397112921 1.7608847277 3.6660285255 0.0454705407
0.1048829007 0.1266994319 0.1869682644 0.2428978822 0.0000000000 0.0293073205 1.3406133500 0.9487209389 0.2369183523 0.1293303179
0.7144445020 0.2784467340 3.0087419295 0.9197175963 0.0293073205 0.0000000000 0.6836830202 2.4976674720 0.9709629845 1.3143359930
0.0786549845 0.9749096665 0.7348475413 0.2397112921 1.3406133500 0.6836830202 0.0000000000 0.6928998962 0.1414930029 1.9208895032
1.6310155951 0.7087156798 0.4711022089 1.7608847277 0.9487209389 2.4976674720 0.6928998962 0.0000000000 0.5655418836 0.1441421629
1.1762727499 0.3136104124 0.6444948553 3.6660285255 0.2369183523 0.9709629845 0.1414930029 0.5655418836 0.0000000000 0.9481618009
1.6247481271 0.6611608852 0.2961694258 0.0454705407 0.1293303179 1.3143359930 1.9208895032 0.1441421629 0.9481618009 0.0000000000
