# MCW Instance
# Type: EXPONENTIAL
# N: 10
# Optimal cost: 1.662650596116216
# Optimal tour (permutation): [0, 9, 3, 2, 1, 6, 5, 4, 8, 7, 0]
# Optimal walk (full path): [0, 9, 5, 3, 5, 2, 1, 2, 6, 2, 5, 4, 8, 0, 7, 0]
# Walk size: 16
# Is walk (has repeats): true

# Distance Matrix
0.0000000000 0.4567268765 0.7188740886 2.3990235246 0.2757041183 0.3060456003 3.8742434297 0.0277264286 0.2016492218 0.1320138825
0.4567268765 0.0000000000 0.1156499129 0.6803125633 0.5153712035 0.2660177544 1.0544138173 0.4911053139 0.5235476962 1.8055687846
0.7188740886 0.1156499129 0.0000000000 0.3596311623 0.5450903665 0.0525644771 0.2716377716 0.9039095531 0.5141816802 0.3841268375
2.3990235246 0.6803125633 0.3596311623 0.0000000000 0.7533321512 0.1000392677 4.8373266280 1.3185041187 1.6966183300 1.2248990599
0.2757041183 0.5153712035 0.5450903665 0.7533321512 0.0000000000 0.1239349248 1.4437514801 0.8579617780 0.0648915826 1.0848091007
0.3060456003 0.2660177544 0.0525644771 0.1000392677 0.1239349248 0.0000000000 2.7845937504 1.0766313117 1.0629725862 0.0049252687
3.8742434297 1.0544138173 0.2716377716 4.8373266280 1.4437514801 2.7845937504 0.0000000000 0.9726766686 1.3515375879 0.7764477253
0.0277264286 0.4911053139 0.9039095531 1.3185041187 0.8579617780 1.0766313117 0.9726766686 0.0000000000 1.1820836250 1.9100912062
0.2016492218 0.5235476962 0.5141816802 1.6966183300 0.0648915826 1.0629725862 1.3515375879 1.1820836250 0.0000000000 0.6908733817
0.1320138825 1.8055687846 0.3841268375 1.2248990599 1.0848091007 0.0049252687 0.7764477253 1.9100912062 0.6908733817 0.0000000000
