# MCW Instance
# Type: EXPONENTIAL
# N: 7
# Optimal cost: 4.273593389784599
# Optimal tour (permutation): [0, 4, 2, 6, 1, 5, 3, 0]
# Optimal walk (full path): [0, 4, 2, 6, 1, 5, 3, 0]
# Walk size: 8
# Is walk (has repeats): false

# Distance Matrix
0.0000000000 2.8331493955 7.7205082618 0.8603455700 0.6962589031 4.1125376879 2.2984849528
2.8331493955 0.0000000000 0.8676545768 2.0417990191 0.4523150947 0.2512585200 0.4408855159
7.7205082618 0.8676545768 0.0000000000 1.0731381805 0.9248590671 0.8480958411 0.7519485130
0.8603455700 2.0417990191 1.0731381805 0.0000000000 1.7765897917 0.3480373007 5.0856899011
0.6962589031 0.4523150947 0.9248590671 1.7765897917 0.0000000000 1.4722690174 1.4636866739
4.1125376879 0.2512585200 0.8480958411 0.3480373007 1.4722690174 0.0000000000 0.8374003386
2.2984849528 0.4408855159 0.7519485130 5.0856899011 1.4636866739 0.8374003386 0.0000000000
