# MCW Instance
# Type: UNIFORM
# N: 16
# Optimal cost: 1.3645069120682791
# Optimal tour (permutation): [0, 3, 13, 6, 9, 5, 12, 11, 2, 1, 14, 8, 10, 7, 15, 4, 0]
# Optimal walk (full path): [0, 3, 13, 6, 13, 9, 5, 11, 12, 11, 2, 1, 8, 14, 8, 10, 7, 15, 0, 4, 0]
# Walk size: 21
# Is walk (has repeats): true

# Distance Matrix
0.0000000000 0.8733085480 0.2131581279 0.0210369826 0.0369868193 0.9549938030 0.2419096500 0.2401456019 0.1479492747 0.8765352497 0.9308892634 0.0230292172 0.8519074562 0.5229815214 0.1893715055 0.0358081224
0.8733085480 0.0000000000 0.0153768114 0.2508932203 0.9805765850 0.5436756667 0.6029192547 0.3885406200 0.0359843130 0.2452448023 0.8982326948 0.6266356264 0.8438266937 0.7926103598 0.1575150562 0.4214550930
0.2131581279 0.0153768114 0.0000000000 0.6598362708 0.6233781199 0.6546066561 0.4863131861 0.9689919417 0.7006386917 0.3987026000 0.6826932087 0.0389176148 0.5078403107 0.1579666552 0.1389496431 0.9487531901
0.0210369826 0.2508932203 0.6598362708 0.0000000000 0.1777416451 0.8061671534 0.2223439519 0.7517319136 0.9481019110 0.4244941931 0.0692782078 0.2353611992 0.2314925615 0.0370065512 0.7389427093 0.0800192537
0.0369868193 0.9805765850 0.6233781199 0.1777416451 0.0000000000 0.4625908691 0.3356959904 0.6971954082 0.0849430228 0.5435427915 0.2599455504 0.2603421094 0.5299973573 0.1464587380 0.8351974007 0.8325883173
0.9549938030 0.5436756667 0.6546066561 0.8061671534 0.4625908691 0.0000000000 0.6722795938 0.3518324478 0.2469351478 0.2562849062 0.8385271374 0.1026500213 0.7286243307 0.3606917256 0.5674606733 0.7361823885
0.2419096500 0.6029192547 0.4863131861 0.2223439519 0.3356959904 0.6722795938 0.0000000000 0.4760437293 0.8428343638 0.7806087115 0.4189310602 0.4654799210 0.9431311893 0.0158236833 0.6549240203 0.7495456015
0.2401456019 0.3885406200 0.9689919417 0.7517319136 0.6971954082 0.3518324478 0.4760437293 0.0000000000 0.9888191269 0.3446143271 0.1635345552 0.5319218900 0.7698085000 0.7125821120 0.3302227726 0.0811138276
0.1479492747 0.0359843130 0.7006386917 0.9481019110 0.0849430228 0.2469351478 0.8428343638 0.9888191269 0.0000000000 0.8844483262 0.0916643745 0.1220761345 0.3333470977 0.6467856179 0.0135506163 0.8297516610
0.8765352497 0.2452448023 0.3987026000 0.4244941931 0.5435427915 0.2562849062 0.7806087115 0.3446143271 0.8844483262 0.0000000000 0.8560232365 0.8822533737 0.7655525170 0.2483991128 0.6956896139 0.9553234437
0.9308892634 0.8982326948 0.6826932087 0.0692782078 0.2599455504 0.8385271374 0.4189310602 0.1635345552 0.0916643745 0.8560232365 0.0000000000 0.7733720684 0.9423713356 0.5182697764 0.6705127117 0.4696266291
0.0230292172 0.6266356264 0.0389176148 0.2353611992 0.2603421094 0.1026500213 0.4654799210 0.5319218900 0.1220761345 0.8822533737 0.7733720684 0.0000000000 0.0520037406 0.3643381243 0.2672314924 0.2526536213
0.8519074562 0.8438266937 0.5078403107 0.2314925615 0.5299973573 0.7286243307 0.9431311893 0.7698085000 0.3333470977 0.7655525170 0.9423713356 0.0520037406 0.0000000000 0.6954726074 0.2885128932 0.5893156796
0.5229815214 0.7926103598 0.1579666552 0.0370065512 0.1464587380 0.3606917256 0.0158236833 0.7125821120 0.6467856179 0.2483991128 0.5182697764 0.3643381243 0.6954726074 0.0000000000 0.9770314434 0.3947171278
0.1893715055 0.1575150562 0.1389496431 0.7389427093 0.8351974007 0.5674606733 0.6549240203 0.3302227726 0.0135506163 0.6956896139 0.6705127117 0.2672314924 0.2885128932 0.9770314434 0.0000000000 0.1295795612
0.0358081224 0.4214550930 0.9487531901 0.0800192537 0.8325883173 0.7361823885 0.7495456015 0.0811138276 0.8297516610 0.9553234437 0.4696266291 0.2526536213 0.5893156796 0.3947171278 0.1295795612 0.0000000000
