# Graph size: 16
# Optimal cost: 2.019001274908315

# Distance Matrix
0.0 0.5579870579899917 0.4935330623334522 0.8807313705941946 0.45360648549688587 0.858450393712033 0.4133563525777074 0.39315042683713874 0.8407144390261453 0.7987085113847178 0.3335853701664787 0.6276290939039704 0.24485619106501344 0.7488190996380009 0.8649268792660764 0.5632146685134343
0.5579870579899917 0.0 0.07285148040090828 0.9099293189752721 0.8210094315056882 0.6744596934856458 0.6964353727856476 0.5352317976730652 0.7539349287032923 0.3638768768543392 0.6319447810705051 0.9821901525624163 0.8224193328514358 0.7444772401751885 0.6921359064117384 0.4932808383604923
0.4935330623334522 0.07285148040090828 0.0 0.15661559582219076 0.08028353890677642 0.641901079143906 0.8691006239313538 0.3768757687347103 0.4749373108355104 0.02344319730629052 0.745539889018435 0.9481235393472935 0.4619943729504259 0.981504389848326 0.01582383831173151 0.6071723752294997
0.8807313705941946 0.9099293189752721 0.15661559582219076 0.0 0.9952305754774137 0.11553506932003244 0.048575106370176035 0.18723851257695046 0.9632556885423073 0.6132284866407083 0.7446531348967012 0.7820621061427312 0.7599601557820211 0.1786346010602441 0.148376593439275 0.3414640193805687
0.45360648549688587 0.8210094315056882 0.08028353890677642 0.9952305754774137 0.0 0.6307959229708019 0.5581067684787641 0.28283751896314324 0.47082964279948825 0.484619174816439 0.7886233000058289 0.1143666992684288 0.4189252148511453 0.6117992765846038 0.6455652126653012 0.06781178722096481
0.858450393712033 0.6744596934856458 0.641901079143906 0.11553506932003244 0.6307959229708019 0.0 0.9816163834094607 0.28152474264575655 0.15082069572462176 0.31214114260085957 0.3234724121971888 0.5047139096291882 0.41712529359660455 0.11498770937253833 0.5249040401852313 0.34366423883958164
0.4133563525777074 0.6964353727856476 0.8691006239313538 0.048575106370176035 0.5581067684787641 0.9816163834094607 0.0 0.5508368395055654 0.9250992573127194 0.9993963674683117 0.02555073481499559 0.8128823656629242 0.48326240907122764 0.7935631145268731 0.7741107996778911 0.7464035755949102
0.39315042683713874 0.5352317976730652 0.3768757687347103 0.18723851257695046 0.28283751896314324 0.28152474264575655 0.5508368395055654 0.0 0.18511969091261538 0.18216163664335305 0.7123292757005001 0.5196666663033173 0.12340047862342107 0.9008728521381668 0.40866366988872016 0.3040912874159075
0.8407144390261453 0.7539349287032923 0.4749373108355104 0.9632556885423073 0.47082964279948825 0.15082069572462176 0.9250992573127194 0.18511969091261538 0.0 0.7224378315450015 0.821564333137506 0.6403267964777135 0.10979222139606226 0.6444456800503726 0.8679182107814343 0.7293699318416955
0.7987085113847178 0.3638768768543392 0.02344319730629052 0.6132284866407083 0.484619174816439 0.31214114260085957 0.9993963674683117 0.18216163664335305 0.7224378315450015 0.0 0.13481694670824673 0.6948810042408966 0.4937203790916327 0.37078670385671686 0.3493007270305034 0.7833188041071776
0.3335853701664787 0.6319447810705051 0.745539889018435 0.7446531348967012 0.7886233000058289 0.3234724121971888 0.02555073481499559 0.7123292757005001 0.821564333137506 0.13481694670824673 0.0 0.10177092682403543 0.21658395003277342 0.7320502062196114 0.6066178683148699 0.36829046674153354
0.6276290939039704 0.9821901525624163 0.9481235393472935 0.7820621061427312 0.1143666992684288 0.5047139096291882 0.8128823656629242 0.5196666663033173 0.6403267964777135 0.6948810042408966 0.10177092682403543 0.0 0.6057429556279941 0.3046060847223171 0.6127577559420176 0.5558601909317834
0.24485619106501344 0.8224193328514358 0.4619943729504259 0.7599601557820211 0.4189252148511453 0.41712529359660455 0.48326240907122764 0.12340047862342107 0.10979222139606226 0.4937203790916327 0.21658395003277342 0.6057429556279941 0.0 0.7372205296941239 0.8666231031152825 0.9765784217302008
0.7488190996380009 0.7444772401751885 0.981504389848326 0.1786346010602441 0.6117992765846038 0.11498770937253833 0.7935631145268731 0.9008728521381668 0.6444456800503726 0.37078670385671686 0.7320502062196114 0.3046060847223171 0.7372205296941239 0.0 0.5473483671227362 0.2716161860265137
0.8649268792660764 0.6921359064117384 0.01582383831173151 0.148376593439275 0.6455652126653012 0.5249040401852313 0.7741107996778911 0.40866366988872016 0.8679182107814343 0.3493007270305034 0.6066178683148699 0.6127577559420176 0.8666231031152825 0.5473483671227362 0.0 0.12644629903960858
0.5632146685134343 0.4932808383604923 0.6071723752294997 0.3414640193805687 0.06781178722096481 0.34366423883958164 0.7464035755949102 0.3040912874159075 0.7293699318416955 0.7833188041071776 0.36829046674153354 0.5558601909317834 0.9765784217302008 0.2716161860265137 0.12644629903960858 0.0

# Optimal Walk
0 12 8 5 13 3 6 10 11 4 15 14 2 1 9 7 0
