# Graph size: 16
# Optimal cost: 1.8985120028525362

# Distance Matrix
0.0 0.4822213309509872 0.7169888383494563 0.8879508299184431 0.10947663712880762 0.19054917619329514 0.4315803292153939 0.1268612731433214 0.1054483999729301 0.15745601986813307 0.5512900928742972 0.26171648126476077 0.39006481765467327 0.2517414275831469 0.3718784660114567 0.9383827827828539
0.4822213309509872 0.0 0.8403338011075422 0.9594320009494965 0.9176291677854995 0.24519445488265146 0.9224427376602188 0.20143105658134564 0.6651204062180717 0.7505020432369945 0.4455671234879569 0.42074623872666217 0.6923127469614528 0.009520971315541749 8.987250177132644E-4 0.7803900861696244
0.7169888383494563 0.8403338011075422 0.0 0.7710508771781581 0.2687824084717859 0.010728922948393449 0.15777508551136488 0.11736498137237084 0.20684004076057438 0.3993361797943017 0.2474012120270338 0.741496811032814 0.9414876258634087 0.5155911392094829 0.4908609820596961 0.5983648414153855
0.8879508299184431 0.9594320009494965 0.7710508771781581 0.0 0.20659447398141573 0.08660662664054963 0.7416625609851272 0.029221317345366482 0.5557665084803604 0.6624240873879922 0.5420994667761867 0.3065436264193053 0.6853934063565864 0.22364198016932313 0.6403707402105259 0.44674132058135285
0.10947663712880762 0.9176291677854995 0.2687824084717859 0.20659447398141573 0.0 0.4862424626448324 0.3670556546961078 0.9083824252364847 0.8390489807959328 0.23061283774276886 0.7587924296125749 0.13413840132887234 0.6540145506822987 0.3811640549404265 0.35008937125081085 0.257353843358183
0.19054917619329514 0.24519445488265146 0.010728922948393449 0.08660662664054963 0.4862424626448324 0.0 0.44128157632502496 0.8678852922264872 0.18777606964683258 0.49290247292365996 0.8039026366788913 0.3212728214597922 0.5196873123834347 0.44393458459437973 0.5452110410177906 0.6726348843767788
0.4315803292153939 0.9224427376602188 0.15777508551136488 0.7416625609851272 0.3670556546961078 0.44128157632502496 0.0 0.2946467060267016 0.7449793526791733 0.2243161182412834 0.7365446897238401 0.08732418099497374 0.995072163906885 0.6275768544617556 0.8758140227321194 0.9401859405654365
0.1268612731433214 0.20143105658134564 0.11736498137237084 0.029221317345366482 0.9083824252364847 0.8678852922264872 0.2946467060267016 0.0 0.7419233094585751 0.2659479835510963 0.6159610745050835 0.6079189520303278 0.06037186753030377 0.6418809316529178 0.12399811909060976 0.21412574803505668
0.1054483999729301 0.6651204062180717 0.20684004076057438 0.5557665084803604 0.8390489807959328 0.18777606964683258 0.7449793526791733 0.7419233094585751 0.0 0.8318444536415988 0.6945018985701441 0.7954660701408249 0.3857501370444053 0.1762655414611931 0.5280779057906678 0.8039943182698488
0.15745601986813307 0.7505020432369945 0.3993361797943017 0.6624240873879922 0.23061283774276886 0.49290247292365996 0.2243161182412834 0.2659479835510963 0.8318444536415988 0.0 0.5176079400977038 0.6138423695506898 0.25632099848296863 0.3592660315367402 0.9375609093722409 0.44137415181436834
0.5512900928742972 0.4455671234879569 0.2474012120270338 0.5420994667761867 0.7587924296125749 0.8039026366788913 0.7365446897238401 0.6159610745050835 0.6945018985701441 0.5176079400977038 0.0 0.5538694222594651 0.5921207733676923 0.39228667668665096 0.49621168633366974 0.29632426320497596
0.26171648126476077 0.42074623872666217 0.741496811032814 0.3065436264193053 0.13413840132887234 0.3212728214597922 0.08732418099497374 0.6079189520303278 0.7954660701408249 0.6138423695506898 0.5538694222594651 0.0 0.4396274374553548 0.4542605576579831 0.9507204176288121 0.49150864053725907
0.39006481765467327 0.6923127469614528 0.9414876258634087 0.6853934063565864 0.6540145506822987 0.5196873123834347 0.995072163906885 0.06037186753030377 0.3857501370444053 0.25632099848296863 0.5921207733676923 0.4396274374553548 0.0 0.6383124737397429 0.16248035289343699 0.03107589719860193
0.2517414275831469 0.009520971315541749 0.5155911392094829 0.22364198016932313 0.3811640549404265 0.44393458459437973 0.6275768544617556 0.6418809316529178 0.1762655414611931 0.3592660315367402 0.39228667668665096 0.4542605576579831 0.6383124737397429 0.0 0.5571557889397198 0.9503297678742177
0.3718784660114567 8.987250177132644E-4 0.4908609820596961 0.6403707402105259 0.35008937125081085 0.5452110410177906 0.8758140227321194 0.12399811909060976 0.5280779057906678 0.9375609093722409 0.49621168633366974 0.9507204176288121 0.16248035289343699 0.5571557889397198 0.0 0.45262829218806844
0.9383827827828539 0.7803900861696244 0.5983648414153855 0.44674132058135285 0.257353843358183 0.6726348843767788 0.9401859405654365 0.21412574803505668 0.8039943182698488 0.44137415181436834 0.29632426320497596 0.49150864053725907 0.03107589719860193 0.9503297678742177 0.45262829218806844 0.0

# Optimal Walk
0 9 4 11 6 5 2 10 15 12 7 3 14 1 13 8 0
