# MCW Instance
# Type: UNIFORM
# N: 16
# Optimal cost: 1.775144301909636
# Optimal tour (permutation): [0, 10, 4, 14, 12, 15, 8, 2, 3, 7, 9, 11, 5, 6, 1, 13, 0]
# Optimal walk (full path): [0, 10, 4, 14, 12, 15, 2, 8, 2, 3, 7, 9, 11, 5, 11, 6, 1, 6, 13, 0]
# Walk size: 20
# Is walk (has repeats): true

# Distance Matrix
0.0000000000 0.6298088197 0.6823720895 0.8603263646 0.8471385067 0.2073914115 0.6529655809 0.6094982854 0.6693885990 0.2680949329 0.0426581549 0.7991289021 0.1525090316 0.1685220113 0.5331603534 0.6479137817
0.6298088197 0.0000000000 0.4041342125 0.2800689210 0.5495802386 0.9568124736 0.1774676772 0.1872133764 0.3847912634 0.7365855645 0.9449987451 0.3299407345 0.9529741087 0.5846612270 0.9355150166 0.8298412579
0.6823720895 0.4041342125 0.0000000000 0.0263673815 0.8130708880 0.7701837848 0.8341375726 0.7555504855 0.1895451585 0.1703885195 0.0878773946 0.2511208460 0.2954622579 0.5781718975 0.6017544689 0.0134179322
0.8603263646 0.2800689210 0.0263673815 0.0000000000 0.9271936382 0.4295497846 0.2214955866 0.0369838350 0.6714921352 0.2516253475 0.6244798026 0.4877408375 0.7709202549 0.7163462588 0.7702309207 0.9534042795
0.8471385067 0.5495802386 0.8130708880 0.9271936382 0.0000000000 0.6619173232 0.2769121556 0.1136522760 0.4014390026 0.1159558703 0.0372533127 0.9533484026 0.1439059177 0.7433395067 0.0606659398 0.1321053257
0.2073914115 0.9568124736 0.7701837848 0.4295497846 0.6619173232 0.0000000000 0.3048349487 0.7295455847 0.4106032314 0.9325774179 0.5132993329 0.0656179347 0.8347856003 0.4184556052 0.8041552713 0.2069663313
0.6529655809 0.1774676772 0.8341375726 0.2214955866 0.2769121556 0.3048349487 0.0000000000 0.1532073111 0.6598681186 0.9984502101 0.0490308136 0.0912812719 0.2514914088 0.1567921043 0.3436209895 0.5112771509
0.6094982854 0.1872133764 0.7555504855 0.0369838350 0.1136522760 0.7295455847 0.1532073111 0.0000000000 0.2828259706 0.0515107334 0.1963412768 0.7383726872 0.4523174589 0.9872314010 0.0833654436 0.9520516359
0.6693885990 0.3847912634 0.1895451585 0.6714921352 0.4014390026 0.4106032314 0.6598681186 0.2828259706 0.0000000000 0.3304809559 0.7145208839 0.9049245627 0.4192462177 0.8719123366 0.6275535351 0.9532248105
0.2680949329 0.7365855645 0.1703885195 0.2516253475 0.1159558703 0.9325774179 0.9984502101 0.0515107334 0.3304809559 0.0000000000 0.6825356778 0.1520472377 0.9142854515 0.3141123938 0.6848769072 0.9617547914
0.0426581549 0.9449987451 0.0878773946 0.6244798026 0.0372533127 0.5132993329 0.0490308136 0.1963412768 0.7145208839 0.6825356778 0.0000000000 0.8364132954 0.1446550647 0.2117569947 0.3313300301 0.8564332145
0.7991289021 0.3299407345 0.2511208460 0.4877408375 0.9533484026 0.0656179347 0.0912812719 0.7383726872 0.9049245627 0.1520472377 0.8364132954 0.0000000000 0.4729108851 0.9623216232 0.2751749926 0.9004049179
0.1525090316 0.9529741087 0.2954622579 0.7709202549 0.1439059177 0.8347856003 0.2514914088 0.4523174589 0.4192462177 0.9142854515 0.1446550647 0.4729108851 0.0000000000 0.6515064080 0.0229472851 0.0494355613
0.1685220113 0.5846612270 0.5781718975 0.7163462588 0.7433395067 0.4184556052 0.1567921043 0.9872314010 0.8719123366 0.3141123938 0.2117569947 0.9623216232 0.6515064080 0.0000000000 0.6475644790 0.3632483686
0.5331603534 0.9355150166 0.6017544689 0.7702309207 0.0606659398 0.8041552713 0.3436209895 0.0833654436 0.6275535351 0.6848769072 0.3313300301 0.2751749926 0.0229472851 0.6475644790 0.0000000000 0.5098896629
0.6479137817 0.8298412579 0.0134179322 0.9534042795 0.1321053257 0.2069663313 0.5112771509 0.9520516359 0.9532248105 0.9617547914 0.8564332145 0.9004049179 0.0494355613 0.3632483686 0.5098896629 0.0000000000
