# MCW Instance
# Type: UNIFORM
# N: 16
# Optimal cost: 2.291593611231791
# Optimal tour (permutation): [0, 14, 10, 15, 2, 4, 3, 9, 8, 11, 5, 1, 13, 6, 12, 7, 0]
# Optimal walk (full path): [0, 14, 10, 15, 2, 4, 3, 9, 8, 5, 11, 5, 1, 13, 6, 7, 12, 7, 0]
# Walk size: 19
# Is walk (has repeats): true

# Distance Matrix
0.0000000000 0.6379600499 0.3217069094 0.3299521126 0.9307807406 0.9580533611 0.3917225755 0.0044374833 0.9673585031 0.2382724684 0.5419276065 0.5017335322 0.7575800691 0.7485718266 0.3059973861 0.3276671461
0.6379600499 0.0000000000 0.6959268384 0.9208665989 0.7864494771 0.0052913518 0.6217471216 0.1536571141 0.6660334966 0.6161015029 0.8478353144 0.1632697601 0.9522378052 0.0983325304 0.8099608322 0.1661687003
0.3217069094 0.6959268384 0.0000000000 0.5257449548 0.0677484845 0.1586666489 0.7090195911 0.9474555791 0.7241874890 0.3890703871 0.2766624124 0.3937406915 0.4862266330 0.9100664463 0.9028776925 0.0358705433
0.3299521126 0.9208665989 0.5257449548 0.0000000000 0.3566825392 0.7912403239 0.8848066132 0.6571077976 0.6632657964 0.2939713740 0.3591121368 0.8097413636 0.7415577871 0.6926135974 0.9364450848 0.3543770030
0.9307807406 0.7864494771 0.0677484845 0.3566825392 0.0000000000 0.3315812650 0.8223086554 0.8105050424 0.7950889080 0.9445866075 0.2518989263 0.7589633998 0.4265764746 0.2232777545 0.9735728715 0.2357415774
0.9580533611 0.0052913518 0.1586666489 0.7912403239 0.3315812650 0.0000000000 0.9432590240 0.3665532223 0.0252887364 0.3176145854 0.8252802017 0.0189394043 0.5176866673 0.6128365055 0.5126832984 0.6352442328
0.3917225755 0.6217471216 0.7090195911 0.8848066132 0.8223086554 0.9432590240 0.0000000000 0.1241139476 0.3654606226 0.1065573918 0.2225620535 0.2105511403 0.8962545425 0.0947435018 0.5346106316 0.4316418241
0.0044374833 0.1536571141 0.9474555791 0.6571077976 0.8105050424 0.3665532223 0.1241139476 0.0000000000 0.2095857420 0.3897288702 0.2474841207 0.7996925595 0.0653809277 0.7876465549 0.3812565547 0.9454230517
0.9673585031 0.6660334966 0.7241874890 0.6632657964 0.7950889080 0.0252887364 0.3654606226 0.2095857420 0.0000000000 0.0662381863 0.8098368984 0.2484721785 0.5324116302 0.3419981714 0.7722157992 0.5084108282
0.2382724684 0.6161015029 0.3890703871 0.2939713740 0.9445866075 0.3176145854 0.1065573918 0.3897288702 0.0662381863 0.0000000000 0.5615944640 0.2275562741 0.8427346803 0.4851175556 0.6078411719 0.9244255709
0.5419276065 0.8478353144 0.2766624124 0.3591121368 0.2518989263 0.8252802017 0.2225620535 0.2474841207 0.8098368984 0.5615944640 0.0000000000 0.7935051948 0.7675377437 0.8675436484 0.5125352325 0.1317016500
0.5017335322 0.1632697601 0.3937406915 0.8097413636 0.7589633998 0.0189394043 0.2105511403 0.7996925595 0.2484721785 0.2275562741 0.7935051948 0.0000000000 0.2517003336 0.2643190139 0.8359774918 0.3021423692
0.7575800691 0.9522378052 0.4862266330 0.7415577871 0.4265764746 0.5176866673 0.8962545425 0.0653809277 0.5324116302 0.8427346803 0.7675377437 0.2517003336 0.0000000000 0.2077432130 0.7593414284 0.7248910149
0.7485718266 0.0983325304 0.9100664463 0.6926135974 0.2232777545 0.6128365055 0.0947435018 0.7876465549 0.3419981714 0.4851175556 0.8675436484 0.2643190139 0.2077432130 0.0000000000 0.6944909684 0.6586767806
0.3059973861 0.8099608322 0.9028776925 0.9364450848 0.9735728715 0.5126832984 0.5346106316 0.3812565547 0.7722157992 0.6078411719 0.5125352325 0.8359774918 0.7593414284 0.6944909684 0.0000000000 0.4434819068
0.3276671461 0.1661687003 0.0358705433 0.3543770030 0.2357415774 0.6352442328 0.4316418241 0.9454230517 0.5084108282 0.9244255709 0.1317016500 0.3021423692 0.7248910149 0.6586767806 0.4434819068 0.0000000000
