# MCW Instance
# Type: UNIFORM
# N: 16
# Optimal cost: 1.8443118652766026
# Optimal tour (permutation): [0, 15, 13, 2, 12, 8, 7, 4, 14, 10, 3, 11, 5, 6, 9, 1, 0]
# Optimal walk (full path): [0, 15, 13, 15, 2, 12, 8, 7, 4, 14, 10, 14, 3, 11, 5, 6, 9, 0, 1, 0]
# Walk size: 20
# Is walk (has repeats): true

# Distance Matrix
0.0000000000 0.0459561482 0.7529670338 0.8944669430 0.3730019526 0.6581018258 0.1106322955 0.1252800962 0.5237026766 0.0805690618 0.5921640741 0.3856451396 0.3918966059 0.4881002541 0.0692500704 0.1873740324
0.0459561482 0.0000000000 0.6504117854 0.5592409253 0.4924507168 0.7908087927 0.8419171740 0.9953731036 0.8022395148 0.3148167152 0.2035149817 0.2462770335 0.2389319115 0.8848724284 0.9928976950 0.9063636934
0.7529670338 0.6504117854 0.0000000000 0.9895217061 0.6393256339 0.8795772870 0.5279460887 0.2432324587 0.9618052672 0.9891075714 0.6613944531 0.8926313647 0.1368115268 0.7438850556 0.7767468120 0.3134410817
0.8944669430 0.5592409253 0.9895217061 0.0000000000 0.7359001201 0.7310273643 0.3473232136 0.8837248165 0.4334629964 0.4459926810 0.7831180211 0.1619087742 0.6239628885 0.9100177275 0.0902215345 0.9331450146
0.3730019526 0.4924507168 0.6393256339 0.7359001201 0.0000000000 0.1665796924 0.8401153524 0.1022490122 0.6548071440 0.8185783799 0.2622876633 0.8807310342 0.1844499453 0.4353101944 0.2017741975 0.4136463260
0.6581018258 0.7908087927 0.8795772870 0.7310273643 0.1665796924 0.0000000000 0.0573534300 0.8126094620 0.3585683544 0.0547545428 0.9958107031 0.1264511546 0.4821004218 0.2411129543 0.7786081590 0.2850849601
0.1106322955 0.8419171740 0.5279460887 0.3473232136 0.8401153524 0.0573534300 0.0000000000 0.4958986409 0.9021376362 0.0766854326 0.1504633935 0.2912039985 0.6307964451 0.3697518868 0.5086333878 0.5079289431
0.1252800962 0.9953731036 0.2432324587 0.8837248165 0.1022490122 0.8126094620 0.4958986409 0.0000000000 0.1259973037 0.5986752819 0.8728618581 0.5520138249 0.6349622253 0.7797471481 0.6886179086 0.5601490642
0.5237026766 0.8022395148 0.9618052672 0.4334629964 0.6548071440 0.3585683544 0.9021376362 0.1259973037 0.0000000000 0.1253538953 0.4094689725 0.2761350847 0.0159951756 0.6991481433 0.1222919032 0.8941295513
0.0805690618 0.3148167152 0.9891075714 0.4459926810 0.8185783799 0.0547545428 0.0766854326 0.5986752819 0.1253538953 0.0000000000 0.2464468452 0.3237224094 0.7287817972 0.6373509329 0.0821509865 0.3003566027
0.5921640741 0.2035149817 0.6613944531 0.7831180211 0.2622876633 0.9958107031 0.1504633935 0.8728618581 0.4094689725 0.2464468452 0.0000000000 0.4579708208 0.4909944271 0.5534035459 0.0163195864 0.9551955390
0.3856451396 0.2462770335 0.8926313647 0.1619087742 0.8807310342 0.1264511546 0.2912039985 0.5520138249 0.2761350847 0.3237224094 0.4579708208 0.0000000000 0.7566044496 0.6107128686 0.4339406711 0.3455104710
0.3918966059 0.2389319115 0.1368115268 0.6239628885 0.1844499453 0.4821004218 0.6307964451 0.6349622253 0.0159951756 0.7287817972 0.4909944271 0.7566044496 0.0000000000 0.2369513228 0.5087322907 0.4585429073
0.4881002541 0.8848724284 0.7438850556 0.9100177275 0.4353101944 0.2411129543 0.3697518868 0.7797471481 0.6991481433 0.6373509329 0.5534035459 0.6107128686 0.2369513228 0.0000000000 0.4628056052 0.0214643390
0.0692500704 0.9928976950 0.7767468120 0.0902215345 0.2017741975 0.7786081590 0.5086333878 0.6886179086 0.1222919032 0.0821509865 0.0163195864 0.4339406711 0.5087322907 0.4628056052 0.0000000000 0.6729285275
0.1873740324 0.9063636934 0.3134410817 0.9331450146 0.4136463260 0.2850849601 0.5079289431 0.5601490642 0.8941295513 0.3003566027 0.9551955390 0.3455104710 0.4585429073 0.0214643390 0.6729285275 0.0000000000
