# MCW Instance
# Type: UNIFORM
# N: 16
# Optimal cost: 1.4331790726539024
# Optimal tour (permutation): [0, 2, 8, 12, 7, 1, 14, 3, 10, 5, 11, 15, 6, 13, 4, 9, 0]
# Optimal walk (full path): [0, 2, 8, 12, 7, 1, 14, 3, 10, 5, 10, 11, 15, 6, 13, 4, 13, 9, 10, 0]
# Walk size: 20
# Is walk (has repeats): true

# Distance Matrix
0.0000000000 0.6431856689 0.0386153525 0.9133417115 0.7919531281 0.8224724158 0.1481304794 0.9131766511 0.8801231068 0.1689630312 0.0457254282 0.8667992918 0.5995180442 0.1477110393 0.2012473680 0.3703342655
0.6431856689 0.0000000000 0.6884393509 0.4913440650 0.7691761017 0.5246710984 0.7768886169 0.1162218410 0.8371691577 0.4959211740 0.6920286100 0.3633937442 0.2653748998 0.4722227682 0.0310630227 0.9108219185
0.0386153525 0.6884393509 0.0000000000 0.4485751980 0.9615046885 0.3887727985 0.3449376450 0.2013835381 0.0320456115 0.1357352553 0.3024500759 0.3661386581 0.5361429307 0.1832921889 0.2974282636 0.6737971613
0.9133417115 0.4913440650 0.4485751980 0.0000000000 0.5769313898 0.7426211384 0.8340285054 0.8500437934 0.4793682454 0.6878040303 0.1718411870 0.9520008638 0.3086285290 0.7665758930 0.1586823999 0.4453333902
0.7919531281 0.7691761017 0.9615046885 0.5769313898 0.0000000000 0.5426301378 0.5674755595 0.8747573004 0.5872098890 0.8501357330 0.8484094037 0.4424738693 0.2674932617 0.0518539020 0.5591780970 0.2477872344
0.8224724158 0.5246710984 0.3887727985 0.7426211384 0.5426301378 0.0000000000 0.5786999281 0.2491897716 0.6493055260 0.9918060444 0.0346798356 0.7937711742 0.5425480998 0.4454943922 0.5386334934 0.2406029385
0.1481304794 0.7768886169 0.3449376450 0.8340285054 0.5674755595 0.5786999281 0.0000000000 0.9807515865 0.5156539427 0.9129969094 0.6786788520 0.7922617669 0.2469727528 0.0468887049 0.8651072136 0.0238844703
0.9131766511 0.1162218410 0.2013835381 0.8500437934 0.8747573004 0.2491897716 0.9807515865 0.0000000000 0.6827784039 0.4912281121 0.4022823235 0.7904290933 0.0862356788 0.6372968294 0.7923609316 0.1421594107
0.8801231068 0.8371691577 0.0320456115 0.4793682454 0.5872098890 0.6493055260 0.5156539427 0.6827784039 0.0000000000 0.8840788425 0.4514310223 0.5792795006 0.2280139430 0.8365720948 0.1066948143 0.9457741045
0.1689630312 0.4959211740 0.1357352553 0.6878040303 0.8501357330 0.9918060444 0.9129969094 0.4912281121 0.8840788425 0.0000000000 0.0412477778 0.3602416848 0.7517995927 0.0713418448 0.0741861956 0.6340260210
0.0457254282 0.6920286100 0.3024500759 0.1718411870 0.8484094037 0.0346798356 0.6786788520 0.4022823235 0.4514310223 0.0412477778 0.0000000000 0.0881988362 0.2768091452 0.2800701678 0.1048404530 0.3882005852
0.8667992918 0.3633937442 0.3661386581 0.9520008638 0.4424738693 0.7937711742 0.7922617669 0.7904290933 0.5792795006 0.3602416848 0.0881988362 0.0000000000 0.4821485742 0.8425122467 0.2751561769 0.0801054987
0.5995180442 0.2653748998 0.5361429307 0.3086285290 0.2674932617 0.5425480998 0.2469727528 0.0862356788 0.2280139430 0.7517995927 0.2768091452 0.4821485742 0.0000000000 0.7864127458 0.3868709184 0.2030435070
0.1477110393 0.4722227682 0.1832921889 0.7665758930 0.0518539020 0.4454943922 0.0468887049 0.6372968294 0.8365720948 0.0713418448 0.2800701678 0.8425122467 0.7864127458 0.0000000000 0.0507908835 0.0421303083
0.2012473680 0.0310630227 0.2974282636 0.1586823999 0.5591780970 0.5386334934 0.8651072136 0.7923609316 0.1066948143 0.0741861956 0.1048404530 0.2751561769 0.3868709184 0.0507908835 0.0000000000 0.4328902046
0.3703342655 0.9108219185 0.6737971613 0.4453333902 0.2477872344 0.2406029385 0.0238844703 0.1421594107 0.9457741045 0.6340260210 0.3882005852 0.0801054987 0.2030435070 0.0421303083 0.4328902046 0.0000000000
