# MCW Instance
# Type: UNIFORM
# N: 16
# Optimal cost: 2.1767134225119156
# Optimal tour (permutation): [0, 12, 8, 11, 14, 4, 3, 10, 13, 15, 5, 2, 7, 6, 9, 1, 0]
# Optimal walk (full path): [0, 12, 8, 11, 14, 4, 3, 10, 13, 15, 5, 2, 7, 6, 0, 9, 1, 9, 0]
# Walk size: 19
# Is walk (has repeats): true

# Distance Matrix
0.0000000000 0.1603526099 0.9882743816 0.4437517105 0.5800546812 0.9835890004 0.2239010121 0.4100781630 0.8985871182 0.0601431641 0.3078813703 0.2461925789 0.0450792792 0.2251248326 0.4665056788 0.9160416198
0.1603526099 0.0000000000 0.9662882120 0.8489277885 0.3701885798 0.7467253681 0.4188768517 0.3163904477 0.7839070154 0.0328988487 0.3865912335 0.9916141222 0.4953872128 0.8424223946 0.8263495894 0.7326785302
0.9882743816 0.9662882120 0.0000000000 0.7193132992 0.4200203858 0.1060665130 0.8808454067 0.0127445611 0.9616836448 0.4745751503 0.7904432662 0.1050920193 0.6897777567 0.9127986300 0.3884769313 0.9454192828
0.4437517105 0.8489277885 0.7193132992 0.0000000000 0.0972960276 0.7553618065 0.9571081506 0.7004966399 0.9494222908 0.5431225810 0.3175041803 0.3989512357 0.1315456397 0.6696421620 0.8601534877 0.4100207990
0.5800546812 0.3701885798 0.4200203858 0.0972960276 0.0000000000 0.7150950839 0.5184014883 0.4145988851 0.9698316312 0.6760395812 0.9526114139 0.7806400660 0.5237863147 0.5456246267 0.2157520078 0.8534092654
0.9835890004 0.7467253681 0.1060665130 0.7553618065 0.7150950839 0.0000000000 0.7405603218 0.8988935489 0.5285165334 0.6663249588 0.6713709253 0.9937683652 0.9266238227 0.3487805665 0.6775957712 0.0619412311
0.2239010121 0.4188768517 0.8808454067 0.9571081506 0.5184014883 0.7405603218 0.0000000000 0.1740025546 0.9495260130 0.4304824400 0.7225542716 0.9071393310 0.3120524370 0.4986047212 0.7406222004 0.5189222220
0.4100781630 0.3163904477 0.0127445611 0.7004966399 0.4145988851 0.8988935489 0.1740025546 0.0000000000 0.7048909981 0.7818851470 0.8843787281 0.6740997869 0.7075890376 0.3254171408 0.9492039784 0.7635152506
0.8985871182 0.7839070154 0.9616836448 0.9494222908 0.9698316312 0.5285165334 0.9495260130 0.7048909981 0.0000000000 0.9322278695 0.8519850267 0.1105171527 0.0505642925 0.5206984482 0.6890930932 0.6439950352
0.0601431641 0.0328988487 0.4745751503 0.5431225810 0.6760395812 0.6663249588 0.4304824400 0.7818851470 0.9322278695 0.0000000000 0.7408636660 0.9995523163 0.6344799374 0.7087033195 0.7149078654 0.9970973763
0.3078813703 0.3865912335 0.7904432662 0.3175041803 0.9526114139 0.6713709253 0.7225542716 0.8843787281 0.8519850267 0.7408636660 0.0000000000 0.7035077679 0.3272047035 0.2035289048 0.5315087732 0.6324808388
0.2461925789 0.9916141222 0.1050920193 0.3989512357 0.7806400660 0.9937683652 0.9071393310 0.6740997869 0.1105171527 0.9995523163 0.7035077679 0.0000000000 0.9164338543 0.2572644481 0.0640776353 0.4738606657
0.0450792792 0.4953872128 0.6897777567 0.1315456397 0.5237863147 0.9266238227 0.3120524370 0.7075890376 0.0505642925 0.6344799374 0.3272047035 0.9164338543 0.0000000000 0.7241062272 0.4632776123 0.2783212682
0.2251248326 0.8424223946 0.9127986300 0.6696421620 0.5456246267 0.3487805665 0.4986047212 0.3254171408 0.5206984482 0.7087033195 0.2035289048 0.2572644481 0.7241062272 0.0000000000 0.6125105689 0.3076540449
0.4665056788 0.8263495894 0.3884769313 0.8601534877 0.2157520078 0.6775957712 0.7406222004 0.9492039784 0.6890930932 0.7149078654 0.5315087732 0.0640776353 0.4632776123 0.6125105689 0.0000000000 0.9972617918
0.9160416198 0.7326785302 0.9454192828 0.4100207990 0.8534092654 0.0619412311 0.5189222220 0.7635152506 0.6439950352 0.9970973763 0.6324808388 0.4738606657 0.2783212682 0.3076540449 0.9972617918 0.0000000000
