# MCW Instance
# Type: UNIFORM
# N: 16
# Optimal cost: 1.73199861112036
# Optimal tour (permutation): [0, 13, 5, 2, 12, 6, 14, 4, 8, 1, 3, 11, 15, 10, 9, 7, 0]
# Optimal walk (full path): [0, 13, 2, 5, 2, 13, 12, 6, 14, 4, 1, 8, 1, 3, 11, 15, 10, 15, 9, 15, 7, 0]
# Walk size: 22
# Is walk (has repeats): true

# Distance Matrix
0.0000000000 0.4134437618 0.1492911809 0.9075491881 0.6611342272 0.6734573520 0.5888820111 0.0536051642 0.3348029061 0.1046278609 0.3099767837 0.6835608717 0.7931574672 0.0565515458 0.8720774430 0.5597287127
0.4134437618 0.0000000000 0.4792893095 0.0447019402 0.0596368512 0.9600622271 0.2757446287 0.5968350729 0.2396766311 0.9173192463 0.5619260739 0.4159851467 0.4325789505 0.0665786892 0.5338779636 0.7953836662
0.1492911809 0.4792893095 0.0000000000 0.7591686099 0.3064638689 0.0516220851 0.9559869636 0.6391158857 0.7304013317 0.1317505624 0.9938985784 0.3588549730 0.3164714576 0.0867710372 0.4228241226 0.4016262610
0.9075491881 0.0447019402 0.7591686099 0.0000000000 0.6778832714 0.2277386378 0.8757985791 0.2379155711 0.7708322428 0.9929982700 0.3907766390 0.1114767829 0.8324769015 0.3433996438 0.8462791533 0.7242889888
0.6611342272 0.0596368512 0.3064638689 0.6778832714 0.0000000000 0.9789964845 0.2731367497 0.5361393781 0.6232127007 0.8321679326 0.3254025213 0.5764953168 0.5217744481 0.2626281563 0.0733382251 0.8235250830
0.6734573520 0.9600622271 0.0516220851 0.2277386378 0.9789964845 0.0000000000 0.7524225186 0.8389627592 0.6292964714 0.2470241841 0.5377609840 0.8539900621 0.3792259084 0.2527755169 0.7936832686 0.8630852722
0.5888820111 0.2757446287 0.9559869636 0.8757985791 0.2731367497 0.7524225186 0.0000000000 0.3040240769 0.2757635030 0.7329903225 0.5141163191 0.4459949158 0.0766366013 0.6249926470 0.0745394196 0.3060855684
0.0536051642 0.5968350729 0.6391158857 0.2379155711 0.5361393781 0.8389627592 0.3040240769 0.0000000000 0.5654226266 0.6847597910 0.4684290728 0.2163667783 0.6493541321 0.2150941927 0.8246937022 0.0222600927
0.3348029061 0.2396766311 0.7304013317 0.7708322428 0.6232127007 0.6292964714 0.2757635030 0.5654226266 0.0000000000 0.5557618466 0.8049713718 0.5074548327 0.7303040133 0.3163459347 0.6001016841 0.3505438852
0.1046278609 0.9173192463 0.1317505624 0.9929982700 0.8321679326 0.2470241841 0.7329903225 0.6847597910 0.5557618466 0.0000000000 0.1297903859 0.6157366403 0.4044331746 0.3502976894 0.7803914611 0.0051071227
0.3099767837 0.5619260739 0.9938985784 0.3907766390 0.3254025213 0.5377609840 0.5141163191 0.4684290728 0.8049713718 0.1297903859 0.0000000000 0.6458293557 0.3843102378 0.1729370427 0.5607029410 0.0448195827
0.6835608717 0.4159851467 0.3588549730 0.1114767829 0.5764953168 0.8539900621 0.4459949158 0.2163667783 0.5074548327 0.6157366403 0.6458293557 0.0000000000 0.6185245863 0.3167901462 0.4275044609 0.1622336146
0.7931574672 0.4325789505 0.3164714576 0.8324769015 0.5217744481 0.3792259084 0.0766366013 0.6493541321 0.7303040133 0.4044331746 0.3843102378 0.6185245863 0.0000000000 0.1410254560 0.4848087333 0.3298395760
0.0565515458 0.0665786892 0.0867710372 0.3433996438 0.2626281563 0.2527755169 0.6249926470 0.2150941927 0.3163459347 0.3502976894 0.1729370427 0.3167901462 0.1410254560 0.0000000000 0.8696964445 0.0181199131
0.8720774430 0.5338779636 0.4228241226 0.8462791533 0.0733382251 0.7936832686 0.0745394196 0.8246937022 0.6001016841 0.7803914611 0.5607029410 0.4275044609 0.4848087333 0.8696964445 0.0000000000 0.3556702723
0.5597287127 0.7953836662 0.4016262610 0.7242889888 0.8235250830 0.8630852722 0.3060855684 0.0222600927 0.3505438852 0.0051071227 0.0448195827 0.1622336146 0.3298395760 0.0181199131 0.3556702723 0.0000000000
