# Graph size: 16
# Optimal cost: 1.3501654470199975

# Distance Matrix
0.0 0.6159050781754704 0.5575526555244756 0.5995232640918039 0.45447372729052615 0.017938367004579625 0.5002103733707705 0.2144555416696282 0.08185078372901156 0.7349076256538606 0.9773304149612655 0.4100695760655365 0.8708777703345632 0.5092068221208038 0.03396565804620577 0.30901126541771584
0.6159050781754704 0.0 0.1080873346863106 0.8696312016496788 0.3867099106565709 0.46209337723918076 0.15065222804924894 0.21574725976668108 0.9570551110147704 0.4326621936973345 0.4508468420297098 0.19602575003262124 0.28357181756217953 0.4450061667378299 0.2526826415524144 0.4283525223299329
0.5575526555244756 0.1080873346863106 0.0 0.370560605973845 0.22794071259908466 0.4329154070385446 0.9718829357498787 0.8677363091828116 0.06067971827802732 0.4361619697406779 0.6008077104644025 0.34367069854058263 0.685331016268762 0.7626532158670234 0.8534493040936978 0.8151338782262476
0.5995232640918039 0.8696312016496788 0.370560605973845 0.0 0.1888293229504192 0.007188800723904265 0.03420963562554491 0.6251378176874223 0.1768471820460501 0.019148535121732868 0.8312412355280349 0.22440058002420082 0.5632004896693606 0.35595399458646126 0.9793161644395294 0.40411296900511817
0.45447372729052615 0.3867099106565709 0.22794071259908466 0.1888293229504192 0.0 0.0804923622887348 0.8361634648443033 0.4452176176084721 0.05230380698828274 0.181214865567482 0.6634219523526165 0.9420815347649614 0.5617641716789837 0.3432556244328989 0.2887773401654219 0.18946680000478677
0.017938367004579625 0.46209337723918076 0.4329154070385446 0.007188800723904265 0.0804923622887348 0.0 0.6044047805965004 0.9197320215070277 0.9064127246598724 0.2275339058454542 0.10508472067889041 0.5803027808497447 0.23663407895302002 0.266563985128342 0.8973642491542444 0.07958325986674764
0.5002103733707705 0.15065222804924894 0.9718829357498787 0.03420963562554491 0.8361634648443033 0.6044047805965004 0.0 0.03999129657861622 0.007151512984704178 0.7242977270167188 0.5580170620466692 0.6276999553166879 0.10175516588827294 0.9592974809676608 0.8315334564767995 0.48607016522433133
0.2144555416696282 0.21574725976668108 0.8677363091828116 0.6251378176874223 0.4452176176084721 0.9197320215070277 0.03999129657861622 0.0 0.4448936220870715 0.665263079725866 0.15854635475284973 0.016437641805730485 0.27712400894779743 0.3845846909960743 0.7863275185435386 0.3071316732606204
0.08185078372901156 0.9570551110147704 0.06067971827802732 0.1768471820460501 0.05230380698828274 0.9064127246598724 0.007151512984704178 0.4448936220870715 0.0 0.6670424682308056 0.35829312595431506 0.17351288078870608 0.8003032609332351 0.7958980408737837 0.7095434749090961 0.16147758219536057
0.7349076256538606 0.4326621936973345 0.4361619697406779 0.019148535121732868 0.181214865567482 0.2275339058454542 0.7242977270167188 0.665263079725866 0.6670424682308056 0.0 0.6939761478840608 0.6110124853756291 0.494783190474128 0.5245419414019511 0.928472221808341 0.837050006559682
0.9773304149612655 0.4508468420297098 0.6008077104644025 0.8312412355280349 0.6634219523526165 0.10508472067889041 0.5580170620466692 0.15854635475284973 0.35829312595431506 0.6939761478840608 0.0 0.4253691725482486 0.2674470919072214 0.6464021221246246 0.03828307842704082 0.49306341726338265
0.4100695760655365 0.19602575003262124 0.34367069854058263 0.22440058002420082 0.9420815347649614 0.5803027808497447 0.6276999553166879 0.016437641805730485 0.17351288078870608 0.6110124853756291 0.4253691725482486 0.0 0.7582654614085613 0.08670048565153299 0.410351062788758 0.6947495782565445
0.8708777703345632 0.28357181756217953 0.685331016268762 0.5632004896693606 0.5617641716789837 0.23663407895302002 0.10175516588827294 0.27712400894779743 0.8003032609332351 0.494783190474128 0.2674470919072214 0.7582654614085613 0.0 0.28588811640299516 0.9757250680322976 0.2466112075061513
0.5092068221208038 0.4450061667378299 0.7626532158670234 0.35595399458646126 0.3432556244328989 0.266563985128342 0.9592974809676608 0.3845846909960743 0.7958980408737837 0.5245419414019511 0.6464021221246246 0.08670048565153299 0.28588811640299516 0.0 0.5448780023093523 0.9134571291847359
0.03396565804620577 0.2526826415524144 0.8534493040936978 0.9793161644395294 0.2887773401654219 0.8973642491542444 0.8315334564767995 0.7863275185435386 0.7095434749090961 0.928472221808341 0.03828307842704082 0.410351062788758 0.9757250680322976 0.5448780023093523 0.0 0.6122271477338591
0.30901126541771584 0.4283525223299329 0.8151338782262476 0.40411296900511817 0.18946680000478677 0.07958325986674764 0.48607016522433133 0.3071316732606204 0.16147758219536057 0.837050006559682 0.49306341726338265 0.6947495782565445 0.2466112075061513 0.9134571291847359 0.6122271477338591 0.0

# Optimal Walk
0 15 4 8 2 1 13 11 7 12 6 3 9 5 14 10 0
