# Graph size: 16
# Optimal cost: 1.6296333171286252

# Distance Matrix
0.0 0.15679263153502443 0.9583073454837608 0.8599770655866937 0.11889268817994447 0.33863400265303845 0.1337773940886241 0.8930858217844786 0.028511255443732564 0.9075569936859048 0.024016385461497758 0.958137018603475 0.2007767824499226 0.9308394502540974 0.6634879434167581 0.20942710459978942
0.15679263153502443 0.0 0.7260052320152754 0.8027964500701258 0.6154064454052722 0.2559614355575952 0.5621830847951214 0.4373989081244435 0.9879079525952423 0.44469157761944056 0.04973495390744287 0.3116316612511677 0.6709330613014343 0.34045450965423896 0.6371306342371392 0.3955103383081292
0.9583073454837608 0.7260052320152754 0.0 0.5184611031657494 0.5679276197765902 0.37839697270138817 0.20877747860547136 0.13140007720321334 0.4006397217209414 0.3348893624651894 0.729650555575731 0.35835008651965017 0.4830548436073472 0.6162169080440062 0.6475954108102611 0.6246224689826535
0.8599770655866937 0.8027964500701258 0.5184611031657494 0.0 0.8539723241168938 0.42900375356914144 0.4999510112184371 0.724310600357044 0.00296319317775251 0.16720878448251142 0.5613320117325682 0.7658728664055062 0.036289228871713486 0.2740145193850031 0.9650880182696278 0.548601863373294
0.11889268817994447 0.6154064454052722 0.5679276197765902 0.8539723241168938 0.0 0.1547279164407569 0.3328353216283073 0.42769964583278186 0.7655180140412319 0.5529529247363918 0.6037840811361915 0.1198429895108265 0.07764050894604901 0.5385963307633989 0.01197530547226866 0.6819557183923148
0.33863400265303845 0.2559614355575952 0.37839697270138817 0.42900375356914144 0.1547279164407569 0.0 0.2852513705420666 0.1388453511998463 0.4153323223314852 0.11748975346031587 0.5336836792397475 0.7134029299384435 0.8321043065092949 0.3136367596234868 0.7343282432655007 0.12486821259276093
0.1337773940886241 0.5621830847951214 0.20877747860547136 0.4999510112184371 0.3328353216283073 0.2852513705420666 0.0 0.1920889623965477 0.2371644973495557 0.15596756210239893 0.8310689972898432 0.09059511836341716 0.43210344252063204 0.4472095311142543 0.8586058763989773 0.9704685764156619
0.8930858217844786 0.4373989081244435 0.13140007720321334 0.724310600357044 0.42769964583278186 0.1388453511998463 0.1920889623965477 0.0 0.3063749478002791 0.18770797448259813 0.992842788898546 0.13504404101028455 0.8360530799727253 0.4340204502163538 0.6768070334223162 0.0036746030099850113
0.028511255443732564 0.9879079525952423 0.4006397217209414 0.00296319317775251 0.7655180140412319 0.4153323223314852 0.2371644973495557 0.3063749478002791 0.0 0.7388050460125632 0.6253687802561526 0.04993677193297574 0.06152927052960455 0.8721553457204068 0.6452304866827493 0.27734162900754067
0.9075569936859048 0.44469157761944056 0.3348893624651894 0.16720878448251142 0.5529529247363918 0.11748975346031587 0.15596756210239893 0.18770797448259813 0.7388050460125632 0.0 0.026638715906249888 0.5975711693832034 0.7966048877513098 0.8212182130787083 0.859707601440749 0.11796809995382851
0.024016385461497758 0.04973495390744287 0.729650555575731 0.5613320117325682 0.6037840811361915 0.5336836792397475 0.8310689972898432 0.992842788898546 0.6253687802561526 0.026638715906249888 0.0 0.9419606306901107 0.5882889076872156 0.37600161064958104 0.3440862532222352 0.08328553290557672
0.958137018603475 0.3116316612511677 0.35835008651965017 0.7658728664055062 0.1198429895108265 0.7134029299384435 0.09059511836341716 0.13504404101028455 0.04993677193297574 0.5975711693832034 0.9419606306901107 0.0 0.9506089687523185 0.3836559792255826 0.6742890715847805 0.21332454590817584
0.2007767824499226 0.6709330613014343 0.4830548436073472 0.036289228871713486 0.07764050894604901 0.8321043065092949 0.43210344252063204 0.8360530799727253 0.06152927052960455 0.7966048877513098 0.5882889076872156 0.9506089687523185 0.0 0.481813311421172 0.46904155966260697 0.18268822956538422
0.9308394502540974 0.34045450965423896 0.6162169080440062 0.2740145193850031 0.5385963307633989 0.3136367596234868 0.4472095311142543 0.4340204502163538 0.8721553457204068 0.8212182130787083 0.37600161064958104 0.3836559792255826 0.481813311421172 0.0 0.35600452628789525 0.8768512861839821
0.6634879434167581 0.6371306342371392 0.6475954108102611 0.9650880182696278 0.01197530547226866 0.7343282432655007 0.8586058763989773 0.6768070334223162 0.6452304866827493 0.859707601440749 0.3440862532222352 0.6742890715847805 0.46904155966260697 0.35600452628789525 0.0 0.7773636248039875
0.20942710459978942 0.3955103383081292 0.6246224689826535 0.548601863373294 0.6819557183923148 0.12486821259276093 0.9704685764156619 0.0036746030099850113 0.27734162900754067 0.11796809995382851 0.08328553290557672 0.21332454590817584 0.18268822956538422 0.8768512861839821 0.7773636248039875 0.0

# Optimal Walk
0 10 9 1 13 5 15 7 2 6 11 4 14 12 3 8 0
