# Graph size: 16
# Optimal cost: 2.0052599108919003

# Distance Matrix
0.0 0.04179828104539207 0.02961396938013705 0.826782535173108 0.7119876614071229 0.7197481903115237 0.6400329767058816 0.7308625903172706 0.4597474295450218 0.3848266120536349 0.5943239551112434 0.6245709393875623 0.7255689420587905 0.5309955239338727 0.6240742951687218 0.8154021248090894
0.04179828104539207 0.0 0.30044316622901257 0.7636250213865653 0.5256479244905697 0.26179623666015794 0.0011777753299933025 0.35479147658013543 0.7171744831557411 0.13691764484276647 0.8280490452659197 0.5731736926393348 0.09953278314992486 0.5369200372626953 0.17878254747482514 0.13013064265853047
0.02961396938013705 0.30044316622901257 0.0 0.5406948892941239 0.44530074595282243 0.5402799337552798 0.8188951804116177 0.014711148601171509 0.31592363521326117 0.9320478795066888 0.44042045163747745 0.6697812728280816 0.6695163736299291 0.259074878129827 0.4072667454276142 0.8742695523831294
0.826782535173108 0.7636250213865653 0.5406948892941239 0.0 0.9119247599727031 0.6469398705390795 0.9960183354307571 0.5951872335950302 0.17713287838410385 0.7782267493333083 0.07907156134695803 0.3005787325008723 0.37403499418767483 0.2268568718680416 0.30823632195880435 0.9454125643059011
0.7119876614071229 0.5256479244905697 0.44530074595282243 0.9119247599727031 0.0 0.773170958391882 0.7957410987209156 0.14544569082675862 0.4999917742444764 0.4081142679587747 0.9031927242811235 0.839969127294559 0.9105629034774775 0.28592764129830983 0.1348300190909728 0.4368764506204319
0.7197481903115237 0.26179623666015794 0.5402799337552798 0.6469398705390795 0.773170958391882 0.0 0.3437166360599506 0.9020784117039126 0.18023814310540454 0.16810201624268817 0.059336773066713255 0.8374316690861543 0.507447703051477 0.1253087428985813 0.2812693028471448 0.2784164388657485
0.6400329767058816 0.0011777753299933025 0.8188951804116177 0.9960183354307571 0.7957410987209156 0.3437166360599506 0.0 0.29332690780793647 0.9428547496297656 0.9905462375938987 0.14618641523142872 0.32427373899929246 0.3295156356792598 0.652913678674272 0.14657320525721274 0.8091326524198821
0.7308625903172706 0.35479147658013543 0.014711148601171509 0.5951872335950302 0.14544569082675862 0.9020784117039126 0.29332690780793647 0.0 0.6792177614943498 0.5105776487842384 0.4598567651128568 0.30505030792437504 0.6638892554628096 0.21749457304255015 0.9778544217677526 0.24702320417033696
0.4597474295450218 0.7171744831557411 0.31592363521326117 0.17713287838410385 0.4999917742444764 0.18023814310540454 0.9428547496297656 0.6792177614943498 0.0 0.6656368323004848 0.27819849644786754 0.9655559771356657 0.8931797310987559 0.14080838671732188 0.9620699895481463 0.7755095554656094
0.3848266120536349 0.13691764484276647 0.9320478795066888 0.7782267493333083 0.4081142679587747 0.16810201624268817 0.9905462375938987 0.5105776487842384 0.6656368323004848 0.0 0.8503778419180229 0.5251026770350452 0.1081167029680048 0.7753888735809423 0.7284884499062783 0.08673902757442786
0.5943239551112434 0.8280490452659197 0.44042045163747745 0.07907156134695803 0.9031927242811235 0.059336773066713255 0.14618641523142872 0.4598567651128568 0.27819849644786754 0.8503778419180229 0.0 0.5097490189208662 0.9626494393565768 0.8867745633278704 0.21380151314677498 0.3746985832829418
0.6245709393875623 0.5731736926393348 0.6697812728280816 0.3005787325008723 0.839969127294559 0.8374316690861543 0.32427373899929246 0.30505030792437504 0.9655559771356657 0.5251026770350452 0.5097490189208662 0.0 0.8349078033240394 0.6820638506199119 0.9822239462041732 0.6921414931327068
0.7255689420587905 0.09953278314992486 0.6695163736299291 0.37403499418767483 0.9105629034774775 0.507447703051477 0.3295156356792598 0.6638892554628096 0.8931797310987559 0.1081167029680048 0.9626494393565768 0.8349078033240394 0.0 0.9606544611106704 0.10595302295332254 0.49248281112060266
0.5309955239338727 0.5369200372626953 0.259074878129827 0.2268568718680416 0.28592764129830983 0.1253087428985813 0.652913678674272 0.21749457304255015 0.14080838671732188 0.7753888735809423 0.8867745633278704 0.6820638506199119 0.9606544611106704 0.0 0.20725185988563222 0.35213728584900783
0.6240742951687218 0.17878254747482514 0.4072667454276142 0.30823632195880435 0.1348300190909728 0.2812693028471448 0.14657320525721274 0.9778544217677526 0.9620699895481463 0.7284884499062783 0.21380151314677498 0.9822239462041732 0.10595302295332254 0.20725185988563222 0.0 0.2070699632285753
0.8154021248090894 0.13013064265853047 0.8742695523831294 0.9454125643059011 0.4368764506204319 0.2784164388657485 0.8091326524198821 0.24702320417033696 0.7755095554656094 0.08673902757442786 0.3746985832829418 0.6921414931327068 0.49248281112060266 0.35213728584900783 0.2070699632285753 0.0

# Optimal Walk
0 6 1 15 9 12 14 4 13 8 5 10 3 11 7 2 0
