# MCW Instance
# Type: UNIFORM
# N: 16
# Optimal cost: 1.2616855915987428
# Optimal tour (permutation): [0, 14, 10, 3, 5, 2, 1, 7, 15, 11, 13, 4, 8, 9, 12, 6, 0]
# Optimal walk (full path): [0, 14, 10, 3, 5, 2, 1, 7, 11, 15, 11, 13, 4, 8, 9, 12, 6, 0]
# Walk size: 18
# Is walk (has repeats): true

# Distance Matrix
0.0000000000 0.6661601043 0.2462498607 0.4603787647 0.3673511626 0.8880249942 0.0884014181 0.8360604903 0.1159999613 0.1575005343 0.3502256164 0.6204059623 0.4226081705 0.4361268052 0.0338467038 0.9561114391
0.6661601043 0.0000000000 0.1124060947 0.3534055553 0.2649873602 0.9910161228 0.3162558873 0.0068344512 0.0719166062 0.9616491443 0.8106580210 0.2664132132 0.5816883305 0.3564587065 0.7112207846 0.0585055164
0.2462498607 0.1124060947 0.0000000000 0.1996190510 0.4114398598 0.0079047836 0.9799172243 0.8154922401 0.8324781775 0.2985182755 0.2502784105 0.5887662602 0.5615786699 0.4763529840 0.4492924029 0.4051010424
0.4603787647 0.3534055553 0.1996190510 0.0000000000 0.6082507741 0.0585147042 0.7051425639 0.6678086664 0.4526715275 0.3034165100 0.0013234925 0.6903713958 0.2938509695 0.2590666229 0.0513898814 0.5899602115
0.3673511626 0.2649873602 0.4114398598 0.6082507741 0.0000000000 0.4638751941 0.4081971366 0.7545933887 0.2469255744 0.6584039257 0.6319439357 0.5901037009 0.5915215164 0.2439513812 0.8007017097 0.4334870540
0.8880249942 0.9910161228 0.0079047836 0.0585147042 0.4638751941 0.0000000000 0.2066632029 0.7940803367 0.4189429117 0.1863418077 0.9943068470 0.1794912577 0.4002024897 0.2984674166 0.4430803160 0.9910896892
0.0884014181 0.3162558873 0.9799172243 0.7051425639 0.4081971366 0.2066632029 0.0000000000 0.2290953557 0.7316693446 0.8560816093 0.8104666616 0.4791467748 0.1652795640 0.7503015896 0.8588284636 0.8983803039
0.8360604903 0.0068344512 0.8154922401 0.6678086664 0.7545933887 0.7940803367 0.2290953557 0.0000000000 0.2756982177 0.5229161269 0.8532640983 0.0490221507 0.7357393047 0.3947323573 0.4783391921 0.7933443033
0.1159999613 0.0719166062 0.8324781775 0.4526715275 0.2469255744 0.4189429117 0.7316693446 0.2756982177 0.0000000000 0.1742889945 0.5873622786 0.7413581691 0.7545835078 0.7127625370 0.6682364318 0.6212369026
0.1575005343 0.9616491443 0.2985182755 0.3034165100 0.6584039257 0.1863418077 0.8560816093 0.5229161269 0.1742889945 0.0000000000 0.2500367225 0.8520717108 0.0063591278 0.8437800724 0.0928481216 0.4222915642
0.3502256164 0.8106580210 0.2502784105 0.0013234925 0.6319439357 0.9943068470 0.8104666616 0.8532640983 0.5873622786 0.2500367225 0.0000000000 0.3217460219 0.3202591430 0.0896662652 0.0269417808 0.3827737277
0.6204059623 0.2664132132 0.5887662602 0.6903713958 0.5901037009 0.1794912577 0.4791467748 0.0490221507 0.7413581691 0.8520717108 0.3217460219 0.0000000000 0.7715380525 0.0232650492 0.9147745650 0.0082101605
0.4226081705 0.5816883305 0.5615786699 0.2938509695 0.5915215164 0.4002024897 0.1652795640 0.7357393047 0.7545835078 0.0063591278 0.3202591430 0.7715380525 0.0000000000 0.3265957029 0.4023848135 0.4941872125
0.4361268052 0.3564587065 0.4763529840 0.2590666229 0.2439513812 0.2984674166 0.7503015896 0.3947323573 0.7127625370 0.8437800724 0.0896662652 0.0232650492 0.3265957029 0.0000000000 0.6644836282 0.4321455213
0.0338467038 0.7112207846 0.4492924029 0.0513898814 0.8007017097 0.4430803160 0.8588284636 0.4783391921 0.6682364318 0.0928481216 0.0269417808 0.9147745650 0.4023848135 0.6644836282 0.0000000000 0.2854652028
0.9561114391 0.0585055164 0.4051010424 0.5899602115 0.4334870540 0.9910896892 0.8983803039 0.7933443033 0.6212369026 0.4222915642 0.3827737277 0.0082101605 0.4941872125 0.4321455213 0.2854652028 0.0000000000
