# MCW Instance
# Type: UNIFORM
# N: 16
# Optimal cost: 1.7730131767293247
# Optimal tour (permutation): [0, 14, 2, 9, 5, 12, 6, 4, 1, 7, 3, 11, 8, 13, 10, 15, 0]
# Optimal walk (full path): [0, 2, 14, 2, 9, 5, 12, 6, 4, 6, 1, 7, 3, 7, 11, 8, 13, 10, 13, 12, 0, 15, 0]
# Walk size: 23
# Is walk (has repeats): true

# Distance Matrix
0.0000000000 0.7446409399 0.0541389501 0.9411042551 0.1799609704 0.5538134673 0.6627060387 0.3911911601 0.8996639837 0.1647074717 0.1857550416 0.6627979578 0.0227497632 0.7497246042 0.4961840280 0.1154593237
0.7446409399 0.0000000000 0.2205967700 0.4495598389 0.8182911709 0.7988037009 0.2076454188 0.2178987805 0.5334906766 0.8733731345 0.9142717147 0.7168666220 0.2392724333 0.9252280495 0.5954145168 0.9964135774
0.0541389501 0.2205967700 0.0000000000 0.9989353900 0.6931655454 0.5551630219 0.7074232164 0.9627896483 0.7596075974 0.0512997628 0.8961816095 0.3159356240 0.5696915065 0.8588334519 0.0069468132 0.8133931298
0.9411042551 0.4495598389 0.9989353900 0.0000000000 0.7378216268 0.9178452065 0.5797096994 0.0002672266 0.9769180449 0.4685107582 0.2718388300 0.5828014077 0.1428240526 0.0849501789 0.2551535303 0.3155832098
0.1799609704 0.8182911709 0.6931655454 0.7378216268 0.0000000000 0.8248116671 0.0595958872 0.7440708333 0.2008311781 0.6328500259 0.6610585937 0.3958238462 0.7576063123 0.8332787096 0.8910099237 0.5903501187
0.5538134673 0.7988037009 0.5551630219 0.9178452065 0.8248116671 0.0000000000 0.6119546229 0.2667543073 0.4993898126 0.1453006706 0.6834026215 0.5458153383 0.1822853938 0.8507215650 0.7988903978 0.3741368969
0.6627060387 0.2076454188 0.7074232164 0.5797096994 0.0595958872 0.6119546229 0.0000000000 0.0831172347 0.3183116195 0.6521417581 0.4555232157 0.9453085727 0.0317615182 0.6446347501 0.8679127262 0.5234007570
0.3911911601 0.2178987805 0.9627896483 0.0002672266 0.7440708333 0.2667543073 0.0831172347 0.0000000000 0.1575306683 0.2937500651 0.9661470832 0.1496189536 0.6295204624 0.5743385514 0.8469813835 0.6741797069
0.8996639837 0.5334906766 0.7596075974 0.9769180449 0.2008311781 0.4993898126 0.3183116195 0.1575306683 0.0000000000 0.2564535302 0.7718634137 0.1607906870 0.3501720255 0.1173702720 0.1684369820 0.5866530727
0.1647074717 0.8733731345 0.0512997628 0.4685107582 0.6328500259 0.1453006706 0.6521417581 0.2937500651 0.2564535302 0.0000000000 0.6176321324 0.3085059694 0.1574851811 0.6009670934 0.1564715680 0.1839125558
0.1857550416 0.9142717147 0.8961816095 0.2718388300 0.6610585937 0.6834026215 0.4555232157 0.9661470832 0.7718634137 0.6176321324 0.0000000000 0.1884378533 0.2644874272 0.0242068198 0.5925413166 0.2797564094
0.6627979578 0.7168666220 0.3159356240 0.5828014077 0.3958238462 0.5458153383 0.9453085727 0.1496189536 0.1607906870 0.3085059694 0.1884378533 0.0000000000 0.6286396507 0.1719781998 0.2561043266 0.7067748211
0.0227497632 0.2392724333 0.5696915065 0.1428240526 0.7576063123 0.1822853938 0.0317615182 0.6295204624 0.3501720255 0.1574851811 0.2644874272 0.6286396507 0.0000000000 0.0192008649 0.1411345579 0.3548833107
0.7497246042 0.9252280495 0.8588334519 0.0849501789 0.8332787096 0.8507215650 0.6446347501 0.5743385514 0.1173702720 0.6009670934 0.0242068198 0.1719781998 0.0192008649 0.0000000000 0.8702437511 0.8939101877
0.4961840280 0.5954145168 0.0069468132 0.2551535303 0.8910099237 0.7988903978 0.8679127262 0.8469813835 0.1684369820 0.1564715680 0.5925413166 0.2561043266 0.1411345579 0.8702437511 0.0000000000 0.2826995628
0.1154593237 0.9964135774 0.8133931298 0.3155832098 0.5903501187 0.3741368969 0.5234007570 0.6741797069 0.5866530727 0.1839125558 0.2797564094 0.7067748211 0.3548833107 0.8939101877 0.2826995628 0.0000000000
