# MCW Instance
# Type: UNIFORM
# N: 16
# Optimal cost: 1.5088243969264785
# Optimal tour (permutation): [0, 15, 12, 8, 7, 14, 5, 3, 2, 6, 1, 4, 10, 9, 13, 11, 0]
# Optimal walk (full path): [0, 15, 0, 12, 8, 7, 14, 5, 3, 5, 2, 6, 1, 4, 10, 9, 11, 13, 11, 0]
# Walk size: 20
# Is walk (has repeats): true

# Distance Matrix
0.0000000000 0.3291862068 0.2820428073 0.2579929374 0.7141473191 0.6358096191 0.1333746342 0.4979905703 0.9155078850 0.7497829853 0.6701364423 0.0847409332 0.2257909869 0.6411762975 0.5777647255 0.0610721147
0.3291862068 0.0000000000 0.9916047984 0.7534602907 0.0981141275 0.3770993372 0.0167272660 0.2838541430 0.8433527950 0.1085803475 0.1668723685 0.0732778583 0.2067442538 0.3781526216 0.1544884306 0.2809888531
0.2820428073 0.9916047984 0.0000000000 0.9567722184 0.8854889111 0.0905325534 0.0512088140 0.4848536711 0.2502587612 0.1645801498 0.1925228513 0.0919247603 0.9508857962 0.1202922751 0.4855604601 0.6454728459
0.2579929374 0.7534602907 0.9567722184 0.0000000000 0.5024414948 0.0301772030 0.6104435105 0.9161272263 0.6586185443 0.2417475157 0.8427137416 0.9117103946 0.8455775240 0.2665873586 0.6049281420 0.5666901329
0.7141473191 0.0981141275 0.8854889111 0.5024414948 0.0000000000 0.7395629359 0.8145086277 0.6808379025 0.2162625945 0.8855357435 0.1368896093 0.4000423287 0.3868348107 0.5206714490 0.3364527613 0.3832365324
0.6358096191 0.3770993372 0.0905325534 0.0301772030 0.7395629359 0.0000000000 0.5684646232 0.3144240964 0.3251527841 0.5016476163 0.7998551341 0.5659579099 0.6675104376 0.5489810278 0.0927893143 0.5101008300
0.1333746342 0.0167272660 0.0512088140 0.6104435105 0.8145086277 0.5684646232 0.0000000000 0.6336411394 0.7501750313 0.9504301230 0.7745741978 0.4043917616 0.6384881380 0.4927001142 0.7041060052 0.5204130013
0.4979905703 0.2838541430 0.4848536711 0.9161272263 0.6808379025 0.3144240964 0.6336411394 0.0000000000 0.0209205215 0.9919936469 0.2211356256 0.3476588631 0.7216974185 0.9437641674 0.1281697309 0.5437186368
0.9155078850 0.8433527950 0.2502587612 0.6586185443 0.2162625945 0.3251527841 0.7501750313 0.0209205215 0.0000000000 0.5445185994 0.1490675428 0.2734511628 0.2525509461 0.4265051362 0.6699320597 0.7994532358
0.7497829853 0.1085803475 0.1645801498 0.2417475157 0.8855357435 0.5016476163 0.9504301230 0.9919936469 0.5445185994 0.0000000000 0.0296037921 0.0702505475 0.9334643855 0.7728144621 0.3049677829 0.4351107681
0.6701364423 0.1668723685 0.1925228513 0.8427137416 0.1368896093 0.7998551341 0.7745741978 0.2211356256 0.1490675428 0.0296037921 0.0000000000 0.7068900657 0.8546792417 0.5291249331 0.3448432196 0.1432660357
0.0847409332 0.0732778583 0.0919247603 0.9117103946 0.4000423287 0.5659579099 0.4043917616 0.3476588631 0.2734511628 0.0702505475 0.7068900657 0.0000000000 0.3120125013 0.0140183094 0.1259322891 0.6063916738
0.2257909869 0.2067442538 0.9508857962 0.8455775240 0.3868348107 0.6675104376 0.6384881380 0.7216974185 0.2525509461 0.9334643855 0.8546792417 0.3120125013 0.0000000000 0.5933075663 0.8815827377 0.6294149219
0.6411762975 0.3781526216 0.1202922751 0.2665873586 0.5206714490 0.5489810278 0.4927001142 0.9437641674 0.4265051362 0.7728144621 0.5291249331 0.0140183094 0.5933075663 0.0000000000 0.5234844203 0.8962074238
0.5777647255 0.1544884306 0.4855604601 0.6049281420 0.3364527613 0.0927893143 0.7041060052 0.1281697309 0.6699320597 0.3049677829 0.3448432196 0.1259322891 0.8815827377 0.5234844203 0.0000000000 0.4625404618
0.0610721147 0.2809888531 0.6454728459 0.5666901329 0.3832365324 0.5101008300 0.5204130013 0.5437186368 0.7994532358 0.4351107681 0.1432660357 0.6063916738 0.6294149219 0.8962074238 0.4625404618 0.0000000000
