# MCW Instance
# Type: UNIFORM
# N: 16
# Optimal cost: 1.6917901089250234
# Optimal tour (permutation): [0, 5, 7, 2, 3, 10, 11, 9, 15, 6, 13, 14, 12, 4, 8, 1, 0]
# Optimal walk (full path): [0, 5, 7, 2, 3, 10, 11, 9, 11, 15, 6, 15, 13, 14, 12, 4, 1, 8, 1, 0]
# Walk size: 20
# Is walk (has repeats): true

# Distance Matrix
0.0000000000 0.0257476336 0.2157096586 0.2772165367 0.6207698324 0.1205039634 0.9113478554 0.2486267815 0.3848085432 0.4345668905 0.1804721425 0.3478380833 0.0917188857 0.3346660287 0.5018878292 0.9534959246
0.0257476336 0.0000000000 0.8616545735 0.8958021762 0.0902068523 0.6716292426 0.5787744982 0.9134177531 0.0179514746 0.9295665941 0.3654359629 0.8155775475 0.8645984248 0.8658739133 0.9535826365 0.5994576021
0.2157096586 0.8616545735 0.0000000000 0.1469882193 0.5590686614 0.8957406444 0.3236670047 0.0443142833 0.3107174746 0.7074505178 0.8764036866 0.2209444955 0.6526251352 0.7136257746 0.7091721225 0.8716177891
0.2772165367 0.8958021762 0.1469882193 0.0000000000 0.9831750637 0.5832444881 0.9767673458 0.4660969082 0.2544823536 0.2799426860 0.0564558651 0.0541478123 0.9298726474 0.4304935959 0.7327613667 0.4067549686
0.6207698324 0.0902068523 0.5590686614 0.9831750637 0.0000000000 0.5103010688 0.9188205211 0.4289890096 0.7157712094 0.2886773792 0.8501047804 0.7425988436 0.0517396624 0.6326649849 0.8977148346 0.1987656262
0.1205039634 0.6716292426 0.8957406444 0.5832444881 0.5103010688 0.0000000000 0.2884141911 0.0193731264 0.4450963551 0.5749389246 0.7425442820 0.2494626708 0.8654272278 0.3689433327 0.3487789419 0.7535380836
0.9113478554 0.5787744982 0.3236670047 0.9767673458 0.9188205211 0.2884141911 0.0000000000 0.7437555939 0.9841360236 0.7920834435 0.6702994482 0.8395026966 0.9873651060 0.6538518261 0.4237798271 0.1116271391
0.2486267815 0.9134177531 0.0443142833 0.4660969082 0.4289890096 0.0193731264 0.7437555939 0.0000000000 0.3589482444 0.2929369461 0.8560951086 0.1844103924 0.9986187189 0.8791092636 0.5824848241 0.2187379400
0.3848085432 0.0179514746 0.3107174746 0.2544823536 0.7157712094 0.4450963551 0.9841360236 0.3589482444 0.0000000000 0.8773616178 0.7239942703 0.1270240810 0.2719144840 0.1322898764 0.8133276801 0.5702382958
0.4345668905 0.9295665941 0.7074505178 0.2799426860 0.2886773792 0.5749389246 0.7920834435 0.2929369461 0.8773616178 0.0000000000 0.8784654353 0.0901864729 0.2344065123 0.8939540330 0.7650412309 0.6750655458
0.1804721425 0.3654359629 0.8764036866 0.0564558651 0.8501047804 0.7425442820 0.6702994482 0.8560951086 0.7239942703 0.8784654353 0.0000000000 0.0139035910 0.9440706642 0.3244550230 0.9060817310 0.7337513214
0.3478380833 0.8155775475 0.2209444955 0.0541478123 0.7425988436 0.2494626708 0.8395026966 0.1844103924 0.1270240810 0.0901864729 0.0139035910 0.0000000000 0.9485393080 0.7170483360 0.2243436197 0.1765904094
0.0917188857 0.8645984248 0.6526251352 0.9298726474 0.0517396624 0.8654272278 0.9873651060 0.9986187189 0.2719144840 0.2344065123 0.9440706642 0.9485393080 0.0000000000 0.8256869673 0.2419931203 0.2006639115
0.3346660287 0.8658739133 0.7136257746 0.4304935959 0.6326649849 0.3689433327 0.6538518261 0.8791092636 0.1322898764 0.8939540330 0.3244550230 0.7170483360 0.8256869673 0.0000000000 0.1673178391 0.0971253703
0.5018878292 0.9535826365 0.7091721225 0.7327613667 0.8977148346 0.3487789419 0.4237798271 0.5824848241 0.8133276801 0.7650412309 0.9060817310 0.2243436197 0.2419931203 0.1673178391 0.0000000000 0.9268032184
0.9534959246 0.5994576021 0.8716177891 0.4067549686 0.1987656262 0.7535380836 0.1116271391 0.2187379400 0.5702382958 0.6750655458 0.7337513214 0.1765904094 0.2006639115 0.0971253703 0.9268032184 0.0000000000
