# Graph size: 16
# Optimal cost: 2.369305193091389

# Distance Matrix
0.0 0.257328531429992 0.5707179460099817 0.22698876742467688 0.1668939562389391 0.1892178603429665 0.804715342583784 0.8373851426487829 0.5761859324290641 0.5056745647510923 0.8544189277407828 0.1860836185635134 0.16403276450700865 0.8111709227642182 0.8657267750660466 0.6697022843432083
0.257328531429992 0.0 0.1086979343151867 0.46230193434603706 0.9911051436662086 0.1481411307948014 0.9281488693211122 0.9294388501597164 0.8839223055297871 0.531589397820609 0.5420487614714725 0.19216672675651558 0.22690950222603457 0.31661528408879624 0.6382763477493894 0.7024718955969455
0.5707179460099817 0.1086979343151867 0.0 0.3143109911791585 0.20344857098299918 0.418711792738773 0.0912470258870487 0.5754489528704209 0.5837933817625339 0.30781472798453235 0.7165331293738356 0.32684289964394764 0.12698489354706954 0.7475605692430706 0.3560187881261935 0.9706880781950611
0.22698876742467688 0.46230193434603706 0.3143109911791585 0.0 0.91203004622137 0.773589457332763 0.8316696022269392 0.31941037498311775 0.5540493556307658 0.6699618741779486 0.12096119579413744 0.7191800079140397 0.5558629311577791 0.6337038035077152 0.557041303863965 0.16968019607660112
0.1668939562389391 0.9911051436662086 0.20344857098299918 0.91203004622137 0.0 0.6789410743182493 0.04536311469094734 0.04924834363607011 0.6930909659630677 0.47266565357775026 0.6380884977279216 0.8657643636207734 0.7921622923601414 0.22682538906691807 0.5852807260170817 0.4117831035270517
0.1892178603429665 0.1481411307948014 0.418711792738773 0.773589457332763 0.6789410743182493 0.0 0.9554149892684694 0.5194949428665182 0.28565541694073227 0.6094245861403542 0.8169217137634007 0.22092371489437024 0.4145956660769975 0.9397294186107393 0.7587845706810434 0.28378750281338694
0.804715342583784 0.9281488693211122 0.0912470258870487 0.8316696022269392 0.04536311469094734 0.9554149892684694 0.0 0.6319614721103335 0.9424177912256316 0.45633978057645086 0.9011318506711824 0.18906240030807564 0.9856995053370387 0.10928398067701228 0.6455635614556436 0.5612890371455983
0.8373851426487829 0.9294388501597164 0.5754489528704209 0.31941037498311775 0.04924834363607011 0.5194949428665182 0.6319614721103335 0.0 0.4162729092025861 0.8763308940380239 0.01672254950099561 0.14793725868144603 0.7787521922693026 0.3366710277757585 0.4187928803328007 0.027049167361822835
0.5761859324290641 0.8839223055297871 0.5837933817625339 0.5540493556307658 0.6930909659630677 0.28565541694073227 0.9424177912256316 0.4162729092025861 0.0 0.6541143232972819 0.6384211047339987 0.9657890708655268 0.7306329744551543 0.8083581365186642 0.3624140942329521 0.6695794753048471
0.5056745647510923 0.531589397820609 0.30781472798453235 0.6699618741779486 0.47266565357775026 0.6094245861403542 0.45633978057645086 0.8763308940380239 0.6541143232972819 0.0 0.014413696182920432 0.7654195817266418 0.02909480784078844 0.5040854097572864 0.6363051003519276 0.6224891823068279
0.8544189277407828 0.5420487614714725 0.7165331293738356 0.12096119579413744 0.6380884977279216 0.8169217137634007 0.9011318506711824 0.01672254950099561 0.6384211047339987 0.014413696182920432 0.0 0.6069499461884471 0.5588216922436755 0.22908276445193188 0.9112288145443648 0.3428156250492007
0.1860836185635134 0.19216672675651558 0.32684289964394764 0.7191800079140397 0.8657643636207734 0.22092371489437024 0.18906240030807564 0.14793725868144603 0.9657890708655268 0.7654195817266418 0.6069499461884471 0.0 0.9959199299282021 0.45527702975539597 0.5749868649074292 0.7275694155978679
0.16403276450700865 0.22690950222603457 0.12698489354706954 0.5558629311577791 0.7921622923601414 0.4145956660769975 0.9856995053370387 0.7787521922693026 0.7306329744551543 0.02909480784078844 0.5588216922436755 0.9959199299282021 0.0 0.8070034501671125 0.7660937145942315 0.6799619555900882
0.8111709227642182 0.31661528408879624 0.7475605692430706 0.6337038035077152 0.22682538906691807 0.9397294186107393 0.10928398067701228 0.3366710277757585 0.8083581365186642 0.5040854097572864 0.22908276445193188 0.45527702975539597 0.8070034501671125 0.0 0.4351280880725982 0.42975844665421725
0.8657267750660466 0.6382763477493894 0.3560187881261935 0.557041303863965 0.5852807260170817 0.7587845706810434 0.6455635614556436 0.4187928803328007 0.3624140942329521 0.6363051003519276 0.9112288145443648 0.5749868649074292 0.7660937145942315 0.4351280880725982 0.0 0.251209430371925
0.6697022843432083 0.7024718955969455 0.9706880781950611 0.16968019607660112 0.4117831035270517 0.28378750281338694 0.5612890371455983 0.027049167361822835 0.6695794753048471 0.6224891823068279 0.3428156250492007 0.7275694155978679 0.6799619555900882 0.42975844665421725 0.251209430371925 0.0

# Optimal Walk
0 11 1 2 13 6 4 7 10 12 9 3 15 14 8 5 0
