# Graph size: 16
# Optimal cost: 1.7359139824792233

# Distance Matrix
0.0 0.3562928004300614 0.7924334458982977 0.49343942026119647 0.07976279801806807 0.5585227794573632 0.3774548961622136 0.06749627931954316 0.925572235709933 0.7811685913360373 0.21300813705201094 0.013951673596467873 0.5465485927383982 0.5486975223033806 0.4405801843362118 0.9173592831092883
0.3562928004300614 0.0 0.022140840337641965 0.4140882141112905 0.9715450415206119 0.7576751253185949 0.05974260644717255 0.893063615990636 0.9055555473984912 0.11172948973883523 0.6052688167871595 0.8383884519481366 0.720641535743335 0.9527378656289337 0.22679700975206307 0.03136115345806778
0.7924334458982977 0.022140840337641965 0.0 0.28680317279679535 0.06374986389844683 0.6438623121614129 0.9404821328175964 0.40430148109632935 0.7694129268653795 0.5650343282748387 0.05138137295489742 0.7485125556873627 0.16015328346468327 0.8176931529759197 0.9074405820690121 0.8151262215484968
0.49343942026119647 0.4140882141112905 0.28680317279679535 0.0 0.2338535850998371 0.6064608931967304 0.017145834523690562 0.7026333624857558 0.4123331604144438 0.6205338734456866 0.08205892646620683 0.34346092818338136 0.7034132730689636 0.6252001249943786 0.5783969036849955 0.10077701532521921
0.07976279801806807 0.9715450415206119 0.06374986389844683 0.2338535850998371 0.0 0.3740765872732372 0.11911562178164048 0.5855606368556443 0.4849029688208729 0.3762061386623865 0.6164516105504217 0.89655543219276 0.1114332826382024 0.9236163804606546 0.12181501830199937 0.8680974321664348
0.5585227794573632 0.7576751253185949 0.6438623121614129 0.6064608931967304 0.3740765872732372 0.0 0.922578224738555 0.5575646147434336 0.4058822504724553 0.17230197648985468 0.12390798598803798 0.7576582913131806 0.7609762813078652 0.597200849981257 0.2505916974503324 0.6560501611864468
0.3774548961622136 0.05974260644717255 0.9404821328175964 0.017145834523690562 0.11911562178164048 0.922578224738555 0.0 0.018355891289834836 0.3099377194043871 0.2703880711135074 0.6950393761677038 0.7427748062871553 0.5443417181367508 0.6550588565333895 0.13167361196094152 0.6849076076033469
0.06749627931954316 0.893063615990636 0.40430148109632935 0.7026333624857558 0.5855606368556443 0.5575646147434336 0.018355891289834836 0.0 0.5036816219806501 0.9075405779963774 0.13767413156199015 0.7685286410560256 0.37975386984535375 0.11912351266757193 0.8689810571786851 0.11686869867993055
0.925572235709933 0.9055555473984912 0.7694129268653795 0.4123331604144438 0.4849029688208729 0.4058822504724553 0.3099377194043871 0.5036816219806501 0.0 0.7810596804127439 0.7490513779350322 0.2864444827930279 0.8813637667304202 0.5356780760268147 0.968369121363659 0.697661804692667
0.7811685913360373 0.11172948973883523 0.5650343282748387 0.6205338734456866 0.3762061386623865 0.17230197648985468 0.2703880711135074 0.9075405779963774 0.7810596804127439 0.0 0.9260489743494066 0.7885427628206513 0.5905101900825392 0.9596897177994459 0.7421398134014129 0.5481829322221304
0.21300813705201094 0.6052688167871595 0.05138137295489742 0.08205892646620683 0.6164516105504217 0.12390798598803798 0.6950393761677038 0.13767413156199015 0.7490513779350322 0.9260489743494066 0.0 0.8230290258731348 0.03333462683551258 0.3198823127390116 0.35458931061874 0.8180479614991132
0.013951673596467873 0.8383884519481366 0.7485125556873627 0.34346092818338136 0.89655543219276 0.7576582913131806 0.7427748062871553 0.7685286410560256 0.2864444827930279 0.7885427628206513 0.8230290258731348 0.0 0.11195292399549184 0.08854209805523805 0.5377183086996887 0.27340259690999225
0.5465485927383982 0.720641535743335 0.16015328346468327 0.7034132730689636 0.1114332826382024 0.7609762813078652 0.5443417181367508 0.37975386984535375 0.8813637667304202 0.5905101900825392 0.03333462683551258 0.11195292399549184 0.0 0.8611682780927714 0.45044199764746773 0.6152489247310542
0.5486975223033806 0.9527378656289337 0.8176931529759197 0.6252001249943786 0.9236163804606546 0.597200849981257 0.6550588565333895 0.11912351266757193 0.5356780760268147 0.9596897177994459 0.3198823127390116 0.08854209805523805 0.8611682780927714 0.0 0.14213305612209093 0.400639938066387
0.4405801843362118 0.22679700975206307 0.9074405820690121 0.5783969036849955 0.12181501830199937 0.2505916974503324 0.13167361196094152 0.8689810571786851 0.968369121363659 0.7421398134014129 0.35458931061874 0.5377183086996887 0.45044199764746773 0.14213305612209093 0.0 0.8812466657657364
0.9173592831092883 0.03136115345806778 0.8151262215484968 0.10077701532521921 0.8680974321664348 0.6560501611864468 0.6849076076033469 0.11686869867993055 0.697661804692667 0.5481829322221304 0.8180479614991132 0.27340259690999225 0.6152489247310542 0.400639938066387 0.8812466657657364 0.0

# Optimal Walk
0 11 13 14 4 2 15 1 9 5 12 10 3 6 7 8 0
