# MCW Instance
# Type: UNIFORM
# N: 16
# Optimal cost: 1.3600974869595657
# Optimal tour (permutation): [0, 12, 11, 4, 3, 10, 13, 14, 2, 5, 9, 8, 7, 1, 15, 6, 0]
# Optimal walk (full path): [0, 12, 11, 3, 4, 3, 10, 13, 14, 2, 5, 9, 8, 7, 1, 15, 6, 0]
# Walk size: 18
# Is walk (has repeats): true

# Distance Matrix
0.0000000000 0.9971152500 0.4783245526 0.1967534182 0.3696556782 0.4068579884 0.1139218955 0.9073681581 0.7755142444 0.9552782742 0.4705054695 0.4332532930 0.0263161347 0.3187288595 0.3267311901 0.4559828952
0.9971152500 0.0000000000 0.6700243219 0.6039042015 0.9527226706 0.6590052715 0.4739395009 0.0363616267 0.7065069719 0.4159547373 0.4632670334 0.9293321870 0.6023671788 0.6381746301 0.2574222968 0.1245019812
0.4783245526 0.6700243219 0.0000000000 0.6807327388 0.7197145065 0.1748074241 0.4099215886 0.4242665867 0.5971656991 0.3824577590 0.5149275958 0.9110978013 0.3020517936 0.7038691907 0.1579366425 0.8736871467
0.1967534182 0.6039042015 0.6807327388 0.0000000000 0.0250912261 0.5664828525 0.2801994815 0.3406022134 0.6345014546 0.9697164164 0.0370783566 0.0785178948 0.7946153418 0.2850965038 0.3381383604 0.6230467571
0.3696556782 0.9527226706 0.7197145065 0.0250912261 0.0000000000 0.3164320013 0.1619597600 0.7283194242 0.2895432837 0.1383262640 0.8053551258 0.1846823299 0.1888146419 0.3829917653 0.4171930318 0.9666987858
0.4068579884 0.6590052715 0.1748074241 0.5664828525 0.3164320013 0.0000000000 0.9377102658 0.2657950875 0.6473520125 0.0027821547 0.4508507516 0.2400692646 0.4883668599 0.4217317377 0.9272965014 0.6564767742
0.1139218955 0.4739395009 0.4099215886 0.2801994815 0.1619597600 0.9377102658 0.0000000000 0.1654866518 0.7449904554 0.9047450639 0.3864239570 0.2233051949 0.9440921332 0.0438854192 0.3136097129 0.1908300655
0.9073681581 0.0363616267 0.4242665867 0.3406022134 0.7283194242 0.2657950875 0.1654866518 0.0000000000 0.0374009438 0.1268262595 0.3331437155 0.9187711410 0.1512227774 0.6060548837 0.5142701633 0.9259927677
0.7755142444 0.7065069719 0.5971656991 0.6345014546 0.2895432837 0.6473520125 0.7449904554 0.0374009438 0.0000000000 0.0025939655 0.9241717668 0.3805852132 0.8664885519 0.5745302835 0.7396853694 0.8407375914
0.9552782742 0.4159547373 0.3824577590 0.9697164164 0.1383262640 0.0027821547 0.9047450639 0.1268262595 0.0025939655 0.0000000000 0.5339013693 0.3492447914 0.1404406851 0.1629533099 0.6575252344 0.8408206650
0.4705054695 0.4632670334 0.5149275958 0.0370783566 0.8053551258 0.4508507516 0.3864239570 0.3331437155 0.9241717668 0.5339013693 0.0000000000 0.9037940170 0.5283273190 0.1118900848 0.3260505826 0.8714355994
0.4332532930 0.9293321870 0.9110978013 0.0785178948 0.1846823299 0.2400692646 0.2233051949 0.9187711410 0.3805852132 0.3492447914 0.9037940170 0.0000000000 0.1206760523 0.0614442481 0.6106319088 0.5468008939
0.0263161347 0.6023671788 0.3020517936 0.7946153418 0.1888146419 0.4883668599 0.9440921332 0.1512227774 0.8664885519 0.1404406851 0.5283273190 0.1206760523 0.0000000000 0.4148468176 0.9925134443 0.3876325377
0.3187288595 0.6381746301 0.7038691907 0.2850965038 0.3829917653 0.4217317377 0.0438854192 0.6060548837 0.5745302835 0.1629533099 0.1118900848 0.0614442481 0.4148468176 0.0000000000 0.0942998121 0.3107312224
0.3267311901 0.2574222968 0.1579366425 0.3381383604 0.4171930318 0.9272965014 0.3136097129 0.5142701633 0.7396853694 0.6575252344 0.3260505826 0.6106319088 0.9925134443 0.0942998121 0.0000000000 0.5466296443
0.4559828952 0.1245019812 0.8736871467 0.6230467571 0.9666987858 0.6564767742 0.1908300655 0.9259927677 0.8407375914 0.8408206650 0.8714355994 0.5468008939 0.3876325377 0.3107312224 0.5466296443 0.0000000000
