# MCW Instance
# Type: UNIFORM
# N: 16
# Optimal cost: 1.4819369966035287
# Optimal tour (permutation): [0, 9, 3, 6, 4, 10, 13, 15, 1, 5, 2, 12, 7, 11, 14, 8, 0]
# Optimal walk (full path): [0, 9, 3, 4, 6, 4, 10, 13, 15, 1, 5, 12, 2, 12, 7, 11, 14, 8, 0]
# Walk size: 19
# Is walk (has repeats): true

# Distance Matrix
0.0000000000 0.3581340433 0.7765100229 0.6840067338 0.8661355186 0.7526938515 0.5791885247 0.4191509111 0.0240473096 0.0926498968 0.6449757189 0.9066756445 0.2205058844 0.9929935197 0.5720615610 0.3903946699
0.3581340433 0.0000000000 0.2823043981 0.2092053593 0.1183502598 0.1177799375 0.1350046335 0.4241098184 0.8562969041 0.6672257257 0.6492642507 0.8977219165 0.7021882365 0.6685937372 0.5809839250 0.1463766847
0.7765100229 0.2823043981 0.0000000000 0.4834719799 0.9236614432 0.2537417121 0.8184079611 0.3102789358 0.6996976662 0.6251475422 0.7158699901 0.1510702907 0.0172407139 0.9031632560 0.4752719097 0.6773823485
0.6840067338 0.2092053593 0.4834719799 0.0000000000 0.0822562265 0.9340989144 0.7650214605 0.1389295559 0.6232030463 0.1709093215 0.9832512350 0.7578658967 0.7851376154 0.1485791855 0.3469268009 0.8897937969
0.8661355186 0.1183502598 0.9236614432 0.0822562265 0.0000000000 0.4058381288 0.0427995265 0.9516133784 0.9891485155 0.9530321072 0.0688013222 0.8510034467 0.2378757136 0.1371620050 0.1891274142 0.4562848222
0.7526938515 0.1177799375 0.2537417121 0.9340989144 0.4058381288 0.0000000000 0.5488578478 0.2307251222 0.8422868506 0.5876550953 0.5393354770 0.4230761425 0.1786506323 0.3237647990 0.9846072536 0.1186813167
0.5791885247 0.1350046335 0.8184079611 0.7650214605 0.0427995265 0.5488578478 0.0000000000 0.5956111915 0.3895985350 0.2085824710 0.9471657352 0.2009429095 0.1992795095 0.8452986384 0.3950961040 0.2014638790
0.4191509111 0.4241098184 0.3102789358 0.1389295559 0.9516133784 0.2307251222 0.5956111915 0.0000000000 0.8275095325 0.4143057291 0.3922933201 0.1135142738 0.1218335263 0.1928574527 0.8895705754 0.1224300994
0.0240473096 0.8562969041 0.6996976662 0.6232030463 0.9891485155 0.8422868506 0.3895985350 0.8275095325 0.0000000000 0.8876435847 0.9391399622 0.4501441597 0.8801053041 0.5788143062 0.1233059645 0.1435662402
0.0926498968 0.6672257257 0.6251475422 0.1709093215 0.9530321072 0.5876550953 0.2085824710 0.4143057291 0.8876435847 0.0000000000 0.5228995169 0.2090882890 0.4568728581 0.5788794337 0.7165622525 0.2628061406
0.6449757189 0.6492642507 0.7158699901 0.9832512350 0.0688013222 0.5393354770 0.9471657352 0.3922933201 0.9391399622 0.5228995169 0.0000000000 0.6760812661 0.7427958581 0.0905090242 0.2283031170 0.7311002429
0.9066756445 0.8977219165 0.1510702907 0.7578658967 0.8510034467 0.4230761425 0.2009429095 0.1135142738 0.4501441597 0.2090882890 0.6760812661 0.0000000000 0.4190536546 0.5106987182 0.0032699648 0.7605041275
0.2205058844 0.7021882365 0.0172407139 0.7851376154 0.2378757136 0.1786506323 0.1992795095 0.1218335263 0.8801053041 0.4568728581 0.7427958581 0.4190536546 0.0000000000 0.3567064615 0.2585251070 0.8286030968
0.9929935197 0.6685937372 0.9031632560 0.1485791855 0.1371620050 0.3237647990 0.8452986384 0.1928574527 0.5788143062 0.5788794337 0.0905090242 0.5106987182 0.3567064615 0.0000000000 0.4892351639 0.0279524311
0.5720615610 0.5809839250 0.4752719097 0.3469268009 0.1891274142 0.9846072536 0.3950961040 0.8895705754 0.1233059645 0.7165622525 0.2283031170 0.0032699648 0.2585251070 0.4892351639 0.0000000000 0.3325505852
0.3903946699 0.1463766847 0.6773823485 0.8897937969 0.4562848222 0.1186813167 0.2014638790 0.1224300994 0.1435662402 0.2628061406 0.7311002429 0.7605041275 0.8286030968 0.0279524311 0.3325505852 0.0000000000
