# Graph size: 16
# Optimal cost: 1.9278608314145322

# Distance Matrix
0.0 0.863260930543623 0.5116621474060097 0.8121516659491538 0.6915106043796747 0.4275343315848662 0.5105799766327097 0.41919622265234224 0.16465535526079866 0.38334090250458985 0.6649805094445256 0.23018616782947676 0.5487606943591418 0.6952430532878479 0.6936040004966788 0.6910167298555042
0.863260930543623 0.0 0.450156232432135 0.987685579479238 0.5950596969806455 0.9011986473930312 0.6477220768202205 0.8786613143957902 0.5542542206315245 0.43295602221550966 0.6759915454646065 0.13599422477513212 0.12453959499716472 0.9431717165670788 0.3471968356630587 0.11647578156001537
0.5116621474060097 0.450156232432135 0.0 0.21344333393682735 0.33187301997795504 0.8031083837588131 0.10531648798204685 0.4086326279849679 0.6238018072523648 0.5869329161617813 0.11185151317649134 0.22080268261172709 0.45371482651603634 0.6561989929723454 0.39716549428303494 0.8914694763320105
0.8121516659491538 0.987685579479238 0.21344333393682735 0.0 0.02141160039169343 0.219473226097451 0.5102786854165147 0.5161854149321631 0.6490886514825297 0.7729142412328281 0.8917623042364192 0.367485943360803 0.6214705376758739 0.7370852944688124 0.16712880688891785 0.46691396349882264
0.6915106043796747 0.5950596969806455 0.33187301997795504 0.02141160039169343 0.0 0.818269802977602 0.6501110542231296 0.09706787324781363 0.6517579073618672 0.7588792666406942 0.9601777487820702 0.7775766647742581 0.6096787697153322 0.07080189192139097 0.07853961261605147 0.0902589267986279
0.4275343315848662 0.9011986473930312 0.8031083837588131 0.219473226097451 0.818269802977602 0.0 0.613190074800709 0.06617478260469756 0.5036098756462369 0.5915440701828026 0.9759938458770049 0.064845738272296 0.5073767051075518 0.9993039924088702 0.5744650890661614 0.33781202134386934
0.5105799766327097 0.6477220768202205 0.10531648798204685 0.5102786854165147 0.6501110542231296 0.613190074800709 0.0 0.08730051822472118 0.18632214476566689 0.13011581305703934 0.061432831707278646 0.63001166382517 0.1222956244210942 0.33265912071957926 0.47067837538036594 0.0075424188074978415
0.41919622265234224 0.8786613143957902 0.4086326279849679 0.5161854149321631 0.09706787324781363 0.06617478260469756 0.08730051822472118 0.0 0.5195277916478266 0.29833263946983346 0.4787800077684654 0.6324908953810937 0.0321953978594266 0.30443009873196614 0.39099752108074415 0.3354285655283352
0.16465535526079866 0.5542542206315245 0.6238018072523648 0.6490886514825297 0.6517579073618672 0.5036098756462369 0.18632214476566689 0.5195277916478266 0.0 0.7350510107559735 0.21852811400127736 0.9818213336533852 0.7960273821924715 0.2646475807906563 0.5496852227585745 0.12777847064727932
0.38334090250458985 0.43295602221550966 0.5869329161617813 0.7729142412328281 0.7588792666406942 0.5915440701828026 0.13011581305703934 0.29833263946983346 0.7350510107559735 0.0 0.6587963758199417 0.4446492156999964 0.5889285850594983 0.3921135293770057 0.3949814132075744 0.4365180837930619
0.6649805094445256 0.6759915454646065 0.11185151317649134 0.8917623042364192 0.9601777487820702 0.9759938458770049 0.061432831707278646 0.4787800077684654 0.21852811400127736 0.6587963758199417 0.0 0.6776333422433568 0.44296640756118255 0.43409650659950116 0.45784468328983685 0.24493800688649736
0.23018616782947676 0.13599422477513212 0.22080268261172709 0.367485943360803 0.7775766647742581 0.064845738272296 0.63001166382517 0.6324908953810937 0.9818213336533852 0.4446492156999964 0.6776333422433568 0.0 0.9532712090555445 0.08171859828544048 0.8928145587070528 0.8891292521847385
0.5487606943591418 0.12453959499716472 0.45371482651603634 0.6214705376758739 0.6096787697153322 0.5073767051075518 0.1222956244210942 0.0321953978594266 0.7960273821924715 0.5889285850594983 0.44296640756118255 0.9532712090555445 0.0 0.6784513462211761 0.2645918630071423 0.18278158341914175
0.6952430532878479 0.9431717165670788 0.6561989929723454 0.7370852944688124 0.07080189192139097 0.9993039924088702 0.33265912071957926 0.30443009873196614 0.2646475807906563 0.3921135293770057 0.43409650659950116 0.08171859828544048 0.6784513462211761 0.0 0.4429676372196385 0.7370881115780281
0.6936040004966788 0.3471968356630587 0.39716549428303494 0.16712880688891785 0.07853961261605147 0.5744650890661614 0.47067837538036594 0.39099752108074415 0.5496852227585745 0.3949814132075744 0.45784468328983685 0.8928145587070528 0.2645918630071423 0.4429676372196385 0.0 0.19975186495186337
0.6910167298555042 0.11647578156001537 0.8914694763320105 0.46691396349882264 0.0902589267986279 0.33781202134386934 0.0075424188074978415 0.3354285655283352 0.12777847064727932 0.4365180837930619 0.24493800688649736 0.8891292521847385 0.18278158341914175 0.7370881115780281 0.19975186495186337 0.0

# Optimal Walk
0 9 6 10 2 3 14 4 13 11 5 7 12 1 15 8 0
