# Graph size: 16
# Optimal cost: 1.9958315508977695

# Distance Matrix
0.0 0.1552728321666842 0.7138338817983277 0.6583254206056497 0.2234630342100028 0.8052696233825077 0.5754742701026588 0.8164264081802597 0.1072898047529186 0.031214768667930715 0.4279730497761344 0.5638510391663202 0.7688897318138646 0.5864857062059043 0.5493399819013749 0.3543373887462513
0.1552728321666842 0.0 0.9579948819017078 0.6927335276649944 0.6100375381282893 0.08095000705269051 0.2665184582718755 0.880830754470619 0.4866244415108322 0.6234682871122694 0.6059942008940041 0.5544612329428321 0.9161822625511692 0.08278742982178322 0.5737879242126712 0.13111876812394707
0.7138338817983277 0.9579948819017078 0.0 0.9451689511470899 0.16305607127214294 0.5372129102679357 0.3975079284029196 0.760132107314384 0.2101257936695382 0.7890958858672117 0.27981711864372916 0.1527540347097608 0.743989711478875 0.18400296784435166 0.5740601361106598 0.5679893764490338
0.6583254206056497 0.6927335276649944 0.9451689511470899 0.0 0.9332385446098467 0.25125083303999884 0.3076598238972108 0.4115955647902837 0.3511644164866311 0.8989904410423623 0.31067297666235816 0.05214517323501022 0.5259939887057304 0.4730666267410739 0.2635329244378757 0.7426481077360263
0.2234630342100028 0.6100375381282893 0.16305607127214294 0.9332385446098467 0.0 0.2518342852567468 0.11501917187533206 0.9579127037971885 0.5082012623552032 0.3622658334928962 0.07550657844804398 0.7582879135080621 0.8986216183176273 0.6851197780870164 0.8825967118633486 0.28400530191080164
0.8052696233825077 0.08095000705269051 0.5372129102679357 0.25125083303999884 0.2518342852567468 0.0 0.3888082277517031 0.19482663485654306 0.03878300475667573 0.1451396982811144 0.12461775338273073 0.9578263105406898 0.22624913617805953 0.1601478866372923 0.6583264880024348 0.32688047695223554
0.5754742701026588 0.2665184582718755 0.3975079284029196 0.3076598238972108 0.11501917187533206 0.3888082277517031 0.0 0.8368186376305945 0.8593054692939727 0.2952921372091972 0.9817299345501829 0.011190605002996845 0.23513875832185283 0.6822162430236381 0.8363909780683637 0.27147606556965953
0.8164264081802597 0.880830754470619 0.760132107314384 0.4115955647902837 0.9579127037971885 0.19482663485654306 0.8368186376305945 0.0 0.6395401881941493 0.30744861697294545 0.5374868049527006 0.26171427397470237 0.4469828112979257 0.655062817059083 0.2633610021750683 0.07296159335813357
0.1072898047529186 0.4866244415108322 0.2101257936695382 0.3511644164866311 0.5082012623552032 0.03878300475667573 0.8593054692939727 0.6395401881941493 0.0 0.6042256146443834 0.8569720869126696 0.8003222244694248 0.122710518545319 0.4691280221313143 0.8211432705957553 0.42022029571702313
0.031214768667930715 0.6234682871122694 0.7890958858672117 0.8989904410423623 0.3622658334928962 0.1451396982811144 0.2952921372091972 0.30744861697294545 0.6042256146443834 0.0 0.5828094796453803 0.40466864956414317 0.9790057035397474 0.9126558536267559 0.9057190070767369 0.4389897420968034
0.4279730497761344 0.6059942008940041 0.27981711864372916 0.31067297666235816 0.07550657844804398 0.12461775338273073 0.9817299345501829 0.5374868049527006 0.8569720869126696 0.5828094796453803 0.0 0.9914410516407098 0.2354771835257915 0.08585326039517416 0.9282654610658513 0.9802792120366176
0.5638510391663202 0.5544612329428321 0.1527540347097608 0.05214517323501022 0.7582879135080621 0.9578263105406898 0.011190605002996845 0.26171427397470237 0.8003222244694248 0.40466864956414317 0.9914410516407098 0.0 0.6388191095992609 0.9109205204517353 0.5664186884131054 0.11101435783314695
0.7688897318138646 0.9161822625511692 0.743989711478875 0.5259939887057304 0.8986216183176273 0.22624913617805953 0.23513875832185283 0.4469828112979257 0.122710518545319 0.9790057035397474 0.2354771835257915 0.6388191095992609 0.0 0.7907908786852772 0.6075897970813888 0.2741874757388101
0.5864857062059043 0.08278742982178322 0.18400296784435166 0.4730666267410739 0.6851197780870164 0.1601478866372923 0.6822162430236381 0.655062817059083 0.4691280221313143 0.9126558536267559 0.08585326039517416 0.9109205204517353 0.7907908786852772 0.0 0.6424942434448428 0.38702116910946094
0.5493399819013749 0.5737879242126712 0.5740601361106598 0.2635329244378757 0.8825967118633486 0.6583264880024348 0.8363909780683637 0.2633610021750683 0.8211432705957553 0.9057190070767369 0.9282654610658513 0.5664186884131054 0.6075897970813888 0.6424942434448428 0.0 0.9664751200674319
0.3543373887462513 0.13111876812394707 0.5679893764490338 0.7426481077360263 0.28400530191080164 0.32688047695223554 0.27147606556965953 0.07296159335813357 0.42022029571702313 0.4389897420968034 0.9802792120366176 0.11101435783314695 0.2741874757388101 0.38702116910946094 0.9664751200674319 0.0

# Optimal Walk
0 8 12 15 7 14 3 11 6 2 4 10 13 1 5 9 0
