# MCW Instance
# Type: EXPONENTIAL
# N: 19
# Optimal cost: 1.7999849033609774
# Optimal tour (permutation): [0, 13, 15, 1, 11, 14, 2, 9, 3, 17, 12, 16, 8, 6, 7, 4, 5, 18, 10, 0]
# Optimal walk (full path): [0, 13, 15, 1, 15, 13, 11, 14, 2, 9, 3, 17, 12, 17, 16, 8, 6, 5, 4, 7, 4, 5, 18, 10, 0]
# Walk size: 25
# Is walk (has repeats): true

# Distance Matrix
0.0000000000 0.4598682418 0.1351128085 2.4206711027 0.9157314225 0.1114290962 1.2252352101 0.4972995273 0.5431484901 0.4280611958 0.2440589178 0.8677761117 0.0977703817 0.0078257022 0.3654042501 1.6693212008 0.8834043313 0.6338121241 1.0295181484
0.4598682418 0.0000000000 0.4827366287 0.4370083396 1.3666713181 0.0343459266 1.4641272242 0.0932489036 1.0851106800 1.5771626158 1.6181205554 0.3845741339 0.2023856262 1.0084936553 0.2350091197 0.0043169042 0.2837113726 0.1443069221 1.2609484880
0.1351128085 0.4827366287 0.0000000000 0.2353533125 0.1074875820 0.1246544136 0.7262021770 2.0871542262 3.2850894806 0.1838908826 0.3397166058 1.1370282918 3.2712834285 1.6770683861 0.1058360097 4.5205653541 1.5840695734 1.8412794114 0.6374525868
2.4206711027 0.4370083396 0.2353533125 0.0000000000 3.4719339713 0.1627939453 1.0515740619 0.8711444351 2.7374127478 0.0205548845 0.6371810120 0.1461860532 0.2180263456 0.2678427296 1.6744864267 1.0546241380 1.2712710353 0.1297106465 0.6945999866
0.9157314225 1.3666713181 0.1074875820 3.4719339713 0.0000000000 0.0116576389 0.1683630348 0.0198942850 0.2641637878 3.5765588257 2.4582089809 0.6669699431 1.0671024507 2.7204313265 0.3049612667 0.5586054016 0.9517784352 1.2013280712 0.9516444597
0.1114290962 0.0343459266 0.1246544136 0.1627939453 0.0116576389 0.0000000000 0.0528055673 0.3820522683 0.1219064096 0.7408376491 0.7052586853 2.5605401751 0.6720491504 0.2128922902 0.3503384217 0.1907648002 0.5164873317 1.0272475738 0.0805044412
1.2252352101 1.4641272242 0.7262021770 1.0515740619 0.1683630348 0.0528055673 0.0000000000 0.7564910056 0.0805148672 0.1256874422 0.2913221564 0.6388451887 1.4718807570 1.1109015421 1.8040875191 0.6251936790 1.5105062316 0.4124542741 0.5873016428
0.4972995273 0.0932489036 2.0871542262 0.8711444351 0.0198942850 0.3820522683 0.7564910056 0.0000000000 0.5728988547 0.6526317608 1.6548590867 2.3905847961 0.5908417229 0.7227515723 3.3773024656 2.2679221024 1.0841668434 1.1118654563 0.2769804623
0.5431484901 1.0851106800 3.2850894806 2.7374127478 0.2641637878 0.1219064096 0.0805148672 0.5728988547 0.0000000000 0.2018059760 1.0830390608 0.2206552823 0.3569530064 1.0599789416 0.8272899877 0.4095013509 0.1571770882 2.5076686514 0.6159571870
0.4280611958 1.5771626158 0.1838908826 0.0205548845 3.5765588257 0.7408376491 0.1256874422 0.6526317608 0.2018059760 0.0000000000 0.9054160944 0.5303212856 0.5851434348 0.1965518229 2.2370485129 0.2659686464 0.5872809232 0.5362580407 5.4453636794
0.2440589178 1.6181205554 0.3397166058 0.6371810120 2.4582089809 0.7052586853 0.2913221564 1.6548590867 1.0830390608 0.9054160944 0.0000000000 1.6541605557 0.5224592318 2.4412464069 1.9041980738 0.6553315090 3.3150291067 0.5877482855 0.3426479591
0.8677761117 0.3845741339 1.1370282918 0.1461860532 0.6669699431 2.5605401751 0.6388451887 2.3905847961 0.2206552823 0.5303212856 1.6541605557 0.0000000000 2.7498130334 0.0593962521 0.0205920689 0.3170622291 2.2649880252 1.4391085263 2.6190016311
0.0977703817 0.2023856262 3.2712834285 0.2180263456 1.0671024507 0.6720491504 1.4718807570 0.5908417229 0.3569530064 0.5851434348 0.5224592318 2.7498130334 0.0000000000 0.3783359735 0.7064542715 2.0235982330 2.3353575697 0.0121806723 0.6520142558
0.0078257022 1.0084936553 1.6770683861 0.2678427296 2.7204313265 0.2128922902 1.1109015421 0.7227515723 1.0599789416 0.1965518229 2.4412464069 0.0593962521 0.3783359735 0.0000000000 0.4292573517 0.0121418363 0.7931012180 2.5858146612 0.1694139951
0.3654042501 0.2350091197 0.1058360097 1.6744864267 0.3049612667 0.3503384217 1.8040875191 3.3773024656 0.8272899877 2.2370485129 1.9041980738 0.0205920689 0.7064542715 0.4292573517 0.0000000000 0.7769666247 3.3192746133 1.3239569425 0.3701044334
1.6693212008 0.0043169042 4.5205653541 1.0546241380 0.5586054016 0.1907648002 0.6251936790 2.2679221024 0.4095013509 0.2659686464 0.6553315090 0.3170622291 2.0235982330 0.0121418363 0.7769666247 0.0000000000 0.8147108397 0.7077821383 0.3587832634
0.8834043313 0.2837113726 1.5840695734 1.2712710353 0.9517784352 0.5164873317 1.5105062316 1.0841668434 0.1571770882 0.5872809232 3.3150291067 2.2649880252 2.3353575697 0.7931012180 3.3192746133 0.8147108397 0.0000000000 0.1940869429 0.9416148142
0.6338121241 0.1443069221 1.8412794114 0.1297106465 1.2013280712 1.0272475738 0.4124542741 1.1118654563 2.5076686514 0.5362580407 0.5877482855 1.4391085263 0.0121806723 2.5858146612 1.3239569425 0.7077821383 0.1940869429 0.0000000000 1.4474397433
1.0295181484 1.2609484880 0.6374525868 0.6945999866 0.9516444597 0.0805044412 0.5873016428 0.2769804623 0.6159571870 5.4453636794 0.3426479591 2.6190016311 0.6520142558 0.1694139951 0.3701044334 0.3587832634 0.9416148142 1.4474397433 0.0000000000
