# MCW Instance
# Type: EXPONENTIAL
# N: 19
# Optimal cost: 1.820262480223272
# Optimal tour (permutation): [0, 4, 3, 1, 16, 12, 11, 6, 9, 7, 13, 17, 5, 2, 18, 10, 15, 8, 14, 0]
# Optimal walk (full path): [0, 4, 3, 1, 16, 12, 11, 6, 9, 7, 2, 5, 17, 13, 17, 5, 2, 18, 10, 15, 8, 14, 8, 0]
# Walk size: 24
# Is walk (has repeats): true

# Distance Matrix
0.0000000000 2.9360630563 1.9423273895 1.0636996429 0.0174470175 1.5466882115 1.2366747842 0.4715371543 0.0329788963 1.1168293482 1.2601508433 0.7120204480 0.6990853887 1.9776211057 3.7873807294 0.3210329563 0.7794164271 2.5929449040 0.7329808459
2.9360630563 0.0000000000 0.6395129576 0.1788708060 0.3497969198 1.7695681509 0.7831390112 0.3017005524 1.2561999169 0.7692476537 0.3907694941 0.3153802784 3.0470879596 0.5057057977 0.8727719056 2.2555434320 0.0136966653 1.9047023498 0.3780419750
1.9423273895 0.6395129576 0.0000000000 2.8107640378 0.3361403520 0.0770327960 0.6426720673 0.1818564583 0.6396830006 0.9618036305 0.3257712328 1.9544207137 2.7979244790 0.6150531266 0.6699422656 1.0665303152 0.0848372857 0.7161705190 0.0904649229
1.0636996429 0.1788708060 2.8107640378 0.0000000000 0.1002286860 1.0564073786 0.5492141511 0.8849975884 0.2399195491 0.7772452733 1.6428975672 1.7262058492 0.7122978531 0.4531533670 2.0390398571 0.5179776620 0.8008096495 0.4926985356 1.5180028288
0.0174470175 0.3497969198 0.3361403520 0.1002286860 0.0000000000 0.2792074649 0.6975424474 1.1586023558 0.0201762196 0.5353162340 2.3748155386 0.1903637609 0.4803208727 0.5197067598 0.1308755973 0.1584860578 0.3009166048 0.3205608473 2.3518445180
1.5466882115 1.7695681509 0.0770327960 1.0564073786 0.2792074649 0.0000000000 0.2071663436 0.4275979262 0.7371311149 1.5033237641 2.0866742736 2.2518714459 0.7967807998 4.5694560581 0.8510738995 0.2641591200 0.5567838924 0.0512608109 1.0030175064
1.2366747842 0.7831390112 0.6426720673 0.5492141511 0.6975424474 0.2071663436 0.0000000000 0.4468234867 0.3644962463 0.0707133808 1.7049798533 0.0061000206 0.2600953771 0.4790375029 0.4169300200 1.2450238509 0.3357588376 0.2654555770 2.6512924298
0.4715371543 0.3017005524 0.1818564583 0.8849975884 1.1586023558 0.4275979262 0.4468234867 0.0000000000 0.2230580302 0.0003590901 0.9590115153 0.7654001072 0.6154346098 1.0230251349 1.1995241423 1.7336058210 1.4326987150 0.9392601060 1.1419418003
0.0329788963 1.2561999169 0.6396830006 0.2399195491 0.0201762196 0.7371311149 0.3644962463 0.2230580302 0.0000000000 0.4955007544 0.0633293924 0.5924020006 0.3988951600 1.2614473000 0.0803905841 0.0350962806 1.9974574504 0.2705967635 1.0398541850
1.1168293482 0.7692476537 0.9618036305 0.7772452733 0.5353162340 1.5033237641 0.0707133808 0.0003590901 0.4955007544 0.0000000000 0.6366818127 0.4874157830 0.8030466686 1.8962178994 1.4515375127 0.6928306142 1.2535482611 1.5147948033 2.4264977002
1.2601508433 0.3907694941 0.3257712328 1.6428975672 2.3748155386 2.0866742736 1.7049798533 0.9590115153 0.0633293924 0.6366818127 0.0000000000 0.4714679199 1.3588004190 1.4613787419 0.1411125687 0.0156104848 4.8150889071 0.4137825926 0.0968585347
0.7120204480 0.3153802784 1.9544207137 1.7262058492 0.1903637609 2.2518714459 0.0061000206 0.7654001072 0.5924020006 0.4874157830 0.4714679199 0.0000000000 0.1348831561 1.4978205400 0.1812351257 1.0724139610 0.9827891277 1.2014888689 1.6721079434
0.6990853887 3.0470879596 2.7979244790 0.7122978531 0.4803208727 0.7967807998 0.2600953771 0.6154346098 0.3988951600 0.8030466686 1.3588004190 0.1348831561 0.0000000000 0.3884028041 0.6271419529 0.6044295746 0.1146343532 1.6167111468 0.1771850633
1.9776211057 0.5057057977 0.6150531266 0.4531533670 0.5197067598 4.5694560581 0.4790375029 1.0230251349 1.2614473000 1.8962178994 1.4613787419 1.4978205400 0.3884028041 0.0000000000 0.6689414679 0.9086467446 0.5113742923 0.1565476726 1.6555822488
3.7873807294 0.8727719056 0.6699422656 2.0390398571 0.1308755973 0.8510738995 0.4169300200 1.1995241423 0.0803905841 1.4515375127 0.1411125687 0.1812351257 0.6271419529 0.6689414679 0.0000000000 0.9136904637 1.0737421319 1.6075479586 0.4728880050
0.3210329563 2.2555434320 1.0665303152 0.5179776620 0.1584860578 0.2641591200 1.2450238509 1.7336058210 0.0350962806 0.6928306142 0.0156104848 1.0724139610 0.6044295746 0.9086467446 0.9136904637 0.0000000000 0.1064615575 0.6744402251 2.0152941715
0.7794164271 0.0136966653 0.0848372857 0.8008096495 0.3009166048 0.5567838924 0.3357588376 1.4326987150 1.9974574504 1.2535482611 4.8150889071 0.9827891277 0.1146343532 0.5113742923 1.0737421319 0.1064615575 0.0000000000 4.4713101107 1.8716714410
2.5929449040 1.9047023498 0.7161705190 0.4926985356 0.3205608473 0.0512608109 0.2654555770 0.9392601060 0.2705967635 1.5147948033 0.4137825926 1.2014888689 1.6167111468 0.1565476726 1.6075479586 0.6744402251 4.4713101107 0.0000000000 0.6767655340
0.7329808459 0.3780419750 0.0904649229 1.5180028288 2.3518445180 1.0030175064 2.6512924298 1.1419418003 1.0398541850 2.4264977002 0.0968585347 1.6721079434 0.1771850633 1.6555822488 0.4728880050 2.0152941715 1.8716714410 0.6767655340 0.0000000000
