# MCW Instance
# Type: EXPONENTIAL
# N: 19
# Optimal cost: 2.0380026264819997
# Optimal tour (permutation): [0, 11, 10, 6, 16, 1, 2, 15, 13, 18, 14, 12, 17, 9, 7, 4, 3, 5, 8, 0]
# Optimal walk (full path): [0, 11, 10, 6, 16, 1, 2, 15, 13, 18, 14, 12, 17, 9, 17, 7, 17, 4, 17, 5, 3, 5, 11, 8, 11, 0]
# Walk size: 26
# Is walk (has repeats): true

# Distance Matrix
0.0000000000 0.7920914820 1.0196876747 2.0879300696 0.5995004565 0.1728738252 0.3446099545 0.4951065915 1.9082273691 0.5407984392 0.6748311416 0.0629458348 0.3943173374 1.2188137550 0.3222016080 0.6220842380 3.3883710691 1.2215259254 1.8750023216
0.7920914820 0.0000000000 0.2241884912 0.9665167461 0.9232919348 1.0674737125 1.1331275067 1.2622358938 0.9063352772 0.8421258040 0.3180308935 1.6460892979 2.5435637767 2.1309265762 0.7287723469 0.5127686034 0.2706146546 1.4139078430 0.4339464563
1.0196876747 0.2241884912 0.0000000000 2.4675233723 1.2004342116 0.6561599228 0.2671566897 0.2399439950 0.3725950014 1.4597242365 2.7014069560 0.6766268093 0.1786014144 0.2835648191 0.1077944437 0.0229927633 4.1951921647 0.1970866266 0.4097554008
2.0879300696 0.9665167461 2.4675233723 0.0000000000 0.8738027774 0.0311417927 0.4734286215 0.2816621184 0.2506244789 1.2239111128 0.3696352598 0.2897248243 0.5215966762 0.6485982619 0.4259806804 0.2375407982 0.6183299984 0.8358362432 0.2036575337
0.5995004565 0.9232919348 1.2004342116 0.8738027774 0.0000000000 1.1749370198 1.1000473261 1.0237086504 0.6982245013 1.1746243248 0.4155573776 0.2376153175 0.0789837957 2.2405862250 1.2000285750 1.3481243297 1.0133825944 0.0526215247 0.4532731416
0.1728738252 1.0674737125 0.6561599228 0.0311417927 1.1749370198 0.0000000000 0.7134703742 4.5095003409 3.2627132526 2.1332850933 0.1830406383 0.0498946727 0.8859320506 1.3614331731 0.6250703769 1.3093136057 0.3151722761 0.0214000713 0.1552771127
0.3446099545 1.1331275067 0.2671566897 0.4734286215 1.1000473261 0.7134703742 0.0000000000 1.8214389284 1.0742268580 1.8256715530 0.0844184743 0.5688322301 2.6406532087 1.0041471503 1.5900239671 0.5928903491 0.1154524480 0.4019541889 0.1845623790
0.4951065915 1.2622358938 0.2399439950 0.2816621184 1.0237086504 4.5095003409 1.8214389284 0.0000000000 1.1322916622 1.7877090812 0.3942181226 1.3483670125 1.1801246604 1.0450541484 0.5526752444 0.3557328751 0.8250007880 0.0967168379 1.2506463910
1.9082273691 0.9063352772 0.3725950014 0.2506244789 0.6982245013 3.2627132526 1.0742268580 1.1322916622 0.0000000000 0.7541613583 1.6127593792 0.0899336450 1.0605871325 0.4981366013 0.4855832750 2.0312556042 0.8440215463 0.8168372193 0.2149521025
0.5407984392 0.8421258040 1.4597242365 1.2239111128 1.1746243248 2.1332850933 1.8256715530 1.7877090812 0.7541613583 0.0000000000 0.8955431258 0.1124162170 1.0484161748 1.5777539500 2.3936952877 0.1532650415 0.3175055400 0.0352458564 0.4864785313
0.6748311416 0.3180308935 2.7014069560 0.3696352598 0.4155573776 0.1830406383 0.0844184743 0.3942181226 1.6127593792 0.8955431258 0.0000000000 0.1430825307 1.6876572115 0.7703172481 0.3652850133 1.7809876016 1.5256563748 1.5375043595 0.7338814331
0.0629458348 1.6460892979 0.6766268093 0.2897248243 0.2376153175 0.0498946727 0.5688322301 1.3483670125 0.0899336450 0.1124162170 0.1430825307 0.0000000000 1.9620977840 3.9387762142 0.2238323562 0.3314333467 1.1311594993 0.2627712864 0.3201406830
0.3943173374 2.5435637767 0.1786014144 0.5215966762 0.0789837957 0.8859320506 2.6406532087 1.1801246604 1.0605871325 1.0484161748 1.6876572115 1.9620977840 0.0000000000 1.0986029795 0.0634709493 0.5253611585 0.8016063152 0.0157758661 0.4060489928
1.2188137550 2.1309265762 0.2835648191 0.6485982619 2.2405862250 1.3614331731 1.0041471503 1.0450541484 0.4981366013 1.5777539500 0.7703172481 3.9387762142 1.0986029795 0.0000000000 0.6986527087 0.0399205465 0.0624507197 0.2625470355 0.1035067146
0.3222016080 0.7287723469 0.1077944437 0.4259806804 1.2000285750 0.6250703769 1.5900239671 0.5526752444 0.4855832750 2.3936952877 0.3652850133 0.2238323562 0.0634709493 0.6986527087 0.0000000000 0.4705693141 1.6529149777 0.6613932562 0.1460734607
0.6220842380 0.5127686034 0.0229927633 0.2375407982 1.3481243297 1.3093136057 0.5928903491 0.3557328751 2.0312556042 0.1532650415 1.7809876016 0.3314333467 0.5253611585 0.0399205465 0.4705693141 0.0000000000 2.8227933219 0.0204731962 2.1779025867
3.3883710691 0.2706146546 4.1951921647 0.6183299984 1.0133825944 0.3151722761 0.1154524480 0.8250007880 0.8440215463 0.3175055400 1.5256563748 1.1311594993 0.8016063152 0.0624507197 1.6529149777 2.8227933219 0.0000000000 0.0656979957 2.6688647931
1.2215259254 1.4139078430 0.1970866266 0.8358362432 0.0526215247 0.0214000713 0.4019541889 0.0967168379 0.8168372193 0.0352458564 1.5375043595 0.2627712864 0.0157758661 0.2625470355 0.6613932562 0.0204731962 0.0656979957 0.0000000000 0.1311919604
1.8750023216 0.4339464563 0.4097554008 0.2036575337 0.4532731416 0.1552771127 0.1845623790 1.2506463910 0.2149521025 0.4864785313 0.7338814331 0.3201406830 0.4060489928 0.1035067146 0.1460734607 2.1779025867 2.6688647931 0.1311919604 0.0000000000
