# MCW Instance
# Type: EXPONENTIAL
# N: 19
# Optimal cost: 2.21499169007168
# Optimal tour (permutation): [0, 14, 13, 15, 10, 11, 7, 2, 17, 4, 9, 6, 12, 5, 18, 8, 16, 1, 3, 0]
# Optimal walk (full path): [0, 14, 13, 15, 10, 11, 7, 2, 17, 4, 9, 5, 6, 12, 5, 18, 8, 16, 1, 3, 0]
# Walk size: 21
# Is walk (has repeats): true

# Distance Matrix
0.0000000000 0.9816980572 0.9120902029 0.0281643830 5.4708189409 0.6457870769 0.1936310376 1.0273760640 0.7077768275 0.8798047723 1.3854638778 2.8952741007 0.9847247524 1.9535960589 0.0017812747 1.2945317105 1.9607838652 1.2546079457 0.5028860952
0.9816980572 0.0000000000 0.4013883471 0.0018615087 0.4093662118 0.2827436764 0.8876453434 0.4523036750 0.1452941168 0.4440427350 1.3800977920 1.4686524248 0.5310552870 0.1495297174 0.6704048869 0.6057954956 0.0680168870 0.7197041797 0.7082545059
0.9120902029 0.4013883471 0.0000000000 0.7050219162 0.6085718011 2.2133947272 0.5637926948 0.0877426674 3.7238671973 2.1996203069 1.4206621681 0.2749780500 1.1315932902 0.7396347536 0.4547331590 1.6361152759 0.3984395588 0.0867793675 1.0064325351
0.0281643830 0.0018615087 0.7050219162 0.0000000000 0.6278768805 0.9611185178 6.0177736442 1.0137706209 1.9994940174 1.7503224235 0.7642042509 2.4190357349 0.2993082247 0.2087340005 0.4238230366 0.3379004586 0.0684517982 0.3824441535 0.6651452715
5.4708189409 0.4093662118 0.6085718011 0.6278768805 0.0000000000 2.3705408940 0.4846634080 0.8007384710 1.2967796768 0.0465114377 0.5252672500 1.5096486422 1.1909701111 0.9110321298 0.7513177506 0.4510557937 0.9699389930 0.1337537961 1.3811925493
0.6457870769 0.2827436764 2.2133947272 0.9611185178 2.3705408940 0.0000000000 0.0253011309 0.2450159296 0.1878051647 0.0217585049 0.2024870026 0.8837419454 0.1623722519 5.5172874779 0.0674483568 1.6464232712 0.6600139050 1.1742663129 0.0699557611
0.1936310376 0.8876453434 0.5637926948 6.0177736442 0.4846634080 0.0253011309 0.0000000000 0.3285895618 1.7492835479 0.8958822382 0.3032294553 1.5646106748 0.1663193407 1.2648609344 1.0247699090 1.1234140291 0.2242705678 0.3245687195 1.2008731751
1.0273760640 0.4523036750 0.0877426674 1.0137706209 0.8007384710 0.2450159296 0.3285895618 0.0000000000 0.5758848174 0.3025902511 0.9912649838 0.2021733320 1.1306933214 0.9264608911 0.5167043277 0.5620396707 0.1901197942 2.0477204613 1.6217812480
0.7077768275 0.1452941168 3.7238671973 1.9994940174 1.2967796768 0.1878051647 1.7492835479 0.5758848174 0.0000000000 0.7081028004 0.8526223330 0.9746541656 0.3413153653 0.6949494781 0.2062746891 1.9366869967 0.1215747177 1.1289984864 0.0057488405
0.8798047723 0.4440427350 2.1996203069 1.7503224235 0.0465114377 0.0217585049 0.8958822382 0.3025902511 0.7081028004 0.0000000000 1.2236727721 0.4727260695 2.5727956931 0.2961149694 1.3632788299 0.9348300215 1.7836742592 0.5295091521 0.2833198824
1.3854638778 1.3800977920 1.4206621681 0.7642042509 0.5252672500 0.2024870026 0.3032294553 0.9912649838 0.8526223330 1.2236727721 0.0000000000 0.2162080192 7.4273916789 1.9474245066 0.8257864174 0.3681250839 1.1286947672 0.1330337193 0.2743559121
2.8952741007 1.4686524248 0.2749780500 2.4190357349 1.5096486422 0.8837419454 1.5646106748 0.2021733320 0.9746541656 0.4727260695 0.2162080192 0.0000000000 0.4716655760 1.0686216064 1.9989672995 2.2347357062 0.8552235656 0.5038710554 0.8635715544
0.9847247524 0.5310552870 1.1315932902 0.2993082247 1.1909701111 0.1623722519 0.1663193407 1.1306933214 0.3413153653 2.5727956931 7.4273916789 0.4716655760 0.0000000000 1.9804601164 0.2774159432 1.2470136622 0.5490940744 0.9882042831 0.9232030315
1.9535960589 0.1495297174 0.7396347536 0.2087340005 0.9110321298 5.5172874779 1.2648609344 0.9264608911 0.6949494781 0.2961149694 1.9474245066 1.0686216064 1.9804601164 0.0000000000 0.0522078030 0.3486355822 0.8489001025 1.1993434293 0.2490774228
0.0017812747 0.6704048869 0.4547331590 0.4238230366 0.7513177506 0.0674483568 1.0247699090 0.5167043277 0.2062746891 1.3632788299 0.8257864174 1.9989672995 0.2774159432 0.0522078030 0.0000000000 1.5907174888 0.1374577989 3.3413310058 1.3075604004
1.2945317105 0.6057954956 1.6361152759 0.3379004586 0.4510557937 1.6464232712 1.1234140291 0.5620396707 1.9366869967 0.9348300215 0.3681250839 2.2347357062 1.2470136622 0.3486355822 1.5907174888 0.0000000000 0.9397091369 0.8708073199 0.6031690948
1.9607838652 0.0680168870 0.3984395588 0.0684517982 0.9699389930 0.6600139050 0.2242705678 0.1901197942 0.1215747177 1.7836742592 1.1286947672 0.8552235656 0.5490940744 0.8489001025 0.1374577989 0.9397091369 0.0000000000 0.3681198986 0.3124521177
1.2546079457 0.7197041797 0.0867793675 0.3824441535 0.1337537961 1.1742663129 0.3245687195 2.0477204613 1.1289984864 0.5295091521 0.1330337193 0.5038710554 0.9882042831 1.1993434293 3.3413310058 0.8708073199 0.3681198986 0.0000000000 1.5017096814
0.5028860952 0.7082545059 1.0064325351 0.6651452715 1.3811925493 0.0699557611 1.2008731751 1.6217812480 0.0057488405 0.2833198824 0.2743559121 0.8635715544 0.9232030315 0.2490774228 1.3075604004 0.6031690948 0.3124521177 1.5017096814 0.0000000000
