# MCW Instance
# Type: EXPONENTIAL
# N: 19
# Optimal cost: 1.2407547384022926
# Optimal tour (permutation): [0, 16, 5, 4, 6, 7, 11, 2, 13, 10, 8, 18, 17, 15, 3, 9, 14, 12, 1, 0]
# Optimal walk (full path): [0, 16, 4, 5, 4, 6, 7, 2, 11, 2, 13, 10, 8, 18, 17, 15, 3, 9, 3, 14, 1, 12, 1, 0]
# Walk size: 24
# Is walk (has repeats): true

# Distance Matrix
0.0000000000 0.0334799690 1.1726398702 0.2482062532 1.0415923236 0.8232704844 0.6718061172 1.6877880076 0.7937681965 3.8615113800 0.4860839486 1.9719449743 1.5031288533 1.2165468263 3.7621436900 1.2670020039 0.0052020874 0.5592052233 1.0923896533
0.0334799690 0.0000000000 0.7698598956 1.4219433439 2.2121772564 0.2364576881 0.1467351922 0.0745472128 2.6592171972 0.4102636105 0.5277993154 0.3709658289 0.0045733712 0.7631128975 0.0905570017 1.5657244786 0.2802746001 0.0211326782 2.0032250317
1.1726398702 0.7698598956 0.0000000000 0.6240992624 1.6653977921 0.8531430074 0.4923087173 0.0946410197 1.5915517272 1.4952915757 0.2997630930 0.0845247984 0.1664976842 0.0878411006 0.3696251911 0.5053777494 0.1884269129 7.1618241698 1.0590979060
0.2482062532 1.4219433439 0.6240992624 0.0000000000 1.1240330470 1.8216492837 0.7586455527 0.9360577388 0.0744293924 0.0058316645 0.1185718194 0.5765882458 0.1379955796 1.1294437879 0.0658815014 0.0314304673 0.4396386283 1.9748873301 1.4892981184
1.0415923236 2.2121772564 1.6653977921 1.1240330470 0.0000000000 0.0107950205 0.1116802259 0.5277605180 1.3005010440 0.7468944373 1.4468266650 2.8569970802 1.0340797079 2.4603227617 0.2577847518 0.6697075117 0.0789942120 1.2810803027 0.1389343677
0.8232704844 0.2364576881 0.8531430074 1.8216492837 0.0107950205 0.0000000000 1.3695116098 2.5776581975 0.1096317668 0.4086631961 2.6093447010 0.7661605906 0.6064194434 1.2776369573 4.5853249601 0.2303835504 0.2740302137 0.5146088878 1.2448576256
0.6718061172 0.1467351922 0.4923087173 0.7586455527 0.1116802259 1.3695116098 0.0000000000 0.1813911484 0.4675699532 0.1618222443 0.5589510802 0.4585456115 0.1993314935 2.3552567984 0.6588547726 1.1847877645 2.5037786010 3.9586223558 0.4914672302
1.6877880076 0.0745472128 0.0946410197 0.9360577388 0.5277605180 2.5776581975 0.1813911484 0.0000000000 0.7418132840 0.0797001163 1.3257014067 0.5980728537 2.8717084041 0.2177816007 0.3090438468 0.1457243439 0.3293552706 1.2933332379 2.9698278654
0.7937681965 2.6592171972 1.5915517272 0.0744293924 1.3005010440 0.1096317668 0.4675699532 0.7418132840 0.0000000000 1.5757350265 0.0452890209 0.7871034802 0.5340801534 0.5299234587 1.6540176097 0.1122207293 2.9032144451 4.4768734759 0.0546407570
3.8615113800 0.4102636105 1.4952915757 0.0058316645 0.7468944373 0.4086631961 0.1618222443 0.0797001163 1.5757350265 0.0000000000 1.7403384048 0.1185094535 1.3478459615 0.6495787153 0.2769456831 1.9693872039 1.6487221411 1.9435992782 1.2354587305
0.4860839486 0.5277993154 0.2997630930 0.1185718194 1.4468266650 2.6093447010 0.5589510802 1.3257014067 0.0452890209 1.7403384048 0.0000000000 0.2550789301 0.4408840988 0.0645372161 1.6701127534 0.3138829381 2.9342561431 0.6786354071 0.7505601716
1.9719449743 0.3709658289 0.0845247984 0.5765882458 2.8569970802 0.7661605906 0.4585456115 0.5980728537 0.7871034802 0.1185094535 0.2550789301 0.0000000000 2.0636962324 1.8736973651 1.4814350539 0.1788153055 0.6876765664 0.7288688140 0.3064825197
1.5031288533 0.0045733712 0.1664976842 0.1379955796 1.0340797079 0.6064194434 0.1993314935 2.8717084041 0.5340801534 1.3478459615 0.4408840988 2.0636962324 0.0000000000 0.5625791506 0.1268845342 1.9196033029 0.9420112678 1.0311264284 0.1192846568
1.2165468263 0.7631128975 0.0878411006 1.1294437879 2.4603227617 1.2776369573 2.3552567984 0.2177816007 0.5299234587 0.6495787153 0.0645372161 1.8736973651 0.5625791506 0.0000000000 2.0196988989 0.3253764838 2.4969859406 3.5192236496 0.5881844273
3.7621436900 0.0905570017 0.3696251911 0.0658815014 0.2577847518 4.5853249601 0.6588547726 0.3090438468 1.6540176097 0.2769456831 1.6701127534 1.4814350539 0.1268845342 2.0196988989 0.0000000000 1.6496603119 0.5060647482 0.5373934443 0.6052919248
1.2670020039 1.5657244786 0.5053777494 0.0314304673 0.6697075117 0.2303835504 1.1847877645 0.1457243439 0.1122207293 1.9693872039 0.3138829381 0.1788153055 1.9196033029 0.3253764838 1.6496603119 0.0000000000 0.3363885359 0.0216766528 0.9762929123
0.0052020874 0.2802746001 0.1884269129 0.4396386283 0.0789942120 0.2740302137 2.5037786010 0.3293552706 2.9032144451 1.6487221411 2.9342561431 0.6876765664 0.9420112678 2.4969859406 0.5060647482 0.3363885359 0.0000000000 4.3889000198 0.4376410486
0.5592052233 0.0211326782 7.1618241698 1.9748873301 1.2810803027 0.5146088878 3.9586223558 1.2933332379 4.4768734759 1.9435992782 0.6786354071 0.7288688140 1.0311264284 3.5192236496 0.5373934443 0.0216766528 4.3889000198 0.0000000000 0.0620626492
1.0923896533 2.0032250317 1.0590979060 1.4892981184 0.1389343677 1.2448576256 0.4914672302 2.9698278654 0.0546407570 1.2354587305 0.7505601716 0.3064825197 0.1192846568 0.5881844273 0.6052919248 0.9762929123 0.4376410486 0.0620626492 0.0000000000
