# MCW Instance
# Type: EXPONENTIAL
# N: 19
# Optimal cost: 1.4773819021521961
# Optimal tour (permutation): [0, 15, 8, 18, 6, 9, 4, 13, 10, 7, 17, 2, 11, 5, 3, 16, 14, 12, 1, 0]
# Optimal walk (full path): [0, 15, 0, 8, 18, 6, 9, 13, 4, 13, 10, 7, 17, 2, 17, 11, 5, 11, 3, 14, 16, 14, 3, 12, 1, 8, 0]
# Walk size: 27
# Is walk (has repeats): true

# Distance Matrix
0.0000000000 2.6342538685 0.4393154614 1.2666695045 1.5959257288 0.8425215655 0.3964655851 0.8011990912 0.0304342728 1.5177998108 2.1536514645 0.5152834299 1.2715743115 1.0590744924 1.3599169962 0.0058368233 0.1982703100 0.1083555349 0.3115326903
2.6342538685 0.0000000000 0.5917612699 0.7575839697 1.4839886719 1.1376512774 0.7889231618 1.4201699228 0.0158653080 0.0771650415 3.0165764403 0.8141367368 0.1316921319 0.5677363064 0.5954320101 0.7265727393 1.2926762709 2.3703279141 3.9344493632
0.4393154614 0.5917612699 0.0000000000 0.1570197570 1.3470557168 1.3681578805 0.1367801663 1.3537172090 0.8435274415 0.4940870753 0.4570080508 0.1429961340 0.3412473491 0.4913963905 0.2590887806 2.0231222543 0.5322403099 0.0183338163 0.9383991148
1.2666695045 0.7575839697 0.1570197570 0.0000000000 0.7405848152 0.6270921377 1.2299046574 2.0304512670 0.5483975216 3.9176456260 0.9491787145 0.0270081597 0.2075515578 1.3051487739 0.0000594121 0.3757299536 0.2933230043 4.2728144462 0.5091697145
1.5959257288 1.4839886719 1.3470557168 0.7405848152 0.0000000000 0.8774174529 1.1002834599 0.4193135488 1.9008394774 0.9340703932 0.2669927887 0.1584901891 3.0132559782 0.0362329064 0.4815507951 2.9818837784 1.6784553597 3.3054296695 2.0048908986
0.8425215655 1.1376512774 1.3681578805 0.6270921377 0.8774174529 0.0000000000 0.5602158779 0.7209436999 0.3710227318 1.6985776490 0.1572167110 0.0638895292 2.7242532957 0.6901982707 0.1438199867 0.6029669103 0.3445396127 0.6971699374 1.5234523689
0.3964655851 0.7889231618 0.1367801663 1.2299046574 1.1002834599 0.5602158779 0.0000000000 2.1942413570 1.0611665615 0.0996806754 1.0765198098 1.8044499742 0.5217178758 1.9152100941 3.3301462444 0.2010658754 1.1529354965 1.2842274113 0.0411838814
0.8011990912 1.4201699228 1.3537172090 2.0304512670 0.4193135488 0.7209436999 2.1942413570 0.0000000000 0.5089768317 1.1330310072 0.2067328658 3.5694839934 0.3045297104 0.2938916198 0.2695738112 0.9638573170 0.5257662123 0.1696477621 0.6599218442
0.0304342728 0.0158653080 0.8435274415 0.5483975216 1.9008394774 0.3710227318 1.0611665615 0.5089768317 0.0000000000 0.8517835564 1.2079710154 2.5911801769 1.7019736464 0.5655521373 0.1767429623 2.1774826177 1.2045776114 0.6090012875 0.0065480879
1.5177998108 0.0771650415 0.4940870753 3.9176456260 0.9340703932 1.6985776490 0.0996806754 1.1330310072 0.8517835564 0.0000000000 3.2567332032 0.4127208286 0.1957907544 0.1462061770 1.7541009495 1.2727044189 1.3686336125 0.3607456437 3.1422004366
2.1536514645 3.0165764403 0.4570080508 0.9491787145 0.2669927887 0.1572167110 1.0765198098 0.2067328658 1.2079710154 3.2567332032 0.0000000000 1.2582752182 1.8603265657 0.0432950987 0.4590910804 0.2661055916 1.8078008022 0.4813737304 0.6605310445
0.5152834299 0.8141367368 0.1429961340 0.0270081597 0.1584901891 0.0638895292 1.8044499742 3.5694839934 2.5911801769 0.4127208286 1.2582752182 0.0000000000 1.2722483560 0.4445895923 0.3344636024 0.4724107082 0.1464177261 0.0056754498 1.4142116976
1.2715743115 0.1316921319 0.3412473491 0.2075515578 3.0132559782 2.7242532957 0.5217178758 0.3045297104 1.7019736464 0.1957907544 1.8603265657 1.2722483560 0.0000000000 1.6717318778 2.3947991264 1.8989405497 0.8548699477 2.4258957433 0.2811208852
1.0590744924 0.5677363064 0.4913963905 1.3051487739 0.0362329064 0.6901982707 1.9152100941 0.2938916198 0.5655521373 0.1462061770 0.0432950987 0.4445895923 1.6717318778 0.0000000000 0.7735749912 0.9022986624 4.0441139222 1.0418129839 0.4674313145
1.3599169962 0.5954320101 0.2590887806 0.0000594121 0.4815507951 0.1438199867 3.3301462444 0.2695738112 0.1767429623 1.7541009495 0.4590910804 0.3344636024 2.3947991264 0.7735749912 0.0000000000 1.2647228840 0.0333606133 0.5283399387 0.3949936811
0.0058368233 0.7265727393 2.0231222543 0.3757299536 2.9818837784 0.6029669103 0.2010658754 0.9638573170 2.1774826177 1.2727044189 0.2661055916 0.4724107082 1.8989405497 0.9022986624 1.2647228840 0.0000000000 1.0756041077 1.4295007073 0.4918139926
0.1982703100 1.2926762709 0.5322403099 0.2933230043 1.6784553597 0.3445396127 1.1529354965 0.5257662123 1.2045776114 1.3686336125 1.8078008022 0.1464177261 0.8548699477 4.0441139222 0.0333606133 1.0756041077 0.0000000000 0.2149292222 1.6493486797
0.1083555349 2.3703279141 0.0183338163 4.2728144462 3.3054296695 0.6971699374 1.2842274113 0.1696477621 0.6090012875 0.3607456437 0.4813737304 0.0056754498 2.4258957433 1.0418129839 0.5283399387 1.4295007073 0.2149292222 0.0000000000 0.4366776742
0.3115326903 3.9344493632 0.9383991148 0.5091697145 2.0048908986 1.5234523689 0.0411838814 0.6599218442 0.0065480879 3.1422004366 0.6605310445 1.4142116976 0.2811208852 0.4674313145 0.3949936811 0.4918139926 1.6493486797 0.4366776742 0.0000000000
