# MCW Instance
# Type: EXPONENTIAL
# N: 19
# Optimal cost: 1.4280442387683157
# Optimal tour (permutation): [0, 15, 5, 16, 3, 13, 12, 9, 18, 7, 17, 11, 6, 8, 1, 4, 2, 10, 14, 0]
# Optimal walk (full path): [0, 15, 5, 16, 3, 13, 12, 9, 12, 13, 18, 7, 18, 13, 17, 11, 6, 8, 1, 2, 4, 2, 10, 14, 0]
# Walk size: 25
# Is walk (has repeats): true

# Distance Matrix
0.0000000000 0.4889469635 0.3465178558 0.6142667874 0.8941648195 0.4486851562 1.6478699473 5.4995719681 0.5961955558 1.8458385991 0.5097345993 0.1812692721 0.7643388405 1.6850664051 0.0343991462 0.0451540158 0.5210534630 1.9710410522 1.4354266678
0.4889469635 0.0000000000 0.0636766157 1.8403047284 2.2629576763 0.4132428666 0.5985365973 0.5922963216 0.1996951912 0.4951429415 0.9830442059 0.4129973877 0.2503958449 0.1836657817 0.3091015645 0.4913058278 1.0690065029 0.4557547472 1.8749460610
0.3465178558 0.0636766157 0.0000000000 0.1729426635 0.0036319371 0.7114508383 0.1969554964 0.3010122476 0.1893167830 2.2971453400 0.0527544788 0.7781786676 5.4103753864 0.2270266662 0.5697868074 0.2508708581 0.9824152980 0.3860322710 1.6976112349
0.6142667874 1.8403047284 0.1729426635 0.0000000000 1.6049096698 0.7958443630 0.3759378050 0.1825042116 0.3721256524 0.1402271548 1.6701238270 1.1516750768 0.4304092269 0.0719486187 0.6811697888 4.5718274597 0.0236132006 1.9742376097 3.2108340911
0.8941648195 2.2629576763 0.0036319371 1.6049096698 0.0000000000 1.0443259910 2.4664010998 0.5233893408 0.7934727600 2.8586658882 4.5206914177 0.2019029882 0.5616845143 1.0495040028 0.3417090140 3.3735061914 0.9554686820 0.1543027234 0.2690429364
0.4486851562 0.4132428666 0.7114508383 0.7958443630 1.0443259910 0.0000000000 5.5661927691 0.4180495419 0.7686528186 0.3474829074 0.8254615451 1.1641478273 1.3402095603 1.6238755870 0.5818148874 0.1683670856 0.2448237437 1.5951153534 0.4015794546
1.6478699473 0.5985365973 0.1969554964 0.3759378050 2.4664010998 5.5661927691 0.0000000000 0.4821378185 0.0086966282 1.2202071156 0.4756073723 0.1434712210 4.4017116184 2.7836514615 0.2221122320 0.1931193410 1.2623829970 0.6958027172 0.3665530168
5.4995719681 0.5922963216 0.3010122476 0.1825042116 0.5233893408 0.4180495419 0.4821378185 0.0000000000 1.2244086728 0.2774244972 2.5021754754 1.2813015654 0.7566478788 0.0541081586 3.6811654009 0.9813475408 0.3368632651 0.0500139792 0.0012169032
0.5961955558 0.1996951912 0.1893167830 0.3721256524 0.7934727600 0.7686528186 0.0086966282 1.2244086728 0.0000000000 0.3755117795 0.9593115621 1.4630017857 1.1136400868 0.5128258462 0.4649530704 0.3703615322 0.9119322835 0.1645831853 0.8101660931
1.8458385991 0.4951429415 2.2971453400 0.1402271548 2.8586658882 0.3474829074 1.2202071156 0.2774244972 0.3755117795 0.0000000000 0.4425588152 0.3708637536 0.0577415273 4.6085208887 0.6515908845 0.8254096711 0.3722458043 0.4915651315 0.4594215972
0.5097345993 0.9830442059 0.0527544788 1.6701238270 4.5206914177 0.8254615451 0.4756073723 2.5021754754 0.9593115621 0.4425588152 0.0000000000 0.3676179436 0.9818984369 1.6053810930 0.0632404021 0.0770733021 2.1148731669 0.2369786341 0.2281382315
0.1812692721 0.4129973877 0.7781786676 1.1516750768 0.2019029882 1.1641478273 0.1434712210 1.2813015654 1.4630017857 0.3708637536 0.3676179436 0.0000000000 2.7512349707 0.7053356245 0.5469610673 0.4515061961 1.3998367168 0.1312371217 0.1692100993
0.7643388405 0.2503958449 5.4103753864 0.4304092269 0.5616845143 1.3402095603 4.4017116184 0.7566478788 1.1136400868 0.0577415273 0.9818984369 2.7512349707 0.0000000000 0.0060279940 1.9057296167 1.8991308221 1.6955894344 0.2481922149 1.9732088992
1.6850664051 0.1836657817 0.2270266662 0.0719486187 1.0495040028 1.6238755870 2.7836514615 0.0541081586 0.5128258462 4.6085208887 1.6053810930 0.7053356245 0.0060279940 0.0000000000 3.3271582601 0.1903116159 0.6310490289 0.0073227370 0.0162036545
0.0343991462 0.3091015645 0.5697868074 0.6811697888 0.3417090140 0.5818148874 0.2221122320 3.6811654009 0.4649530704 0.6515908845 0.0632404021 0.5469610673 1.9057296167 3.3271582601 0.0000000000 1.4602502404 1.1064292617 1.3328676861 0.3820833073
0.0451540158 0.4913058278 0.2508708581 4.5718274597 3.3735061914 0.1683670856 0.1931193410 0.9813475408 0.3703615322 0.8254096711 0.0770733021 0.4515061961 1.8991308221 0.1903116159 1.4602502404 0.0000000000 1.6142195536 1.1322063185 0.2320055499
0.5210534630 1.0690065029 0.9824152980 0.0236132006 0.9554686820 0.2448237437 1.2623829970 0.3368632651 0.9119322835 0.3722458043 2.1148731669 1.3998367168 1.6955894344 0.6310490289 1.1064292617 1.6142195536 0.0000000000 1.3255692756 1.5705628661
1.9710410522 0.4557547472 0.3860322710 1.9742376097 0.1543027234 1.5951153534 0.6958027172 0.0500139792 0.1645831853 0.4915651315 0.2369786341 0.1312371217 0.2481922149 0.0073227370 1.3328676861 1.1322063185 1.3255692756 0.0000000000 1.6107793720
1.4354266678 1.8749460610 1.6976112349 3.2108340911 0.2690429364 0.4015794546 0.3665530168 0.0012169032 0.8101660931 0.4594215972 0.2281382315 0.1692100993 1.9732088992 0.0162036545 0.3820833073 0.2320055499 1.5705628661 1.6107793720 0.0000000000
