# MCW Instance
# Type: EXPONENTIAL
# N: 19
# Optimal cost: 2.102646665995221
# Optimal tour (permutation): [0, 18, 8, 11, 4, 7, 13, 10, 3, 1, 14, 15, 17, 9, 12, 6, 2, 5, 16, 0]
# Optimal walk (full path): [0, 18, 8, 11, 4, 7, 13, 10, 1, 3, 1, 14, 15, 17, 12, 9, 12, 17, 6, 2, 5, 16, 0]
# Walk size: 23
# Is walk (has repeats): true

# Distance Matrix
0.0000000000 0.2735444118 1.7530984327 1.2138298411 1.3787427792 0.5032176921 0.6413799627 2.8767421028 0.8621002143 0.9149519667 1.6616735177 0.1774498715 0.2103982661 0.4495681033 0.1608264826 2.1013285977 0.1191928601 7.2768910902 0.0888040292
0.2735444118 0.0000000000 0.3592363367 0.0156513767 0.5813630255 0.9276210871 0.3549908731 0.3195058506 1.5688443564 2.9614988503 0.0203645828 0.1521795939 0.5968041912 0.3055041562 0.0527591264 1.3303452101 3.1383866440 0.0319685604 0.0431333824
1.7530984327 0.3592363367 0.0000000000 0.4817346744 2.5862681666 0.3333651247 0.2416785041 1.5373317592 0.3612365195 1.0276730522 1.8920514221 2.4035429209 4.5886298276 0.3753032866 1.7906175325 0.5657077507 0.3230702729 0.2747244170 0.9752798440
1.2138298411 0.0156513767 0.4817346744 0.0000000000 0.1021561079 2.3641241111 1.5277447104 0.7332977299 0.4392732070 0.8903902803 0.5571957219 4.2646400082 0.2292738765 1.0677049971 0.2878147479 1.8474158003 0.2831986722 0.1752121784 0.0810507358
1.3787427792 0.5813630255 2.5862681666 0.1021561079 0.0000000000 0.8550179194 0.8862279986 0.1738016044 0.7707036737 1.0624974183 0.4589960580 0.0684969004 0.6789340048 1.3066900910 0.4644425986 3.2808105942 1.1396399730 1.5044136773 0.5021703412
0.5032176921 0.9276210871 0.3333651247 2.3641241111 0.8550179194 0.0000000000 0.6792170546 1.2079374675 1.8056035723 1.5483324238 0.7041387556 2.6628904385 1.2067906478 1.9176691332 2.3840911331 0.3449735268 0.1116163918 0.9349606077 0.3758973942
0.6413799627 0.3549908731 0.2416785041 1.5277447104 0.8862279986 0.6792170546 0.0000000000 0.3890523942 0.2217902895 1.2883691354 2.4873298319 0.5149928290 1.7696555907 0.4630243253 1.2200946201 0.8101976214 0.0410991193 0.0301185913 0.7731408877
2.8767421028 0.3195058506 1.5373317592 0.7332977299 0.1738016044 1.2079374675 0.3890523942 0.0000000000 1.3714920126 0.4893108851 0.4198089849 2.0510369144 0.2164261661 0.2048587789 0.6205674337 1.9780769436 1.6215518532 0.7973589088 0.5113350978
0.8621002143 1.5688443564 0.3612365195 0.4392732070 0.7707036737 1.8056035723 0.2217902895 1.3714920126 0.0000000000 0.5477351906 0.5947399862 0.1510217984 0.4835502418 0.3762029525 0.8043779429 1.9896210805 0.3278762550 1.3449642517 0.0200764175
0.9149519667 2.9614988503 1.0276730522 0.8903902803 1.0624974183 1.5483324238 1.2883691354 0.4893108851 0.5477351906 0.0000000000 0.4712181316 1.3783136436 0.0071186791 0.4950685135 0.1549822647 2.1550290505 1.3954191305 1.5785080721 3.5090516452
1.6616735177 0.0203645828 1.8920514221 0.5571957219 0.4589960580 0.7041387556 2.4873298319 0.4198089849 0.5947399862 0.4712181316 0.0000000000 1.5063429277 2.2384496856 0.0865595018 0.4597332672 0.8916333918 3.2196831214 0.4392944799 2.1753515824
0.1774498715 0.1521795939 2.4035429209 4.2646400082 0.0684969004 2.6628904385 0.5149928290 2.0510369144 0.1510217984 1.3783136436 1.5063429277 0.0000000000 0.5965615161 1.1705876261 2.4459461540 0.7058502522 1.3520949029 1.7099247895 0.9219133417
0.2103982661 0.5968041912 4.5886298276 0.2292738765 0.6789340048 1.2067906478 1.7696555907 0.2164261661 0.4835502418 0.0071186791 2.2384496856 0.5965615161 0.0000000000 0.7901402785 0.1101748691 1.6486774906 0.4854107273 0.0629466900 1.4996755471
0.4495681033 0.3055041562 0.3753032866 1.0677049971 1.3066900910 1.9176691332 0.4630243253 0.2048587789 0.3762029525 0.4950685135 0.0865595018 1.1705876261 0.7901402785 0.0000000000 1.7784905010 2.9096229923 0.9336397908 1.4527897041 1.3917819912
0.1608264826 0.0527591264 1.7906175325 0.2878147479 0.4644425986 2.3840911331 1.2200946201 0.6205674337 0.8043779429 0.1549822647 0.4597332672 2.4459461540 0.1101748691 1.7784905010 0.0000000000 0.1173591829 0.4664641102 1.1389146335 2.7060455674
2.1013285977 1.3303452101 0.5657077507 1.8474158003 3.2808105942 0.3449735268 0.8101976214 1.9780769436 1.9896210805 2.1550290505 0.8916333918 0.7058502522 1.6486774906 2.9096229923 0.1173591829 0.0000000000 1.9804570656 0.1111397798 3.2252003844
0.1191928601 3.1383866440 0.3230702729 0.2831986722 1.1396399730 0.1116163918 0.0410991193 1.6215518532 0.3278762550 1.3954191305 3.2196831214 1.3520949029 0.4854107273 0.9336397908 0.4664641102 1.9804570656 0.0000000000 1.2442846426 1.5029480359
7.2768910902 0.0319685604 0.2747244170 0.1752121784 1.5044136773 0.9349606077 0.0301185913 0.7973589088 1.3449642517 1.5785080721 0.4392944799 1.7099247895 0.0629466900 1.4527897041 1.1389146335 0.1111397798 1.2442846426 0.0000000000 3.1442998037
0.0888040292 0.0431333824 0.9752798440 0.0810507358 0.5021703412 0.3758973942 0.7731408877 0.5113350978 0.0200764175 3.5090516452 2.1753515824 0.9219133417 1.4996755471 1.3917819912 2.7060455674 3.2252003844 1.5029480359 3.1442998037 0.0000000000
