# MCW Instance
# Type: EXPONENTIAL
# N: 19
# Optimal cost: 2.0759744247498273
# Optimal tour (permutation): [0, 18, 11, 10, 5, 9, 17, 3, 6, 2, 14, 16, 7, 15, 8, 12, 13, 4, 1, 0]
# Optimal walk (full path): [0, 18, 11, 10, 5, 10, 9, 17, 3, 6, 2, 14, 16, 7, 16, 8, 15, 8, 0, 12, 4, 13, 4, 1, 0]
# Walk size: 25
# Is walk (has repeats): true

# Distance Matrix
0.0000000000 0.1220951330 0.4618341452 0.0862397826 5.2454080478 0.6055415407 0.8136567310 0.3349621757 0.0289357274 1.3145048733 0.1905206049 0.0337460863 0.0099601313 4.0385737652 0.3626448332 2.6102245438 1.4128510371 1.4350080852 0.2943443483
0.1220951330 0.0000000000 0.8846485844 1.9758569572 0.0554071650 1.1485533820 0.5089611415 1.2845375025 0.4041889972 0.4394468615 0.8859670123 0.7010597450 3.0047024142 1.0076936686 3.5042757598 0.8703528646 0.7313643180 0.2729579502 1.1744632957
0.4618341452 0.8846485844 0.0000000000 1.1086126360 1.2244104161 1.7704239921 0.0620996105 0.5424462854 2.7477834527 0.6952438190 0.1636880220 3.0147595064 1.5499955617 0.3437529638 0.1993825154 0.7361284916 0.7311365229 0.5741022648 1.6602137543
0.0862397826 1.9758569572 1.1086126360 0.0000000000 0.1953930106 0.0143871560 0.2293356236 0.5230609349 0.0932952913 1.0504027395 1.4982460863 0.0181436069 3.7678374852 6.6034692399 1.9223280675 0.2720946736 2.4983290825 0.0532537078 0.4487145067
5.2454080478 0.0554071650 1.2244104161 0.1953930106 0.0000000000 0.6058423553 1.0123972353 1.0470348236 1.9797500075 2.7209103506 0.3417573757 0.0964213409 0.0772308193 0.0749815630 1.0589078069 0.7208660763 0.2238945740 1.1609597355 0.8803707370
0.6055415407 1.1485533820 1.7704239921 0.0143871560 0.6058423553 0.0000000000 0.5534960542 0.8883229997 1.0228055729 0.9026952095 0.0047089183 1.0194723671 0.2410650187 0.4607995626 0.1300649251 1.4183737991 0.9281659550 0.1698125993 1.5418913512
0.8136567310 0.5089611415 0.0620996105 0.2293356236 1.0123972353 0.5534960542 0.0000000000 0.8822533033 0.9968626099 2.9419724317 1.2016783276 1.2258295606 0.2759397963 0.7731558522 1.9702224517 0.7140515605 1.1721529750 1.0728709312 1.2396141007
0.3349621757 1.2845375025 0.5424462854 0.5230609349 1.0470348236 0.8883229997 0.8822533033 0.0000000000 2.8418323690 0.3912297614 0.7440057962 0.1530760704 0.4857517480 1.3703692947 0.5044699068 1.6453383737 0.0530890900 1.5148448714 2.2048809832
0.0289357274 0.4041889972 2.7477834527 0.0932952913 1.9797500075 1.0228055729 0.9968626099 2.8418323690 0.0000000000 0.7887701837 1.8539129922 0.0322218320 0.1329362876 0.5637570578 1.6442131969 0.0582541406 0.0154341906 2.1622756945 4.9514699955
1.3145048733 0.4394468615 0.6952438190 1.0504027395 2.7209103506 0.9026952095 2.9419724317 0.3912297614 0.7887701837 0.0000000000 0.1115252786 0.4730368522 0.7940905811 1.3085313111 0.1817045463 1.8645397824 0.1133041079 0.0736514832 0.8144726479
0.1905206049 0.8859670123 0.1636880220 1.4982460863 0.3417573757 0.0047089183 1.2016783276 0.7440057962 1.8539129922 0.1115252786 0.0000000000 0.0079445566 0.0863018698 0.6010530792 1.0273694424 0.8077765123 1.0614698138 0.4971666368 0.3936468519
0.0337460863 0.7010597450 3.0147595064 0.0181436069 0.0964213409 1.0194723671 1.2258295606 0.1530760704 0.0322218320 0.4730368522 0.0079445566 0.0000000000 1.1751726900 3.3228248717 0.5459385423 2.0322767190 0.8330585779 4.1074822608 0.3155632631
0.0099601313 3.0047024142 1.5499955617 3.7678374852 0.0772308193 0.2410650187 0.2759397963 0.4857517480 0.1329362876 0.7940905811 0.0863018698 1.1751726900 0.0000000000 0.2538982983 2.5501702638 2.8642673232 1.5047239561 0.7236181306 1.5518299903
4.0385737652 1.0076936686 0.3437529638 6.6034692399 0.0749815630 0.4607995626 0.7731558522 1.3703692947 0.5637570578 1.3085313111 0.6010530792 3.3228248717 0.2538982983 0.0000000000 0.7676352234 2.0376145942 0.7419643349 0.7466078264 0.8974595546
0.3626448332 3.5042757598 0.1993825154 1.9223280675 1.0589078069 0.1300649251 1.9702224517 0.5044699068 1.6442131969 0.1817045463 1.0273694424 0.5459385423 2.5501702638 0.7676352234 0.0000000000 0.6344977493 0.0377434475 0.2387617909 1.1421992361
2.6102245438 0.8703528646 0.7361284916 0.2720946736 0.7208660763 1.4183737991 0.7140515605 1.6453383737 0.0582541406 1.8645397824 0.8077765123 2.0322767190 2.8642673232 2.0376145942 0.6344977493 0.0000000000 0.1679389615 1.1570972705 2.6788242769
1.4128510371 0.7313643180 0.7311365229 2.4983290825 0.2238945740 0.9281659550 1.1721529750 0.0530890900 0.0154341906 0.1133041079 1.0614698138 0.8330585779 1.5047239561 0.7419643349 0.0377434475 0.1679389615 0.0000000000 0.1595408527 2.4159466126
1.4350080852 0.2729579502 0.5741022648 0.0532537078 1.1609597355 0.1698125993 1.0728709312 1.5148448714 2.1622756945 0.0736514832 0.4971666368 4.1074822608 0.7236181306 0.7466078264 0.2387617909 1.1570972705 0.1595408527 0.0000000000 0.6576088362
0.2943443483 1.1744632957 1.6602137543 0.4487145067 0.8803707370 1.5418913512 1.2396141007 2.2048809832 4.9514699955 0.8144726479 0.3936468519 0.3155632631 1.5518299903 0.8974595546 1.1421992361 2.6788242769 2.4159466126 0.6576088362 0.0000000000
