# MCW Instance
# Type: EXPONENTIAL
# N: 19
# Optimal cost: 1.8166940248469254
# Optimal tour (permutation): [0, 6, 5, 2, 12, 13, 18, 8, 7, 17, 14, 4, 9, 11, 10, 3, 16, 15, 1, 0]
# Optimal walk (full path): [0, 6, 5, 2, 12, 13, 18, 8, 7, 17, 14, 4, 9, 11, 10, 3, 16, 15, 1, 8, 0]
# Walk size: 21
# Is walk (has repeats): true

# Distance Matrix
0.0000000000 0.2294522897 0.3538317807 0.2025549957 0.3926481161 0.6087448884 0.1930367564 0.3694074567 0.0425834699 0.0839014995 0.3662257085 0.7317455157 3.0073620303 0.3510890245 0.2712246703 0.4744278964 0.6785598806 1.6549280244 1.1104832173
0.2294522897 0.0000000000 0.1234770035 0.3780148473 0.2760140502 0.7704810111 0.2771439744 1.8446925060 0.0028775330 0.1400630973 1.2084205304 0.9860213028 1.0333465428 2.6229196857 0.5179799637 0.0288555957 0.9243742617 0.2258667946 0.8543910147
0.3538317807 0.1234770035 0.0000000000 1.0099817428 2.5081385030 0.0542758096 0.3562067901 0.3003480257 2.4817565911 4.4771158485 2.0308142202 0.2692622193 0.1059068402 1.6539598900 3.3092283129 0.2994901858 0.6449534016 0.1043622631 0.7782234661
0.2025549957 0.3780148473 1.0099817428 0.0000000000 2.7723293493 0.3767058220 0.3724166932 0.3423959478 1.6969752972 2.9183068379 0.0482500217 2.0873938539 1.0127673659 0.6672540559 2.1311932225 1.5780899302 0.2323119299 0.8049406625 1.4297584845
0.3926481161 0.2760140502 2.5081385030 2.7723293493 0.0000000000 0.7885370632 0.4854134104 2.4866438334 1.6191211868 0.0331440147 0.3421015916 1.3689034462 0.0854610058 0.6901799947 0.0922795992 0.7582572246 1.8489392431 0.1098664477 0.4474928830
0.6087448884 0.7704810111 0.0542758096 0.3767058220 0.7885370632 0.0000000000 0.0826602550 0.4875668856 0.2563996432 0.4187097711 2.8962132916 1.6879527578 2.0591465394 0.0765411392 0.7591769031 1.1917540487 0.2002430217 1.7571747411 1.0591956951
0.1930367564 0.2771439744 0.3562067901 0.3724166932 0.4854134104 0.0826602550 0.0000000000 1.0740142353 1.8342105326 4.6713782261 1.3109217988 2.6370381074 0.4956911066 3.5554294895 3.6119833317 1.6517777554 1.7235387913 0.8793398313 1.6559416643
0.3694074567 1.8446925060 0.3003480257 0.3423959478 2.4866438334 0.4875668856 1.0740142353 0.0000000000 0.1473052819 0.7815206306 1.6538462619 0.8268638956 1.9397791464 1.7629841097 1.4246266206 2.0586945903 2.2887065939 0.0890692440 0.2690878649
0.0425834699 0.0028775330 2.4817565911 1.6969752972 1.6191211868 0.2563996432 1.8342105326 0.1473052819 0.0000000000 0.9974331103 1.3870381408 1.7763532761 0.2197513571 0.3353555014 0.2326328287 0.1362275040 0.1062928405 0.1969471452 0.0428610551
0.0839014995 0.1400630973 4.4771158485 2.9183068379 0.0331440147 0.4187097711 4.6713782261 0.7815206306 0.9974331103 0.0000000000 0.3548489768 0.1190591009 0.3029337120 0.7203573221 0.1787208050 1.6988304151 2.0124074751 2.7381324746 1.1697091490
0.3662257085 1.2084205304 2.0308142202 0.0482500217 0.3421015916 2.8962132916 1.3109217988 1.6538462619 1.3870381408 0.3548489768 0.0000000000 0.2403938404 0.6515980260 1.5141794604 2.5575271592 0.5917941108 0.4519934965 0.1484019993 0.3383580883
0.7317455157 0.9860213028 0.2692622193 2.0873938539 1.3689034462 1.6879527578 2.6370381074 0.8268638956 1.7763532761 0.1190591009 0.2403938404 0.0000000000 3.0757715486 1.1531354693 1.1847265742 1.9970390521 0.5812820175 0.3178417207 1.4768407583
3.0073620303 1.0333465428 0.1059068402 1.0127673659 0.0854610058 2.0591465394 0.4956911066 1.9397791464 0.2197513571 0.3029337120 0.6515980260 3.0757715486 0.0000000000 0.0570133053 0.4671105593 0.7352824082 0.5166186936 0.1249664346 0.6566354766
0.3510890245 2.6229196857 1.6539598900 0.6672540559 0.6901799947 0.0765411392 3.5554294895 1.7629841097 0.3353555014 0.7203573221 1.5141794604 1.1531354693 0.0570133053 0.0000000000 3.5624069112 1.8636185930 0.5387997450 0.1168855135 0.0424354833
0.2712246703 0.5179799637 3.3092283129 2.1311932225 0.0922795992 0.7591769031 3.6119833317 1.4246266206 0.2326328287 0.1787208050 2.5575271592 1.1847265742 0.4671105593 3.5624069112 0.0000000000 0.5304346689 2.1865148456 0.1206047224 4.2244924796
0.4744278964 0.0288555957 0.2994901858 1.5780899302 0.7582572246 1.1917540487 1.6517777554 2.0586945903 0.1362275040 1.6988304151 0.5917941108 1.9970390521 0.7352824082 1.8636185930 0.5304346689 0.0000000000 0.0417701661 0.1184647375 0.4991204204
0.6785598806 0.9243742617 0.6449534016 0.2323119299 1.8489392431 0.2002430217 1.7235387913 2.2887065939 0.1062928405 2.0124074751 0.4519934965 0.5812820175 0.5166186936 0.5387997450 2.1865148456 0.0417701661 0.0000000000 1.0256925873 0.7150006734
1.6549280244 0.2258667946 0.1043622631 0.8049406625 0.1098664477 1.7571747411 0.8793398313 0.0890692440 0.1969471452 2.7381324746 0.1484019993 0.3178417207 0.1249664346 0.1168855135 0.1206047224 0.1184647375 1.0256925873 0.0000000000 0.9788168231
1.1104832173 0.8543910147 0.7782234661 1.4297584845 0.4474928830 1.0591956951 1.6559416643 0.2690878649 0.0428610551 1.1697091490 0.3383580883 1.4768407583 0.6566354766 0.0424354833 4.2244924796 0.4991204204 0.7150006734 0.9788168231 0.0000000000
