# MCW Instance
# Type: EXPONENTIAL
# N: 19
# Optimal cost: 1.1042195355839775
# Optimal tour (permutation): [0, 16, 3, 1, 12, 9, 7, 4, 15, 11, 6, 10, 8, 18, 14, 5, 13, 2, 17, 0]
# Optimal walk (full path): [0, 3, 16, 3, 1, 12, 9, 12, 15, 7, 15, 4, 15, 11, 6, 10, 8, 10, 18, 14, 2, 13, 5, 13, 2, 14, 17, 14, 18, 0]
# Walk size: 30
# Is walk (has repeats): true

# Distance Matrix
0.0000000000 0.7411924843 0.1744969696 0.0447844178 1.2898266307 2.4239394882 1.6654500746 0.2075807788 0.1661361933 0.0997972034 4.2173082666 0.9496382229 0.6566313803 3.6633085677 0.3243564069 2.2528154351 0.7585629173 2.1873808863 0.0165868365
0.7411924843 0.0000000000 0.3595035659 0.1152459852 1.0733664310 0.2066426261 1.5571642372 1.2368626863 0.4821890410 0.9959780703 2.4876929075 1.1901605560 0.1260037022 0.8631137514 1.9387366228 1.1151331937 0.8494472030 0.2272488025 0.9384495999
0.1744969696 0.3595035659 0.0000000000 0.1421949490 0.1459854026 0.1432626763 0.3836389343 1.5495260924 0.1337096104 0.8578835976 0.0887485522 0.4659782443 2.1544682270 0.0004880177 0.0020902945 0.1602288796 0.6620987117 0.1325081668 0.2799753203
0.0447844178 0.1152459852 0.1421949490 0.0000000000 1.4115342093 0.1289098056 0.3275454497 2.1972364669 0.8328238422 2.8295586784 0.1238498495 1.7866339714 0.1642103953 3.3376194447 4.5909452099 0.8833614052 0.1105689876 3.3717988533 0.3672686037
1.2898266307 1.0733664310 0.1459854026 1.4115342093 0.0000000000 3.3971807226 2.4362872440 1.0856453833 0.8838432462 1.1455347799 0.3358275902 0.4026815781 3.0643081684 0.9773886146 2.4560520655 0.0162044989 0.4130748857 0.2270333003 0.3893502575
2.4239394882 0.2066426261 0.1432626763 0.1289098056 3.3971807226 0.0000000000 1.6943369938 1.1893410352 0.5890560501 0.1778453341 0.4619811544 0.1454706373 1.0885324595 0.0471692293 0.7301324334 8.8114673949 0.5982621886 1.3448619171 0.3917806946
1.6654500746 1.5571642372 0.3836389343 0.3275454497 2.4362872440 1.6943369938 0.0000000000 0.7914730568 0.5241922507 0.4607318435 0.0717059625 0.0992468545 0.7130275803 0.0804945457 0.8743942484 0.2090828843 0.2725538409 0.5785694074 0.3327230232
0.2075807788 1.2368626863 1.5495260924 2.1972364669 1.0856453833 1.1893410352 0.7914730568 0.0000000000 0.9131702150 1.1274453510 1.7772737034 0.9105722500 1.2801933937 0.7662926318 1.8906681673 0.0213832499 0.3320498461 1.2606334554 1.8081489357
0.1661361933 0.4821890410 0.1337096104 0.8328238422 0.8838432462 0.5890560501 0.5241922507 0.9131702150 0.0000000000 2.4732373512 0.0482349178 0.4331010698 0.7676916164 0.3757440553 1.0465859833 0.5967230662 2.5101132537 0.4993076821 0.7124813610
0.0997972034 0.9959780703 0.8578835976 2.8295586784 1.1455347799 0.1778453341 0.4607318435 1.1274453510 2.4732373512 0.0000000000 0.2267805355 0.2880380654 0.0165910059 0.3291980818 1.3069112141 0.8085304032 1.1525824387 0.2052694268 0.7407488285
4.2173082666 2.4876929075 0.0887485522 0.1238498495 0.3358275902 0.4619811544 0.0717059625 1.7772737034 0.0482349178 0.2267805355 0.0000000000 1.2721186436 0.7970650426 0.1536140352 0.1979893439 1.0018485879 1.0974901744 0.8247686317 0.0101882572
0.9496382229 1.1901605560 0.4659782443 1.7866339714 0.4026815781 0.1454706373 0.0992468545 0.9105722500 0.4331010698 0.2880380654 1.2721186436 0.0000000000 2.2058241789 0.6632239635 0.3299288896 0.0193806577 1.7759693167 1.2372854313 0.1941267875
0.6566313803 0.1260037022 2.1544682270 0.1642103953 3.0643081684 1.0885324595 0.7130275803 1.2801933937 0.7676916164 0.0165910059 0.7970650426 2.2058241789 0.0000000000 0.4050885610 2.0303604799 0.0386072467 0.9472231516 0.8732315805 0.4291418568
3.6633085677 0.8631137514 0.0004880177 3.3376194447 0.9773886146 0.0471692293 0.0804945457 0.7662926318 0.3757440553 0.3291980818 0.1536140352 0.6632239635 0.4050885610 0.0000000000 3.0964906313 0.0407921716 2.6108857011 0.6087072299 1.3211166276
0.3243564069 1.9387366228 0.0020902945 4.5909452099 2.4560520655 0.7301324334 0.8743942484 1.8906681673 1.0465859833 1.3069112141 0.1979893439 0.3299288896 2.0303604799 3.0964906313 0.0000000000 1.3419451198 0.4758380742 0.0153483010 0.0031563051
2.2528154351 1.1151331937 0.1602288796 0.8833614052 0.0162044989 8.8114673949 0.2090828843 0.0213832499 0.5967230662 0.8085304032 1.0018485879 0.0193806577 0.0386072467 0.0407921716 1.3419451198 0.0000000000 2.2776496455 1.8365331796 0.4837186642
0.7585629173 0.8494472030 0.6620987117 0.1105689876 0.4130748857 0.5982621886 0.2725538409 0.3320498461 2.5101132537 1.1525824387 1.0974901744 1.7759693167 0.9472231516 2.6108857011 0.4758380742 2.2776496455 0.0000000000 1.5478881455 4.5242115081
2.1873808863 0.2272488025 0.1325081668 3.3717988533 0.2270333003 1.3448619171 0.5785694074 1.2606334554 0.4993076821 0.2052694268 0.8247686317 1.2372854313 0.8732315805 0.6087072299 0.0153483010 1.8365331796 1.5478881455 0.0000000000 1.5597638019
0.0165868365 0.9384495999 0.2799753203 0.3672686037 0.3893502575 0.3917806946 0.3327230232 1.8081489357 0.7124813610 0.7407488285 0.0101882572 0.1941267875 0.4291418568 1.3211166276 0.0031563051 0.4837186642 4.5242115081 1.5597638019 0.0000000000
