# MCW Instance
# Type: EXPONENTIAL
# N: 19
# Optimal cost: 1.7228273083646246
# Optimal tour (permutation): [0, 4, 7, 15, 14, 8, 11, 2, 6, 16, 17, 13, 18, 5, 12, 9, 10, 3, 1, 0]
# Optimal walk (full path): [0, 4, 0, 7, 15, 14, 8, 11, 2, 16, 6, 16, 17, 13, 5, 18, 5, 12, 9, 3, 10, 3, 9, 1, 0]
# Walk size: 25
# Is walk (has repeats): true

# Distance Matrix
0.0000000000 0.1255910891 0.7778373402 1.2587715535 0.0178489144 0.3878261402 1.1937797421 0.0628710208 0.1949158020 0.0457908325 0.3127225537 2.1341734214 1.0946702427 1.1015054897 0.8723634683 2.5147209202 2.3076235265 2.5447373967 1.6026318418
0.1255910891 0.0000000000 0.2884890101 0.4499360455 1.8590539409 1.8393635059 0.7276051284 1.0769065355 0.8072720738 0.1023407226 0.3999091961 0.5122446564 0.4986354513 0.8230602675 0.2955107374 1.8281294129 0.1383234749 0.5752730139 2.7521249301
0.7778373402 0.2884890101 0.0000000000 0.2973702034 0.4109505921 0.1545427368 1.7635123307 0.1199454663 1.4440661680 0.0575530018 1.5666999965 0.0311455234 0.6907922287 0.4115826304 0.2483557952 1.7249978007 0.0022029774 1.0249791780 1.3237786187
1.2587715535 0.4499360455 0.2973702034 0.0000000000 1.9807114055 0.9762022540 0.7851260356 0.6396642647 0.3675800491 0.0472741201 0.0979978585 2.3629352678 1.8117606818 0.2554753215 3.0731970977 1.1702830750 1.7415374180 1.4213425368 0.2843011947
0.0178489144 1.8590539409 0.4109505921 1.9807114055 0.0000000000 0.7008457602 0.1333492058 0.3828767044 0.4165456145 6.5181046465 2.4146168035 1.2675386050 0.6967188822 2.9247979918 0.4532320980 0.5622232332 0.8521033847 0.5894232357 0.4203147207
0.3878261402 1.8393635059 0.1545427368 0.9762022540 0.7008457602 0.0000000000 2.0181657458 0.7813447057 0.8066016895 0.7735699906 0.8582873887 0.1780349983 0.0481473094 0.0676202716 0.7535055556 0.9273275986 0.0922469003 1.9225528050 0.0923363415
1.1937797421 0.7276051284 1.7635123307 0.7851260356 0.1333492058 2.0181657458 0.0000000000 0.5315376161 0.6342363628 1.2195615724 1.8619888844 3.3498220344 1.3968021132 0.4624782374 0.6314107504 4.1292491656 0.0602868938 0.8355871704 2.2467708160
0.0628710208 1.0769065355 0.1199454663 0.6396642647 0.3828767044 0.7813447057 0.5315376161 0.0000000000 0.9236715072 0.6820879718 0.4963698130 1.1152258391 3.0727083833 0.2115866016 0.2625339547 0.0597507334 0.2533202260 1.2479959520 1.9820080368
0.1949158020 0.8072720738 1.4440661680 0.3675800491 0.4165456145 0.8066016895 0.6342363628 0.9236715072 0.0000000000 0.6675211913 1.0932823959 0.1914854855 0.1416656237 0.4899748304 0.0895467286 1.2653847072 0.3368146628 2.3917886662 2.9983510697
0.0457908325 0.1023407226 0.0575530018 0.0472741201 6.5181046465 0.7735699906 1.2195615724 0.6820879718 0.6675211913 0.0000000000 0.1810636996 1.3746925455 0.0296825409 0.3874679703 0.7695775493 2.3729231813 1.1455166538 0.7719089502 1.7622178884
0.3127225537 0.3999091961 1.5666999965 0.0979978585 2.4146168035 0.8582873887 1.8619888844 0.4963698130 1.0932823959 0.1810636996 0.0000000000 0.3225826111 4.2512043705 1.1880920659 2.5063163887 0.1833089006 0.5357295652 1.2347015310 1.2238653602
2.1341734214 0.5122446564 0.0311455234 2.3629352678 1.2675386050 0.1780349983 3.3498220344 1.1152258391 0.1914854855 1.3746925455 0.3225826111 0.0000000000 2.7925167550 1.3667011158 4.5475873921 0.9951477788 1.1819874542 2.5520293173 0.7361255305
1.0946702427 0.4986354513 0.6907922287 1.8117606818 0.6967188822 0.0481473094 1.3968021132 3.0727083833 0.1416656237 0.0296825409 4.2512043705 2.7925167550 0.0000000000 0.7571994627 0.3195206984 0.8408016630 0.6103593976 0.5075680845 0.3666079420
1.1015054897 0.8230602675 0.4115826304 0.2554753215 2.9247979918 0.0676202716 0.4624782374 0.2115866016 0.4899748304 0.3874679703 1.1880920659 1.3667011158 0.7571994627 0.0000000000 1.2535107923 0.1796461449 2.8843606510 0.0580690405 0.6348616102
0.8723634683 0.2955107374 0.2483557952 3.0731970977 0.4532320980 0.7535055556 0.6314107504 0.2625339547 0.0895467286 0.7695775493 2.5063163887 4.5475873921 0.3195206984 1.2535107923 0.0000000000 0.0366370479 0.0873754505 1.7586026639 1.5553035678
2.5147209202 1.8281294129 1.7249978007 1.1702830750 0.5622232332 0.9273275986 4.1292491656 0.0597507334 1.2653847072 2.3729231813 0.1833089006 0.9951477788 0.8408016630 0.1796461449 0.0366370479 0.0000000000 0.3150976601 0.4212798124 1.3115327469
2.3076235265 0.1383234749 0.0022029774 1.7415374180 0.8521033847 0.0922469003 0.0602868938 0.2533202260 0.3368146628 1.1455166538 0.5357295652 1.1819874542 0.6103593976 2.8843606510 0.0873754505 0.3150976601 0.0000000000 0.1862485609 0.3103149267
2.5447373967 0.5752730139 1.0249791780 1.4213425368 0.5894232357 1.9225528050 0.8355871704 1.2479959520 2.3917886662 0.7719089502 1.2347015310 2.5520293173 0.5075680845 0.0580690405 1.7586026639 0.4212798124 0.1862485609 0.0000000000 3.0234690306
1.6026318418 2.7521249301 1.3237786187 0.2843011947 0.4203147207 0.0923363415 2.2467708160 1.9820080368 2.9983510697 1.7622178884 1.2238653602 0.7361255305 0.3666079420 0.6348616102 1.5553035678 1.3115327469 0.3103149267 3.0234690306 0.0000000000
