# Graph size: 15
# Optimal cost: 1.7262777245926246

# Distance Matrix
0.0 0.5603668290799 0.1662367071040053 0.15810686668210316 0.41394575767915165 0.7802585676393567 0.03629135153839935 0.08505767576956436 0.30413333091124617 0.5389328105580619 0.4478842297282746 0.91696767652733 0.3010377916200898 0.07835313268364497 0.8860555411842215
0.5603668290799 0.0 0.9687912199165923 0.4206896783948074 0.43060084484895955 0.942827275978554 0.21469397878552532 0.5144856725417 0.7751191837967566 0.06071733329212836 0.9406048824930104 0.007553420990165427 0.3682089603187112 0.32602106687983834 0.02714012528264198
0.1662367071040053 0.9687912199165923 0.0 0.5786225404117621 0.5870423590065803 0.4530041595710441 0.011122999866693961 0.7980342716964564 0.4126881717794768 0.7339397107017139 0.12177520867183178 0.2649356557294913 0.24011883018407754 0.3949612591975721 0.8167564560101149
0.15810686668210316 0.4206896783948074 0.5786225404117621 0.0 0.8403684852913575 0.24789522631192518 0.49399305496171264 0.9535810002852309 0.15987746176915818 0.6862030106150391 0.22455728021384702 0.6235412392308569 0.7274255915923544 0.3491393565794587 0.2480475542720334
0.41394575767915165 0.43060084484895955 0.5870423590065803 0.8403684852913575 0.0 0.8481201773729219 0.5418195946218464 0.1856271684320724 0.46709694810696256 0.7919755615151144 0.387511357425364 0.4730588653794966 0.47395738057194436 0.8819312790785944 0.6335563032022701
0.7802585676393567 0.942827275978554 0.4530041595710441 0.24789522631192518 0.8481201773729219 0.0 0.2287494197152753 0.7603472162394427 0.23801158681557277 0.6276731358564785 0.5665044268848487 0.6590119762111465 0.12040661070929637 0.5467634470896429 0.5190859380454125
0.03629135153839935 0.21469397878552532 0.011122999866693961 0.49399305496171264 0.5418195946218464 0.2287494197152753 0.0 0.9022828843918483 0.6753584590902838 0.8709141225957548 0.44208460794551574 0.6292065073944094 0.1233090811633819 0.4848192139945551 0.49068420449533734
0.08505767576956436 0.5144856725417 0.7980342716964564 0.9535810002852309 0.1856271684320724 0.7603472162394427 0.9022828843918483 0.0 0.6503582416480221 0.6742524007524502 0.7787221491375892 0.8180304725522057 0.7882411278801167 0.8780848412745599 0.02039300039233427
0.30413333091124617 0.7751191837967566 0.4126881717794768 0.15987746176915818 0.46709694810696256 0.23801158681557277 0.6753584590902838 0.6503582416480221 0.0 0.0823929485789614 0.15121071243347928 0.8218504605790253 0.7003200913401486 0.5700352422184802 0.270155696707547
0.5389328105580619 0.06071733329212836 0.7339397107017139 0.6862030106150391 0.7919755615151144 0.6276731358564785 0.8709141225957548 0.6742524007524502 0.0823929485789614 0.0 0.5711271789449256 0.5142085747631028 0.7416854923848043 0.12970305448686736 0.5194040021130073
0.4478842297282746 0.9406048824930104 0.12177520867183178 0.22455728021384702 0.387511357425364 0.5665044268848487 0.44208460794551574 0.7787221491375892 0.15121071243347928 0.5711271789449256 0.0 0.14004344105201272 0.2927252718857928 0.2595058374937863 0.8571486058801069
0.91696767652733 0.007553420990165427 0.2649356557294913 0.6235412392308569 0.4730588653794966 0.6590119762111465 0.6292065073944094 0.8180304725522057 0.8218504605790253 0.5142085747631028 0.14004344105201272 0.0 0.9913877807144924 0.8806924240849091 0.2162099758162952
0.3010377916200898 0.3682089603187112 0.24011883018407754 0.7274255915923544 0.47395738057194436 0.12040661070929637 0.1233090811633819 0.7882411278801167 0.7003200913401486 0.7416854923848043 0.2927252718857928 0.9913877807144924 0.0 0.2013682657381729 0.6842517097065623
0.07835313268364497 0.32602106687983834 0.3949612591975721 0.3491393565794587 0.8819312790785944 0.5467634470896429 0.4848192139945551 0.8780848412745599 0.5700352422184802 0.12970305448686736 0.2595058374937863 0.8806924240849091 0.2013682657381729 0.0 0.5184186046809741
0.8860555411842215 0.02714012528264198 0.8167564560101149 0.2480475542720334 0.6335563032022701 0.5190859380454125 0.49068420449533734 0.02039300039233427 0.270155696707547 0.5194040021130073 0.8571486058801069 0.2162099758162952 0.6842517097065623 0.5184186046809741 0.0

# Optimal Walk
0 13 9 8 3 5 12 6 2 10 11 1 14 7 4 0
