# Graph size: 15
# Optimal cost: 1.0897729052310827

# Distance Matrix
0.0 0.42097229398015823 0.6246024707813825 0.4845673704063619 0.8975553112255811 0.35962892970694726 0.5457271756854234 0.6480789402989506 0.6954196102405602 0.06543361605288922 0.762299898714849 0.32001239319409003 0.9245968581540711 0.17045495256135912 0.3802981648052608
0.42097229398015823 0.0 0.19030896887706605 0.04189253503018597 0.4336776986144121 0.1494443566971395 0.8006567356183872 0.9152689789830407 0.4621448359596576 0.994358152975556 0.2528119781249172 0.1877769664691864 0.776400030639393 0.10592842614574827 0.9025934708447432
0.6246024707813825 0.19030896887706605 0.0 0.4599011485763791 0.9485321804717277 0.5177403587140706 0.7253712879418006 0.004705224061425484 0.6514758857513073 0.17930664367659888 0.6648481958417203 0.9577018415897249 0.8498228884596868 0.15601630747540207 0.6841582648792208
0.4845673704063619 0.04189253503018597 0.4599011485763791 0.0 0.18216134138277107 0.035251115205764516 0.7351285143770407 0.4267838699298804 0.3006126596940629 0.3637797525410298 0.8978027393416765 0.36451912831665134 0.7045784768656602 0.7874098265383862 0.8290708423773092
0.8975553112255811 0.4336776986144121 0.9485321804717277 0.18216134138277107 0.0 0.060683735441834585 0.7071259001378354 0.7893120930460723 0.8808208262109283 0.7090183545837608 0.38660308454996395 0.1295748098067595 0.6772755465894412 0.42216902154458225 0.08497146250168763
0.35962892970694726 0.1494443566971395 0.5177403587140706 0.035251115205764516 0.060683735441834585 0.0 0.08762621140431104 0.8581143227002166 0.8383944506203365 0.9704314976477549 0.04779733704050371 0.2912993567253439 0.4911070631169877 0.5515800820100283 0.9160933241892872
0.5457271756854234 0.8006567356183872 0.7253712879418006 0.7351285143770407 0.7071259001378354 0.08762621140431104 0.0 0.45583232503150706 0.04308463244965188 0.5391258480935791 0.7790920552679416 0.09408157981474896 0.925666513381816 0.9912282572623012 0.41999085651528456
0.6480789402989506 0.9152689789830407 0.004705224061425484 0.4267838699298804 0.7893120930460723 0.8581143227002166 0.45583232503150706 0.0 0.16398349308536686 0.14297461964077063 0.24981504198306226 0.7921738595037348 0.5833361758725589 0.0021758707810459743 0.7777718681987301
0.6954196102405602 0.4621448359596576 0.6514758857513073 0.3006126596940629 0.8808208262109283 0.8383944506203365 0.04308463244965188 0.16398349308536686 0.0 0.31727358815208917 0.2515676259573373 0.3130298500675309 0.6406872446848717 0.9225524586153927 0.35877437018921987
0.06543361605288922 0.994358152975556 0.17930664367659888 0.3637797525410298 0.7090183545837608 0.9704314976477549 0.5391258480935791 0.14297461964077063 0.31727358815208917 0.0 0.16344127608756231 0.04187421724188223 0.06153094083307964 0.04749090230965192 0.7224641249740278
0.762299898714849 0.2528119781249172 0.6648481958417203 0.8978027393416765 0.38660308454996395 0.04779733704050371 0.7790920552679416 0.24981504198306226 0.2515676259573373 0.16344127608756231 0.0 0.01568027353170176 0.5721412298803713 0.07956410794885371 0.6481802249250406
0.32001239319409003 0.1877769664691864 0.9577018415897249 0.36451912831665134 0.1295748098067595 0.2912993567253439 0.09408157981474896 0.7921738595037348 0.3130298500675309 0.04187421724188223 0.01568027353170176 0.0 0.11163510944920174 0.11828634132932858 0.2786710558327715
0.9245968581540711 0.776400030639393 0.8498228884596868 0.7045784768656602 0.6772755465894412 0.4911070631169877 0.925666513381816 0.5833361758725589 0.6406872446848717 0.06153094083307964 0.5721412298803713 0.11163510944920174 0.0 0.5851022345234982 0.6607757781805949
0.17045495256135912 0.10592842614574827 0.15601630747540207 0.7874098265383862 0.42216902154458225 0.5515800820100283 0.9912282572623012 0.0021758707810459743 0.9225524586153927 0.04749090230965192 0.07956410794885371 0.11828634132932858 0.5851022345234982 0.0 0.13353638062547746
0.3802981648052608 0.9025934708447432 0.6841582648792208 0.8290708423773092 0.08497146250168763 0.9160933241892872 0.41999085651528456 0.7777718681987301 0.35877437018921987 0.7224641249740278 0.6481802249250406 0.2786710558327715 0.6607757781805949 0.13353638062547746 0.0

# Optimal Walk
0 12 9 11 10 8 6 5 3 1 4 14 13 7 2 0
