# MCW Instance
# Type: UNIFORM
# N: 15
# Optimal cost: 2.0679407991618657
# Optimal tour (permutation): [0, 11, 5, 8, 1, 2, 9, 3, 12, 7, 4, 10, 14, 6, 13, 0]
# Optimal walk (full path): [0, 5, 11, 5, 1, 8, 1, 2, 9, 3, 12, 4, 7, 4, 10, 14, 6, 14, 13, 14, 0]
# Walk size: 21
# Is walk (has repeats): true

# Distance Matrix
0.0000000000 0.7010798441 0.4563567120 0.3563571579 0.7335238747 0.2080900364 0.9913505565 0.5461865264 0.9734819425 0.4812837254 0.9713438591 0.9274969819 0.6381342619 0.5365175441 0.2398368730
0.7010798441 0.0000000000 0.1387342277 0.7191168800 0.8594855136 0.0754351336 0.8013914404 0.9417658889 0.0179472961 0.4674621604 0.2157836939 0.6912510777 0.9954386075 0.1418403401 0.5209954897
0.4563567120 0.1387342277 0.0000000000 0.9605992854 0.8609964831 0.0662742655 0.1957413867 0.8313801308 0.9841581714 0.1100597271 0.6372303081 0.8347409261 0.3804696057 0.5113814562 0.6967263928
0.3563571579 0.7191168800 0.9605992854 0.0000000000 0.9086415055 0.9299652965 0.8137506340 0.4733505482 0.5665541267 0.1495583815 0.9732733052 0.3717686213 0.3235569290 0.9200064256 0.4097292421
0.7335238747 0.8594855136 0.8609964831 0.9086415055 0.0000000000 0.4147629793 0.3876644814 0.0690944881 0.8769799391 0.0682871441 0.1174021866 0.9949039438 0.1620139417 0.3844532019 0.7710457287
0.2080900364 0.0754351336 0.0662742655 0.9299652965 0.4147629793 0.0000000000 0.5765121710 0.7869759963 0.0970044140 0.6286108177 0.4641944358 0.0848164147 0.4141765220 0.6545925130 0.4671763036
0.9913505565 0.8013914404 0.1957413867 0.8137506340 0.3876644814 0.5765121710 0.0000000000 0.2467354019 0.6454526995 0.4876174282 0.1642109230 0.1983866125 0.4715691094 0.6925861445 0.0507326672
0.5461865264 0.9417658889 0.8313801308 0.4733505482 0.0690944881 0.7869759963 0.2467354019 0.0000000000 0.4518431940 0.6212291359 0.8915474756 0.5060649179 0.4016181669 0.9533360270 0.6014597886
0.9734819425 0.0179472961 0.9841581714 0.5665541267 0.8769799391 0.0970044140 0.6454526995 0.4518431940 0.0000000000 0.6151360909 0.8855709618 0.4601556467 0.3501593568 0.4113851075 0.2153201526
0.4812837254 0.4674621604 0.1100597271 0.1495583815 0.0682871441 0.6286108177 0.4876174282 0.6212291359 0.6151360909 0.0000000000 0.5046718901 0.9162690451 0.4210135097 0.2958217065 0.6844996530
0.9713438591 0.2157836939 0.6372303081 0.9732733052 0.1174021866 0.4641944358 0.1642109230 0.8915474756 0.8855709618 0.5046718901 0.0000000000 0.3444451999 0.4834684963 0.9000617176 0.0750709889
0.9274969819 0.6912510777 0.8347409261 0.3717686213 0.9949039438 0.0848164147 0.1983866125 0.5060649179 0.4601556467 0.9162690451 0.3444451999 0.0000000000 0.7242745200 0.6990173186 0.6423505738
0.6381342619 0.9954386075 0.3804696057 0.3235569290 0.1620139417 0.4141765220 0.4715691094 0.4016181669 0.3501593568 0.4210135097 0.4834684963 0.7242745200 0.0000000000 0.2464123980 0.5892966145
0.5365175441 0.1418403401 0.5113814562 0.9200064256 0.3844532019 0.6545925130 0.6925861445 0.9533360270 0.4113851075 0.2958217065 0.9000617176 0.6990173186 0.2464123980 0.0000000000 0.0115003208
0.2398368730 0.5209954897 0.6967263928 0.4097292421 0.7710457287 0.4671763036 0.0507326672 0.6014597886 0.2153201526 0.6844996530 0.0750709889 0.6423505738 0.5892966145 0.0115003208 0.0000000000
