# Graph size: 15
# Optimal cost: 2.4605222565980744

# Distance Matrix
0.0 0.3698736901361641 0.7947506808104459 0.9954765681106751 0.0139408469888197 0.4794947535788592 0.060079906779213266 0.9061834996739992 0.4124180959343784 0.8797205006425398 0.3488731486429175 0.9623493629887457 0.2919565421817053 0.370447103813929 0.11552686121901923
0.3698736901361641 0.0 0.6189529024736125 0.9284555267849401 0.9804420422623122 0.4811454485552412 0.1916606096513651 0.14898388933775486 0.5329066535424004 0.1451475993075929 0.47522708219194654 0.05625301449172815 0.55359940972178 0.2213196960191015 0.013309270777944637
0.7947506808104459 0.6189529024736125 0.0 0.7711800055203171 0.3894703950632572 0.08623743164282338 0.32953974013782505 0.9303883239504307 0.23485903788726314 0.8836408450579476 0.27443012012277457 0.8717812074417896 0.8726585556993021 0.41526193022561564 0.26865336036973253
0.9954765681106751 0.9284555267849401 0.7711800055203171 0.0 0.6688635861953051 0.32945234653399 0.7667683919690618 0.630478904937273 0.43327623323940534 0.31647895568249995 0.16690067403633058 0.3636124499324771 0.5950453057736769 0.2823838913829553 0.2585440092640995
0.0139408469888197 0.9804420422623122 0.3894703950632572 0.6688635861953051 0.0 0.7514177526708536 0.1913397583251033 0.1390680682333263 0.17239058292455844 0.85447505026346 0.5470677079447921 0.23854435085920345 0.5370119389361191 0.5406568282349377 0.11443222696082689
0.4794947535788592 0.4811454485552412 0.08623743164282338 0.32945234653399 0.7514177526708536 0.0 0.9765649566880292 0.8335747394603137 0.990378624773269 0.6536058888012694 0.4778844582328695 0.30909789010164157 0.7144086243689514 0.3829726805869831 0.1783742821541675
0.060079906779213266 0.1916606096513651 0.32953974013782505 0.7667683919690618 0.1913397583251033 0.9765649566880292 0.0 0.9990628852420957 0.9975968485631146 0.20492469869488628 0.7608063352563037 0.2783528305415056 0.3391111074596731 0.6219903884885686 0.8239749812314282
0.9061834996739992 0.14898388933775486 0.9303883239504307 0.630478904937273 0.1390680682333263 0.8335747394603137 0.9990628852420957 0.0 0.7589103183243483 0.8982431743158301 0.49810979971320335 0.8689282251999 0.283168154796537 0.17457591508825643 0.39116183516682235
0.4124180959343784 0.5329066535424004 0.23485903788726314 0.43327623323940534 0.17239058292455844 0.990378624773269 0.9975968485631146 0.7589103183243483 0.0 0.6714302484845395 0.2242206853557649 0.15227772267469453 0.7853870883590819 0.8763791931586655 0.2968681191528967
0.8797205006425398 0.1451475993075929 0.8836408450579476 0.31647895568249995 0.85447505026346 0.6536058888012694 0.20492469869488628 0.8982431743158301 0.6714302484845395 0.0 0.920517984118484 0.1861392201782024 0.6977558031848945 0.6080797154659424 0.34547361701595813
0.3488731486429175 0.47522708219194654 0.27443012012277457 0.16690067403633058 0.5470677079447921 0.4778844582328695 0.7608063352563037 0.49810979971320335 0.2242206853557649 0.920517984118484 0.0 0.7044367826185687 0.9367796797734417 0.7310861230306747 0.7141227087430336
0.9623493629887457 0.05625301449172815 0.8717812074417896 0.3636124499324771 0.23854435085920345 0.30909789010164157 0.2783528305415056 0.8689282251999 0.15227772267469453 0.1861392201782024 0.7044367826185687 0.0 0.45507660012545004 0.14130199305131474 0.17422544164589016
0.2919565421817053 0.55359940972178 0.8726585556993021 0.5950453057736769 0.5370119389361191 0.7144086243689514 0.3391111074596731 0.283168154796537 0.7853870883590819 0.6977558031848945 0.9367796797734417 0.45507660012545004 0.0 0.3959991097636564 0.8196083720197824
0.370447103813929 0.2213196960191015 0.41526193022561564 0.2823838913829553 0.5406568282349377 0.3829726805869831 0.6219903884885686 0.17457591508825643 0.8763791931586655 0.6080797154659424 0.7310861230306747 0.14130199305131474 0.3959991097636564 0.0 0.6210644240847508
0.11552686121901923 0.013309270777944637 0.26865336036973253 0.2585440092640995 0.11443222696082689 0.1783742821541675 0.8239749812314282 0.39116183516682235 0.2968681191528967 0.34547361701595813 0.7141227087430336 0.17422544164589016 0.8196083720197824 0.6210644240847508 0.0

# Optimal Walk
0 4 6 9 3 10 8 2 5 14 1 11 13 7 12 0
