# Graph size: 15
# Optimal cost: 2.0749849739133603

# Distance Matrix
0.0 0.4693010014234533 0.20301056973675435 0.12712460115953228 0.3930290252136993 0.27238062580427713 0.8844634785582445 0.28303746568910904 0.6184295460902812 0.5968251890501262 0.09222680183093435 0.4144686616222847 0.5439730237851896 0.9275308992381652 0.8174269866166332
0.4693010014234533 0.0 0.592496405565377 0.549808802169054 0.03748605343227773 0.9164650471869619 0.30359948950910565 0.2519529534493131 0.5871796255203353 0.22195019981835473 0.27576212110610354 0.759371169309497 0.4382133893697717 0.006852750225515347 0.6333000141816146
0.20301056973675435 0.592496405565377 0.0 0.9726506145846057 0.8010216631665353 0.3448753072548838 0.473455360474641 0.8974354141532755 0.7282033872796493 0.5282054571697897 0.36503579830532307 0.2045903065391067 0.1378236723889965 0.8532276137127351 0.4578482821587958
0.12712460115953228 0.549808802169054 0.9726506145846057 0.0 0.559095138044105 0.5051424814395894 0.7654352657034369 0.8614059038041869 0.560962954772325 0.5965808658631262 0.5666993176829306 0.7023616277277831 0.49401266194421556 0.13633579739686263 0.6312117973990629
0.3930290252136993 0.03748605343227773 0.8010216631665353 0.559095138044105 0.0 0.8023503231653349 0.46211663009108517 0.09390645959082677 0.35083901761311254 0.23139618321918076 0.9075828502465119 0.3598968595470714 0.8362815720762712 0.08676974768520329 0.9526199472918888
0.27238062580427713 0.9164650471869619 0.3448753072548838 0.5051424814395894 0.8023503231653349 0.0 0.9378104345733138 0.7373529242814895 0.723155129624214 0.48237262505023004 0.4211544934553618 0.4138526951536604 0.3172144612525657 0.3968043127070715 0.4480237021909578
0.8844634785582445 0.30359948950910565 0.473455360474641 0.7654352657034369 0.46211663009108517 0.9378104345733138 0.0 0.08792419303076382 0.08811342472898498 0.998742522239626 0.029433203944792652 0.5394504316799621 0.7152981387102738 0.056691604824938735 0.1330238742210903
0.28303746568910904 0.2519529534493131 0.8974354141532755 0.8614059038041869 0.09390645959082677 0.7373529242814895 0.08792419303076382 0.0 0.36795649530225794 0.49579013877714384 0.6835569573549096 0.670363447812282 0.8376503620418861 0.5654930021150674 0.8062132053270961
0.6184295460902812 0.5871796255203353 0.7282033872796493 0.560962954772325 0.35083901761311254 0.723155129624214 0.08811342472898498 0.36795649530225794 0.0 0.0839189911616195 0.846648310263615 0.07248048970864629 0.6658887255805177 0.058877851228820166 0.6170952369262473
0.5968251890501262 0.22195019981835473 0.5282054571697897 0.5965808658631262 0.23139618321918076 0.48237262505023004 0.998742522239626 0.49579013877714384 0.0839189911616195 0.0 0.5349627174342981 0.4856268678556097 0.49534535763733223 0.28980388460693607 0.7426036121988007
0.09222680183093435 0.27576212110610354 0.36503579830532307 0.5666993176829306 0.9075828502465119 0.4211544934553618 0.029433203944792652 0.6835569573549096 0.846648310263615 0.5349627174342981 0.0 0.16862469441257855 0.7680497683326287 0.7252016826415552 0.467089000711188
0.4144686616222847 0.759371169309497 0.2045903065391067 0.7023616277277831 0.3598968595470714 0.4138526951536604 0.5394504316799621 0.670363447812282 0.07248048970864629 0.4856268678556097 0.16862469441257855 0.0 0.650037572821212 0.4735358162049851 0.46178725935434417
0.5439730237851896 0.4382133893697717 0.1378236723889965 0.49401266194421556 0.8362815720762712 0.3172144612525657 0.7152981387102738 0.8376503620418861 0.6658887255805177 0.49534535763733223 0.7680497683326287 0.650037572821212 0.0 0.936322083545932 0.31487847410098446
0.9275308992381652 0.006852750225515347 0.8532276137127351 0.13633579739686263 0.08676974768520329 0.3968043127070715 0.056691604824938735 0.5654930021150674 0.058877851228820166 0.28980388460693607 0.7252016826415552 0.4735358162049851 0.936322083545932 0.0 0.3189303428306606
0.8174269866166332 0.6333000141816146 0.4578482821587958 0.6312117973990629 0.9526199472918888 0.4480237021909578 0.1330238742210903 0.8062132053270961 0.6170952369262473 0.7426036121988007 0.467089000711188 0.46178725935434417 0.31487847410098446 0.3189303428306606 0.0

# Optimal Walk
0 5 12 2 11 9 8 14 10 6 7 4 1 13 3 0
