# Graph size: 15
# Optimal cost: 1.0971116523159297

# Distance Matrix
0.0 0.26319028381441845 0.5924638250984569 0.8646235635090217 0.7670462340108194 0.2905388247787567 0.39806938635408107 0.23146498198505638 0.20197629864508104 0.406703926324573 0.5032502492100815 0.3508914530514806 0.6751360496487142 0.8014476298663058 0.5445202559651974
0.26319028381441845 0.0 0.9132657038940473 0.48136262728389767 0.6465605452532728 0.5516143657627082 0.6899141509181718 0.06461821010831381 0.522320522702856 0.14722975887824352 0.0301693479769779 0.3236121277977019 0.08797070221530856 0.05875631867583064 0.8111874732971375
0.5924638250984569 0.9132657038940473 0.0 0.5628021449785452 0.6874098022934914 0.9703481019391618 0.3955028741697665 0.0629262178929686 0.004138723466893479 0.643100137669549 0.0897586204322125 0.28525578654978145 0.5836092871148522 0.6617596340863104 0.3177781324895893
0.8646235635090217 0.48136262728389767 0.5628021449785452 0.0 0.7950501205988729 0.026472208021192878 0.12831483066733207 0.22211982663545382 0.09223047366341908 0.922823387163265 0.11596826192379395 0.6904832272408453 0.671082013612881 0.1453991322508421 0.7214158307482437
0.7670462340108194 0.6465605452532728 0.6874098022934914 0.7950501205988729 0.0 0.8668113704085787 0.7958304766433225 0.9487717141648332 0.10901667584212205 0.05166132689444003 0.6752294645675458 0.43194950441703606 0.02735338647542651 0.5223903961301267 0.9468334313187384
0.2905388247787567 0.5516143657627082 0.9703481019391618 0.026472208021192878 0.8668113704085787 0.0 0.3133863566130699 0.8968454483844116 0.21093344001497316 0.6404203585121666 0.640257110679748 0.7164939517111256 0.3654216597636426 0.08006779505963779 0.007957504612307709
0.39806938635408107 0.6899141509181718 0.3955028741697665 0.12831483066733207 0.7958304766433225 0.3133863566130699 0.0 0.7184983087002205 0.2916213386089975 0.5056736500819554 0.10113810486298491 0.9114010221840139 0.02114650848256283 0.5472539034067325 0.8841839029919545
0.23146498198505638 0.06461821010831381 0.0629262178929686 0.22211982663545382 0.9487717141648332 0.8968454483844116 0.7184983087002205 0.0 0.39557990065438764 0.2856266053765515 0.06913694548269356 0.566902378410409 0.6093212886545862 0.48948639293161844 0.3162144049409974
0.20197629864508104 0.522320522702856 0.004138723466893479 0.09223047366341908 0.10901667584212205 0.21093344001497316 0.2916213386089975 0.39557990065438764 0.0 0.5502843764633765 0.46937218687193705 0.46872251523035435 0.7406966416442923 0.9175542467383947 0.7067828743193513
0.406703926324573 0.14722975887824352 0.643100137669549 0.922823387163265 0.05166132689444003 0.6404203585121666 0.5056736500819554 0.2856266053765515 0.5502843764633765 0.0 0.6990369314477939 0.3653607349313305 0.677326525304866 0.5670158882428058 0.2739146307073177
0.5032502492100815 0.0301693479769779 0.0897586204322125 0.11596826192379395 0.6752294645675458 0.640257110679748 0.10113810486298491 0.06913694548269356 0.46937218687193705 0.6990369314477939 0.0 0.048067202988147484 0.8885384256747546 0.4427114741455226 0.41170917513794103
0.3508914530514806 0.3236121277977019 0.28525578654978145 0.6904832272408453 0.43194950441703606 0.7164939517111256 0.9114010221840139 0.566902378410409 0.46872251523035435 0.3653607349313305 0.048067202988147484 0.0 0.5523616661755044 9.290961167964795E-4 0.9381630243099058
0.6751360496487142 0.08797070221530856 0.5836092871148522 0.671082013612881 0.02735338647542651 0.3654216597636426 0.02114650848256283 0.6093212886545862 0.7406966416442923 0.677326525304866 0.8885384256747546 0.5523616661755044 0.0 0.4705265608664442 0.9002655490308623
0.8014476298663058 0.05875631867583064 0.6617596340863104 0.1453991322508421 0.5223903961301267 0.08006779505963779 0.5472539034067325 0.48948639293161844 0.9175542467383947 0.5670158882428058 0.4427114741455226 9.290961167964795E-4 0.4705265608664442 0.0 0.23018764792568835
0.5445202559651974 0.8111874732971375 0.3177781324895893 0.7214158307482437 0.9468334313187384 0.007957504612307709 0.8841839029919545 0.3162144049409974 0.7067828743193513 0.2739146307073177 0.41170917513794103 0.9381630243099058 0.9002655490308623 0.23018764792568835 0.0

# Optimal Walk
0 7 1 10 11 13 14 5 3 6 12 9 4 8 2 0
