# MCW Instance
# Type: UNIFORM
# N: 15
# Optimal cost: 1.4447538604923222
# Optimal tour (permutation): [0, 4, 3, 14, 8, 1, 10, 9, 11, 13, 12, 2, 7, 6, 5, 0]
# Optimal walk (full path): [0, 5, 3, 4, 3, 14, 8, 1, 10, 9, 11, 13, 2, 12, 2, 6, 7, 6, 5, 0]
# Walk size: 20
# Is walk (has repeats): true

# Distance Matrix
0.0000000000 0.8709172627 0.8053352265 0.5115154677 0.9641459773 0.0416378264 0.9304577719 0.6507728052 0.7817330953 0.8734116384 0.7881703638 0.6370055119 0.7866381949 0.4738342018 0.9727624033
0.8709172627 0.0000000000 0.4548538556 0.8612143881 0.2232364566 0.5179814785 0.2039256876 0.9699484317 0.1909647795 0.9708959234 0.1300787718 0.2140672520 0.8491168505 0.1854314816 0.5882071886
0.8053352265 0.4548538556 0.0000000000 0.3449695434 0.5551994113 0.2926439102 0.0061426662 0.2487199035 0.9167753313 0.1729532620 0.5765078541 0.4226324949 0.0740195833 0.1549797050 0.8418354347
0.5115154677 0.8612143881 0.3449695434 0.0000000000 0.0050093513 0.1402044150 0.5962850241 0.5579930890 0.4903886088 0.5254864010 0.4632376513 0.2219314716 0.8651961406 0.6359690315 0.0203832074
0.9641459773 0.2232364566 0.5551994113 0.0050093513 0.0000000000 0.4319982984 0.5324834331 0.4878664054 0.2641170821 0.8125388066 0.0594738821 0.1056949449 0.7911188509 0.5792288895 0.4779281766
0.0416378264 0.5179814785 0.2926439102 0.1402044150 0.4319982984 0.0000000000 0.1837717111 0.3789229897 0.9475640576 0.5948792584 0.3818995064 0.6741642085 0.4941540944 0.5300753079 0.7989704106
0.9304577719 0.2039256876 0.0061426662 0.5962850241 0.5324834331 0.1837717111 0.0000000000 0.0334497618 0.2689491760 0.4865096464 0.6223209163 0.7424752357 0.9262508687 0.5817043073 0.6860237136
0.6507728052 0.9699484317 0.2487199035 0.5579930890 0.4878664054 0.3789229897 0.0334497618 0.0000000000 0.5509142665 0.3933366083 0.4199537302 0.6879022361 0.7037767895 0.6277542449 0.9695239945
0.7817330953 0.1909647795 0.9167753313 0.4903886088 0.2641170821 0.9475640576 0.2689491760 0.5509142665 0.0000000000 0.1129060118 0.4243445145 0.8278187698 0.2238419082 0.4895865131 0.1094563180
0.8734116384 0.9708959234 0.1729532620 0.5254864010 0.8125388066 0.5948792584 0.4865096464 0.3933366083 0.1129060118 0.0000000000 0.0555701964 0.0719975613 0.4667640615 0.3348301741 0.6074284612
0.7881703638 0.1300787718 0.5765078541 0.4632376513 0.0594738821 0.3818995064 0.6223209163 0.4199537302 0.4243445145 0.0555701964 0.0000000000 0.7814226795 0.3390791009 0.1362726961 0.6250072771
0.6370055119 0.2140672520 0.4226324949 0.2219314716 0.1056949449 0.6741642085 0.7424752357 0.6879022361 0.8278187698 0.0719975613 0.7814226795 0.0000000000 0.5043966679 0.0729714830 0.9320410100
0.7866381949 0.8491168505 0.0740195833 0.8651961406 0.7911188509 0.4941540944 0.9262508687 0.7037767895 0.2238419082 0.4667640615 0.3390791009 0.5043966679 0.0000000000 0.3770258933 0.2600708685
0.4738342018 0.1854314816 0.1549797050 0.6359690315 0.5792288895 0.5300753079 0.5817043073 0.6277542449 0.4895865131 0.3348301741 0.1362726961 0.0729714830 0.3770258933 0.0000000000 0.5887336509
0.9727624033 0.5882071886 0.8418354347 0.0203832074 0.4779281766 0.7989704106 0.6860237136 0.9695239945 0.1094563180 0.6074284612 0.6250072771 0.9320410100 0.2600708685 0.5887336509 0.0000000000
