# Graph size: 15
# Optimal cost: 2.359286350776393

# Distance Matrix
0.0 0.7554307878911676 0.8198629704490137 0.9602310256818848 0.4333369210161233 0.9921829869213955 0.8344095560193294 0.21218443549037624 0.38760764192324015 0.5822936503340171 0.8221782173140987 0.5259238260514659 0.4059071995384803 0.5196375088244279 0.4268506815387768
0.7554307878911676 0.0 0.6160956633136502 0.29620594849753756 0.14795219659329062 0.46381821924370914 0.44988978372963273 0.7752316402846611 0.13967267345901413 0.20141219220960072 0.9137670359324878 0.9855860093614975 0.7991074112251868 0.012962194297645113 0.7359407881637927
0.8198629704490137 0.6160956633136502 0.0 0.5959845605002198 0.38896145059464104 0.24834518688556362 0.3523863209828476 0.4040836130448364 0.8520631440614794 0.32310307492277746 0.5926297459233741 0.6513980051492106 0.2542526273926079 0.7038701232459519 0.031294134706595256
0.9602310256818848 0.29620594849753756 0.5959845605002198 0.0 0.5811012905465577 0.5097420443274869 0.6807657289199588 0.6023570667275551 0.12204017117998389 0.466858795862802 0.5605721204914859 0.6053006557933609 0.966083231427775 0.22993464002885822 0.18893074287816292
0.4333369210161233 0.14795219659329062 0.38896145059464104 0.5811012905465577 0.0 0.5458115852519618 0.720963440998485 0.6722054198136825 0.5154548260199041 0.34841486801625554 0.26706306254724366 0.4549373090526998 0.25257007378058405 0.35440231056640403 0.9241282982575002
0.9921829869213955 0.46381821924370914 0.24834518688556362 0.5097420443274869 0.5458115852519618 0.0 0.5095970648797682 0.5470592952096321 0.1756426583209355 0.5426905036403655 0.8627358905316592 0.9827007142999451 0.9133370113508172 0.17500940279557964 0.8873571620582801
0.8344095560193294 0.44988978372963273 0.3523863209828476 0.6807657289199588 0.720963440998485 0.5095970648797682 0.0 0.16305412854897638 0.4705101454562781 0.5516433498013986 0.5498907946752012 0.5853627296418095 0.6880041405001913 0.19229004568001362 0.9884976640107197
0.21218443549037624 0.7752316402846611 0.4040836130448364 0.6023570667275551 0.6722054198136825 0.5470592952096321 0.16305412854897638 0.0 0.5097028905561575 0.8159681858265483 0.6133309664329895 0.8062800690440458 0.05192778910140483 0.3963141445185556 0.7595511643300493
0.38760764192324015 0.13967267345901413 0.8520631440614794 0.12204017117998389 0.5154548260199041 0.1756426583209355 0.4705101454562781 0.5097028905561575 0.0 0.7920746292849046 0.7846153453002677 0.9763345881155103 0.48379547105127874 0.3918567041551012 0.7171445576433335
0.5822936503340171 0.20141219220960072 0.32310307492277746 0.466858795862802 0.34841486801625554 0.5426905036403655 0.5516433498013986 0.8159681858265483 0.7920746292849046 0.0 0.19965651975176868 0.6258612951369139 0.14538616076846744 0.644188600023692 0.7279300951210745
0.8221782173140987 0.9137670359324878 0.5926297459233741 0.5605721204914859 0.26706306254724366 0.8627358905316592 0.5498907946752012 0.6133309664329895 0.7846153453002677 0.19965651975176868 0.0 7.169439728896831E-4 0.4755762415120871 0.501327197329548 0.1351289216295064
0.5259238260514659 0.9855860093614975 0.6513980051492106 0.6053006557933609 0.4549373090526998 0.9827007142999451 0.5853627296418095 0.8062800690440458 0.9763345881155103 0.6258612951369139 7.169439728896831E-4 0.0 0.3961737255132174 0.6721688750903732 0.5471444607080794
0.4059071995384803 0.7991074112251868 0.2542526273926079 0.966083231427775 0.25257007378058405 0.9133370113508172 0.6880041405001913 0.05192778910140483 0.48379547105127874 0.14538616076846744 0.4755762415120871 0.3961737255132174 0.0 0.38606453769106375 0.5014290136354038
0.5196375088244279 0.012962194297645113 0.7038701232459519 0.22993464002885822 0.35440231056640403 0.17500940279557964 0.19229004568001362 0.3963141445185556 0.3918567041551012 0.644188600023692 0.501327197329548 0.6721688750903732 0.38606453769106375 0.0 0.6466510787078906
0.4268506815387768 0.7359407881637927 0.031294134706595256 0.18893074287816292 0.9241282982575002 0.8873571620582801 0.9884976640107197 0.7595511643300493 0.7171445576433335 0.7279300951210745 0.1351289216295064 0.5471444607080794 0.5014290136354038 0.6466510787078906 0.0

# Optimal Walk
0 6 13 4 1 5 8 3 14 2 10 11 9 12 7 0
