# MCW Instance
# Type: UNIFORM
# N: 15
# Optimal cost: 1.7486646634184682
# Optimal tour (permutation): [0, 2, 11, 9, 8, 1, 3, 6, 5, 12, 10, 4, 13, 14, 7, 0]
# Optimal walk (full path): [0, 2, 11, 8, 9, 8, 1, 3, 6, 5, 12, 10, 4, 13, 7, 14, 7, 0]
# Walk size: 18
# Is walk (has repeats): true

# Distance Matrix
0.0000000000 0.5358308860 0.1000417067 0.3242240821 0.7003185593 0.5359331182 0.9037322497 0.0675291141 0.5460769457 0.9282066341 0.4604547564 0.7530209500 0.8542458153 0.3871249766 0.9938616211
0.5358308860 0.0000000000 0.5561466472 0.0474386781 0.7911714550 0.5444283269 0.2260790011 0.2518326846 0.0999512803 0.1609131389 0.5132784661 0.4374737620 0.4547086169 0.4658334485 0.3517254147
0.1000417067 0.5561466472 0.0000000000 0.7545130141 0.4361170489 0.3542670305 0.3512728804 0.3407959126 0.4766880633 0.7503244710 0.9846718233 0.4318890513 0.2698695468 0.5419294256 0.9641727175
0.3242240821 0.0474386781 0.7545130141 0.0000000000 0.6915441746 0.6438820862 0.0420813613 0.6942082319 0.2987624053 0.7755678022 0.5835649127 0.3595140049 0.4770363104 0.8080029885 0.1441092233
0.7003185593 0.7911714550 0.4361170489 0.6915441746 0.0000000000 0.1621455754 0.8320112622 0.9053523379 0.2202893278 0.4562013848 0.0757213729 0.5294189110 0.5210009462 0.0456631103 0.4587199724
0.5359331182 0.5444283269 0.3542670305 0.6438820862 0.1621455754 0.0000000000 0.2545712102 0.4351290650 0.7086164472 0.5058378837 0.7512041681 0.6430696849 0.0902166753 0.4569674219 0.6626187688
0.9037322497 0.2260790011 0.3512728804 0.0420813613 0.8320112622 0.2545712102 0.0000000000 0.6880532488 0.4671151914 0.1511838470 0.9761803351 0.8007572195 0.5276644555 0.9606801330 0.1468430472
0.0675291141 0.2518326846 0.3407959126 0.6942082319 0.9053523379 0.4351290650 0.6880532488 0.0000000000 0.7794847064 0.2350709034 0.7804047915 0.6696041982 0.2682243092 0.0447660704 0.0099568877
0.5460769457 0.0999512803 0.4766880633 0.2987624053 0.2202893278 0.7086164472 0.4671151914 0.7794847064 0.0000000000 0.0171784553 0.3461964137 0.2326187372 0.9262061807 0.8601591027 0.9450294836
0.9282066341 0.1609131389 0.7503244710 0.7755678022 0.4562013848 0.5058378837 0.1511838470 0.2350709034 0.0171784553 0.0000000000 0.8572115964 0.8382704680 0.2691596482 0.2434992592 0.9272581322
0.4604547564 0.5132784661 0.9846718233 0.5835649127 0.0757213729 0.7512041681 0.9761803351 0.7804047915 0.3461964137 0.8572115964 0.0000000000 0.9408963168 0.1619056091 0.8548026304 0.6743365465
0.7530209500 0.4374737620 0.4318890513 0.3595140049 0.5294189110 0.6430696849 0.8007572195 0.6696041982 0.2326187372 0.8382704680 0.9408963168 0.0000000000 0.8379532847 0.6029731909 0.3176276557
0.8542458153 0.4547086169 0.2698695468 0.4770363104 0.5210009462 0.0902166753 0.5276644555 0.2682243092 0.9262061807 0.2691596482 0.1619056091 0.8379532847 0.0000000000 0.4414694233 0.2946661327
0.3871249766 0.4658334485 0.5419294256 0.8080029885 0.0456631103 0.4569674219 0.9606801330 0.0447660704 0.8601591027 0.2434992592 0.8548026304 0.6029731909 0.4414694233 0.0000000000 0.6898479241
0.9938616211 0.3517254147 0.9641727175 0.1441092233 0.4587199724 0.6626187688 0.1468430472 0.0099568877 0.9450294836 0.9272581322 0.6743365465 0.3176276557 0.2946661327 0.6898479241 0.0000000000
