# Graph size: 15
# Optimal cost: 1.8536847821240061

# Distance Matrix
0.0 0.7681812409703583 0.3277528010881017 0.2586279288635065 0.2952560501714502 0.864510686428866 0.010251927188981047 0.6289989684223103 0.19472808298893718 0.6912133355522881 0.7378179462815021 0.5980905241855722 0.04084130113866702 0.4213628634211418 0.08566205679931993
0.7681812409703583 0.0 0.35883995290834536 0.7624182162690779 0.9061667321517788 0.6109991890449897 0.5092720567433249 0.19580484938170606 0.2560404067775328 0.10410653386930913 0.31119015313988596 0.18415834816617893 0.6294009251215306 0.41011531641182475 0.9524996459612163
0.3277528010881017 0.35883995290834536 0.0 0.35746806972500045 0.17671933676554719 0.016390168062781707 0.10103664025979331 0.7730286735608136 0.08834906633150497 0.20289033450456107 0.8043751253938447 0.5892466960580449 0.4768738897619035 0.18669513480846944 0.8379384203804274
0.2586279288635065 0.7624182162690779 0.35746806972500045 0.0 0.4700771782226013 0.38819511792657 0.35691601317002264 0.9328417410936886 0.4730504827584767 0.5803046074396092 0.3925057587943682 0.9252446098621022 0.7607633422050263 0.8346669633331756 0.783015303849829
0.2952560501714502 0.9061667321517788 0.17671933676554719 0.4700771782226013 0.0 0.7605929536845327 0.5938727993623297 0.472360210860703 0.03113703856531036 0.4589830052181679 0.7130451123446813 0.43560138035409735 0.6059127883109147 0.601979818880363 0.3979763729165807
0.864510686428866 0.6109991890449897 0.016390168062781707 0.38819511792657 0.7605929536845327 0.0 0.765009783574535 0.5367737050101843 0.6365754422927586 0.20351509939237955 0.5539372160492569 0.3911185729055128 0.3085731715950586 0.6160815451860093 0.493421106093336
0.010251927188981047 0.5092720567433249 0.10103664025979331 0.35691601317002264 0.5938727993623297 0.765009783574535 0.0 0.26192550756460053 0.8355357619372473 0.6479923315578981 0.9347930472212669 0.30693185304027304 0.008536857414663479 0.6929630877861369 0.9917016881966927
0.6289989684223103 0.19580484938170606 0.7730286735608136 0.9328417410936886 0.472360210860703 0.5367737050101843 0.26192550756460053 0.0 0.327205483662539 0.27230729092150463 0.8029758552719233 0.5792856289508052 0.8504702719513402 0.9749681546211785 0.9148621286787814
0.19472808298893718 0.2560404067775328 0.08834906633150497 0.4730504827584767 0.03113703856531036 0.6365754422927586 0.8355357619372473 0.327205483662539 0.0 0.4454585873058391 0.1933371064284536 0.4013954988438122 0.4543663882870915 0.1877452138347928 0.01663142512493443
0.6912133355522881 0.10410653386930913 0.20289033450456107 0.5803046074396092 0.4589830052181679 0.20351509939237955 0.6479923315578981 0.27230729092150463 0.4454585873058391 0.0 0.908361876408813 0.1761191362444443 0.9688334029171891 0.9592967159660822 0.464952419400562
0.7378179462815021 0.31119015313988596 0.8043751253938447 0.3925057587943682 0.7130451123446813 0.5539372160492569 0.9347930472212669 0.8029758552719233 0.1933371064284536 0.908361876408813 0.0 0.05986232337227704 0.14498420083466967 0.038892835625935485 0.1683541400194487
0.5980905241855722 0.18415834816617893 0.5892466960580449 0.9252446098621022 0.43560138035409735 0.3911185729055128 0.30693185304027304 0.5792856289508052 0.4013954988438122 0.1761191362444443 0.05986232337227704 0.0 0.5764344324116816 0.3036685725889221 0.64049741980808
0.04084130113866702 0.6294009251215306 0.4768738897619035 0.7607633422050263 0.6059127883109147 0.3085731715950586 0.008536857414663479 0.8504702719513402 0.4543663882870915 0.9688334029171891 0.14498420083466967 0.5764344324116816 0.0 0.8529689214626844 0.6614361908644709
0.4213628634211418 0.41011531641182475 0.18669513480846944 0.8346669633331756 0.601979818880363 0.6160815451860093 0.6929630877861369 0.9749681546211785 0.1877452138347928 0.9592967159660822 0.038892835625935485 0.3036685725889221 0.8529689214626844 0.0 0.27027514423367993
0.08566205679931993 0.9524996459612163 0.8379384203804274 0.783015303849829 0.3979763729165807 0.493421106093336 0.9917016881966927 0.9148621286787814 0.01663142512493443 0.464952419400562 0.1683541400194487 0.64049741980808 0.6614361908644709 0.27027514423367993 0.0

# Optimal Walk
0 12 6 7 1 9 11 10 13 2 5 8 4 14 3 0
