# MCW Instance
# Type: UNIFORM
# N: 15
# Optimal cost: 1.9509358917998347
# Optimal tour (permutation): [0, 10, 13, 8, 9, 12, 14, 11, 1, 3, 7, 4, 6, 5, 2, 0]
# Optimal walk (full path): [0, 10, 13, 8, 9, 12, 14, 11, 1, 3, 7, 4, 6, 5, 2, 0]
# Walk size: 16
# Is walk (has repeats): false

# Distance Matrix
0.0000000000 0.2732993156 0.1571589723 0.9331125319 0.7420420900 0.9705523023 0.9226123591 0.3628928470 0.4528593807 0.3304596360 0.0276414287 0.4279738691 0.4716545971 0.5125547397 0.8150272310
0.2732993156 0.0000000000 0.9115912832 0.1152749957 0.4861972565 0.6015127408 0.8518838938 0.8983710014 0.8565296178 0.5396759939 0.6214175170 0.1519075100 0.3844044014 0.9116660688 0.9211537354
0.1571589723 0.9115912832 0.0000000000 0.6373959376 0.1024124102 0.0315903256 0.8297632121 0.6544362861 0.1019932358 0.5827550551 0.7376598445 0.9291973623 0.5207116348 0.3966262904 0.4648584938
0.9331125319 0.1152749957 0.6373959376 0.0000000000 0.3927524499 0.9941344700 0.3922910193 0.1127356002 0.8107264518 0.8533444292 0.6383635427 0.2319987800 0.1095003754 0.6469789680 0.2736956521
0.7420420900 0.4861972565 0.1024124102 0.3927524499 0.0000000000 0.7026474568 0.1592569941 0.1457831846 0.3289131515 0.3164342008 0.7204416937 0.8480185679 0.3277156336 0.4283116818 0.2377506972
0.9705523023 0.6015127408 0.0315903256 0.9941344700 0.7026474568 0.0000000000 0.1456694840 0.9150403443 0.2005779347 0.1745484662 0.7342421640 0.6586050539 0.9019083008 0.6206547801 0.5530515522
0.9226123591 0.8518838938 0.8297632121 0.3922910193 0.1592569941 0.1456694840 0.0000000000 0.6010085657 0.4431895662 0.9777315397 0.5282435926 0.1014824844 0.8330480263 0.6290376498 0.6574015774
0.3628928470 0.8983710014 0.6544362861 0.1127356002 0.1457831846 0.9150403443 0.6010085657 0.0000000000 0.9995507690 0.5181898299 0.6341103887 0.5224373633 0.1572683926 0.6371488089 0.6539694853
0.4528593807 0.8565296178 0.1019932358 0.8107264518 0.3289131515 0.2005779347 0.4431895662 0.9995507690 0.0000000000 0.1465689223 0.9923746115 0.0607629301 0.5087307824 0.2215384738 0.7016094275
0.3304596360 0.5396759939 0.5827550551 0.8533444292 0.3164342008 0.1745484662 0.9777315397 0.5181898299 0.1465689223 0.0000000000 0.7186780175 0.9970535550 0.1228256699 0.4916074641 0.1184027621
0.0276414287 0.6214175170 0.7376598445 0.6383635427 0.7204416937 0.7342421640 0.5282435926 0.6341103887 0.9923746115 0.7186780175 0.0000000000 0.8656364403 0.8034628918 0.2841957674 0.1519167471
0.4279738691 0.1519075100 0.9291973623 0.2319987800 0.8480185679 0.6586050539 0.1014824844 0.5224373633 0.0607629301 0.9970535550 0.8656364403 0.0000000000 0.1070146631 0.6111608396 0.0435876903
0.4716545971 0.3844044014 0.5207116348 0.1095003754 0.3277156336 0.9019083008 0.8330480263 0.1572683926 0.5087307824 0.1228256699 0.8034628918 0.1070146631 0.0000000000 0.2545591116 0.0852008731
0.5125547397 0.9116660688 0.3966262904 0.6469789680 0.4283116818 0.6206547801 0.6290376498 0.6371488089 0.2215384738 0.4916074641 0.2841957674 0.6111608396 0.2545591116 0.0000000000 0.3088042809
0.8150272310 0.9211537354 0.4648584938 0.2736956521 0.2377506972 0.5530515522 0.6574015774 0.6539694853 0.7016094275 0.1184027621 0.1519167471 0.0435876903 0.0852008731 0.3088042809 0.0000000000
