# MCW Instance
# Type: UNIFORM
# N: 15
# Optimal cost: 1.5724094095673102
# Optimal tour (permutation): [0, 6, 1, 4, 3, 10, 13, 11, 8, 2, 14, 7, 9, 5, 12, 0]
# Optimal walk (full path): [0, 6, 1, 4, 3, 10, 13, 11, 8, 5, 2, 14, 7, 9, 7, 5, 12, 0]
# Walk size: 18
# Is walk (has repeats): true

# Distance Matrix
0.0000000000 0.1917308734 0.4830581562 0.6739847970 0.4919989251 0.9683227729 0.1831495433 0.8882892352 0.4701224748 0.2479076917 0.8697540221 0.6766630827 0.0610206476 0.3719377235 0.3513449824
0.1917308734 0.0000000000 0.3883119533 0.9812702630 0.0228004135 0.6912536093 0.0902059555 0.5457734688 0.7849378984 0.2782309910 0.8020849113 0.6440359512 0.1141095316 0.5982208236 0.4587136066
0.4830581562 0.3883119533 0.0000000000 0.8379596859 0.1423178979 0.0501473610 0.1719274407 0.4010045985 0.2312711932 0.6104361593 0.3659852923 0.7211131667 0.9538554672 0.1441498482 0.1419731004
0.6739847970 0.9812702630 0.8379596859 0.0000000000 0.1235806344 0.2309423484 0.6850351305 0.7904779038 0.8350930008 0.6799592040 0.0624410895 0.7164791556 0.5064436024 0.8420002483 0.8399832174
0.4919989251 0.0228004135 0.1423178979 0.1235806344 0.0000000000 0.1663802167 0.4389782511 0.8458587890 0.6489913692 0.0543297254 0.4186083026 0.2402123124 0.6491940714 0.8734591242 0.8512696214
0.9683227729 0.6912536093 0.0501473610 0.2309423484 0.1663802167 0.0000000000 0.1792935468 0.0297556992 0.1473890648 0.7149947732 0.8827325497 0.1756969483 0.1283340470 0.6963046467 0.3068558429
0.1831495433 0.0902059555 0.1719274407 0.6850351305 0.4389782511 0.1792935468 0.0000000000 0.3678932552 0.4803612695 0.7624150235 0.2625810084 0.6592597466 0.4998359812 0.3357923947 0.7941456367
0.8882892352 0.5457734688 0.4010045985 0.7904779038 0.8458587890 0.0297556992 0.3678932552 0.0000000000 0.8753954926 0.0198125787 0.1838825170 0.4932623705 0.5248738066 0.5211069652 0.1143742474
0.4701224748 0.7849378984 0.2312711932 0.8350930008 0.6489913692 0.1473890648 0.4803612695 0.8753954926 0.0000000000 0.5648921092 0.7725293186 0.1300123181 0.5751504750 0.8836798917 0.5285069007
0.2479076917 0.2782309910 0.6104361593 0.6799592040 0.0543297254 0.7149947732 0.7624150235 0.0198125787 0.5648921092 0.0000000000 0.1210968539 0.2981165050 0.9841990196 0.1365012809 0.2632492462
0.8697540221 0.8020849113 0.3659852923 0.0624410895 0.4186083026 0.8827325497 0.2625810084 0.1838825170 0.7725293186 0.1210968539 0.0000000000 0.1973857078 0.9135010187 0.1065303535 0.8481130825
0.6766630827 0.6440359512 0.7211131667 0.7164791556 0.2402123124 0.1756969483 0.6592597466 0.4932623705 0.1300123181 0.2981165050 0.1973857078 0.0000000000 0.8348416277 0.1410697768 0.8307493631
0.0610206476 0.1141095316 0.9538554672 0.5064436024 0.6491940714 0.1283340470 0.4998359812 0.5248738066 0.5751504750 0.9841990196 0.9135010187 0.8348416277 0.0000000000 0.5222790872 0.8998836792
0.3719377235 0.5982208236 0.1441498482 0.8420002483 0.8734591242 0.6963046467 0.3357923947 0.5211069652 0.8836798917 0.1365012809 0.1065303535 0.1410697768 0.5222790872 0.0000000000 0.2691310095
0.3513449824 0.4587136066 0.1419731004 0.8399832174 0.8512696214 0.3068558429 0.7941456367 0.1143742474 0.5285069007 0.2632492462 0.8481130825 0.8307493631 0.8998836792 0.2691310095 0.0000000000
