# Graph size: 15
# Optimal cost: 2.005868017073069

# Distance Matrix
0.0 0.8475450919666453 0.21681266206752803 0.9856334424489821 0.13552573321728723 0.7844977819573359 0.25747359947717596 0.0945405462515585 0.6099135601883496 0.6746470988800206 0.7532035199688626 0.6798942821336711 0.24870943118138567 0.7187355160127153 0.87565325760222
0.8475450919666453 0.0 0.6806402795649397 0.7021093090837461 0.21265915314930928 0.6369971732697232 0.8960587475683126 0.26152415974656174 0.4992470828939659 0.06888626931484865 0.08354402908493996 0.12955993831245383 0.6524174052456034 0.18624588051235202 0.6667060501393377
0.21681266206752803 0.6806402795649397 0.0 0.1981237987778287 0.3178133564594712 0.9698348282149726 0.4432287668974837 0.17843711543079455 0.38499857817912775 0.4540226340799932 0.6985216996781521 0.16989990777385366 0.1985173547305914 0.8900300176670297 0.42905253279402333
0.9856334424489821 0.7021093090837461 0.1981237987778287 0.0 0.5291651280012051 0.82860248951114 0.8699169682636434 0.9583505096826097 0.2064458514199239 0.5170398501347682 0.24289224515250873 0.08902139789369612 0.5529917384291948 0.7896749134495 0.63305641914241
0.13552573321728723 0.21265915314930928 0.3178133564594712 0.5291651280012051 0.0 0.07571676235635982 0.9718359238134985 0.8842739437010587 0.3764804868763818 0.12685188645487433 0.6833270231528509 0.08092784915752438 0.7355603005414015 0.8469678293919164 0.30762541757656003
0.7844977819573359 0.6369971732697232 0.9698348282149726 0.82860248951114 0.07571676235635982 0.0 0.24191476968010328 0.31987700130343355 0.01698511641169509 0.9282565093402029 0.3689126409044571 0.7453318382075913 0.3761978163694828 0.7939783924569815 0.2676804113788579
0.25747359947717596 0.8960587475683126 0.4432287668974837 0.8699169682636434 0.9718359238134985 0.24191476968010328 0.0 0.6971134587700283 0.6177086993790307 0.8406348514692439 0.4738028448238195 0.7270947676740334 0.6381070126073162 0.7703289629732543 0.43782045545241866
0.0945405462515585 0.26152415974656174 0.17843711543079455 0.9583505096826097 0.8842739437010587 0.31987700130343355 0.6971134587700283 0.0 0.31254475096652923 0.19254298103644962 0.5121665025069504 0.5940426231840971 0.9305810712522239 0.49795370688508755 0.5069826585391142
0.6099135601883496 0.4992470828939659 0.38499857817912775 0.2064458514199239 0.3764804868763818 0.01698511641169509 0.6177086993790307 0.31254475096652923 0.0 0.34456852621358813 0.16157691172364963 4.7491271274346936E-5 0.40787922718132674 0.17851725546422081 0.12477560944569832
0.6746470988800206 0.06888626931484865 0.4540226340799932 0.5170398501347682 0.12685188645487433 0.9282565093402029 0.8406348514692439 0.19254298103644962 0.34456852621358813 0.0 0.473754590460275 0.46906389168925 0.1161946982112897 0.8706552266334372 0.8622042818488374
0.7532035199688626 0.08354402908493996 0.6985216996781521 0.24289224515250873 0.6833270231528509 0.3689126409044571 0.4738028448238195 0.5121665025069504 0.16157691172364963 0.473754590460275 0.0 0.10739703872268758 0.41890176320514017 0.7071242700705931 0.7758898384124694
0.6798942821336711 0.12955993831245383 0.16989990777385366 0.08902139789369612 0.08092784915752438 0.7453318382075913 0.7270947676740334 0.5940426231840971 4.7491271274346936E-5 0.46906389168925 0.10739703872268758 0.0 0.8642158121711497 0.037314493716929076 0.8204189703887496
0.24870943118138567 0.6524174052456034 0.1985173547305914 0.5529917384291948 0.7355603005414015 0.3761978163694828 0.6381070126073162 0.9305810712522239 0.40787922718132674 0.1161946982112897 0.41890176320514017 0.8642158121711497 0.0 0.3715339241324901 0.26941874184432946
0.7187355160127153 0.18624588051235202 0.8900300176670297 0.7896749134495 0.8469678293919164 0.7939783924569815 0.7703289629732543 0.49795370688508755 0.17851725546422081 0.8706552266334372 0.7071242700705931 0.037314493716929076 0.3715339241324901 0.0 0.5848440814677506
0.87565325760222 0.6667060501393377 0.42905253279402333 0.63305641914241 0.30762541757656003 0.2676804113788579 0.43782045545241866 0.5069826585391142 0.12477560944569832 0.8622042818488374 0.7758898384124694 0.8204189703887496 0.26941874184432946 0.5848440814677506 0.0

# Optimal Walk
0 7 2 12 9 1 10 13 14 8 11 3 4 5 6 0
