# Graph size: 15
# Optimal cost: 1.2851103965392752

# Distance Matrix
0.0 0.5802304183960589 0.8216492472756399 0.0925044868676359 0.026297136863157156 0.6426263848403093 0.9843301587059434 0.07151918434510518 0.8754731709137726 0.21784360278859716 0.69618101974814 0.2806584703419973 0.6934644451709068 0.017830828176051083 0.6646237718560501
0.5802304183960589 0.0 0.9331266915242225 0.18520990764849543 0.03222519493207687 0.6111959747511078 0.19433280177214562 0.7492295945003048 0.8219840583979104 0.4878561736006086 0.8229766994087481 0.6602999923923732 0.5368031061326332 0.5839226605331326 0.3506344914896835
0.8216492472756399 0.9331266915242225 0.0 0.35164064894282476 0.12974009729019786 0.1857859398565772 0.40265633699368986 0.2951774352051011 0.4465649716671397 0.3821984335206562 0.9829171793672133 0.5497375490997246 0.3527082804027092 0.06985967926125691 0.5459371908092036
0.0925044868676359 0.18520990764849543 0.35164064894282476 0.0 0.6495697134790299 0.8272825414856088 0.2071791687987522 0.4621153692505602 0.13937270464439977 0.001501042359165372 0.8885126732849739 0.045296275373747474 0.7270539624406371 0.44792198300156627 0.8668326297993139
0.026297136863157156 0.03222519493207687 0.12974009729019786 0.6495697134790299 0.0 0.6566163414292963 0.7217293696665323 0.6372958362566933 0.739706516996359 0.5245528985663325 0.15201418417386847 0.3713964477756 0.13162182711576997 0.8283257866829923 0.718444172626673
0.6426263848403093 0.6111959747511078 0.1857859398565772 0.8272825414856088 0.6566163414292963 0.0 0.17306745886780517 0.8551097718870221 0.28027731085574437 0.5239054539758611 0.06881721291908705 0.21378449147248046 0.9125837456077183 0.3472396698356979 0.934647071982787
0.9843301587059434 0.19433280177214562 0.40265633699368986 0.2071791687987522 0.7217293696665323 0.17306745886780517 0.0 0.3223278843062859 0.024627641997518768 0.07773153871451799 0.5923995776599449 0.5616150578231541 0.2795866359898971 0.811973540156935 0.1417640947464025
0.07151918434510518 0.7492295945003048 0.2951774352051011 0.4621153692505602 0.6372958362566933 0.8551097718870221 0.3223278843062859 0.0 0.06158870128774652 0.7522714388196412 0.029642285978054628 0.5921799227549612 0.4101553079581851 0.32497204878957986 0.21101052081340277
0.8754731709137726 0.8219840583979104 0.4465649716671397 0.13937270464439977 0.739706516996359 0.28027731085574437 0.024627641997518768 0.06158870128774652 0.0 0.719227324382052 0.6232898596700674 0.20404767440839988 0.23655658028779913 0.21169982261790177 0.7796999568365401
0.21784360278859716 0.4878561736006086 0.3821984335206562 0.001501042359165372 0.5245528985663325 0.5239054539758611 0.07773153871451799 0.7522714388196412 0.719227324382052 0.0 0.48722244567753703 0.9178234263264731 0.598401273892775 0.6228141493257728 0.6500259520972991
0.69618101974814 0.8229766994087481 0.9829171793672133 0.8885126732849739 0.15201418417386847 0.06881721291908705 0.5923995776599449 0.029642285978054628 0.6232898596700674 0.48722244567753703 0.0 0.048717783957909155 0.14781392332175736 0.8635234864842846 0.5395436563772702
0.2806584703419973 0.6602999923923732 0.5497375490997246 0.045296275373747474 0.3713964477756 0.21378449147248046 0.5616150578231541 0.5921799227549612 0.20404767440839988 0.9178234263264731 0.048717783957909155 0.0 0.4377291642038851 0.9191345088153305 0.8790193126649636
0.6934644451709068 0.5368031061326332 0.3527082804027092 0.7270539624406371 0.13162182711576997 0.9125837456077183 0.2795866359898971 0.4101553079581851 0.23655658028779913 0.598401273892775 0.14781392332175736 0.4377291642038851 0.0 0.9646188565268449 0.48408733221341993
0.017830828176051083 0.5839226605331326 0.06985967926125691 0.44792198300156627 0.8283257866829923 0.3472396698356979 0.811973540156935 0.32497204878957986 0.21169982261790177 0.6228141493257728 0.8635234864842846 0.9191345088153305 0.9646188565268449 0.0 0.40977743909142605
0.6646237718560501 0.3506344914896835 0.5459371908092036 0.8668326297993139 0.718444172626673 0.934647071982787 0.1417640947464025 0.21101052081340277 0.7796999568365401 0.6500259520972991 0.5395436563772702 0.8790193126649636 0.48408733221341993 0.40977743909142605 0.0

# Optimal Walk
0 13 2 5 10 11 3 9 14 6 8 7 12 1 4 0
