# Graph size: 15
# Optimal cost: 1.194006524168228

# Distance Matrix
0.0 0.207275418359948 0.5890934963741324 0.9622633504908047 0.6362416517355954 0.5876043468298924 0.027542355018261744 0.39249247831235434 0.5112630436594751 0.5851724886928615 0.3294007124310998 0.09997234331574067 0.5467808115789959 0.7926040180264755 0.9082007302179775
0.207275418359948 0.0 0.7174278440468597 0.7228298950631854 0.3880024569755094 0.29806297124746917 0.17340528294679047 0.7957032467091724 0.5484863726230168 0.914271735701522 0.8130116838305843 0.7555566910511797 0.15478771541148273 0.4950265328446003 0.8531886443893056
0.5890934963741324 0.7174278440468597 0.0 0.8188430243000917 0.8155072898317527 0.4299667309076075 0.08832287832031438 0.5679104115972022 0.08434922383127585 0.3773552649078823 0.8723470826563988 0.9370143644856197 0.36963228074612786 0.7993465429381978 0.7950858095740362
0.9622633504908047 0.7228298950631854 0.8188430243000917 0.0 0.3621567016175653 0.4426028207191697 0.30355243668228693 0.14345380398431717 0.5615788805231242 0.6395506327099159 0.9691599617680828 0.1922142734950668 0.09440102697286823 0.8224553789813492 0.15714245955868666
0.6362416517355954 0.3880024569755094 0.8155072898317527 0.3621567016175653 0.0 0.604357463221854 0.05681237281147611 0.9138679170568823 0.6566456600291593 0.7377605735182875 0.01838245102914282 0.3539575726990013 0.4034193708626628 0.4526421198755768 0.575476987004571
0.5876043468298924 0.29806297124746917 0.4299667309076075 0.4426028207191697 0.604357463221854 0.0 0.14113275660944913 0.4212035832351533 0.09342530915336089 0.7044258960362552 0.21236892214949732 0.08326798191431439 0.6789762078726538 0.4340053101460033 0.7953545279104932
0.027542355018261744 0.17340528294679047 0.08832287832031438 0.30355243668228693 0.05681237281147611 0.14113275660944913 0.0 0.26884230707264234 0.9767846582249662 0.2249595321670682 0.02179205470276213 0.4979639429784112 0.059506969566671564 0.8437025354409816 0.5296679616319645
0.39249247831235434 0.7957032467091724 0.5679104115972022 0.14345380398431717 0.9138679170568823 0.4212035832351533 0.26884230707264234 0.0 0.6683086832955925 0.14639110600919114 0.4480032702339052 0.0020317371172232646 0.5888592496704269 0.01745668902783415 0.06437275550105559
0.5112630436594751 0.5484863726230168 0.08434922383127585 0.5615788805231242 0.6566456600291593 0.09342530915336089 0.9767846582249662 0.6683086832955925 0.0 0.5908009063525225 0.10780551834062979 0.054903935818374605 0.630034680550851 0.9563354454790878 0.2658590634581891
0.5851724886928615 0.914271735701522 0.3773552649078823 0.6395506327099159 0.7377605735182875 0.7044258960362552 0.2249595321670682 0.14639110600919114 0.5908009063525225 0.0 0.014076526942427003 0.2967761777794158 0.21700159912748795 0.5712042096972897 0.955405858916632
0.3294007124310998 0.8130116838305843 0.8723470826563988 0.9691599617680828 0.01838245102914282 0.21236892214949732 0.02179205470276213 0.4480032702339052 0.10780551834062979 0.014076526942427003 0.0 0.7496386194322368 0.4476714827947601 0.18859642297874335 0.3791148509564798
0.09997234331574067 0.7555566910511797 0.9370143644856197 0.1922142734950668 0.3539575726990013 0.08326798191431439 0.4979639429784112 0.0020317371172232646 0.054903935818374605 0.2967761777794158 0.7496386194322368 0.0 0.8803228079422779 0.49208176019737293 0.5626580766998822
0.5467808115789959 0.15478771541148273 0.36963228074612786 0.09440102697286823 0.4034193708626628 0.6789762078726538 0.059506969566671564 0.5888592496704269 0.630034680550851 0.21700159912748795 0.4476714827947601 0.8803228079422779 0.0 0.49606180774571673 0.2733468783452646
0.7926040180264755 0.4950265328446003 0.7993465429381978 0.8224553789813492 0.4526421198755768 0.4340053101460033 0.8437025354409816 0.01745668902783415 0.9563354454790878 0.5712042096972897 0.18859642297874335 0.49208176019737293 0.49606180774571673 0.0 0.7612009112912447
0.9082007302179775 0.8531886443893056 0.7950858095740362 0.15714245955868666 0.575476987004571 0.7953545279104932 0.5296679616319645 0.06437275550105559 0.2658590634581891 0.955405858916632 0.3791148509564798 0.5626580766998822 0.2733468783452646 0.7612009112912447 0.0

# Optimal Walk
0 6 10 9 4 1 12 3 14 13 7 11 5 8 2 0
