# Graph size: 15
# Optimal cost: 1.215481523366508

# Distance Matrix
0.0 0.4072472699641747 0.3395286766013179 0.5983892474709381 0.24538464012518013 0.0843602790928244 0.6224478556305229 0.7882264057191004 0.49106020061558797 0.4103521403360668 0.09299614982590454 0.418621594514031 0.7743288283893506 0.9395489396385499 0.3316928087048868
0.4072472699641747 0.0 0.9446644817911194 0.3620452579120004 0.6046550787960411 0.2717242446843755 0.013453633888302674 0.2930191902160153 0.7761625794202498 0.21252111777747795 0.8343393202780272 0.7627476165351207 0.7613671832227467 0.38510159082036555 0.006610567770957254
0.3395286766013179 0.9446644817911194 0.0 0.5969160732995075 0.8726603643970322 0.6375712550501872 0.5636901462978781 0.7184844303740611 0.39886779449841026 0.7398328122814201 0.212627752485827 0.0844621268217296 0.29875680086493583 0.26847447811416125 0.7486581542754269
0.5983892474709381 0.3620452579120004 0.5969160732995075 0.0 0.17101668459645192 0.20243669949295817 0.025968445624121483 0.40681790191233946 0.7193480441296838 0.3542271882264306 0.472725894219331 0.4760903398042713 0.11980099866674854 0.45967220981453183 0.7062187565765258
0.24538464012518013 0.6046550787960411 0.8726603643970322 0.17101668459645192 0.0 0.8462756792914654 0.5079764616551523 0.009727407947958788 0.10829233241276381 0.28375904109489525 0.37414188257360725 0.5467516320443698 0.8999573083398702 0.13957622760555455 0.2460295663412959
0.0843602790928244 0.2717242446843755 0.6375712550501872 0.20243669949295817 0.8462756792914654 0.0 0.5097840372949094 0.4923633329758603 0.8816534961790088 0.795151423454638 0.7506901124575152 0.7033208088890566 0.31282386460871026 0.5380471149556418 0.548111242094711
0.6224478556305229 0.013453633888302674 0.5636901462978781 0.025968445624121483 0.5079764616551523 0.5097840372949094 0.0 0.6206513586994524 0.5871996661612184 0.15642216163691514 0.9627544837060289 0.13681138092651302 0.16970694879222759 0.34392096144661244 0.6754103551610496
0.7882264057191004 0.2930191902160153 0.7184844303740611 0.40681790191233946 0.009727407947958788 0.4923633329758603 0.6206513586994524 0.0 0.9536476938890148 0.6970643550169421 0.002319738400781479 0.028187969806300006 0.1618075508809399 0.29321550744019464 0.5562122518306836
0.49106020061558797 0.7761625794202498 0.39886779449841026 0.7193480441296838 0.10829233241276381 0.8816534961790088 0.5871996661612184 0.9536476938890148 0.0 0.8498089299060203 0.33624009838614477 0.2682003009106998 0.13280133525564675 0.7874022651484226 0.4573900782538026
0.4103521403360668 0.21252111777747795 0.7398328122814201 0.3542271882264306 0.28375904109489525 0.795151423454638 0.15642216163691514 0.6970643550169421 0.8498089299060203 0.0 0.2866776554115237 0.36219761373532133 0.2900948852005786 0.8670984366293629 0.030787993862208318
0.09299614982590454 0.8343393202780272 0.212627752485827 0.472725894219331 0.37414188257360725 0.7506901124575152 0.9627544837060289 0.002319738400781479 0.33624009838614477 0.2866776554115237 0.0 0.5936661666603513 0.09379308973839007 0.8988891377719133 0.10177107542854513
0.418621594514031 0.7627476165351207 0.0844621268217296 0.4760903398042713 0.5467516320443698 0.7033208088890566 0.13681138092651302 0.028187969806300006 0.2682003009106998 0.36219761373532133 0.5936661666603513 0.0 0.39455077575626873 0.041902553361841455 0.7842348333281277
0.7743288283893506 0.7613671832227467 0.29875680086493583 0.11980099866674854 0.8999573083398702 0.31282386460871026 0.16970694879222759 0.1618075508809399 0.13280133525564675 0.2900948852005786 0.09379308973839007 0.39455077575626873 0.0 0.4057309021849933 0.30114464947382413
0.9395489396385499 0.38510159082036555 0.26847447811416125 0.45967220981453183 0.13957622760555455 0.5380471149556418 0.34392096144661244 0.29321550744019464 0.7874022651484226 0.8670984366293629 0.8988891377719133 0.041902553361841455 0.4057309021849933 0.0 0.3433356395335301
0.3316928087048868 0.006610567770957254 0.7486581542754269 0.7062187565765258 0.2460295663412959 0.548111242094711 0.6754103551610496 0.5562122518306836 0.4573900782538026 0.030787993862208318 0.10177107542854513 0.7842348333281277 0.30114464947382413 0.3433356395335301 0.0

# Optimal Walk
0 5 3 6 14 9 1 12 8 4 7 13 11 2 10 0
