# MCW Instance
# Type: UNIFORM
# N: 15
# Optimal cost: 2.2709000334719303
# Optimal tour (permutation): [0, 4, 2, 1, 12, 13, 9, 10, 3, 8, 5, 7, 6, 11, 14, 0]
# Optimal walk (full path): [0, 4, 0, 2, 1, 12, 13, 9, 10, 3, 5, 8, 5, 6, 7, 6, 11, 14, 0]
# Walk size: 19
# Is walk (has repeats): true

# Distance Matrix
0.0000000000 0.9469622638 0.0844591065 0.8521161027 0.0664145384 0.9762200334 0.0944959979 0.1118737389 0.3301315906 0.5225818099 0.4612831479 0.9277396223 0.1328819320 0.1664966215 0.1798369139
0.9469622638 0.0000000000 0.0614097622 0.3941852403 0.6146805771 0.2215020187 0.0238993551 0.5375797717 0.4609498791 0.8415427554 0.9930344540 0.2935139878 0.0802641026 0.8918693367 0.4171477631
0.0844591065 0.0614097622 0.0000000000 0.2357828572 0.4184612686 0.1526024097 0.8218542990 0.5266362798 0.8942681105 0.8768418739 0.8065103404 0.1669776211 0.3655202408 0.4549207039 0.4679344092
0.8521161027 0.3941852403 0.2357828572 0.0000000000 0.9006081307 0.1281285797 0.3475880109 0.5211967197 0.8052627785 0.2141801628 0.2119805722 0.2007590437 0.5182220358 0.8346626002 0.4499048989
0.0664145384 0.6146805771 0.4184612686 0.9006081307 0.0000000000 0.6199745603 0.9905728559 0.6726533983 0.2448670267 0.6429327893 0.6417316498 0.8744167546 0.5224507054 0.4798622001 0.7946306898
0.9762200334 0.2215020187 0.1526024097 0.1281285797 0.6199745603 0.0000000000 0.0087019432 0.1680589883 0.1557788003 0.3120086127 0.9686390557 0.2666979022 0.7217964182 0.4255350600 0.7759795519
0.0944959979 0.0238993551 0.8218542990 0.3475880109 0.9905728559 0.0087019432 0.0000000000 0.0913956918 0.5794901225 0.8520377427 0.5140303647 0.0600141137 0.5709315067 0.4248901658 0.1634818854
0.1118737389 0.5375797717 0.5266362798 0.5211967197 0.6726533983 0.1680589883 0.0913956918 0.0000000000 0.9046235065 0.5504905939 0.6336569550 0.9444322201 0.8532764794 0.9992260208 0.6613824339
0.3301315906 0.4609498791 0.8942681105 0.8052627785 0.2448670267 0.1557788003 0.5794901225 0.9046235065 0.0000000000 0.8782607857 0.7109295671 0.8686615066 0.7364479279 0.6746067595 0.3444262009
0.5225818099 0.8415427554 0.8768418739 0.2141801628 0.6429327893 0.3120086127 0.8520377427 0.5504905939 0.8782607857 0.0000000000 0.2479733388 0.8747115658 0.7215589176 0.2258685093 0.6370901110
0.4612831479 0.9930344540 0.8065103404 0.2119805722 0.6417316498 0.9686390557 0.5140303647 0.6336569550 0.7109295671 0.2479733388 0.0000000000 0.3776839546 0.9112651180 0.3693691034 0.5779323039
0.9277396223 0.2935139878 0.1669776211 0.2007590437 0.8744167546 0.2666979022 0.0600141137 0.9444322201 0.8686615066 0.8747115658 0.3776839546 0.0000000000 0.7737818577 0.2685211744 0.2080886080
0.1328819320 0.0802641026 0.3655202408 0.5182220358 0.5224507054 0.7217964182 0.5709315067 0.8532764794 0.7364479279 0.7215589176 0.9112651180 0.7737818577 0.0000000000 0.1469964222 0.2422412480
0.1664966215 0.8918693367 0.4549207039 0.8346626002 0.4798622001 0.4255350600 0.4248901658 0.9992260208 0.6746067595 0.2258685093 0.3693691034 0.2685211744 0.1469964222 0.0000000000 0.8665007383
0.1798369139 0.4171477631 0.4679344092 0.4499048989 0.7946306898 0.7759795519 0.1634818854 0.6613824339 0.3444262009 0.6370901110 0.5779323039 0.2080886080 0.2422412480 0.8665007383 0.0000000000
