# MCW Instance
# Type: UNIFORM
# N: 15
# Optimal cost: 1.3540517284219558
# Optimal tour (permutation): [0, 14, 6, 4, 1, 12, 7, 10, 3, 9, 13, 11, 5, 8, 2, 0]
# Optimal walk (full path): [0, 14, 6, 1, 4, 1, 12, 7, 10, 3, 9, 13, 11, 13, 5, 8, 2, 8, 0]
# Walk size: 19
# Is walk (has repeats): true

# Distance Matrix
0.0000000000 0.9693069707 0.7866782265 0.7534655568 0.7577608731 0.5427270739 0.2404300528 0.7700923497 0.0346886340 0.4966880380 0.7558450735 0.7835272414 0.2383644772 0.4756598108 0.0522067791
0.9693069707 0.0000000000 0.6091273836 0.3879604981 0.0011180865 0.2621822150 0.0323882681 0.7085590185 0.9918629078 0.2688611431 0.2054417318 0.9858083864 0.1091522858 0.1742275119 0.3112552170
0.7866782265 0.6091273836 0.0000000000 0.3441408006 0.8946987399 0.7472386836 0.8820370952 0.4847155517 0.0768032244 0.9584761696 0.8312050024 0.5686649392 0.6083779778 0.9983713723 0.2123755564
0.7534655568 0.3879604981 0.3441408006 0.0000000000 0.6118844797 0.9703357539 0.4972984109 0.9541849716 0.4695228677 0.0248002529 0.0183653043 0.3363519923 0.2314912976 0.2348179487 0.2775239408
0.7577608731 0.0011180865 0.8946987399 0.6118844797 0.0000000000 0.7702464305 0.1247256277 0.3807296145 0.9606582189 0.5263273103 0.8235993098 0.9980848159 0.4535989129 0.4111670442 0.4067987865
0.5427270739 0.2621822150 0.7472386836 0.9703357539 0.7702464305 0.0000000000 0.6379605737 0.2785527069 0.0383791889 0.0671370537 0.7077708434 0.5392221000 0.2606187419 0.0801955157 0.0891310716
0.2404300528 0.0323882681 0.8820370952 0.4972984109 0.1247256277 0.6379605737 0.0000000000 0.2169317549 0.5339262010 0.4683478197 0.9490674942 0.7313661952 0.4710372076 0.2586339953 0.1618387543
0.7700923497 0.7085590185 0.4847155517 0.9541849716 0.3807296145 0.2785527069 0.2169317549 0.0000000000 0.7820624432 0.6068818577 0.2261165697 0.5408622932 0.1205906537 0.4473493853 0.5387653394
0.0346886340 0.9918629078 0.0768032244 0.4695228677 0.9606582189 0.0383791889 0.5339262010 0.7820624432 0.0000000000 0.6437167205 0.5683944711 0.2014945630 0.7755804327 0.2579152926 0.2915523089
0.4966880380 0.2688611431 0.9584761696 0.0248002529 0.5263273103 0.0671370537 0.4683478197 0.6068818577 0.6437167205 0.0000000000 0.2077151469 0.3765783812 0.8011249551 0.0712594235 0.9560298769
0.7558450735 0.2054417318 0.8312050024 0.0183653043 0.8235993098 0.7077708434 0.9490674942 0.2261165697 0.5683944711 0.2077151469 0.0000000000 0.7014292700 0.7767294821 0.0676199561 0.7814391565
0.7835272414 0.9858083864 0.5686649392 0.3363519923 0.9980848159 0.5392221000 0.7313661952 0.5408622932 0.2014945630 0.3765783812 0.7014292700 0.0000000000 0.5229474610 0.1141137383 0.3643772207
0.2383644772 0.1091522858 0.6083779778 0.2314912976 0.4535989129 0.2606187419 0.4710372076 0.1205906537 0.7755804327 0.8011249551 0.7767294821 0.5229474610 0.0000000000 0.7574513666 0.9623023614
0.4756598108 0.1742275119 0.9983713723 0.2348179487 0.4111670442 0.0801955157 0.2586339953 0.4473493853 0.2579152926 0.0712594235 0.0676199561 0.1141137383 0.7574513666 0.0000000000 0.6927713239
0.0522067791 0.3112552170 0.2123755564 0.2775239408 0.4067987865 0.0891310716 0.1618387543 0.5387653394 0.2915523089 0.9560298769 0.7814391565 0.3643772207 0.9623023614 0.6927713239 0.0000000000
