# Graph size: 15
# Optimal cost: 2.3402666580785514

# Distance Matrix
0.0 0.12860151433647504 0.14324675042047674 0.9198645319968924 0.6930701275476409 0.11674029256726892 0.8551378306492146 0.42614939551401965 0.6588971750405147 0.060097167470166024 0.05829136767236298 0.6583433406725064 0.22683939412474952 0.6659219035187208 0.622915203641576
0.12860151433647504 0.0 0.6365353371294686 0.6036483616183359 0.45549473539151475 0.2224083405580798 0.15678941794090717 0.47536232824395463 0.3646476687454596 0.41027439584388614 0.9528197987298624 0.5593331977858879 0.08262906272481141 0.38176633835127893 0.6670697240330302
0.14324675042047674 0.6365353371294686 0.0 0.21636614282792832 0.5919885237808257 0.4544732169124367 0.8013898993535188 0.6967333885865477 0.982510479781578 0.8889725306004899 0.9434902745007339 0.321361697917108 0.5038268231271983 0.7888371054234135 0.4725643944884007
0.9198645319968924 0.6036483616183359 0.21636614282792832 0.0 0.6582833184610273 0.9941899980191005 0.46869858937200215 0.6359626562101145 0.5444778536481366 0.27699019964503335 0.8597339815284841 0.3585173820455315 0.6245229678820472 0.8519510312073355 0.2338559580341315
0.6930701275476409 0.45549473539151475 0.5919885237808257 0.6582833184610273 0.0 0.39709880938215325 0.9300095490898642 0.22454036629976282 0.771051373252153 0.48520819416863414 0.9074674125383582 0.514984174785975 0.2687266289576674 0.9258902253888969 0.21758531007593485
0.11674029256726892 0.2224083405580798 0.4544732169124367 0.9941899980191005 0.39709880938215325 0.0 0.5673728507185962 0.597582589659546 0.6859740064304509 0.57479910925868 0.6397011027815738 0.34545591465116543 0.42062798195956275 0.873860742264464 0.8972840888682285
0.8551378306492146 0.15678941794090717 0.8013898993535188 0.46869858937200215 0.9300095490898642 0.5673728507185962 0.0 0.4587274661510412 0.014441237755491332 0.8587890871844542 0.3548438390950408 0.5903130002204668 0.1637196090425771 0.6296441372469255 0.6166619651630423
0.42614939551401965 0.47536232824395463 0.6967333885865477 0.6359626562101145 0.22454036629976282 0.597582589659546 0.4587274661510412 0.0 0.2939145370687939 0.24441207145399024 0.35385343464649266 0.7495456636950787 0.1661261416507207 0.21105922932967958 0.6513603679571424
0.6588971750405147 0.3646476687454596 0.982510479781578 0.5444778536481366 0.771051373252153 0.6859740064304509 0.014441237755491332 0.2939145370687939 0.0 0.88995623276539 0.5311505408511816 0.5543822824655316 0.25665137161777396 0.7345000967923823 0.28729818604157886
0.060097167470166024 0.41027439584388614 0.8889725306004899 0.27699019964503335 0.48520819416863414 0.57479910925868 0.8587890871844542 0.24441207145399024 0.88995623276539 0.0 0.4086073168653903 0.7257595960832726 0.8920849088381246 0.09010367333596458 0.7443467384500223
0.05829136767236298 0.9528197987298624 0.9434902745007339 0.8597339815284841 0.9074674125383582 0.6397011027815738 0.3548438390950408 0.35385343464649266 0.5311505408511816 0.4086073168653903 0.0 0.15263085861321446 0.1863937521436072 0.13380897282003668 0.2088358248439771
0.6583433406725064 0.5593331977858879 0.321361697917108 0.3585173820455315 0.514984174785975 0.34545591465116543 0.5903130002204668 0.7495456636950787 0.5543822824655316 0.7257595960832726 0.15263085861321446 0.0 0.08677661755639432 0.3889329220487706 0.41112672541618267
0.22683939412474952 0.08262906272481141 0.5038268231271983 0.6245229678820472 0.2687266289576674 0.42062798195956275 0.1637196090425771 0.1661261416507207 0.25665137161777396 0.8920849088381246 0.1863937521436072 0.08677661755639432 0.0 0.5825487225715716 0.10292856089988722
0.6659219035187208 0.38176633835127893 0.7888371054234135 0.8519510312073355 0.9258902253888969 0.873860742264464 0.6296441372469255 0.21105922932967958 0.7345000967923823 0.09010367333596458 0.13380897282003668 0.3889329220487706 0.5825487225715716 0.0 0.5357598676383672
0.622915203641576 0.6670697240330302 0.4725643944884007 0.2338559580341315 0.21758531007593485 0.8972840888682285 0.6166619651630423 0.6513603679571424 0.28729818604157886 0.7443467384500223 0.2088358248439771 0.41112672541618267 0.10292856089988722 0.5357598676383672 0.0

# Optimal Walk
0 9 13 10 11 12 1 6 8 7 4 14 3 2 5 0
