# MCW Instance
# Type: UNIFORM
# N: 15
# Optimal cost: 2.087443096375732
# Optimal tour (permutation): [0, 2, 6, 5, 1, 11, 4, 9, 13, 3, 12, 7, 14, 10, 8, 0]
# Optimal walk (full path): [0, 2, 6, 5, 1, 11, 4, 9, 13, 3, 12, 7, 14, 10, 8, 0]
# Walk size: 16
# Is walk (has repeats): false

# Distance Matrix
0.0000000000 0.9900459842 0.0915075019 0.9608835343 0.3359431030 0.5891674274 0.5193117075 0.0436857963 0.1318471011 0.5496935904 0.9818733429 0.5872047606 0.4009242684 0.9000093236 0.6234370578
0.9900459842 0.0000000000 0.0876012327 0.7180889761 0.1707990580 0.0038512080 0.2713563514 0.3427292351 0.5053967441 0.8686136170 0.4547941238 0.0339648524 0.5100049825 0.6701161255 0.8483225256
0.0915075019 0.0876012327 0.0000000000 0.5403372357 0.4646632047 0.4856262662 0.1650423247 0.2302701955 0.6886969428 0.6269584425 0.5818504281 0.1196797613 0.3084812401 0.4174509196 0.5708901717
0.9608835343 0.7180889761 0.5403372357 0.0000000000 0.3744003744 0.4107030151 0.3237794903 0.3701777729 0.2176336826 0.5809088990 0.8733020421 0.8944613811 0.0564153669 0.1249763253 0.5620427614
0.3359431030 0.1707990580 0.4646632047 0.3744003744 0.0000000000 0.7008447316 0.5561342923 0.8502474342 0.2640889600 0.2184344200 0.3384275066 0.1434168303 0.4900867969 0.8272468761 0.9553139317
0.5891674274 0.0038512080 0.4856262662 0.4107030151 0.7008447316 0.0000000000 0.2238660166 0.2106871329 0.5288366171 0.8012178079 0.8739883041 0.8602062878 0.8895848259 0.6645730142 0.6521502925
0.5193117075 0.2713563514 0.1650423247 0.3237794903 0.5561342923 0.2238660166 0.0000000000 0.5664304671 0.6573135809 0.6919879151 0.5792871455 0.6144073178 0.9528672536 0.6404892494 0.5567304265
0.0436857963 0.3427292351 0.2302701955 0.3701777729 0.8502474342 0.2106871329 0.5664304671 0.0000000000 0.6452311995 0.2205298888 0.4271533854 0.3207190787 0.1152434790 0.1846232782 0.1504714870
0.1318471011 0.5053967441 0.6886969428 0.2176336826 0.2640889600 0.5288366171 0.6573135809 0.6452311995 0.0000000000 0.5681454558 0.0967334274 0.9043572942 0.9540847472 0.9984399848 0.5881383486
0.5496935904 0.8686136170 0.6269584425 0.5809088990 0.2184344200 0.8012178079 0.6919879151 0.2205298888 0.5681454558 0.0000000000 0.6449806976 0.3310646310 0.4080996814 0.1199066866 0.6905068968
0.9818733429 0.4547941238 0.5818504281 0.8733020421 0.3384275066 0.8739883041 0.5792871455 0.4271533854 0.0967334274 0.6449806976 0.0000000000 0.7257025421 0.6472170906 0.5916014848 0.4117660692
0.5872047606 0.0339648524 0.1196797613 0.8944613811 0.1434168303 0.8602062878 0.6144073178 0.3207190787 0.9043572942 0.3310646310 0.7257025421 0.0000000000 0.5798114859 0.2014678395 0.9564854666
0.4009242684 0.5100049825 0.3084812401 0.0564153669 0.4900867969 0.8895848259 0.9528672536 0.1152434790 0.9540847472 0.4080996814 0.6472170906 0.5798114859 0.0000000000 0.8732613116 0.2918327267
0.9000093236 0.6701161255 0.4174509196 0.1249763253 0.8272468761 0.6645730142 0.6404892494 0.1846232782 0.9984399848 0.1199066866 0.5916014848 0.2014678395 0.8732613116 0.0000000000 0.3983669257
0.6234370578 0.8483225256 0.5708901717 0.5620427614 0.9553139317 0.6521502925 0.5567304265 0.1504714870 0.5881383486 0.6905068968 0.4117660692 0.9564854666 0.2918327267 0.3983669257 0.0000000000
