# MCW Instance
# Type: UNIFORM
# N: 15
# Optimal cost: 1.9564628116701333
# Optimal tour (permutation): [0, 4, 5, 1, 6, 14, 13, 9, 10, 8, 12, 2, 3, 7, 11, 0]
# Optimal walk (full path): [0, 4, 5, 1, 6, 13, 14, 13, 9, 10, 9, 8, 2, 12, 2, 3, 7, 11, 7, 0]
# Walk size: 20
# Is walk (has repeats): true

# Distance Matrix
0.0000000000 0.5615178598 0.3752702139 0.7903529498 0.1129454189 0.8599716245 0.8683046418 0.0319034297 0.1481340365 0.7815692177 0.7123929290 0.6712963549 0.2904120096 0.7583176523 0.6229034399
0.5615178598 0.0000000000 0.6361280061 0.4955646845 0.9162550746 0.0702891546 0.1760107449 0.1482783307 0.2677270534 0.3838451265 0.5635741051 0.9171950674 0.6201554318 0.3083858117 0.8271590629
0.3752702139 0.6361280061 0.0000000000 0.0730348101 0.5585082516 0.9738338279 0.8924338873 0.5818264874 0.0940302604 0.4496257433 0.2611351927 0.6378298875 0.0883955017 0.7990042665 0.8873658076
0.7903529498 0.4955646845 0.0730348101 0.0000000000 0.6845183970 0.3602950736 0.8226806232 0.2253564183 0.3870321884 0.4605743182 0.4870148626 0.5173253458 0.4658001541 0.4623856055 0.3687756555
0.1129454189 0.9162550746 0.5585082516 0.6845183970 0.0000000000 0.2660467606 0.7785684444 0.7544244153 0.3167056679 0.4939647909 0.5468617840 0.7481678059 0.9295322254 0.8291670648 0.1629436893
0.8599716245 0.0702891546 0.9738338279 0.3602950736 0.2660467606 0.0000000000 0.6141360347 0.3807273609 0.6782579631 0.5846299928 0.6475496518 0.5822350527 0.7471485513 0.9278496677 0.6303560679
0.8683046418 0.1760107449 0.8924338873 0.8226806232 0.7785684444 0.6141360347 0.0000000000 0.6725479816 0.9530064595 0.5006357185 0.6044507559 0.3389297927 0.3340857265 0.1872680551 0.8000203336
0.0319034297 0.1482783307 0.5818264874 0.2253564183 0.7544244153 0.3807273609 0.6725479816 0.0000000000 0.5392431087 0.9088832712 0.7875794272 0.0732861297 0.7757575246 0.5620448657 0.6439743589
0.1481340365 0.2677270534 0.0940302604 0.3870321884 0.3167056679 0.6782579631 0.9530064595 0.5392431087 0.0000000000 0.0995279762 0.1914760607 0.9416704552 0.6475003451 0.7401204767 0.4089321968
0.7815692177 0.3838451265 0.4496257433 0.4605743182 0.4939647909 0.5846299928 0.5006357185 0.9088832712 0.0995279762 0.0000000000 0.0411448220 0.5043491649 0.4564145035 0.2120742918 0.6083467894
0.7123929290 0.5635741051 0.2611351927 0.4870148626 0.5468617840 0.6475496518 0.6044507559 0.7875794272 0.1914760607 0.0411448220 0.0000000000 0.9654560628 0.3786490245 0.8837675231 0.7760657116
0.6712963549 0.9171950674 0.6378298875 0.5173253458 0.7481678059 0.5822350527 0.3389297927 0.0732861297 0.9416704552 0.5043491649 0.9654560628 0.0000000000 0.5744025637 0.6546795712 0.2546082590
0.2904120096 0.6201554318 0.0883955017 0.4658001541 0.9295322254 0.7471485513 0.3340857265 0.7757575246 0.6475003451 0.4564145035 0.3786490245 0.5744025637 0.0000000000 0.3396818042 0.3726185921
0.7583176523 0.3083858117 0.7990042665 0.4623856055 0.8291670648 0.9278496677 0.1872680551 0.5620448657 0.7401204767 0.2120742918 0.8837675231 0.6546795712 0.3396818042 0.0000000000 0.0011612922
0.6229034399 0.8271590629 0.8873658076 0.3687756555 0.1629436893 0.6303560679 0.8000203336 0.6439743589 0.4089321968 0.6083467894 0.7760657116 0.2546082590 0.3726185921 0.0011612922 0.0000000000
