# Graph size: 15
# Optimal cost: 1.8879286828561532

# Distance Matrix
0.0 0.21080829163796044 0.16132214188928662 0.6555525006380704 0.7664579065496101 0.09753938748616309 0.25639484267391544 0.711641871614395 0.19923778852398333 0.6408226435298718 0.06215202517403273 0.6426046569078967 0.4985732964350572 0.056524326368046385 0.6480887064268476
0.21080829163796044 0.0 0.8832552388819956 0.1319740512476979 0.6318776323548471 0.7510769660910591 0.26230516343221744 0.8712849534956295 0.3855161388323788 0.4521280558077063 0.7609498602561844 0.1136749130633985 0.6898190232620482 0.4139542377521921 0.802385745291772
0.16132214188928662 0.8832552388819956 0.0 0.1324590014674969 0.8992998095736751 0.22428240515974573 0.37038427125118945 0.764132077412408 0.48287163568230207 0.5705362735255701 0.7247753051532481 0.8592812674238332 0.8931741298985161 0.6834175779181471 0.732669487372684
0.6555525006380704 0.1319740512476979 0.1324590014674969 0.0 0.6775836479124155 0.4227482679489918 0.7300806552076475 0.8664752678739359 0.29088437112012455 0.5946967866867797 0.6120094025301308 0.7332434018549029 0.9733896030713328 0.21457004739849306 0.9283689329301129
0.7664579065496101 0.6318776323548471 0.8992998095736751 0.6775836479124155 0.0 0.5945974050058055 0.5042979968914907 0.07056845063497263 0.7025190972674313 0.7124862154541014 0.2857329963892411 0.4107535295752305 0.8375403235987805 0.5132206148701092 0.18762776625633548
0.09753938748616309 0.7510769660910591 0.22428240515974573 0.4227482679489918 0.5945974050058055 0.0 0.7488125229233072 0.16603690668089865 0.5007326084223024 0.07125335239725816 0.25402173653686966 0.3901466662123442 0.5697227054652262 0.014369667925540397 0.9664062942026332
0.25639484267391544 0.26230516343221744 0.37038427125118945 0.7300806552076475 0.5042979968914907 0.7488125229233072 0.0 0.16959988562002548 0.8703372029755942 0.36351849448886253 0.3446948527654945 0.10883471811095624 0.6582435888236242 0.8727658135488042 0.2025201228888065
0.711641871614395 0.8712849534956295 0.764132077412408 0.8664752678739359 0.07056845063497263 0.16603690668089865 0.16959988562002548 0.0 0.41859025200612976 0.6274494957675012 0.35324092491521353 0.9174168522588716 0.5830622077554225 0.06793607564168813 0.45410797670844216
0.19923778852398333 0.3855161388323788 0.48287163568230207 0.29088437112012455 0.7025190972674313 0.5007326084223024 0.8703372029755942 0.41859025200612976 0.0 0.907520856047179 0.45062077797669775 0.8161545777136905 0.42314510455871635 0.7624745874209349 0.784253839845684
0.6408226435298718 0.4521280558077063 0.5705362735255701 0.5946967866867797 0.7124862154541014 0.07125335239725816 0.36351849448886253 0.6274494957675012 0.907520856047179 0.0 0.37366038822564773 0.9538952422857931 0.0878954516542827 0.4573129327844616 0.757635723820991
0.06215202517403273 0.7609498602561844 0.7247753051532481 0.6120094025301308 0.2857329963892411 0.25402173653686966 0.3446948527654945 0.35324092491521353 0.45062077797669775 0.37366038822564773 0.0 0.5163918795162394 0.0768653674564338 0.16080345231254245 0.6167790499639295
0.6426046569078967 0.1136749130633985 0.8592812674238332 0.7332434018549029 0.4107535295752305 0.3901466662123442 0.10883471811095624 0.9174168522588716 0.8161545777136905 0.9538952422857931 0.5163918795162394 0.0 0.8897517841262941 0.057251480004807176 0.7003746121471653
0.4985732964350572 0.6898190232620482 0.8931741298985161 0.9733896030713328 0.8375403235987805 0.5697227054652262 0.6582435888236242 0.5830622077554225 0.42314510455871635 0.0878954516542827 0.0768653674564338 0.8897517841262941 0.0 0.897015252323374 0.9674662754463629
0.056524326368046385 0.4139542377521921 0.6834175779181471 0.21457004739849306 0.5132206148701092 0.014369667925540397 0.8727658135488042 0.06793607564168813 0.7624745874209349 0.4573129327844616 0.16080345231254245 0.057251480004807176 0.897015252323374 0.0 0.7802691471069453
0.6480887064268476 0.802385745291772 0.732669487372684 0.9283689329301129 0.18762776625633548 0.9664062942026332 0.2025201228888065 0.45410797670844216 0.784253839845684 0.757635723820991 0.6167790499639295 0.7003746121471653 0.9674662754463629 0.7802691471069453 0.0

# Optimal Walk
0 10 12 9 5 13 7 4 14 6 11 1 3 2 8 0
