# Graph size: 15
# Optimal cost: 1.4917665457749254

# Distance Matrix
0.0 0.9679359734626809 0.754593393419526 0.09208830122204303 0.12906997646898577 0.8690364044562643 0.3153586912795058 0.14758817040837968 0.7005295633189693 0.24670837228820708 0.8450311916084428 0.048340452672105294 0.5464056097547727 0.6003495828020629 0.9695433047461918
0.9679359734626809 0.0 0.3926806604630362 0.9884696434150322 0.2081710283139392 0.5770096249352077 0.5784901644850682 0.9563185902697651 0.13074790238350453 0.9681028532135497 0.7423971658637333 0.6459298459058667 0.4477560613598002 0.4465016631249411 0.4910169037522658
0.754593393419526 0.3926806604630362 0.0 0.9619315253137755 0.0958448600094538 0.9373318735574541 0.23407548711410586 0.9804349247235087 0.50469815308214 0.7771859988986022 0.773989398275614 0.8655653197835365 0.33868695915117275 0.9062204429121727 0.43244824616087374
0.09208830122204303 0.9884696434150322 0.9619315253137755 0.0 0.9003656059190911 0.043119250648776086 0.3109937379580492 0.4017759361271075 0.5515375518495418 0.5669430745797538 0.7161231414777969 0.19732107750323769 0.777523503069238 0.5878617170773586 0.20350112349769978
0.12906997646898577 0.2081710283139392 0.0958448600094538 0.9003656059190911 0.0 0.056854656167197204 0.11072071057329791 0.8011704744940722 0.6497272162108141 0.88392916497769 0.3971597748381661 0.3502263023940012 0.6155747965252635 0.8643802679402451 0.4607673750987741
0.8690364044562643 0.5770096249352077 0.9373318735574541 0.043119250648776086 0.056854656167197204 0.0 0.27431376440013744 0.5957264857958434 0.1986281994206307 0.37437298941593644 0.9287710750758306 0.3426757691737604 0.4871633003638365 0.4659077498470803 0.692593005826848
0.3153586912795058 0.5784901644850682 0.23407548711410586 0.3109937379580492 0.11072071057329791 0.27431376440013744 0.0 0.3156068604695904 0.18257597024692707 0.6657831394935543 0.920327710286134 0.17322823230769124 0.17871829527840877 0.3102263894790044 0.01793717728147981
0.14758817040837968 0.9563185902697651 0.9804349247235087 0.4017759361271075 0.8011704744940722 0.5957264857958434 0.3156068604695904 0.0 0.6289501139525903 0.0460611355333872 0.05538763757381138 0.7263914010256316 0.9174596353758919 0.6420369633175896 0.12832429546423696
0.7005295633189693 0.13074790238350453 0.50469815308214 0.5515375518495418 0.6497272162108141 0.1986281994206307 0.18257597024692707 0.6289501139525903 0.0 0.18211938699210573 0.5836618183126973 0.8261350781714787 0.7435058254966344 0.09004024481616801 0.29811825667148606
0.24670837228820708 0.9681028532135497 0.7771859988986022 0.5669430745797538 0.88392916497769 0.37437298941593644 0.6657831394935543 0.0460611355333872 0.18211938699210573 0.0 0.7917428895290554 0.14727224199585642 0.3927499675873738 0.9275299672571828 0.09020313190794405
0.8450311916084428 0.7423971658637333 0.773989398275614 0.7161231414777969 0.3971597748381661 0.9287710750758306 0.920327710286134 0.05538763757381138 0.5836618183126973 0.7917428895290554 0.0 0.4177179397365419 0.1485411096478273 0.14447432197185928 0.7672834858313385
0.048340452672105294 0.6459298459058667 0.8655653197835365 0.19732107750323769 0.3502263023940012 0.3426757691737604 0.17322823230769124 0.7263914010256316 0.8261350781714787 0.14727224199585642 0.4177179397365419 0.0 0.8437620569812885 0.9412836610951648 0.44752037004075196
0.5464056097547727 0.4477560613598002 0.33868695915117275 0.777523503069238 0.6155747965252635 0.4871633003638365 0.17871829527840877 0.9174596353758919 0.7435058254966344 0.3927499675873738 0.1485411096478273 0.8437620569812885 0.0 0.15823179264279874 0.434705193010846
0.6003495828020629 0.4465016631249411 0.9062204429121727 0.5878617170773586 0.8643802679402451 0.4659077498470803 0.3102263894790044 0.6420369633175896 0.09004024481616801 0.9275299672571828 0.14447432197185928 0.9412836610951648 0.15823179264279874 0.0 0.03679739222151379
0.9695433047461918 0.4910169037522658 0.43244824616087374 0.20350112349769978 0.4607673750987741 0.692593005826848 0.01793717728147981 0.12832429546423696 0.29811825667148606 0.09020313190794405 0.7672834858313385 0.44752037004075196 0.434705193010846 0.03679739222151379 0.0

# Optimal Walk
0 11 9 7 10 12 6 14 13 8 1 4 2 5 3 0
