# MCW Instance
# Type: UNIFORM
# N: 15
# Optimal cost: 2.0853409737769257
# Optimal tour (permutation): [0, 11, 9, 3, 1, 8, 6, 14, 7, 12, 4, 2, 5, 13, 10, 0]
# Optimal walk (full path): [0, 11, 9, 3, 1, 8, 6, 14, 7, 12, 4, 2, 5, 13, 10, 0]
# Walk size: 16
# Is walk (has repeats): false

# Distance Matrix
0.0000000000 0.6509653861 0.4600138815 0.9039103521 0.5685419755 0.9317205039 0.9296027877 0.8957792410 0.2827045229 0.4438017042 0.3189293194 0.2240674350 0.5541098484 0.4538281148 0.1725397237
0.6509653861 0.0000000000 0.3038916203 0.0746180587 0.6119371712 0.5859236684 0.6486671221 0.0704036397 0.1938036272 0.8735636732 0.4091663854 0.5802957994 0.0652241291 0.8744442039 0.7428244888
0.4600138815 0.3038916203 0.0000000000 0.3421749295 0.1161241984 0.2680979339 0.2645425396 0.8719283041 0.8649457955 0.9549306159 0.7999672433 0.6407572029 0.1697252218 0.7664800318 0.4132006023
0.9039103521 0.0746180587 0.3421749295 0.0000000000 0.6091668440 0.4987729398 0.5144288149 0.2131209637 0.7597595009 0.0117179737 0.6616043340 0.7559724099 0.6859901232 0.7807816348 0.7038638353
0.5685419755 0.6119371712 0.1161241984 0.6091668440 0.0000000000 0.9566072479 0.7403329578 0.8424964906 0.6886763475 0.2967413982 0.7228469521 0.4116882720 0.1643772257 0.7758105520 0.5999161390
0.9317205039 0.5859236684 0.2680979339 0.4987729398 0.9566072479 0.0000000000 0.5123898747 0.2534852216 0.4884901489 0.2829811065 0.4844581666 0.4741360514 0.9326701497 0.0683658799 0.3100161240
0.9296027877 0.6486671221 0.2645425396 0.5144288149 0.7403329578 0.5123898747 0.0000000000 0.3956004837 0.1526508848 0.9418444583 0.4704438124 0.2070190401 0.6045535798 0.5853794099 0.0924940192
0.8957792410 0.0704036397 0.8719283041 0.2131209637 0.8424964906 0.2534852216 0.3956004837 0.0000000000 0.8028993558 0.1944156877 0.5885048418 0.4712093153 0.0445865711 0.2841673506 0.0631143986
0.2827045229 0.1938036272 0.8649457955 0.7597595009 0.6886763475 0.4884901489 0.1526508848 0.8028993558 0.0000000000 0.6676691269 0.4438308827 0.5866621926 0.5879546746 0.7711970718 0.6327405979
0.4438017042 0.8735636732 0.9549306159 0.0117179737 0.2967413982 0.2829811065 0.9418444583 0.1944156877 0.6676691269 0.0000000000 0.7781619593 0.1679128329 0.5885101469 0.6338231658 0.3451515235
0.3189293194 0.4091663854 0.7999672433 0.6616043340 0.7228469521 0.4844581666 0.4704438124 0.5885048418 0.4438308827 0.7781619593 0.0000000000 0.6832268492 0.9763929607 0.1244806152 0.6520866182
0.2240674350 0.5802957994 0.6407572029 0.7559724099 0.4116882720 0.4741360514 0.2070190401 0.4712093153 0.5866621926 0.1679128329 0.6832268492 0.0000000000 0.1250353991 0.7698320264 0.6022398232
0.5541098484 0.0652241291 0.1697252218 0.6859901232 0.1643772257 0.9326701497 0.6045535798 0.0445865711 0.5879546746 0.5885101469 0.9763929607 0.1250353991 0.0000000000 0.4676541577 0.7662239213
0.4538281148 0.8744442039 0.7664800318 0.7807816348 0.7758105520 0.0683658799 0.5853794099 0.2841673506 0.7711970718 0.6338231658 0.1244806152 0.7698320264 0.4676541577 0.0000000000 0.2741462869
0.1725397237 0.7428244888 0.4132006023 0.7038638353 0.5999161390 0.3100161240 0.0924940192 0.0631143986 0.6327405979 0.3451515235 0.6520866182 0.6022398232 0.7662239213 0.2741462869 0.0000000000
