# Graph size: 15
# Optimal cost: 2.235829237747898

# Distance Matrix
0.0 0.40274222703264806 0.3224001416519975 0.3376003700369281 0.5608731739314433 0.0609786156133979 0.13137037022881692 0.3275869844775028 0.7644951734993309 0.7952595503955224 0.7706554253919593 0.43679517496223663 0.5703582576162339 0.10942305303022093 0.38817718771586784
0.40274222703264806 0.0 0.15544741463727485 0.6330498900974508 0.4166630091323714 0.07121586721347073 0.47903534263074443 0.2489082980242363 0.8551352154992983 0.12365648533626805 0.95775551477243 0.7901528757926575 0.43249774332718116 0.9541297507187634 0.7789968749384609
0.3224001416519975 0.15544741463727485 0.0 0.22123709555030124 0.29458296793154937 0.7738077444570615 0.5809081390492408 0.9435491396766983 0.03937343799124471 0.030155216460761136 0.5866754524961929 0.33274758707190677 0.9046820094435665 0.2617250040111573 0.8219917725143547
0.3376003700369281 0.6330498900974508 0.22123709555030124 0.0 0.9824353995254014 0.34641206257199053 0.8491260195792764 0.6323016153229669 0.8485380147868564 0.9940006258952545 0.958581079344276 0.45175548602176585 0.2006665494184079 0.22062391003675763 0.8270306891945095
0.5608731739314433 0.4166630091323714 0.29458296793154937 0.9824353995254014 0.0 0.7924108002156366 0.529910387319196 0.5979709896168549 0.421528292830727 0.7200669530752298 0.3369178337154709 0.31886815974552085 0.4207113738421663 0.662224255049037 0.029787767903433404
0.0609786156133979 0.07121586721347073 0.7738077444570615 0.34641206257199053 0.7924108002156366 0.0 0.26576300143400466 0.4124219204485886 0.2540075879560365 0.9982086754661827 0.7790539387321249 0.17908861625630978 0.0694974947362712 0.2984463321359886 0.3364769122433542
0.13137037022881692 0.47903534263074443 0.5809081390492408 0.8491260195792764 0.529910387319196 0.26576300143400466 0.0 0.9512727410440857 0.5087630470452725 0.28319464749708856 0.2932386495004159 0.5498180810139405 0.814991983827362 0.9409688120603459 0.5523110694246838
0.3275869844775028 0.2489082980242363 0.9435491396766983 0.6323016153229669 0.5979709896168549 0.4124219204485886 0.9512727410440857 0.0 0.4083347658158667 0.18146554759125832 0.6716337950233682 0.5352792632833443 0.570285873228193 0.17472691164153187 0.7178252020196102
0.7644951734993309 0.8551352154992983 0.03937343799124471 0.8485380147868564 0.421528292830727 0.2540075879560365 0.5087630470452725 0.4083347658158667 0.0 0.10636106259494515 0.8887344825949108 0.2481437764447142 0.49643352235756033 0.16569330961852746 0.8218483302431115
0.7952595503955224 0.12365648533626805 0.030155216460761136 0.9940006258952545 0.7200669530752298 0.9982086754661827 0.28319464749708856 0.18146554759125832 0.10636106259494515 0.0 0.9491667076584418 0.6299872908888747 0.4727064277256531 0.41354781911063543 0.533937342201241
0.7706554253919593 0.95775551477243 0.5866754524961929 0.958581079344276 0.3369178337154709 0.7790539387321249 0.2932386495004159 0.6716337950233682 0.8887344825949108 0.9491667076584418 0.0 0.5646841110014836 0.8863853282435683 0.2762227233512161 0.09450109600842438
0.43679517496223663 0.7901528757926575 0.33274758707190677 0.45175548602176585 0.31886815974552085 0.17908861625630978 0.5498180810139405 0.5352792632833443 0.2481437764447142 0.6299872908888747 0.5646841110014836 0.0 0.2799830376821326 0.6164411915796328 0.6512312566764836
0.5703582576162339 0.43249774332718116 0.9046820094435665 0.2006665494184079 0.4207113738421663 0.0694974947362712 0.814991983827362 0.570285873228193 0.49643352235756033 0.4727064277256531 0.8863853282435683 0.2799830376821326 0.0 0.9767314166137997 0.7440856404873704
0.10942305303022093 0.9541297507187634 0.2617250040111573 0.22062391003675763 0.662224255049037 0.2984463321359886 0.9409688120603459 0.17472691164153187 0.16569330961852746 0.41354781911063543 0.2762227233512161 0.6164411915796328 0.9767314166137997 0.0 0.267895596121008
0.38817718771586784 0.7789968749384609 0.8219917725143547 0.8270306891945095 0.029787767903433404 0.3364769122433542 0.5523110694246838 0.7178252020196102 0.8218483302431115 0.533937342201241 0.09450109600842438 0.6512312566764836 0.7440856404873704 0.267895596121008 0.0

# Optimal Walk
0 6 10 14 4 11 8 2 9 7 13 3 12 1 5 0
