# MCW Instance
# Type: UNIFORM
# N: 15
# Optimal cost: 2.3180474272920715
# Optimal tour (permutation): [0, 7, 12, 6, 14, 9, 4, 8, 5, 1, 11, 10, 13, 2, 3, 0]
# Optimal walk (full path): [0, 7, 12, 6, 14, 9, 4, 8, 5, 1, 11, 10, 13, 2, 3, 0]
# Walk size: 16
# Is walk (has repeats): false

# Distance Matrix
0.0000000000 0.7380056302 0.1270924221 0.0495140579 0.7605163023 0.8077263132 0.1314195556 0.2511014758 0.9779130517 0.4420643627 0.7528354930 0.9677245667 0.9834064010 0.4673117176 0.4233004561
0.7380056302 0.0000000000 0.3072271545 0.6961815905 0.8394231540 0.1008990096 0.8327552526 0.4839335152 0.9703630148 0.6712039394 0.3849956256 0.1165382441 0.4501131196 0.7861486821 0.8647885309
0.1270924221 0.3072271545 0.0000000000 0.1161106007 0.1377614792 0.3025482675 0.0789278083 0.5020136752 0.7991920102 0.4130727330 0.9716889930 0.5006747862 0.9542480292 0.0243908389 0.5656021323
0.0495140579 0.6961815905 0.1161106007 0.0000000000 0.3926019019 0.3628433477 0.9303665371 0.7172126507 0.3027831595 0.6273459439 0.8526039138 0.3570505257 0.4056915837 0.7176619491 0.4763010983
0.7605163023 0.8394231540 0.1377614792 0.3926019019 0.0000000000 0.2277538424 0.7124060530 0.8357978172 0.1962872662 0.2602702664 0.3348981198 0.9282813868 0.4062812337 0.6352858616 0.8813245733
0.8077263132 0.1008990096 0.3025482675 0.3628433477 0.2277538424 0.0000000000 0.3276729335 0.8138237578 0.2655075440 0.4262029359 0.4585001576 0.4440002584 0.9041518604 0.3206381847 0.2783011895
0.1314195556 0.8327552526 0.0789278083 0.9303665371 0.7124060530 0.3276729335 0.0000000000 0.7069843128 0.3359695914 0.9603060663 0.1410626221 0.1475967496 0.1393619754 0.5126889629 0.0681900670
0.2511014758 0.4839335152 0.5020136752 0.7172126507 0.8357978172 0.8138237578 0.7069843128 0.0000000000 0.2694884884 0.3216210014 0.5200984895 0.9912509428 0.1322204458 0.7240530286 0.2413084114
0.9779130517 0.9703630148 0.7991920102 0.3027831595 0.1962872662 0.2655075440 0.3359695914 0.2694884884 0.0000000000 0.3910806245 0.2564267565 0.4697209005 0.5721602566 0.8994443130 0.7404125688
0.4420643627 0.6712039394 0.4130727330 0.6273459439 0.2602702664 0.4262029359 0.9603060663 0.3216210014 0.3910806245 0.0000000000 0.8837672190 0.3942934804 0.8522991237 0.3909509074 0.2547570808
0.7528354930 0.3849956256 0.9716889930 0.8526039138 0.3348981198 0.4585001576 0.1410626221 0.5200984895 0.2564267565 0.8837672190 0.0000000000 0.2411907149 0.4878018182 0.1017078399 0.5252057928
0.9677245667 0.1165382441 0.5006747862 0.3570505257 0.9282813868 0.4440002584 0.1475967496 0.9912509428 0.4697209005 0.3942934804 0.2411907149 0.0000000000 0.2420177310 0.4675599687 0.6746388452
0.9834064010 0.4501131196 0.9542480292 0.4056915837 0.4062812337 0.9041518604 0.1393619754 0.1322204458 0.5721602566 0.8522991237 0.4878018182 0.2420177310 0.0000000000 0.5004333374 0.4062772155
0.4673117176 0.7861486821 0.0243908389 0.7176619491 0.6352858616 0.3206381847 0.5126889629 0.7240530286 0.8994443130 0.3909509074 0.1017078399 0.4675599687 0.5004333374 0.0000000000 0.6662248559
0.4233004561 0.8647885309 0.5656021323 0.4763010983 0.8813245733 0.2783011895 0.0681900670 0.2413084114 0.7404125688 0.2547570808 0.5252057928 0.6746388452 0.4062772155 0.6662248559 0.0000000000
