# MCW Instance
# Type: UNIFORM
# N: 15
# Optimal cost: 2.522930746867099
# Optimal tour (permutation): [0, 7, 13, 9, 8, 2, 4, 5, 11, 1, 14, 10, 12, 6, 3, 0]
# Optimal walk (full path): [0, 3, 7, 13, 9, 13, 8, 2, 4, 5, 11, 1, 14, 10, 12, 6, 3, 0]
# Walk size: 18
# Is walk (has repeats): true

# Distance Matrix
0.0000000000 0.6264699383 0.9888995152 0.1202144029 0.6356716889 0.6039365068 0.5677045525 0.7902673400 0.6369797560 0.9650754134 0.3439452481 0.4767778211 0.7957503655 0.4855192735 0.8049708758
0.6264699383 0.0000000000 0.4618196269 0.4164847353 0.5508215306 0.8517929970 0.7714220809 0.5134347058 0.2097013491 0.3841346029 0.5191404400 0.1134868423 0.5477544993 0.9274801064 0.1816800706
0.9888995152 0.4618196269 0.0000000000 0.4818000213 0.1987994701 0.0580159754 0.2531377617 0.3625117661 0.0151295850 0.3120159194 0.9441505751 0.8981185061 0.4032935004 0.7281387657 0.5932193234
0.1202144029 0.4164847353 0.4818000213 0.0000000000 0.4936733877 0.5986276508 0.1642710728 0.2396995941 0.5257343968 0.1996165425 0.0549605829 0.3714308275 0.4610348509 0.6122575591 0.3311506893
0.6356716889 0.5508215306 0.1987994701 0.4936733877 0.0000000000 0.2046995095 0.6461371979 0.6649589515 0.8108402980 0.9802099208 0.7568702478 0.5461010962 0.4874573187 0.6659619356 0.6551387035
0.6039365068 0.8517929970 0.0580159754 0.5986276508 0.2046995095 0.0000000000 0.3892428794 0.7921482272 0.1464120642 0.1907336148 0.2850561804 0.0868501270 0.4470207026 0.3070603978 0.2344234937
0.5677045525 0.7714220809 0.2531377617 0.1642710728 0.6461371979 0.3892428794 0.0000000000 0.3569258479 0.7942646949 0.6622413083 0.5737350252 0.3153066255 0.3434212623 0.8608372746 0.7012730277
0.7902673400 0.5134347058 0.3625117661 0.2396995941 0.6649589515 0.7921482272 0.3569258479 0.0000000000 0.9045010508 0.2199058183 0.3064738535 0.5126732340 0.4884929533 0.1146725411 0.6319445139
0.6369797560 0.2097013491 0.0151295850 0.5257343968 0.8108402980 0.1464120642 0.7942646949 0.9045010508 0.0000000000 0.8138040514 0.8634650575 0.0501633905 0.6409039250 0.1210063560 0.5844491462
0.9650754134 0.3841346029 0.3120159194 0.1996165425 0.9802099208 0.1907336148 0.6622413083 0.2199058183 0.8138040514 0.0000000000 0.0905178058 0.7040530189 0.6814881745 0.0044176220 0.7082316040
0.3439452481 0.5191404400 0.9441505751 0.0549605829 0.7568702478 0.2850561804 0.5737350252 0.3064738535 0.8634650575 0.0905178058 0.0000000000 0.5927561408 0.2507697080 0.8529956241 0.2391805583
0.4767778211 0.1134868423 0.8981185061 0.3714308275 0.5461010962 0.0868501270 0.3153066255 0.5126732340 0.0501633905 0.7040530189 0.5927561408 0.0000000000 0.8043203650 0.1494263221 0.1438863716
0.7957503655 0.5477544993 0.4032935004 0.4610348509 0.4874573187 0.4470207026 0.3434212623 0.4884929533 0.6409039250 0.6814881745 0.2507697080 0.8043203650 0.0000000000 0.3589003867 0.5357055309
0.4855192735 0.9274801064 0.7281387657 0.6122575591 0.6659619356 0.3070603978 0.8608372746 0.1146725411 0.1210063560 0.0044176220 0.8529956241 0.1494263221 0.3589003867 0.0000000000 0.3879781782
0.8049708758 0.1816800706 0.5932193234 0.3311506893 0.6551387035 0.2344234937 0.7012730277 0.6319445139 0.5844491462 0.7082316040 0.2391805583 0.1438863716 0.5357055309 0.3879781782 0.0000000000
