# MCW Instance
# Type: UNIFORM
# N: 15
# Optimal cost: 1.5632524006117807
# Optimal tour (permutation): [0, 14, 1, 13, 6, 9, 3, 4, 2, 5, 12, 11, 8, 10, 7, 0]
# Optimal walk (full path): [0, 7, 1, 14, 1, 13, 6, 9, 2, 3, 2, 4, 2, 5, 12, 11, 8, 10, 1, 7, 0]
# Walk size: 21
# Is walk (has repeats): true

# Distance Matrix
0.0000000000 0.7187371545 0.9268457430 0.4773859154 0.5281317139 0.7008991941 0.6021074297 0.0041551751 0.8554907111 0.8224717354 0.5177788047 0.1063604263 0.5855602294 0.4963866198 0.6427781268
0.7187371545 0.0000000000 0.2530874548 0.5044872501 0.1404880071 0.2931303371 0.8180213957 0.0053081788 0.7418297669 0.6722178939 0.0353500345 0.2578005768 0.6992484924 0.0152119551 0.0962626397
0.9268457430 0.2530874548 0.0000000000 0.0651722312 0.0870647379 0.0403510044 0.9942288901 0.2201178642 0.7337418203 0.2622734887 0.7438445497 0.4159380959 0.5415582792 0.6063996346 0.8958816428
0.4773859154 0.5044872501 0.0651722312 0.0000000000 0.5428295024 0.2868261068 0.6783969424 0.8502827990 0.5051181166 0.7349143481 0.9890527972 0.3291905369 0.5321233907 0.2803129309 0.4124166983
0.5281317139 0.1404880071 0.0870647379 0.5428295024 0.0000000000 0.5137045392 0.3235036217 0.4791996319 0.1638640506 0.7709107163 0.2693471195 0.7804483040 0.6247715384 0.6018280402 0.4159387664
0.7008991941 0.2931303371 0.0403510044 0.2868261068 0.5137045392 0.0000000000 0.4807440805 0.4117846287 0.4262703408 0.8100446088 0.4304469841 0.1911952299 0.0872221037 0.3477214873 0.2990728473
0.6021074297 0.8180213957 0.9942288901 0.6783969424 0.3235036217 0.4807440805 0.0000000000 0.8727379810 0.5051784354 0.2780732676 0.2727360336 0.9821516578 0.7420015380 0.0680383156 0.9006258258
0.0041551751 0.0053081788 0.2201178642 0.8502827990 0.4791996319 0.4117846287 0.8727379810 0.0000000000 0.2081420336 0.8441969780 0.4212080085 0.4335643692 0.3469208843 0.2271149713 0.8618391675
0.8554907111 0.7418297669 0.7337418203 0.5051181166 0.1638640506 0.4262703408 0.5051784354 0.2081420336 0.0000000000 0.4049210062 0.1262855856 0.0344334534 0.4446382344 0.3926340440 0.6812422914
0.8224717354 0.6722178939 0.2622734887 0.7349143481 0.7709107163 0.8100446088 0.2780732676 0.8441969780 0.4049210062 0.0000000000 0.8613810476 0.8315582093 0.8708179057 0.7744648759 0.4655099101
0.5177788047 0.0353500345 0.7438445497 0.9890527972 0.2693471195 0.4304469841 0.2727360336 0.4212080085 0.1262855856 0.8613810476 0.0000000000 0.1887642583 0.8104098842 0.2074211764 0.6054296001
0.1063604263 0.2578005768 0.4159380959 0.3291905369 0.7804483040 0.1911952299 0.9821516578 0.4335643692 0.0344334534 0.8315582093 0.1887642583 0.0000000000 0.1000872665 0.2205374532 0.2517865935
0.5855602294 0.6992484924 0.5415582792 0.5321233907 0.6247715384 0.0872221037 0.7420015380 0.3469208843 0.4446382344 0.8708179057 0.8104098842 0.1000872665 0.0000000000 0.9457651264 0.9676992063
0.4963866198 0.0152119551 0.6063996346 0.2803129309 0.6018280402 0.3477214873 0.0680383156 0.2271149713 0.3926340440 0.7744648759 0.2074211764 0.2205374532 0.9457651264 0.0000000000 0.1357636015
0.6427781268 0.0962626397 0.8958816428 0.4124166983 0.4159387664 0.2990728473 0.9006258258 0.8618391675 0.6812422914 0.4655099101 0.6054296001 0.2517865935 0.9676992063 0.1357636015 0.0000000000
