# MCW Instance
# Type: UNIFORM
# N: 15
# Optimal cost: 1.8532286109654112
# Optimal tour (permutation): [0, 10, 8, 3, 13, 12, 1, 14, 6, 7, 9, 5, 11, 4, 2, 0]
# Optimal walk (full path): [0, 10, 8, 3, 13, 12, 1, 6, 14, 6, 7, 11, 9, 5, 9, 11, 4, 10, 2, 10, 0]
# Walk size: 21
# Is walk (has repeats): true

# Distance Matrix
0.0000000000 0.6946938056 0.5309739459 0.9358429266 0.8118924072 0.5688474183 0.6848869459 0.8055088035 0.6215814473 0.5631914895 0.0246647380 0.5973857871 0.1076853862 0.1139923178 0.3265568528
0.6946938056 0.0000000000 0.5332071331 0.4204493912 0.6130231263 0.9238568949 0.0974595100 0.6727326338 0.9024132475 0.1669779931 0.3258460787 0.3811556422 0.1198549608 0.5876230581 0.5066224924
0.5309739459 0.5332071331 0.0000000000 0.2145072829 0.3905370047 0.5888578203 0.4127567913 0.3873323160 0.9256493732 0.6479336349 0.0119651280 0.5922849309 0.9320310076 0.2149957413 0.7120265482
0.9358429266 0.4204493912 0.2145072829 0.0000000000 0.4517474834 0.3635086284 0.7183523738 0.5903821988 0.0873776664 0.9517010807 0.3457687305 0.7298758024 0.5556616306 0.1425406823 0.5612887828
0.8118924072 0.6130231263 0.3905370047 0.4517474834 0.0000000000 0.7365932603 0.5782144228 0.5344892675 0.6383774244 0.7511115838 0.2074833872 0.1654031338 0.8427141188 0.7810682704 0.8116737984
0.5688474183 0.9238568949 0.5888578203 0.3635086284 0.7365932603 0.0000000000 0.5272280509 0.2817584350 0.9808141134 0.0371308545 0.5011816492 0.8532469044 0.5830140683 0.2120753007 0.5008071397
0.6848869459 0.0974595100 0.4127567913 0.7183523738 0.5782144228 0.5272280509 0.0000000000 0.1710696383 0.5474121668 0.9925046603 0.9862592213 0.8245143639 0.6335780382 0.9192358785 0.1704090581
0.8055088035 0.6727326338 0.3873323160 0.5903821988 0.5344892675 0.2817584350 0.1710696383 0.0000000000 0.8356543607 0.5273042947 0.9544792279 0.1758322429 0.7196959962 0.8544255525 0.9969974362
0.6215814473 0.9024132475 0.9256493732 0.0873776664 0.6383774244 0.9808141134 0.5474121668 0.8356543607 0.0000000000 0.1214699432 0.1243907819 0.4011813846 0.8368182015 0.6187299714 0.6271554460
0.5631914895 0.1669779931 0.6479336349 0.9517010807 0.7511115838 0.0371308545 0.9925046603 0.5273042947 0.1214699432 0.0000000000 0.6268469872 0.0036318307 0.9390215427 0.9023330650 0.6022072323
0.0246647380 0.3258460787 0.0119651280 0.3457687305 0.2074833872 0.5011816492 0.9862592213 0.9544792279 0.1243907819 0.6268469872 0.0000000000 0.4874206115 0.6781932509 0.1360671809 0.8365508516
0.5973857871 0.3811556422 0.5922849309 0.7298758024 0.1654031338 0.8532469044 0.8245143639 0.1758322429 0.4011813846 0.0036318307 0.4874206115 0.0000000000 0.3655296029 0.0880710029 0.2625498845
0.1076853862 0.1198549608 0.9320310076 0.5556616306 0.8427141188 0.5830140683 0.6335780382 0.7196959962 0.8368182015 0.9390215427 0.6781932509 0.3655296029 0.0000000000 0.0662133888 0.9573036692
0.1139923178 0.5876230581 0.2149957413 0.1425406823 0.7810682704 0.2120753007 0.9192358785 0.8544255525 0.6187299714 0.9023330650 0.1360671809 0.0880710029 0.0662133888 0.0000000000 0.3712691685
0.3265568528 0.5066224924 0.7120265482 0.5612887828 0.8116737984 0.5008071397 0.1704090581 0.9969974362 0.6271554460 0.6022072323 0.8365508516 0.2625498845 0.9573036692 0.3712691685 0.0000000000
