# MCW Instance
# Type: UNIFORM
# N: 15
# Optimal cost: 0.9845272457865466
# Optimal tour (permutation): [0, 14, 12, 7, 3, 2, 13, 1, 8, 5, 10, 6, 9, 11, 4, 0]
# Optimal walk (full path): [0, 4, 14, 12, 14, 7, 3, 7, 2, 13, 1, 8, 5, 10, 6, 9, 11, 4, 0]
# Walk size: 19
# Is walk (has repeats): true

# Distance Matrix
0.0000000000 0.2550566741 0.4124704862 0.4405748129 0.0213493060 0.6478428785 0.4473387739 0.3422479089 0.6767163093 0.7614417605 0.2017595095 0.7013282404 0.8072534124 0.2979791746 0.1015796568
0.2550566741 0.0000000000 0.4645221723 0.6409084075 0.7901787376 0.2778235491 0.8978442317 0.6178213640 0.1284922537 0.0566960933 0.6324819885 0.3076506333 0.4223985453 0.0084628803 0.1178426313
0.4124704862 0.4645221723 0.0000000000 0.4662355006 0.1937039117 0.7808238062 0.7496341605 0.0592625444 0.6350291800 0.6543104958 0.1918102066 0.9331421928 0.6832696201 0.0004025271 0.4434349795
0.4405748129 0.6409084075 0.4662355006 0.0000000000 0.6970907395 0.9556656517 0.5974706352 0.0150001115 0.2954522125 0.1752238562 0.0653198355 0.1734530487 0.6955838092 0.5725793125 0.5160193147
0.0213493060 0.7901787376 0.1937039117 0.6970907395 0.0000000000 0.5911721877 0.0941670076 0.8929922118 0.8868697416 0.8913510316 0.0535964704 0.0600222925 0.3207728856 0.5207302170 0.0201370838
0.6478428785 0.2778235491 0.7808238062 0.9556656517 0.5911721877 0.0000000000 0.2515275005 0.3899327204 0.1003424629 0.7468288398 0.1289838699 0.9207307853 0.9059124194 0.2466587725 0.2277253590
0.4473387739 0.8978442317 0.7496341605 0.5974706352 0.0941670076 0.2515275005 0.0000000000 0.6707830117 0.4117799115 0.0353072120 0.0635546209 0.1335990653 0.8956913319 0.5878157454 0.3402759584
0.3422479089 0.6178213640 0.0592625444 0.0150001115 0.8929922118 0.3899327204 0.6707830117 0.0000000000 0.3019296323 0.9465308336 0.1298126811 0.7530547837 0.3078005551 0.3430395042 0.1114711310
0.6767163093 0.1284922537 0.6350291800 0.2954522125 0.8868697416 0.1003424629 0.4117799115 0.3019296323 0.0000000000 0.2741080573 0.4753974446 0.1787970384 0.9711636782 0.4800829421 0.4723781213
0.7614417605 0.0566960933 0.6543104958 0.1752238562 0.8913510316 0.7468288398 0.0353072120 0.9465308336 0.2741080573 0.0000000000 0.2972171540 0.0858170745 0.4345814864 0.9258542132 0.0700345769
0.2017595095 0.6324819885 0.1918102066 0.0653198355 0.0535964704 0.1289838699 0.0635546209 0.1298126811 0.4753974446 0.2972171540 0.0000000000 0.1262588313 0.8746414398 0.0811974374 0.3037379874
0.7013282404 0.3076506333 0.9331421928 0.1734530487 0.0600222925 0.9207307853 0.1335990653 0.7530547837 0.1787970384 0.0858170745 0.1262588313 0.0000000000 0.3883874442 0.9665844949 0.8249903596
0.8072534124 0.4223985453 0.6832696201 0.6955838092 0.3207728856 0.9059124194 0.8956913319 0.3078005551 0.9711636782 0.4345814864 0.8746414398 0.3883874442 0.0000000000 0.5906296689 0.0547862289
0.2979791746 0.0084628803 0.0004025271 0.5725793125 0.5207302170 0.2466587725 0.5878157454 0.3430395042 0.4800829421 0.9258542132 0.0811974374 0.9665844949 0.5906296689 0.0000000000 0.6944947438
0.1015796568 0.1178426313 0.4434349795 0.5160193147 0.0201370838 0.2277253590 0.3402759584 0.1114711310 0.4723781213 0.0700345769 0.3037379874 0.8249903596 0.0547862289 0.6944947438 0.0000000000
