# Graph size: 15
# Optimal cost: 2.3745299991474402

# Distance Matrix
0.0 0.7336449804733771 0.9811039757427522 0.4108482213021031 0.6460082395113126 0.1917283182350784 0.17494588774756425 0.9058747608263231 0.4962483105297971 0.20535083060547343 0.6439694456231535 0.8221935870086319 0.8142050331525522 0.5871750341586834 0.7750949234077362
0.7336449804733771 0.0 0.3572161487409702 0.9315509409130399 0.6305035829942256 0.7107168435509146 0.2561693643808839 0.05163248908162332 0.6922119125955636 0.5519572616778483 0.669637552552332 0.28594516691276106 0.5866866870187057 0.8918226306125506 0.20420509224383798
0.9811039757427522 0.3572161487409702 0.0 0.30458523164659146 0.22707943887756532 0.443919884222581 0.6381544427412932 0.35900914263015093 0.4667871410167166 0.27555116854868333 0.30640047075274135 0.8192212437170264 0.8919224668604817 0.42842079081508266 0.47231821712034006
0.4108482213021031 0.9315509409130399 0.30458523164659146 0.0 0.7825488685852083 0.3946382395602044 0.5158524860815221 0.09884849576448063 0.7574535553159771 0.7175221888629291 0.22232824325851508 0.307241743286758 0.9033658739787528 0.8008796290944983 0.49932487581120466
0.6460082395113126 0.6305035829942256 0.22707943887756532 0.7825488685852083 0.0 0.46902728102423674 0.816320492445746 0.6875732951080555 0.6508382427889355 0.3152717629310676 0.39020699477418086 0.9441908635590925 0.43264872983121017 0.6669170475638171 0.8547415024113179
0.1917283182350784 0.7107168435509146 0.443919884222581 0.3946382395602044 0.46902728102423674 0.0 0.042662940831535434 0.7512964051032156 0.3909644380940597 0.6938025877626305 0.913054759641105 0.5418977577174516 0.969498480311282 0.7815644282811762 0.9261075916016313
0.17494588774756425 0.2561693643808839 0.6381544427412932 0.5158524860815221 0.816320492445746 0.042662940831535434 0.0 0.9283500879566013 0.6320205467085004 0.7388993307854164 0.8932066762239048 0.8251339279860335 0.34628858113097194 0.2088102876644684 0.2818039701340067
0.9058747608263231 0.05163248908162332 0.35900914263015093 0.09884849576448063 0.6875732951080555 0.7512964051032156 0.9283500879566013 0.0 0.726837643278772 0.08883618283577 0.47719389712333804 0.7359263529581683 0.5496924778399565 0.7235705535696783 0.6240224789761156
0.4962483105297971 0.6922119125955636 0.4667871410167166 0.7574535553159771 0.6508382427889355 0.3909644380940597 0.6320205467085004 0.726837643278772 0.0 0.16425049552203885 0.03882062640126083 0.5053256999015058 0.18007385539239917 0.11232796313127835 0.43556280330853514
0.20535083060547343 0.5519572616778483 0.27555116854868333 0.7175221888629291 0.3152717629310676 0.6938025877626305 0.7388993307854164 0.08883618283577 0.16425049552203885 0.0 0.6949735877577439 0.08562583706947746 0.8708952817031185 0.8111653053538737 0.02367256607599788
0.6439694456231535 0.669637552552332 0.30640047075274135 0.22232824325851508 0.39020699477418086 0.913054759641105 0.8932066762239048 0.47719389712333804 0.03882062640126083 0.6949735877577439 0.0 0.6000717476794127 0.78880517222452 0.7162721184921926 0.7760591030925783
0.8221935870086319 0.28594516691276106 0.8192212437170264 0.307241743286758 0.9441908635590925 0.5418977577174516 0.8251339279860335 0.7359263529581683 0.5053256999015058 0.08562583706947746 0.6000717476794127 0.0 0.6952024539575885 0.5569672276427192 0.5700796828025763
0.8142050331525522 0.5866866870187057 0.8919224668604817 0.9033658739787528 0.43264872983121017 0.969498480311282 0.34628858113097194 0.5496924778399565 0.18007385539239917 0.8708952817031185 0.78880517222452 0.6952024539575885 0.0 0.07566501166443906 0.3799390474343193
0.5871750341586834 0.8918226306125506 0.42842079081508266 0.8008796290944983 0.6669170475638171 0.7815644282811762 0.2088102876644684 0.7235705535696783 0.11232796313127835 0.8111653053538737 0.7162721184921926 0.5569672276427192 0.07566501166443906 0.0 0.808787133005469
0.7750949234077362 0.20420509224383798 0.47231821712034006 0.49932487581120466 0.8547415024113179 0.9261075916016313 0.2818039701340067 0.6240224789761156 0.43556280330853514 0.02367256607599788 0.7760591030925783 0.5700796828025763 0.3799390474343193 0.808787133005469 0.0

# Optimal Walk
0 14 11 9 7 1 3 2 4 10 8 12 13 6 5 0
