# MCW Instance
# Type: UNIFORM
# N: 15
# Optimal cost: 1.3833527682796056
# Optimal tour (permutation): [0, 6, 7, 13, 11, 10, 2, 14, 5, 3, 8, 1, 12, 9, 4, 0]
# Optimal walk (full path): [0, 4, 6, 7, 13, 11, 10, 2, 14, 5, 14, 3, 14, 8, 1, 12, 4, 9, 4, 0]
# Walk size: 20
# Is walk (has repeats): true

# Distance Matrix
0.0000000000 0.6740838293 0.9419205973 0.9008162456 0.0463911608 0.7583106839 0.0974196372 0.8026291543 0.5780768081 0.5308000417 0.5125108324 0.2368012785 0.9169516229 0.8031879893 0.3367993409
0.6740838293 0.0000000000 0.2510270175 0.3656047217 0.8751383336 0.6006818899 0.3487761332 0.2487957923 0.1209115793 0.1094997935 0.5949330234 0.1295537291 0.0802075060 0.2263421100 0.9735273028
0.9419205973 0.2510270175 0.0000000000 0.8488773367 0.4475987222 0.3999744050 0.5056430838 0.4413141275 0.2777244248 0.6937834263 0.0740704657 0.5187331885 0.9275152223 0.5022911035 0.1209895950
0.9008162456 0.3656047217 0.8488773367 0.0000000000 0.2858968948 0.7420711237 0.1037064029 0.3859542448 0.9539748976 0.2574169074 0.6901467653 0.6336679897 0.9519338989 0.7412097946 0.0415755337
0.0463911608 0.8751383336 0.4475987222 0.2858968948 0.0000000000 0.8845234461 0.0007744297 0.2215771111 0.0651652578 0.0056006900 0.8118761113 0.7646117998 0.0087115858 0.6457980201 0.8982511619
0.7583106839 0.6006818899 0.3999744050 0.7420711237 0.8845234461 0.0000000000 0.6526564686 0.2748855155 0.4059950865 0.7462955884 0.2883573043 0.4125269541 0.8236239475 0.3856657258 0.1035712798
0.0974196372 0.3487761332 0.5056430838 0.1037064029 0.0007744297 0.6526564686 0.0000000000 0.0418456546 0.2207515312 0.2161979510 0.4875614031 0.1823102060 0.7157523749 0.8033273502 0.7655165001
0.8026291543 0.2487957923 0.4413141275 0.3859542448 0.2215771111 0.2748855155 0.0418456546 0.0000000000 0.6951696577 0.7308776487 0.2372511170 0.5562832299 0.3269663870 0.1415032076 0.5661208103
0.5780768081 0.1209115793 0.2777244248 0.9539748976 0.0651652578 0.4059950865 0.2207515312 0.6951696577 0.0000000000 0.4173000487 0.1460628053 0.8075652434 0.7598370432 0.5450741961 0.0011189890
0.5308000417 0.1094997935 0.6937834263 0.2574169074 0.0056006900 0.7462955884 0.2161979510 0.7308776487 0.4173000487 0.0000000000 0.6036695395 0.6385593012 0.4411441323 0.9986217516 0.2215862190
0.5125108324 0.5949330234 0.0740704657 0.6901467653 0.8118761113 0.2883573043 0.4875614031 0.2372511170 0.1460628053 0.6036695395 0.0000000000 0.2088322353 0.8763217368 0.8959801165 0.9573188814
0.2368012785 0.1295537291 0.5187331885 0.6336679897 0.7646117998 0.4125269541 0.1823102060 0.5562832299 0.8075652434 0.6385593012 0.2088322353 0.0000000000 0.8902693616 0.1901101918 0.7373662206
0.9169516229 0.0802075060 0.9275152223 0.9519338989 0.0087115858 0.8236239475 0.7157523749 0.3269663870 0.7598370432 0.4411441323 0.8763217368 0.8902693616 0.0000000000 0.4146633051 0.1870236714
0.8031879893 0.2263421100 0.5022911035 0.7412097946 0.6457980201 0.3856657258 0.8033273502 0.1415032076 0.5450741961 0.9986217516 0.8959801165 0.1901101918 0.4146633051 0.0000000000 0.9475445114
0.3367993409 0.9735273028 0.1209895950 0.0415755337 0.8982511619 0.1035712798 0.7655165001 0.5661208103 0.0011189890 0.2215862190 0.9573188814 0.7373662206 0.1870236714 0.9475445114 0.0000000000
