# MCW Instance
# Type: UNIFORM
# N: 15
# Optimal cost: 1.4673674738259659
# Optimal tour (permutation): [0, 5, 1, 3, 7, 6, 2, 8, 12, 9, 11, 10, 14, 13, 4, 0]
# Optimal walk (full path): [0, 5, 1, 3, 6, 7, 6, 2, 8, 9, 12, 9, 11, 14, 10, 14, 13, 4, 0]
# Walk size: 19
# Is walk (has repeats): true

# Distance Matrix
0.0000000000 0.5546403520 0.4267230746 0.2248419000 0.1763627139 0.1394925817 0.8655808735 0.3396184862 0.1488948365 0.8316552076 0.2671228004 0.8906722817 0.3647825786 0.5120267035 0.4656145456
0.5546403520 0.0000000000 0.6075043517 0.1011456578 0.9001649034 0.0785793685 0.9660684014 0.2812514315 0.4080514650 0.4762251243 0.8995952018 0.5087237202 0.4940554266 0.7820537163 0.6102173490
0.4267230746 0.6075043517 0.0000000000 0.7351218913 0.9490114891 0.9588825907 0.0036418326 0.3499836936 0.0473046490 0.1370469770 0.5357194465 0.9755881800 0.7780798544 0.4753408219 0.8076111764
0.2248419000 0.1011456578 0.7351218913 0.0000000000 0.2731105632 0.4351712818 0.0102934307 0.0753539170 0.6225037829 0.6890730894 0.1456675987 0.9499787112 0.6253562493 0.8902496440 0.6616044631
0.1763627139 0.9001649034 0.9490114891 0.2731105632 0.0000000000 0.9559370128 0.9981389906 0.7603097328 0.3816289221 0.2884413069 0.5726695811 0.8160462841 0.9257693640 0.0644286296 0.8012845835
0.1394925817 0.0785793685 0.9588825907 0.4351712818 0.9559370128 0.0000000000 0.8410691040 0.2993331792 0.5972066643 0.3761254433 0.4707350313 0.4194198996 0.7414437080 0.3151081137 0.4883065583
0.8655808735 0.9660684014 0.0036418326 0.0102934307 0.9981389906 0.8410691040 0.0000000000 0.0650422390 0.1530156871 0.1415594733 0.7437462401 0.1517641396 0.3873245454 0.5901686502 0.7012810267
0.3396184862 0.2812514315 0.3499836936 0.0753539170 0.7603097328 0.2993331792 0.0650422390 0.0000000000 0.6780549368 0.1200540381 0.6088146748 0.4978469917 0.1680963629 0.4159306979 0.2939966732
0.1488948365 0.4080514650 0.0473046490 0.6225037829 0.3816289221 0.5972066643 0.1530156871 0.6780549368 0.0000000000 0.0517517505 0.9445698254 0.8939090777 0.7970060468 0.1993682010 0.1049890363
0.8316552076 0.4762251243 0.1370469770 0.6890730894 0.2884413069 0.3761254433 0.1415594733 0.1200540381 0.0517517505 0.0000000000 0.8413020550 0.1686450652 0.0573998981 0.6464330326 0.8147284610
0.2671228004 0.8995952018 0.5357194465 0.1456675987 0.5726695811 0.4707350313 0.7437462401 0.6088146748 0.9445698254 0.8413020550 0.0000000000 0.5722094682 0.8092348646 0.7860732649 0.0323519795
0.8906722817 0.5087237202 0.9755881800 0.9499787112 0.8160462841 0.4194198996 0.1517641396 0.4978469917 0.8939090777 0.1686450652 0.5722094682 0.0000000000 0.2876175057 0.8961314592 0.1586776787
0.3647825786 0.4940554266 0.7780798544 0.6253562493 0.9257693640 0.7414437080 0.3873245454 0.1680963629 0.7970060468 0.0573998981 0.8092348646 0.2876175057 0.0000000000 0.9097366857 0.4539812891
0.5120267035 0.7820537163 0.4753408219 0.8902496440 0.0644286296 0.3151081137 0.5901686502 0.4159306979 0.1993682010 0.6464330326 0.7860732649 0.8961314592 0.9097366857 0.0000000000 0.1574558827
0.4656145456 0.6102173490 0.8076111764 0.6616044631 0.8012845835 0.4883065583 0.7012810267 0.2939966732 0.1049890363 0.8147284610 0.0323519795 0.1586776787 0.4539812891 0.1574558827 0.0000000000
