# Graph size: 15
# Optimal cost: 1.7534849016779124

# Distance Matrix
0.0 0.6017180279747447 0.1714947944234354 0.2575165640953331 0.18761566925619022 0.972407731723508 0.5246334641200958 0.9707752750955921 0.6386615695108346 0.4365945188928553 0.2411534104274755 0.06373716187470624 0.3667393393109053 0.9565147911298929 0.4218907547869788
0.6017180279747447 0.0 0.7785334495191628 0.07503220331972715 0.20412261986009095 0.10247956208305031 0.9902794667237174 2.958531129650943E-4 0.06232791632886725 0.7404882161698185 0.6130641427140823 0.5622116257456975 0.3383937406579577 0.10670870020118028 0.07333840323432783
0.1714947944234354 0.7785334495191628 0.0 0.6311409212035237 0.5174041367672755 0.9644183340250976 0.7298836122593547 0.4314018148157922 0.18156537494841662 0.19484748522111206 0.4330173911306654 0.5122267319342638 0.8002053164158619 0.8327513144266094 0.5104208110169997
0.2575165640953331 0.07503220331972715 0.6311409212035237 0.0 0.664850159930046 0.9556866667191599 0.8128968469647285 0.34294766583652203 0.14171343000449987 0.712051930712134 0.0964415169837598 0.3510029632186217 0.042563750968861225 0.7560693860238448 0.2455931698388769
0.18761566925619022 0.20412261986009095 0.5174041367672755 0.664850159930046 0.0 0.6505543230623488 0.2722625976857673 0.14445033975947674 0.4456049442397171 0.8575664083464923 0.046408763335592296 0.9763606788610013 0.43507384213512035 0.5206257400341398 0.523419272612658
0.972407731723508 0.10247956208305031 0.9644183340250976 0.9556866667191599 0.6505543230623488 0.0 0.07694988723597673 0.7986742885318848 0.44374855518089873 0.7755015268298081 0.8254735723304271 0.6008733372959039 0.7248424336654372 0.9759883989940241 0.590686009180091
0.5246334641200958 0.9902794667237174 0.7298836122593547 0.8128968469647285 0.2722625976857673 0.07694988723597673 0.0 0.3948375942876209 0.6800176265758237 0.3767971547162565 0.8465317265706558 0.22765599874141507 0.9499216134140771 0.37731243238782786 0.9327657342606819
0.9707752750955921 2.958531129650943E-4 0.4314018148157922 0.34294766583652203 0.14445033975947674 0.7986742885318848 0.3948375942876209 0.0 0.3811669550812924 0.991496193796903 0.7447823283355826 0.5979846306831497 0.23709212080922382 0.8470337051917461 0.8363557341234364
0.6386615695108346 0.06232791632886725 0.18156537494841662 0.14171343000449987 0.4456049442397171 0.44374855518089873 0.6800176265758237 0.3811669550812924 0.0 0.9166514989282325 0.8358432959750078 0.5521347563006315 0.49417824028169544 0.9070493839695137 0.41028311742137225
0.4365945188928553 0.7404882161698185 0.19484748522111206 0.712051930712134 0.8575664083464923 0.7755015268298081 0.3767971547162565 0.991496193796903 0.9166514989282325 0.0 0.7951471562220317 0.1375026915814781 0.19370002413321374 0.41888366791969767 0.47289174576837223
0.2411534104274755 0.6130641427140823 0.4330173911306654 0.0964415169837598 0.046408763335592296 0.8254735723304271 0.8465317265706558 0.7447823283355826 0.8358432959750078 0.7951471562220317 0.0 0.4595601052273226 0.35563540124841386 0.37714240828390144 0.6009576556540053
0.06373716187470624 0.5622116257456975 0.5122267319342638 0.3510029632186217 0.9763606788610013 0.6008733372959039 0.22765599874141507 0.5979846306831497 0.5521347563006315 0.1375026915814781 0.4595601052273226 0.0 0.05197511845867164 0.18101196094157967 0.09177721649759363
0.3667393393109053 0.3383937406579577 0.8002053164158619 0.042563750968861225 0.43507384213512035 0.7248424336654372 0.9499216134140771 0.23709212080922382 0.49417824028169544 0.19370002413321374 0.35563540124841386 0.05197511845867164 0.0 0.6315760687131123 0.22579939788483605
0.9565147911298929 0.10670870020118028 0.8327513144266094 0.7560693860238448 0.5206257400341398 0.9759883989940241 0.37731243238782786 0.8470337051917461 0.9070493839695137 0.41888366791969767 0.37714240828390144 0.18101196094157967 0.6315760687131123 0.0 0.9089082953372059
0.4218907547869788 0.07333840323432783 0.5104208110169997 0.2455931698388769 0.523419272612658 0.590686009180091 0.9327657342606819 0.8363557341234364 0.41028311742137225 0.47289174576837223 0.6009576556540053 0.09177721649759363 0.22579939788483605 0.9089082953372059 0.0

# Optimal Walk
0 11 12 3 10 4 6 5 14 13 7 1 8 2 9 0
