# MCW Instance
# Type: UNIFORM
# N: 15
# Optimal cost: 1.9911557816933096
# Optimal tour (permutation): [0, 12, 4, 11, 13, 7, 14, 8, 9, 10, 6, 1, 5, 2, 3, 0]
# Optimal walk (full path): [0, 12, 4, 11, 7, 13, 7, 14, 8, 9, 6, 10, 6, 1, 5, 2, 3, 0]
# Walk size: 18
# Is walk (has repeats): true

# Distance Matrix
0.0000000000 0.3154864244 0.3918110956 0.1208928047 0.8039864258 0.2564636006 0.5850180279 0.4977015207 0.2384209999 0.6488936236 0.2477407528 0.5719405375 0.1313061060 0.6871625979 0.4088295024
0.3154864244 0.0000000000 0.3907736897 0.0812170603 0.5199967561 0.1694430422 0.0688815700 0.9684244616 0.7230011552 0.7062893321 0.6122008115 0.9076820875 0.6659290898 0.7318296021 0.5494951332
0.3918110956 0.3907736897 0.0000000000 0.0726664043 0.8315971397 0.0906758610 0.5190056567 0.8061608861 0.6443381194 0.2739503828 0.2240288268 0.9232419132 0.6481099646 0.7671650717 0.7191230586
0.1208928047 0.0812170603 0.0726664043 0.0000000000 0.1391376212 0.9378558096 0.3122179040 0.8177455697 0.1090949264 0.5924366062 0.3603919160 0.5224733524 0.6545037484 0.4834345378 0.2207823887
0.8039864258 0.5199967561 0.8315971397 0.1391376212 0.0000000000 0.7705630293 0.3676921354 0.2413516217 0.6673657791 0.4604566288 0.9372192397 0.3492051301 0.0579639946 0.6789413913 0.2161580121
0.2564636006 0.1694430422 0.0906758610 0.9378558096 0.7705630293 0.0000000000 0.3032471143 0.3396460202 0.2840233158 0.2677728825 0.5315129299 0.6676483007 0.5151760544 0.3661621121 0.2931291104
0.5850180279 0.0688815700 0.5190056567 0.3122179040 0.3676921354 0.3032471143 0.0000000000 0.7486841788 0.1004778601 0.2038483714 0.0947885099 0.4345517390 0.4092513135 0.3639653343 0.2555265397
0.4977015207 0.9684244616 0.8061608861 0.8177455697 0.2413516217 0.3396460202 0.7486841788 0.0000000000 0.5382388261 0.5591715530 0.4516020813 0.1269090317 0.3222624967 0.0284112356 0.1470309329
0.2384209999 0.7230011552 0.6443381194 0.1090949264 0.6673657791 0.2840233158 0.1004778601 0.5382388261 0.0000000000 0.1329690998 0.6177695391 0.2462406227 0.8429589193 0.2327065444 0.0729639419
0.6488936236 0.7062893321 0.2739503828 0.5924366062 0.4604566288 0.2677728825 0.2038483714 0.5591715530 0.1329690998 0.0000000000 0.8396042612 0.4586066883 0.6276900966 0.6007159234 0.6985461819
0.2477407528 0.6122008115 0.2240288268 0.3603919160 0.9372192397 0.5315129299 0.0947885099 0.4516020813 0.6177695391 0.8396042612 0.0000000000 0.4853326008 0.5382795629 0.6977461535 0.7899574596
0.5719405375 0.9076820875 0.9232419132 0.5224733524 0.3492051301 0.6676483007 0.4345517390 0.1269090317 0.2462406227 0.4586066883 0.4853326008 0.0000000000 0.3116847393 0.6542108192 0.9415683951
0.1313061060 0.6659290898 0.6481099646 0.6545037484 0.0579639946 0.5151760544 0.4092513135 0.3222624967 0.8429589193 0.6276900966 0.5382795629 0.3116847393 0.0000000000 0.6969719519 0.4001762615
0.6871625979 0.7318296021 0.7671650717 0.4834345378 0.6789413913 0.3661621121 0.3639653343 0.0284112356 0.2327065444 0.6007159234 0.6977461535 0.6542108192 0.6969719519 0.0000000000 0.4287641634
0.4088295024 0.5494951332 0.7191230586 0.2207823887 0.2161580121 0.2931291104 0.2555265397 0.1470309329 0.0729639419 0.6985461819 0.7899574596 0.9415683951 0.4001762615 0.4287641634 0.0000000000
