# Graph size: 15
# Optimal cost: 1.889393469307107

# Distance Matrix
0.0 0.6727436239388123 0.24177376032793485 0.4457162262468847 0.010364384426229556 0.20553538417585748 0.3394062746652259 0.894132954719296 0.18588685985395526 0.4114869164631756 0.18847918267529684 0.5951107496734506 0.7311690378577653 0.8705437296434448 0.31822366491797593
0.6727436239388123 0.0 0.47047495794460326 0.9520131161662472 0.6003625620087331 0.013946100201739364 0.24756585307437262 0.7012451747237536 0.646319797125255 0.377252547221151 0.1451988386878137 0.14983963091499541 0.31551818302141976 0.6413325644009655 0.29250501538345364
0.24177376032793485 0.47047495794460326 0.0 0.6848221527439937 0.27576941827613044 0.6470945562668879 0.8169623276174491 0.19960687169533842 0.4915070194778096 0.7384837619611369 0.05452835146966695 0.7855871513779505 0.5008104099608988 0.7191035160179996 0.132638009271842
0.4457162262468847 0.9520131161662472 0.6848221527439937 0.0 0.10821371351505793 0.8511975931830245 0.9272989485885613 0.25593028653657846 0.5564579304688236 0.6065706171233006 0.9331518487103481 0.38492037558421355 0.5914717569891003 0.7136741959743916 0.8383740379046182
0.010364384426229556 0.6003625620087331 0.27576941827613044 0.10821371351505793 0.0 0.6394346878972064 0.5884204641599606 0.6736548669876201 0.6688760357873343 0.6814779795036163 0.8648777757073053 0.4027842546815008 0.8898264649763603 0.5363033477188118 0.5198376943210532
0.20553538417585748 0.013946100201739364 0.6470945562668879 0.8511975931830245 0.6394346878972064 0.0 0.38613682225108925 0.6443072977041754 0.79580736647984 0.16931053142484975 0.22898892744182853 0.9192082921154293 0.9149743399061724 0.6576358749642687 0.4929324399061682
0.3394062746652259 0.24756585307437262 0.8169623276174491 0.9272989485885613 0.5884204641599606 0.38613682225108925 0.0 0.4757938867823417 0.3599449288638682 0.34805799083394406 0.26717327479522457 0.04741415415398187 0.6953864352904742 0.6517744166116298 0.27021082218509573
0.894132954719296 0.7012451747237536 0.19960687169533842 0.25593028653657846 0.6736548669876201 0.6443072977041754 0.4757938867823417 0.0 0.00312103339195402 0.30919290650657116 0.041581532743576566 0.40307200997914006 0.4034898245677485 0.3641456885104424 0.9144058585559851
0.18588685985395526 0.646319797125255 0.4915070194778096 0.5564579304688236 0.6688760357873343 0.79580736647984 0.3599449288638682 0.00312103339195402 0.0 0.5824990247047793 0.13373488748845286 0.7390156860577994 0.3164231421729432 0.3709673581124069 0.5892480816113095
0.4114869164631756 0.377252547221151 0.7384837619611369 0.6065706171233006 0.6814779795036163 0.16931053142484975 0.34805799083394406 0.30919290650657116 0.5824990247047793 0.0 0.17569074583129574 0.725131915229789 0.3901368690747412 0.20997677145281735 0.5842630469316603
0.18847918267529684 0.1451988386878137 0.05452835146966695 0.9331518487103481 0.8648777757073053 0.22898892744182853 0.26717327479522457 0.041581532743576566 0.13373488748845286 0.17569074583129574 0.0 0.7946619194150341 0.7553149914365453 0.012597961309513739 0.47461274141898335
0.5951107496734506 0.14983963091499541 0.7855871513779505 0.38492037558421355 0.4027842546815008 0.9192082921154293 0.04741415415398187 0.40307200997914006 0.7390156860577994 0.725131915229789 0.7946619194150341 0.0 0.21376200855719552 0.8007382877932867 0.15323389999713377
0.7311690378577653 0.31551818302141976 0.5008104099608988 0.5914717569891003 0.8898264649763603 0.9149743399061724 0.6953864352904742 0.4034898245677485 0.3164231421729432 0.3901368690747412 0.7553149914365453 0.21376200855719552 0.0 0.7808759476465953 0.6003261762474978
0.8705437296434448 0.6413325644009655 0.7191035160179996 0.7136741959743916 0.5363033477188118 0.6576358749642687 0.6517744166116298 0.3641456885104424 0.3709673581124069 0.20997677145281735 0.012597961309513739 0.8007382877932867 0.7808759476465953 0.0 0.17895459265415137
0.31822366491797593 0.29250501538345364 0.132638009271842 0.8383740379046182 0.5198376943210532 0.4929324399061682 0.27021082218509573 0.9144058585559851 0.5892480816113095 0.5842630469316603 0.47461274141898335 0.15323389999713377 0.6003261762474978 0.17895459265415137 0.0

# Optimal Walk
0 4 3 8 7 13 10 2 14 11 6 12 9 5 1 0
