# MCW Instance
# Type: UNIFORM
# N: 15
# Optimal cost: 2.4722872780258576
# Optimal tour (permutation): [0, 1, 2, 5, 8, 3, 4, 11, 14, 13, 10, 9, 6, 12, 7, 0]
# Optimal walk (full path): [0, 1, 2, 5, 8, 3, 4, 11, 14, 13, 10, 9, 6, 12, 7, 0]
# Walk size: 16
# Is walk (has repeats): false

# Distance Matrix
0.0000000000 0.0071492491 0.5052661470 0.7674022414 0.7173238192 0.6886883779 0.9826918834 0.2307398940 0.4560980169 0.2212504385 0.0835859192 0.5731335532 0.2898143620 0.2389111669 0.2104002873
0.0071492491 0.0000000000 0.0519590959 0.4920442230 0.5506905172 0.2163517777 0.7969237537 0.4178507075 0.5690072317 0.9246105532 0.6347424720 0.9536417783 0.3553524558 0.5360468550 0.9219175609
0.5052661470 0.0519590959 0.0000000000 0.5625059380 0.6276954325 0.0525198797 0.7970292070 0.3259403108 0.1532352958 0.6483564302 0.3586708246 0.8291694519 0.3104656292 0.2595808707 0.1511400242
0.7674022414 0.4920442230 0.5625059380 0.0000000000 0.2147923854 0.2461189217 0.5286227280 0.9972220075 0.2382846162 0.9754104965 0.6416411514 0.6558794483 0.6989206294 0.9781023167 0.5262709044
0.7173238192 0.5506905172 0.6276954325 0.2147923854 0.0000000000 0.0023889505 0.1909717182 0.3282592359 0.3395072846 0.4294409871 0.7225730319 0.1621715284 0.1686125094 0.9499467965 0.3834423294
0.6886883779 0.2163517777 0.0525198797 0.2461189217 0.0023889505 0.0000000000 0.3367689859 0.3923393480 0.0457719895 0.9076729705 0.4599538104 0.2054325770 0.6513437227 0.6741114326 0.0846306159
0.9826918834 0.7969237537 0.7970292070 0.5286227280 0.1909717182 0.3367689859 0.0000000000 0.3962821659 0.7870541579 0.4143700732 0.7498139352 0.5857667586 0.2646102859 0.6573136403 0.7250446987
0.2307398940 0.4178507075 0.3259403108 0.9972220075 0.3282592359 0.3923393480 0.3962821659 0.0000000000 0.7847397879 0.5749559290 0.7288982385 0.7684490777 0.3082745679 0.5391190249 0.9475295826
0.4560980169 0.5690072317 0.1532352958 0.2382846162 0.3395072846 0.0457719895 0.7870541579 0.7847397879 0.0000000000 0.9441243689 0.7966991394 0.5533133029 0.5076470487 0.5611384952 0.3366151031
0.2212504385 0.9246105532 0.6483564302 0.9754104965 0.4294409871 0.9076729705 0.4143700732 0.5749559290 0.9441243689 0.0000000000 0.2918504155 0.4280288426 0.5942808554 0.4495093557 0.5448949415
0.0835859192 0.6347424720 0.3586708246 0.6416411514 0.7225730319 0.4599538104 0.7498139352 0.7288982385 0.7966991394 0.2918504155 0.0000000000 0.8563527414 0.5258042169 0.0212314090 0.4628212777
0.5731335532 0.9536417783 0.8291694519 0.6558794483 0.1621715284 0.2054325770 0.5857667586 0.7684490777 0.5533133029 0.4280288426 0.8563527414 0.0000000000 0.9678356590 0.4077484465 0.0825227922
0.2898143620 0.3553524558 0.3104656292 0.6989206294 0.1686125094 0.6513437227 0.2646102859 0.3082745679 0.5076470487 0.5942808554 0.5258042169 0.9678356590 0.0000000000 0.8549080923 0.6733151023
0.2389111669 0.5360468550 0.2595808707 0.9781023167 0.9499467965 0.6741114326 0.6573136403 0.5391190249 0.5611384952 0.4495093557 0.0212314090 0.4077484465 0.8549080923 0.0000000000 0.0860390962
0.2104002873 0.9219175609 0.1511400242 0.5262709044 0.3834423294 0.0846306159 0.7250446987 0.9475295826 0.3366151031 0.5448949415 0.4628212777 0.0825227922 0.6733151023 0.0860390962 0.0000000000
