# Graph size: 15
# Optimal cost: 2.1271860557924995

# Distance Matrix
0.0 0.04969511568402951 0.21723853174385155 0.728377958457109 0.07920858276719656 0.2531778950546263 0.08894341675810835 0.5811249641512277 0.21654488671312588 0.2553714274499822 0.6373513835429226 0.6428466825001171 0.5261496737254062 0.061712317210106726 0.7617322485364147
0.04969511568402951 0.0 0.32319140425205883 0.032891185225162434 0.9453216680913001 0.21533068090600638 0.7089057604593798 0.7972180861183474 0.6787549768056496 0.9060908471438381 0.1822237912831286 0.609133901230505 0.16361054242091688 0.490602299751668 0.4744831165223592
0.21723853174385155 0.32319140425205883 0.0 0.5631768934501714 0.9392281611845112 0.7437199702541865 0.8905948883484573 0.9582832732378739 0.5058114387915806 0.36697426827441737 0.9097201985133834 0.7877012284050809 0.1326585349455257 0.610802186839645 0.618482083254605
0.728377958457109 0.032891185225162434 0.5631768934501714 0.0 0.9366618699906473 0.8387874092478064 0.3287937061068138 0.4652692639423449 0.0893025778994645 0.5310941084154295 0.856562370412763 0.6376639540032175 0.26137702781235017 0.86428298469886 0.4135125262986157
0.07920858276719656 0.9453216680913001 0.9392281611845112 0.9366618699906473 0.0 0.9597529727268254 0.8215756702275302 0.2471602854970275 0.5626901400684813 0.5820573354860494 0.8418187954107536 0.5614835345458414 0.6320680065146763 0.8940430900842898 0.6256743410302353
0.2531778950546263 0.21533068090600638 0.7437199702541865 0.8387874092478064 0.9597529727268254 0.0 0.5824112328023343 0.9000301713260315 0.027651491576078047 0.3040903931312119 0.793698019653875 0.7784845779971556 0.04001422764778395 0.4589228728507263 0.27613326273995165
0.08894341675810835 0.7089057604593798 0.8905948883484573 0.3287937061068138 0.8215756702275302 0.5824112328023343 0.0 0.18894697304807895 0.3644954193883304 0.8372767072590426 0.6143215277275094 0.8201030355512965 0.40142873339778007 0.3534685021020876 0.31475560074788733
0.5811249641512277 0.7972180861183474 0.9582832732378739 0.4652692639423449 0.2471602854970275 0.9000301713260315 0.18894697304807895 0.0 0.9797701343933304 0.18339465893604112 0.7404576698993828 0.05723386466343028 0.30984349474859296 0.8946094854780509 0.40888196819022504
0.21654488671312588 0.6787549768056496 0.5058114387915806 0.0893025778994645 0.5626901400684813 0.027651491576078047 0.3644954193883304 0.9797701343933304 0.0 0.21202578813462258 0.7197264965189468 0.649973925528405 0.2993724399150973 0.44679047917987746 0.5119081729467291
0.2553714274499822 0.9060908471438381 0.36697426827441737 0.5310941084154295 0.5820573354860494 0.3040903931312119 0.8372767072590426 0.18339465893604112 0.21202578813462258 0.0 0.3465563503109318 0.7726119550798769 0.9201052322806632 0.8227652604395612 0.5887614687489638
0.6373513835429226 0.1822237912831286 0.9097201985133834 0.856562370412763 0.8418187954107536 0.793698019653875 0.6143215277275094 0.7404576698993828 0.7197264965189468 0.3465563503109318 0.0 0.8716405872506641 0.5125618825381613 0.18233049168347037 0.6581626950013979
0.6428466825001171 0.609133901230505 0.7877012284050809 0.6376639540032175 0.5614835345458414 0.7784845779971556 0.8201030355512965 0.05723386466343028 0.649973925528405 0.7726119550798769 0.8716405872506641 0.0 0.61219974125303 0.7817414776605475 0.20868246340750185
0.5261496737254062 0.16361054242091688 0.1326585349455257 0.26137702781235017 0.6320680065146763 0.04001422764778395 0.40142873339778007 0.30984349474859296 0.2993724399150973 0.9201052322806632 0.5125618825381613 0.61219974125303 0.0 0.2499519298463092 0.3094468592242806
0.061712317210106726 0.490602299751668 0.610802186839645 0.86428298469886 0.8940430900842898 0.4589228728507263 0.3534685021020876 0.8946094854780509 0.44679047917987746 0.8227652604395612 0.18233049168347037 0.7817414776605475 0.2499519298463092 0.0 0.8439777885016068
0.7617322485364147 0.4744831165223592 0.618482083254605 0.4135125262986157 0.6256743410302353 0.27613326273995165 0.31475560074788733 0.40888196819022504 0.5119081729467291 0.5887614687489638 0.6581626950013979 0.20868246340750185 0.3094468592242806 0.8439777885016068 0.0

# Optimal Walk
0 13 10 1 3 8 5 12 2 9 7 11 14 6 4 0
