# Graph size: 15
# Optimal cost: 1.707190622451429

# Distance Matrix
0.0 0.14085426013888025 0.7844364345225101 0.8582470387663377 0.5303687454091636 0.37320499700129406 0.1700270553739036 0.013079200895122378 0.5806909003481541 0.8293047582555924 0.07400300285089567 0.17706270224245857 0.10694082759993895 0.22604456136265638 0.4754137303955409
0.14085426013888025 0.0 0.5122405914614059 0.4292583478801234 0.35930388853397965 0.30100301504529825 0.33880595062710994 0.3744131853087561 0.09007072457085641 0.12254993997292207 0.7363535256476539 0.29953950963441955 0.7846488804490993 0.9967508995806926 0.01671476715698561
0.7844364345225101 0.5122405914614059 0.0 0.8845254199183892 0.21996928254288717 0.8075361693090666 0.18534949085420094 0.4284392329975715 0.7472489133800653 0.10450420485028578 0.556119818588529 0.90978884022212 0.07071717427625013 0.09619540605909038 0.013373659335970345
0.8582470387663377 0.4292583478801234 0.8845254199183892 0.0 0.126074377511326 0.34285627203649327 0.15321637276362698 0.025615762373995543 0.8150083445151236 0.4035786786527704 0.9037646945221218 0.4066469311382489 0.7779415705443407 0.8979914451154469 0.762893471377409
0.5303687454091636 0.35930388853397965 0.21996928254288717 0.126074377511326 0.0 0.9929029279750464 0.6754475214988603 0.695873423039063 0.5268936555006312 0.8598262667679316 0.3456810752559103 0.5057183336608911 0.48546135151985237 0.4354557669599112 0.2080428957235947
0.37320499700129406 0.30100301504529825 0.8075361693090666 0.34285627203649327 0.9929029279750464 0.0 0.8271728265037167 0.3568566100140613 0.8860202052978221 0.5578431231225883 0.417925769125272 0.23504899574027727 0.4461740828252553 0.332073932472866 0.26458082933617444
0.1700270553739036 0.33880595062710994 0.18534949085420094 0.15321637276362698 0.6754475214988603 0.8271728265037167 0.0 0.65288414411624 0.9456149921118993 0.23206293291340285 0.6417716789685839 0.8115950833383021 0.6441734873428551 0.925694645858648 0.21975540502750512
0.013079200895122378 0.3744131853087561 0.4284392329975715 0.025615762373995543 0.695873423039063 0.3568566100140613 0.65288414411624 0.0 0.004520700849395931 0.6290683535501677 0.4200507013293008 0.3379460029369944 0.2716830555165326 0.45087123593324707 0.5947334920862469
0.5806909003481541 0.09007072457085641 0.7472489133800653 0.8150083445151236 0.5268936555006312 0.8860202052978221 0.9456149921118993 0.004520700849395931 0.0 0.5003271161799797 0.3619141334418077 0.37882654382668013 0.3168027350384588 0.8684088245162587 0.15051180126872887
0.8293047582555924 0.12254993997292207 0.10450420485028578 0.4035786786527704 0.8598262667679316 0.5578431231225883 0.23206293291340285 0.6290683535501677 0.5003271161799797 0.0 0.6415237920089062 0.5201673246024475 0.028370756020229426 0.7629438281336484 0.28552136620322033
0.07400300285089567 0.7363535256476539 0.556119818588529 0.9037646945221218 0.3456810752559103 0.417925769125272 0.6417716789685839 0.4200507013293008 0.3619141334418077 0.6415237920089062 0.0 0.125440076378317 0.5912597089432855 0.7889077025327318 0.8323721610304112
0.17706270224245857 0.29953950963441955 0.90978884022212 0.4066469311382489 0.5057183336608911 0.23504899574027727 0.8115950833383021 0.3379460029369944 0.37882654382668013 0.5201673246024475 0.125440076378317 0.0 0.7006761899435069 0.24858662755554128 0.1360933083863135
0.10694082759993895 0.7846488804490993 0.07071717427625013 0.7779415705443407 0.48546135151985237 0.4461740828252553 0.6441734873428551 0.2716830555165326 0.3168027350384588 0.028370756020229426 0.5912597089432855 0.7006761899435069 0.0 0.7436030396613955 0.3190807999065558
0.22604456136265638 0.9967508995806926 0.09619540605909038 0.8979914451154469 0.4354557669599112 0.332073932472866 0.925694645858648 0.45087123593324707 0.8684088245162587 0.7629438281336484 0.7889077025327318 0.24858662755554128 0.7436030396613955 0.0 0.7503948687332767
0.4754137303955409 0.01671476715698561 0.013373659335970345 0.762893471377409 0.2080428957235947 0.26458082933617444 0.21975540502750512 0.5947334920862469 0.15051180126872887 0.28552136620322033 0.8323721610304112 0.1360933083863135 0.3190807999065558 0.7503948687332767 0.0

# Optimal Walk
0 10 11 5 13 2 14 1 12 9 6 4 3 7 8 0
