# Graph size: 21
# Optimal cost: 1.5261706563411246

# Distance Matrix
0.0 0.580601602803836 0.4029341246418091 0.8323885715857461 0.9855351904593526 0.043218006108829976 0.8947984628063639 0.8534648925747342 0.18935490843000913 0.7449093186066633 0.5854402482382359 0.5045932956098539 0.5471443432973261 0.5106721447937623 0.08654285438019171 0.6985947488874501 0.23335772447994974 0.16543716532874142 0.27762629206838263 0.6855874057605857 0.35648305584907714
0.580601602803836 0.0 0.6307087096595452 0.5376136771868107 0.36509963479575813 0.42789088068403525 0.5939436330490583 0.32743462055451744 0.11185596487837446 0.768771413726931 0.18356186311336842 0.78043459420016 0.404084627210304 0.6374172629127611 0.36470671293630397 0.09114798958420256 0.0910474483982816 0.8835226557234092 0.8343500736014798 0.6580315935148106 0.9655935451582847
0.4029341246418091 0.6307087096595452 0.0 0.49183452114706905 0.03906382732744984 0.1320448644929354 0.41789115283577893 0.4644048701340542 0.5647559322327566 0.7505017737651959 0.3380919503724351 0.10885736720245665 0.5548954157238145 0.5944084060411767 0.10853505617549808 0.9494959541310853 0.002227821711458744 0.6975394449238839 0.48019882830530736 0.15874653562242513 0.7287087604091367
0.8323885715857461 0.5376136771868107 0.49183452114706905 0.0 0.25679593207336404 0.36346018208227493 0.6183377172095166 0.6193598517829776 0.5459254078053949 0.07982292139442826 0.46278976163432306 0.20797813247998298 0.518474831806773 0.41912804511975277 0.232195669103763 0.026106240703100192 0.5008859200772987 0.9258602414721808 0.5669418474194775 0.22139747691456446 0.822931092237315
0.9855351904593526 0.36509963479575813 0.03906382732744984 0.25679593207336404 0.0 0.19851717674180958 0.7139305296585609 0.8274864153735706 0.7102276665905142 0.6276086660907705 0.9820292972505384 0.7247020080429314 0.27235707671180565 0.920705122977556 0.6838879190958385 0.769437151215502 0.9601546085311906 0.9670562574148298 0.031926421384575465 0.7897148371870724 0.4370243947788255
0.043218006108829976 0.42789088068403525 0.1320448644929354 0.36346018208227493 0.19851717674180958 0.0 0.0796519061245895 0.9182122289084629 0.14546780835658224 0.4116735134938363 0.41919926060608825 0.5011087543433018 0.3342750559879526 0.6134481978939061 0.4523416915485403 0.0459912137788836 0.6867752161716252 0.7564937504054289 0.6255462340881431 0.5229902180823858 0.5407033003304685
0.8947984628063639 0.5939436330490583 0.41789115283577893 0.6183377172095166 0.7139305296585609 0.0796519061245895 0.0 0.0352494925998017 0.04643842093559425 0.05163722279721339 0.4084740615867354 0.4213284419728145 0.8559643207698254 0.400450151352709 0.5604612407350962 0.790621261865194 0.14761184762222523 0.39891166253083077 0.1345994747476683 0.6995022084058454 0.7440241796704202
0.8534648925747342 0.32743462055451744 0.4644048701340542 0.6193598517829776 0.8274864153735706 0.9182122289084629 0.0352494925998017 0.0 0.29995656870030396 0.35266109118243427 0.45030477013575654 0.8766903835493343 0.8429986772752704 0.6745376451109126 0.938772751550754 0.8309996093769768 0.01069195667234657 0.7540816194923257 0.6599826697953709 0.9167966197703202 0.2470344229716478
0.18935490843000913 0.11185596487837446 0.5647559322327566 0.5459254078053949 0.7102276665905142 0.14546780835658224 0.04643842093559425 0.29995656870030396 0.0 0.8735411094040127 0.1642717143518878 0.7036783306229066 0.2100875757951638 0.12834649045343383 0.2009945320827795 0.32062231003989206 0.9694981361872214 0.0099844923595942 0.7654717295001795 0.761139937066359 0.9271728664642764
0.7449093186066633 0.768771413726931 0.7505017737651959 0.07982292139442826 0.6276086660907705 0.4116735134938363 0.05163722279721339 0.35266109118243427 0.8735411094040127 0.0 0.19192181970573052 0.2732815617225004 0.5579984484451469 0.6388713671937607 0.262017498131802 0.12608535295679468 0.8956574145023496 0.14514593476301607 0.8645884640979692 0.004466587701866587 0.21391726785862863
0.5854402482382359 0.18356186311336842 0.3380919503724351 0.46278976163432306 0.9820292972505384 0.41919926060608825 0.4084740615867354 0.45030477013575654 0.1642717143518878 0.19192181970573052 0.0 0.38197133267116 0.21627098545367718 0.32580243113188345 0.6228784536539684 0.7345716045910288 0.24204587436853264 0.4389754114501797 0.997161961538244 0.8223650774459342 0.6412725146622537
0.5045932956098539 0.78043459420016 0.10885736720245665 0.20797813247998298 0.7247020080429314 0.5011087543433018 0.4213284419728145 0.8766903835493343 0.7036783306229066 0.2732815617225004 0.38197133267116 0.0 0.2927722903108744 0.4464428450179324 0.158612974866301 0.03830349035714786 0.5111060891395793 0.9697007236857519 0.4152702741321669 0.9982275796295057 0.03573645519262769
0.5471443432973261 0.404084627210304 0.5548954157238145 0.518474831806773 0.27235707671180565 0.3342750559879526 0.8559643207698254 0.8429986772752704 0.2100875757951638 0.5579984484451469 0.21627098545367718 0.2927722903108744 0.0 0.4921920393487803 0.6417031246442122 0.09551599050579551 0.755952058000266 0.15700100814625284 0.9353491191165452 0.41182297978115545 0.8347187992219504
0.5106721447937623 0.6374172629127611 0.5944084060411767 0.41912804511975277 0.920705122977556 0.6134481978939061 0.400450151352709 0.6745376451109126 0.12834649045343383 0.6388713671937607 0.32580243113188345 0.4464428450179324 0.4921920393487803 0.0 0.6971273634226485 0.7430628676643488 0.8089186515277882 0.7620855716109677 0.949420697917939 0.1838015933393118 0.07370823976766916
0.08654285438019171 0.36470671293630397 0.10853505617549808 0.232195669103763 0.6838879190958385 0.4523416915485403 0.5604612407350962 0.938772751550754 0.2009945320827795 0.262017498131802 0.6228784536539684 0.158612974866301 0.6417031246442122 0.6971273634226485 0.0 0.5191789900429794 0.08827296721434552 0.5264709831017435 0.5645189437388302 0.6199077340369001 0.9548318685876969
0.6985947488874501 0.09114798958420256 0.9494959541310853 0.026106240703100192 0.769437151215502 0.0459912137788836 0.790621261865194 0.8309996093769768 0.32062231003989206 0.12608535295679468 0.7345716045910288 0.03830349035714786 0.09551599050579551 0.7430628676643488 0.5191789900429794 0.0 0.2311643153447659 0.30131155432118806 0.21253545475310365 0.9365997909629897 0.767693189111726
0.23335772447994974 0.0910474483982816 0.002227821711458744 0.5008859200772987 0.9601546085311906 0.6867752161716252 0.14761184762222523 0.01069195667234657 0.9694981361872214 0.8956574145023496 0.24204587436853264 0.5111060891395793 0.755952058000266 0.8089186515277882 0.08827296721434552 0.2311643153447659 0.0 0.537200997908644 0.8695711581918546 0.2126340991321427 0.7622210836897912
0.16543716532874142 0.8835226557234092 0.6975394449238839 0.9258602414721808 0.9670562574148298 0.7564937504054289 0.39891166253083077 0.7540816194923257 0.0099844923595942 0.14514593476301607 0.4389754114501797 0.9697007236857519 0.15700100814625284 0.7620855716109677 0.5264709831017435 0.30131155432118806 0.537200997908644 0.0 0.7246465160400143 0.1719643466821198 0.8211668592279238
0.27762629206838263 0.8343500736014798 0.48019882830530736 0.5669418474194775 0.031926421384575465 0.6255462340881431 0.1345994747476683 0.6599826697953709 0.7654717295001795 0.8645884640979692 0.997161961538244 0.4152702741321669 0.9353491191165452 0.949420697917939 0.5645189437388302 0.21253545475310365 0.8695711581918546 0.7246465160400143 0.0 0.8909759804712449 0.44689851033343087
0.6855874057605857 0.6580315935148106 0.15874653562242513 0.22139747691456446 0.7897148371870724 0.5229902180823858 0.6995022084058454 0.9167966197703202 0.761139937066359 0.004466587701866587 0.8223650774459342 0.9982275796295057 0.41182297978115545 0.1838015933393118 0.6199077340369001 0.9365997909629897 0.2126340991321427 0.1719643466821198 0.8909759804712449 0.0 0.702381650055373
0.35648305584907714 0.9655935451582847 0.7287087604091367 0.822931092237315 0.4370243947788255 0.5407033003304685 0.7440241796704202 0.2470344229716478 0.9271728664642764 0.21391726785862863 0.6412725146622537 0.03573645519262769 0.8347187992219504 0.07370823976766916 0.9548318685876969 0.767693189111726 0.7622210836897912 0.8211668592279238 0.44689851033343087 0.702381650055373 0.0

# Optimal Walk
0 14 16 18 4 2 7 6 19 9 3 12 10 1 17 8 13 20 11 15 5 0
