# Graph size: 21
# Optimal cost: 1.8393477547088217

# Distance Matrix
0.0 0.41302069317212686 0.16622054432214595 0.3144160715878257 0.5838769995043338 0.1887964167676095 0.9196991033717887 0.7794192369302727 0.8731942688482238 0.3718866482000225 0.678199106050359 0.697561678330043 0.08803741358970651 0.36964707242778694 0.5003768888666633 0.960523949585158 0.1328969519491101 0.334016774455698 0.17171695152454913 0.7283355705642045 0.5681091467304644
0.41302069317212686 0.0 0.3611453997171554 0.8984953773472141 0.029755647267127205 0.3118919891020119 0.604656555359666 0.8422367182236554 0.2770375789297771 0.17544325379637848 0.4995994529047231 0.6382490417360126 0.34964897589399835 0.6642368096285209 0.40449225881762285 0.12873686880913127 0.527495185718993 0.7061920189935906 0.36046236358702544 0.1591550160734092 0.9614209835048816
0.16622054432214595 0.3611453997171554 0.0 0.2261806545976367 0.3393403102397843 0.4358807293695026 0.5572416796646663 0.7763740510162653 0.30666546960607177 0.12394592526864334 0.11928138935813692 0.7532231730022076 0.6609134124577086 0.07548456463529651 0.35037276071155055 0.08440268822027241 0.1268563243922013 0.3227151165495761 0.8374992526040874 0.6528392740561585 0.9788193787762615
0.3144160715878257 0.8984953773472141 0.2261806545976367 0.0 0.7436915136844207 0.4657373123457633 0.13998404280669663 0.5486975920850513 0.614720544299065 0.7978823187632023 0.4167768868379087 0.3339492600712738 0.10025715540092539 0.8331193144796335 0.08829098692593684 0.6623834484587381 0.5992537574063901 0.21532513225066108 0.30683359677726496 0.7934109035339003 0.2663532217334238
0.5838769995043338 0.029755647267127205 0.3393403102397843 0.7436915136844207 0.0 0.40006630899269346 0.508319089315227 0.5395292173329683 0.9569798161386589 0.5090822453320794 0.2980186984524842 0.9771640694868147 0.30729557819338815 0.6020213536732675 0.31433115555762836 0.5825911381676641 0.6531549229367258 0.8774228129169797 0.5330066118430498 0.17651351954472871 0.016602818276247433
0.1887964167676095 0.3118919891020119 0.4358807293695026 0.4657373123457633 0.40006630899269346 0.0 0.8784144056526025 0.13929625391545541 0.38997189766527374 0.4441275568876496 0.12332276201376013 0.7917881344496304 0.9746162546984373 0.5677916284984041 0.7073692281603847 0.8292296786605087 0.17196860501151234 0.3785296355079051 0.32885084760448446 0.730425632888956 0.5291592197373297
0.9196991033717887 0.604656555359666 0.5572416796646663 0.13998404280669663 0.508319089315227 0.8784144056526025 0.0 0.8503152334801946 0.8816826930161611 0.9273399638220752 0.0027190894478635874 0.23456381396433834 0.22590471670802104 0.8928185495175366 0.9273635557320191 0.5560512342301015 0.9987317754733878 0.27688939182449057 0.4433034009722647 0.08479331870720908 0.36095343395088586
0.7794192369302727 0.8422367182236554 0.7763740510162653 0.5486975920850513 0.5395292173329683 0.13929625391545541 0.8503152334801946 0.0 0.7493853500436946 0.2734717989484179 0.33274482868527866 0.38696546400791176 0.12167407268231845 0.3211558042654372 0.4298403287847645 0.4014425233590915 0.2665683547370653 0.41887432398174984 0.5708140778409847 0.9416372020425725 0.3330298519604271
0.8731942688482238 0.2770375789297771 0.30666546960607177 0.614720544299065 0.9569798161386589 0.38997189766527374 0.8816826930161611 0.7493853500436946 0.0 0.7009445266188964 0.5923994731770412 0.18151791263513273 0.7610673333258774 0.49503116871150377 0.6399230947652751 0.5924342273829624 0.6422704733443083 0.33207473622661765 0.3129723307584681 0.3347248569851502 0.04270867126961342
0.3718866482000225 0.17544325379637848 0.12394592526864334 0.7978823187632023 0.5090822453320794 0.4441275568876496 0.9273399638220752 0.2734717989484179 0.7009445266188964 0.0 0.6593453227989828 0.6417294845554247 0.3756603129751227 0.007463963455273337 0.10797148262516953 0.7387295384798712 0.6113384150249208 0.09985568202356088 0.7141442506278053 0.9952126203375854 0.33362789478060484
0.678199106050359 0.4995994529047231 0.11928138935813692 0.4167768868379087 0.2980186984524842 0.12332276201376013 0.0027190894478635874 0.33274482868527866 0.5923994731770412 0.6593453227989828 0.0 0.4934537914157412 0.3222985599320305 0.24690650613816245 0.22798135266403807 0.8312670294450462 0.5089253653305622 0.42098840536331716 0.7139158892139968 0.29403080805215875 0.7572697787977394
0.697561678330043 0.6382490417360126 0.7532231730022076 0.3339492600712738 0.9771640694868147 0.7917881344496304 0.23456381396433834 0.38696546400791176 0.18151791263513273 0.6417294845554247 0.4934537914157412 0.0 0.7941390974551517 0.8471859357382221 0.5783089020130854 0.2860219044270207 0.1410173223713338 0.19114950631330907 0.7751623607785739 0.8892085555675334 0.7331453875924759
0.08803741358970651 0.34964897589399835 0.6609134124577086 0.10025715540092539 0.30729557819338815 0.9746162546984373 0.22590471670802104 0.12167407268231845 0.7610673333258774 0.3756603129751227 0.3222985599320305 0.7941390974551517 0.0 0.034555837466412 0.4614275379327971 0.3798456315222354 0.3601117704453912 0.0839583536377414 0.6681847753129163 0.746512610041927 0.2881601622978871
0.36964707242778694 0.6642368096285209 0.07548456463529651 0.8331193144796335 0.6020213536732675 0.5677916284984041 0.8928185495175366 0.3211558042654372 0.49503116871150377 0.007463963455273337 0.24690650613816245 0.8471859357382221 0.034555837466412 0.0 0.2911844054357414 0.7747881823805655 0.9298621961917686 0.34564884233614646 0.7897688464905802 0.7918654736091372 0.20517934505575908
0.5003768888666633 0.40449225881762285 0.35037276071155055 0.08829098692593684 0.31433115555762836 0.7073692281603847 0.9273635557320191 0.4298403287847645 0.6399230947652751 0.10797148262516953 0.22798135266403807 0.5783089020130854 0.4614275379327971 0.2911844054357414 0.0 0.13052772491750886 0.00898553654279266 0.9429869940049113 0.5174559564819908 0.671895116172621 0.9100876143425197
0.960523949585158 0.12873686880913127 0.08440268822027241 0.6623834484587381 0.5825911381676641 0.8292296786605087 0.5560512342301015 0.4014425233590915 0.5924342273829624 0.7387295384798712 0.8312670294450462 0.2860219044270207 0.3798456315222354 0.7747881823805655 0.13052772491750886 0.0 0.9322409266078436 0.757048796122709 0.7458599372396272 0.946593322637844 0.7937416764652577
0.1328969519491101 0.527495185718993 0.1268563243922013 0.5992537574063901 0.6531549229367258 0.17196860501151234 0.9987317754733878 0.2665683547370653 0.6422704733443083 0.6113384150249208 0.5089253653305622 0.1410173223713338 0.3601117704453912 0.9298621961917686 0.00898553654279266 0.9322409266078436 0.0 0.8868398949869858 0.44534929415613145 0.7889315390735464 0.7591368527496095
0.334016774455698 0.7061920189935906 0.3227151165495761 0.21532513225066108 0.8774228129169797 0.3785296355079051 0.27688939182449057 0.41887432398174984 0.33207473622661765 0.09985568202356088 0.42098840536331716 0.19114950631330907 0.0839583536377414 0.34564884233614646 0.9429869940049113 0.757048796122709 0.8868398949869858 0.0 0.03591997023396998 0.5341653360761037 0.07348684196037447
0.17171695152454913 0.36046236358702544 0.8374992526040874 0.30683359677726496 0.5330066118430498 0.32885084760448446 0.4433034009722647 0.5708140778409847 0.3129723307584681 0.7141442506278053 0.7139158892139968 0.7751623607785739 0.6681847753129163 0.7897688464905802 0.5174559564819908 0.7458599372396272 0.44534929415613145 0.03591997023396998 0.0 0.15046764269618818 0.16016748508409662
0.7283355705642045 0.1591550160734092 0.6528392740561585 0.7934109035339003 0.17651351954472871 0.730425632888956 0.08479331870720908 0.9416372020425725 0.3347248569851502 0.9952126203375854 0.29403080805215875 0.8892085555675334 0.746512610041927 0.7918654736091372 0.671895116172621 0.946593322637844 0.7889315390735464 0.5341653360761037 0.15046764269618818 0.0 0.5775093739210306
0.5681091467304644 0.9614209835048816 0.9788193787762615 0.2663532217334238 0.016602818276247433 0.5291592197373297 0.36095343395088586 0.3330298519604271 0.04270867126961342 0.33362789478060484 0.7572697787977394 0.7331453875924759 0.2881601622978871 0.20517934505575908 0.9100876143425197 0.7937416764652577 0.7591368527496095 0.07348684196037447 0.16016748508409662 0.5775093739210306 0.0

# Optimal Walk
0 12 7 5 10 6 19 18 17 9 13 2 15 1 4 20 8 11 16 14 3 0
