# Graph size: 21
# Optimal cost: 1.5794184667800242

# Distance Matrix
0.0 0.7533132904959987 0.9020415697682858 0.11706181850828667 0.7039436059172489 0.020183995181944026 0.7903800631976015 0.4201989134676296 0.6502000729803947 0.8320607318411818 0.7881983334166243 0.6148159503074572 0.2976910419710741 0.12654613312763163 0.007519299125065548 0.07234920693166391 0.1703476498709462 0.247740437884723 0.5386153615269204 0.7204347439878792 0.8201624539416095
0.7533132904959987 0.0 0.6886047416074391 0.5355543891600453 0.21062211850289048 0.4722604622469526 0.3928343989316324 0.3965113641099526 0.6365807975509441 0.7319142281531116 0.1375136764124898 0.22539986270864976 0.9690887549286746 0.5171076092324566 0.003173309085004461 0.22329088880807246 0.37507075075979 0.9827921839574775 0.7044755336926464 0.6512515902394422 0.37017933963756466
0.9020415697682858 0.6886047416074391 0.0 0.8367689586242519 0.602601597247567 0.5306498206715964 0.31788854203092853 0.11216752122111073 0.5495189334787222 0.30263474394877443 0.13279716903875627 0.15778330110750982 0.3246564944254008 0.2554176879413764 0.17181425383983906 0.33507354698375746 0.3161184312449927 0.6461418658306157 0.20412668434673475 0.6694003899296115 0.2714176325627049
0.11706181850828667 0.5355543891600453 0.8367689586242519 0.0 0.09354290445363578 0.03932516573530753 0.4931498008497518 0.3968127722925652 0.9982671085743838 0.8627912591589756 0.9396433309930805 0.8196831225188114 0.4596275002409622 0.5784248182187126 0.9992991444149557 0.4449780717268029 0.4007427929453805 0.49101772235018804 0.7332874344259279 0.534628777779676 0.3884172697798681
0.7039436059172489 0.21062211850289048 0.602601597247567 0.09354290445363578 0.0 0.4740566097254889 0.15496493347873252 0.9179119104808456 0.9397848313590786 0.3634631643569183 0.235661821226948 0.6011062154482109 0.9446537926012633 0.6937581695492255 0.46893371168436837 0.6863847438939078 0.20065297503934998 0.05036081544800075 0.436180097209954 0.9327366873702022 0.9576945909903766
0.020183995181944026 0.4722604622469526 0.5306498206715964 0.03932516573530753 0.4740566097254889 0.0 0.2502126638671809 0.8565702537646371 0.9958149336713599 0.7989322631085235 0.2826409091331208 0.6755060972718491 0.3689562760826307 0.14730752931518376 0.4433533149605735 0.8483908366201793 0.31422344955798776 0.179941951374332 0.3766828797207227 0.6102613921881319 0.620169211583589
0.7903800631976015 0.3928343989316324 0.31788854203092853 0.4931498008497518 0.15496493347873252 0.2502126638671809 0.0 0.9570457122592968 0.8046773876459782 0.1868812907359083 0.8521246633101456 0.1276781426994431 0.5663552616629441 0.09918032999273407 0.8711652192820976 0.6616093664779824 0.21642594536293025 0.4404657623171775 0.7895094377603871 0.6746963147622459 0.8399993193238431
0.4201989134676296 0.3965113641099526 0.11216752122111073 0.3968127722925652 0.9179119104808456 0.8565702537646371 0.9570457122592968 0.0 0.7646192370905621 0.2029573645543692 0.5646006723806237 0.9282855330765182 0.5135327461015031 0.49507670259229297 0.3543400192486541 0.1300128567649863 0.23332572252299622 0.24319649052933723 0.35307790389841975 0.4442681117918087 0.18142447568976994
0.6502000729803947 0.6365807975509441 0.5495189334787222 0.9982671085743838 0.9397848313590786 0.9958149336713599 0.8046773876459782 0.7646192370905621 0.0 0.27286986118011325 0.9867221345481103 0.9526903330422132 0.3103746434794934 0.7053186027712918 0.9253152527225714 0.5024254092894666 0.029295791768456758 0.42147422756151887 0.4398646554209116 0.8459755463431287 0.5901767127284488
0.8320607318411818 0.7319142281531116 0.30263474394877443 0.8627912591589756 0.3634631643569183 0.7989322631085235 0.1868812907359083 0.2029573645543692 0.27286986118011325 0.0 0.726581424142306 0.2581742999909764 0.6200541087369603 0.42374913386035584 0.6409316963370524 0.05740358797455303 0.20278327322946 0.2584661495982715 0.1651463021489451 0.13049368327203592 0.9270478684213628
0.7881983334166243 0.1375136764124898 0.13279716903875627 0.9396433309930805 0.235661821226948 0.2826409091331208 0.8521246633101456 0.5646006723806237 0.9867221345481103 0.726581424142306 0.0 0.39615144069919606 0.07252907553257038 0.694264851459825 0.34754591024699355 0.08917357124866454 0.26636184851813205 0.7689030484834647 0.2600526613133617 0.5665396123162232 0.5066159797444632
0.6148159503074572 0.22539986270864976 0.15778330110750982 0.8196831225188114 0.6011062154482109 0.6755060972718491 0.1276781426994431 0.9282855330765182 0.9526903330422132 0.2581742999909764 0.39615144069919606 0.0 0.5517178222795854 0.9536414669143243 0.890090458807842 0.3584054709549195 0.7324675589232263 0.7400815692695217 0.4870204008905352 0.5436090339789084 0.25321241427036145
0.2976910419710741 0.9690887549286746 0.3246564944254008 0.4596275002409622 0.9446537926012633 0.3689562760826307 0.5663552616629441 0.5135327461015031 0.3103746434794934 0.6200541087369603 0.07252907553257038 0.5517178222795854 0.0 0.1493592181234541 0.901231208851157 0.4874390352660135 0.6025691628091938 0.3062453045155771 0.033571405802967136 0.7433381588450757 0.8524061443851888
0.12654613312763163 0.5171076092324566 0.2554176879413764 0.5784248182187126 0.6937581695492255 0.14730752931518376 0.09918032999273407 0.49507670259229297 0.7053186027712918 0.42374913386035584 0.694264851459825 0.9536414669143243 0.1493592181234541 0.0 0.9100591339954732 0.8997993953695163 0.15243489975818303 0.2944310479668495 0.9282546155695353 0.7251490026924201 0.0478914565455415
0.007519299125065548 0.003173309085004461 0.17181425383983906 0.9992991444149557 0.46893371168436837 0.4433533149605735 0.8711652192820976 0.3543400192486541 0.9253152527225714 0.6409316963370524 0.34754591024699355 0.890090458807842 0.901231208851157 0.9100591339954732 0.0 0.7147874727186124 0.5841814622795871 0.015664170746668482 0.5498287463599146 0.056691373302916404 0.4703510663142092
0.07234920693166391 0.22329088880807246 0.33507354698375746 0.4449780717268029 0.6863847438939078 0.8483908366201793 0.6616093664779824 0.1300128567649863 0.5024254092894666 0.05740358797455303 0.08917357124866454 0.3584054709549195 0.4874390352660135 0.8997993953695163 0.7147874727186124 0.0 0.09900974039339827 0.013114907908081896 0.46430141151684245 0.6507626036904637 0.5112530956176163
0.1703476498709462 0.37507075075979 0.3161184312449927 0.4007427929453805 0.20065297503934998 0.31422344955798776 0.21642594536293025 0.23332572252299622 0.029295791768456758 0.20278327322946 0.26636184851813205 0.7324675589232263 0.6025691628091938 0.15243489975818303 0.5841814622795871 0.09900974039339827 0.0 0.98815520450629 0.47543241513159074 0.42932217401460604 0.5211514155332588
0.247740437884723 0.9827921839574775 0.6461418658306157 0.49101772235018804 0.05036081544800075 0.179941951374332 0.4404657623171775 0.24319649052933723 0.42147422756151887 0.2584661495982715 0.7689030484834647 0.7400815692695217 0.3062453045155771 0.2944310479668495 0.015664170746668482 0.013114907908081896 0.98815520450629 0.0 0.6339230348236584 0.43638399758779256 0.056113677623905955
0.5386153615269204 0.7044755336926464 0.20412668434673475 0.7332874344259279 0.436180097209954 0.3766828797207227 0.7895094377603871 0.35307790389841975 0.4398646554209116 0.1651463021489451 0.2600526613133617 0.4870204008905352 0.033571405802967136 0.9282546155695353 0.5498287463599146 0.46430141151684245 0.47543241513159074 0.6339230348236584 0.0 0.029767974327751134 0.3828226847848627
0.7204347439878792 0.6512515902394422 0.6694003899296115 0.534628777779676 0.9327366873702022 0.6102613921881319 0.6746963147622459 0.4442681117918087 0.8459755463431287 0.13049368327203592 0.5665396123162232 0.5436090339789084 0.7433381588450757 0.7251490026924201 0.056691373302916404 0.6507626036904637 0.42932217401460604 0.43638399758779256 0.029767974327751134 0.0 0.04907180658713517
0.8201624539416095 0.37017933963756466 0.2714176325627049 0.3884172697798681 0.9576945909903766 0.620169211583589 0.8399993193238431 0.18142447568976994 0.5901767127284488 0.9270478684213628 0.5066159797444632 0.25321241427036145 0.8524061443851888 0.0478914565455415 0.4703510663142092 0.5112530956176163 0.5211514155332588 0.056113677623905955 0.3828226847848627 0.04907180658713517 0.0

# Optimal Walk
0 14 1 17 16 8 7 2 11 6 13 20 19 18 12 10 9 15 4 3 5 0
