# Graph size: 21
# Optimal cost: 1.6520750612845285

# Distance Matrix
0.0 0.6916580809164006 0.5409696809906037 0.8232685878546333 0.2130137311307545 0.010887877576202132 0.13392110631965537 0.5476128750704178 0.5676690284572491 0.43677160001467874 0.5173851249104134 0.6223364033588975 0.25077578504606557 0.08953570718118331 0.9989507956119337 0.9102077227057871 0.9863726204767416 0.07917190279742625 0.6163191574036584 0.6376163647261962 0.1481847628534314
0.6916580809164006 0.0 0.8894405138352494 0.19394581015846057 0.5345010214374589 0.3555966190117167 0.8322636608827311 0.988360756304055 0.7995655675745033 0.4616616714740368 0.28176723096851763 0.09748946888954968 0.1278737787798908 0.7808366961510276 0.7732071883848856 0.7868370227422744 0.1795157853744499 0.7722907855267506 0.2092425545698594 0.8941875060270493 0.2908900382533053
0.5409696809906037 0.8894405138352494 0.0 0.29405441800821575 0.3544933365906444 0.5145090959276765 0.9342468299883202 0.9739372126593598 0.5190493929179008 0.23804463613150073 0.41649058784713344 0.20505759777532406 0.8325713289527447 0.3171064177661138 0.574839741178386 0.7669915837427892 0.7928524520896585 0.27088309308695646 0.7747947101426367 0.09796119517862334 0.8361862821553361
0.8232685878546333 0.19394581015846057 0.29405441800821575 0.0 0.6026056763016026 0.34496600415287604 0.799148715662776 0.5216115335007518 0.4997085574524852 0.693665899354169 0.039135038238662156 0.5470823431673949 0.6151605520786899 0.7437690426466507 0.14462608488979944 0.22283866152042142 0.2869302612415121 0.9951982491342091 0.8130446022588557 0.21572783786147964 0.8425886336662161
0.2130137311307545 0.5345010214374589 0.3544933365906444 0.6026056763016026 0.0 0.4784943281659104 0.06322841566935089 0.347955297040331 0.9573413178573709 0.09827922033478753 0.2523912039014091 0.9847185920819015 0.38632175309917105 0.3820241368271716 0.2306648841150175 0.07740586679909134 0.7757655968596397 0.44738552982334234 0.9789575994056315 0.24251585799257103 0.6727258467090239
0.010887877576202132 0.3555966190117167 0.5145090959276765 0.34496600415287604 0.4784943281659104 0.0 0.08047342107970623 0.8815248471656925 0.3511839910013518 0.29927716893789746 0.17776813031594696 0.12156551617079114 0.9801747160159505 0.13469682306722264 0.4460030289073572 0.5563186945469338 0.7324274229665639 0.8578990654505618 0.17718258274168996 0.8275512036161126 0.8737197502718222
0.13392110631965537 0.8322636608827311 0.9342468299883202 0.799148715662776 0.06322841566935089 0.08047342107970623 0.0 0.7424384615558562 0.12000628331350949 0.3939896954448824 0.9517382249072914 0.16768699792583908 0.9543210518714719 0.6341653462755545 0.06482369646394892 0.5123287115314678 0.6418255495658978 0.1613034007798555 0.22988415631926784 0.3301047297283829 0.9741023533848678
0.5476128750704178 0.988360756304055 0.9739372126593598 0.5216115335007518 0.347955297040331 0.8815248471656925 0.7424384615558562 0.0 0.016303447391710968 0.8624457185623047 0.3727806614651693 0.9681546316416808 0.4605207633606728 0.726537746929015 0.7215971997741054 0.36997599253567826 0.6769731228240181 0.8380853485050807 0.01600430215588966 0.4182836775035249 0.8067610972225747
0.5676690284572491 0.7995655675745033 0.5190493929179008 0.4997085574524852 0.9573413178573709 0.3511839910013518 0.12000628331350949 0.016303447391710968 0.0 0.7127092169457352 0.5272675764066796 0.19339671944736425 0.39690448059084016 0.0373083652885321 0.614575569466741 0.3303423973942238 0.5164612992001087 0.31452944089180923 0.9225646914954637 0.6106257274635043 0.5097096905844866
0.43677160001467874 0.4616616714740368 0.23804463613150073 0.693665899354169 0.09827922033478753 0.29927716893789746 0.3939896954448824 0.8624457185623047 0.7127092169457352 0.0 0.2802009829449985 0.5317185746144985 0.9636982971323409 0.598337521093074 0.9260393785289357 0.1568867720980638 0.7070146992095043 0.3189982103513779 0.7734084226114871 0.40420758941856627 0.43266566354117353
0.5173851249104134 0.28176723096851763 0.41649058784713344 0.039135038238662156 0.2523912039014091 0.17776813031594696 0.9517382249072914 0.3727806614651693 0.5272675764066796 0.2802009829449985 0.0 0.08825546960773578 0.6386418636804363 0.04300819541875023 0.8089291620668241 0.02385383853163847 0.5064142605408934 0.22679494040858406 0.7066821604557192 0.5194157235970767 0.2848725246440529
0.6223364033588975 0.09748946888954968 0.20505759777532406 0.5470823431673949 0.9847185920819015 0.12156551617079114 0.16768699792583908 0.9681546316416808 0.19339671944736425 0.5317185746144985 0.08825546960773578 0.0 0.6062350130425898 0.48346702243982365 0.9690798308823331 0.15471675391812 0.31707082040350054 0.9621086159777505 0.46926016382591207 0.9441456301382127 0.8971958733189581
0.25077578504606557 0.1278737787798908 0.8325713289527447 0.6151605520786899 0.38632175309917105 0.9801747160159505 0.9543210518714719 0.4605207633606728 0.39690448059084016 0.9636982971323409 0.6386418636804363 0.6062350130425898 0.0 0.6261290012868164 0.286618228126887 0.46255835006864987 0.2896618345629435 0.8208089711823882 0.37450589733405426 0.008131299199959918 0.2221742741388142
0.08953570718118331 0.7808366961510276 0.3171064177661138 0.7437690426466507 0.3820241368271716 0.13469682306722264 0.6341653462755545 0.726537746929015 0.0373083652885321 0.598337521093074 0.04300819541875023 0.48346702243982365 0.6261290012868164 0.0 0.2965967881413668 0.24454987642406334 0.32786469268054774 0.4186738052359734 0.26066591879221324 0.05571292808554518 0.15342041286991437
0.9989507956119337 0.7732071883848856 0.574839741178386 0.14462608488979944 0.2306648841150175 0.4460030289073572 0.06482369646394892 0.7215971997741054 0.614575569466741 0.9260393785289357 0.8089291620668241 0.9690798308823331 0.286618228126887 0.2965967881413668 0.0 0.294888931441591 0.21277553923787118 0.8700812971496192 0.06204939768266837 0.01728567495979072 0.2331890008566332
0.9102077227057871 0.7868370227422744 0.7669915837427892 0.22283866152042142 0.07740586679909134 0.5563186945469338 0.5123287115314678 0.36997599253567826 0.3303423973942238 0.1568867720980638 0.02385383853163847 0.15471675391812 0.46255835006864987 0.24454987642406334 0.294888931441591 0.0 0.642791590898693 0.8191331668935553 0.06362768160602239 0.06325657422036357 0.6629244173974366
0.9863726204767416 0.1795157853744499 0.7928524520896585 0.2869302612415121 0.7757655968596397 0.7324274229665639 0.6418255495658978 0.6769731228240181 0.5164612992001087 0.7070146992095043 0.5064142605408934 0.31707082040350054 0.2896618345629435 0.32786469268054774 0.21277553923787118 0.642791590898693 0.0 0.5473406218274034 0.7134005162212249 0.2733712378449268 0.8428563505222217
0.07917190279742625 0.7722907855267506 0.27088309308695646 0.9951982491342091 0.44738552982334234 0.8578990654505618 0.1613034007798555 0.8380853485050807 0.31452944089180923 0.3189982103513779 0.22679494040858406 0.9621086159777505 0.8208089711823882 0.4186738052359734 0.8700812971496192 0.8191331668935553 0.5473406218274034 0.0 0.03712798325380173 0.21764196383108414 0.04835690449916419
0.6163191574036584 0.2092425545698594 0.7747947101426367 0.8130446022588557 0.9789575994056315 0.17718258274168996 0.22988415631926784 0.01600430215588966 0.9225646914954637 0.7734084226114871 0.7066821604557192 0.46926016382591207 0.37450589733405426 0.26066591879221324 0.06204939768266837 0.06362768160602239 0.7134005162212249 0.03712798325380173 0.0 0.46547580218098794 0.2642861362050011
0.6376163647261962 0.8941875060270493 0.09796119517862334 0.21572783786147964 0.24251585799257103 0.8275512036161126 0.3301047297283829 0.4182836775035249 0.6106257274635043 0.40420758941856627 0.5194157235970767 0.9441456301382127 0.008131299199959918 0.05571292808554518 0.01728567495979072 0.06325657422036357 0.2733712378449268 0.21764196383108414 0.46547580218098794 0.0 0.750259839133061
0.1481847628534314 0.2908900382533053 0.8361862821553361 0.8425886336662161 0.6727258467090239 0.8737197502718222 0.9741023533848678 0.8067610972225747 0.5097096905844866 0.43266566354117353 0.2848725246440529 0.8971958733189581 0.2221742741388142 0.15342041286991437 0.2331890008566332 0.6629244173974366 0.8428563505222217 0.04835690449916419 0.2642861362050011 0.750259839133061 0.0

# Optimal Walk
0 20 17 18 7 8 13 15 10 3 11 1 16 14 19 12 2 9 4 6 5 0
