# Graph size: 21
# Optimal cost: 2.1817285935786614

# Distance Matrix
0.0 0.7598529821354677 0.04006261599169836 0.9483098486149495 0.29895452109822374 0.3580604114735785 0.6600831781673616 0.0558518504726887 0.014725107189236808 0.03070346563338755 0.2639470542395187 0.5396076451274691 0.4928156990798881 0.866833247060094 0.9880303016925737 0.1487016742166225 0.8351022880372475 0.5350349786670479 0.33911401493936977 0.5329403876406633 0.4668588154770217
0.7598529821354677 0.0 0.17480467163844793 0.4009591264602005 0.9525450286633198 0.2621712017709438 0.8121578777772441 0.11892343752459844 0.9698952691359498 0.7282434275993953 0.7230847094047655 0.5952683891954555 0.6294177927277226 0.09579453254036996 0.528817479962917 0.6647171948508983 0.5077301882432464 0.640283706348497 0.4484782913989458 0.8879903924237795 0.6733776608064214
0.04006261599169836 0.17480467163844793 0.0 0.06749051491481828 0.05752603941139234 0.5004587289808098 0.03397587561020632 0.3370153873492354 0.10452346403553958 0.7837169346722757 0.7683006675066096 0.868555771603062 0.42409636705081266 0.7897970464090305 0.5418410718817623 0.6783510900785059 0.7505594261383068 0.3409027189710472 0.9865592723701064 0.6269798452488131 0.28453329758098933
0.9483098486149495 0.4009591264602005 0.06749051491481828 0.0 0.7519611660917215 0.48907747324230766 0.6247304680888621 0.19398065315139112 0.7789525658482668 0.6762379997011001 0.3370572410617865 0.8414394060792973 0.8828914749961512 0.11296010621568187 0.6601709418950958 0.42083319211141035 0.017498418011386074 0.6345427962443301 0.995603650136227 0.8600910968814547 0.7980140919844445
0.29895452109822374 0.9525450286633198 0.05752603941139234 0.7519611660917215 0.0 0.42403994453283855 0.14262575329345317 0.2999095574167585 0.08927267897515356 0.41506070531938755 0.4486823415806338 0.1943413699762595 0.7630646425937134 0.8513244223117828 0.7105554130562511 0.0954983780336417 0.6179838653782693 0.8665257146840463 0.20274711763905873 0.48250539506470824 0.22936743376762858
0.3580604114735785 0.2621712017709438 0.5004587289808098 0.48907747324230766 0.42403994453283855 0.0 0.7615427830195225 0.12461864747227402 0.5739451740210787 0.8026010332929567 0.25074729477592006 0.7041079465875807 0.9233854145894054 0.9399766173662225 0.32515194081236654 0.17338929565532424 0.7391803161568415 0.5994531147314728 0.5373577006721927 0.8406256750369145 0.29259099412597966
0.6600831781673616 0.8121578777772441 0.03397587561020632 0.6247304680888621 0.14262575329345317 0.7615427830195225 0.0 0.4230852942560802 0.45173927963425176 0.5220053897511759 0.48237053909598737 0.043549438389322015 0.7230344426580104 0.6695419418753373 0.609310806166288 0.9391090807524851 0.7674787446722654 0.6326565346891817 0.6808502183061468 0.9005277570937119 0.2728541403043129
0.0558518504726887 0.11892343752459844 0.3370153873492354 0.19398065315139112 0.2999095574167585 0.12461864747227402 0.4230852942560802 0.0 0.6253506284276642 0.11369249467634812 0.19785003706160897 0.8572965546914976 0.13581590156516388 0.5314888333652864 0.09063583993017521 0.031433844570726066 0.7116170490208444 0.46498664999658557 0.4121475763518627 0.24440230125252305 0.2811231524675185
0.014725107189236808 0.9698952691359498 0.10452346403553958 0.7789525658482668 0.08927267897515356 0.5739451740210787 0.45173927963425176 0.6253506284276642 0.0 0.1536504478865004 0.5761531377804135 0.20151628870345573 0.4306510898720386 0.32061110619121 0.5044224105646897 0.829842337028353 0.34682455867910134 0.7469020533386406 0.6536585429913848 0.23765529400483287 0.45494080596355213
0.03070346563338755 0.7282434275993953 0.7837169346722757 0.6762379997011001 0.41506070531938755 0.8026010332929567 0.5220053897511759 0.11369249467634812 0.1536504478865004 0.0 0.7062921045043692 0.5325197269108234 0.7647311968724154 0.1366763394941768 0.838626346257021 0.8425506699523011 0.752657381462519 0.29425216973042634 0.8374380209398314 0.6512580311419025 0.9778175887759535
0.2639470542395187 0.7230847094047655 0.7683006675066096 0.3370572410617865 0.4486823415806338 0.25074729477592006 0.48237053909598737 0.19785003706160897 0.5761531377804135 0.7062921045043692 0.0 0.9432176698475162 0.40669582336591004 0.8112267443547855 0.7844360760853429 0.46230193571047695 0.30190271571190885 0.1760897844882401 0.8310410634448507 0.6063197639745375 0.9123640397785249
0.5396076451274691 0.5952683891954555 0.868555771603062 0.8414394060792973 0.1943413699762595 0.7041079465875807 0.043549438389322015 0.8572965546914976 0.20151628870345573 0.5325197269108234 0.9432176698475162 0.0 0.03232652046227491 0.02093509649480796 0.8969093224331617 0.7642938375059227 0.5652800840881225 0.6257356537651133 0.545916775494414 0.5285304156073447 0.10844732161449666
0.4928156990798881 0.6294177927277226 0.42409636705081266 0.8828914749961512 0.7630646425937134 0.9233854145894054 0.7230344426580104 0.13581590156516388 0.4306510898720386 0.7647311968724154 0.40669582336591004 0.03232652046227491 0.0 0.8307765068373094 0.6375329020023632 0.6019831179441786 0.3870096106569857 0.9321367046457265 0.8978252862134957 0.09853477142658384 0.9597364966332353
0.866833247060094 0.09579453254036996 0.7897970464090305 0.11296010621568187 0.8513244223117828 0.9399766173662225 0.6695419418753373 0.5314888333652864 0.32061110619121 0.1366763394941768 0.8112267443547855 0.02093509649480796 0.8307765068373094 0.0 0.19729035884222723 0.014099136256945588 0.13297439897768826 0.5878082943875201 0.9648473856737914 0.131558444415935 0.6106380747771867
0.9880303016925737 0.528817479962917 0.5418410718817623 0.6601709418950958 0.7105554130562511 0.32515194081236654 0.609310806166288 0.09063583993017521 0.5044224105646897 0.838626346257021 0.7844360760853429 0.8969093224331617 0.6375329020023632 0.19729035884222723 0.0 0.3147677673348299 0.903581819134547 0.8510286295892056 0.34578585490490044 0.6287256024540833 0.47692053337595397
0.1487016742166225 0.6647171948508983 0.6783510900785059 0.42083319211141035 0.0954983780336417 0.17338929565532424 0.9391090807524851 0.031433844570726066 0.829842337028353 0.8425506699523011 0.46230193571047695 0.7642938375059227 0.6019831179441786 0.014099136256945588 0.3147677673348299 0.0 0.7790407575290581 0.22334522797889933 0.1961072010220719 0.5662922276707881 0.44036623183127377
0.8351022880372475 0.5077301882432464 0.7505594261383068 0.017498418011386074 0.6179838653782693 0.7391803161568415 0.7674787446722654 0.7116170490208444 0.34682455867910134 0.752657381462519 0.30190271571190885 0.5652800840881225 0.3870096106569857 0.13297439897768826 0.903581819134547 0.7790407575290581 0.0 0.29150269563005826 0.3056440853769894 0.8952128594134158 0.15313030773553382
0.5350349786670479 0.640283706348497 0.3409027189710472 0.6345427962443301 0.8665257146840463 0.5994531147314728 0.6326565346891817 0.46498664999658557 0.7469020533386406 0.29425216973042634 0.1760897844882401 0.6257356537651133 0.9321367046457265 0.5878082943875201 0.8510286295892056 0.22334522797889933 0.29150269563005826 0.0 0.1267266402101015 0.3419756184370707 0.3657102239679235
0.33911401493936977 0.4484782913989458 0.9865592723701064 0.995603650136227 0.20274711763905873 0.5373577006721927 0.6808502183061468 0.4121475763518627 0.6536585429913848 0.8374380209398314 0.8310410634448507 0.545916775494414 0.8978252862134957 0.9648473856737914 0.34578585490490044 0.1961072010220719 0.3056440853769894 0.1267266402101015 0.0 0.2879216349842916 0.5481564626851596
0.5329403876406633 0.8879903924237795 0.6269798452488131 0.8600910968814547 0.48250539506470824 0.8406256750369145 0.9005277570937119 0.24440230125252305 0.23765529400483287 0.6512580311419025 0.6063197639745375 0.5285304156073447 0.09853477142658384 0.131558444415935 0.6287256024540833 0.5662922276707881 0.8952128594134158 0.3419756184370707 0.2879216349842916 0.0 0.32014207816947415
0.4668588154770217 0.6733776608064214 0.28453329758098933 0.7980140919844445 0.22936743376762858 0.29259099412597966 0.2728541403043129 0.2811231524675185 0.45494080596355213 0.9778175887759535 0.9123640397785249 0.10844732161449666 0.9597364966332353 0.6106380747771867 0.47692053337595397 0.44036623183127377 0.15313030773553382 0.3657102239679235 0.5481564626851596 0.32014207816947415 0.0

# Optimal Walk
0 8 4 18 17 10 5 14 7 15 13 1 19 12 11 20 16 3 2 6 9 0
