# MCW Instance
# Type: UNIFORM
# N: 21
# Optimal cost: 0.9089890022225722
# Optimal tour (permutation): [0, 12, 15, 8, 14, 16, 9, 13, 5, 6, 19, 3, 17, 4, 18, 20, 11, 7, 2, 1, 10, 0]
# Optimal walk (full path): [0, 12, 15, 8, 14, 16, 9, 13, 5, 6, 19, 3, 4, 17, 4, 18, 20, 2, 11, 2, 7, 2, 1, 2, 10, 0]
# Walk size: 26
# Is walk (has repeats): true

# Distance Matrix
0.0000000000 0.9525284569 0.1803105373 0.5081354051 0.8605686023 0.3595319901 0.0199266578 0.0727941260 0.9953406864 0.4579404105 0.0479944692 0.0907712468 0.0388671430 0.0341645177 0.7501737724 0.6552095965 0.2096875522 0.4650828062 0.7144633019 0.7077041685 0.9508955532
0.9525284569 0.0000000000 0.0231951965 0.5531462916 0.2108305983 0.4061850011 0.7270198368 0.8980326690 0.6559713254 0.4639588653 0.0788048295 0.0896337099 0.9013428885 0.7875001251 0.6576028157 0.4084442777 0.7267293702 0.8673681336 0.9429831526 0.9552968276 0.1642790160
0.1803105373 0.0231951965 0.0000000000 0.2815977646 0.9331328014 0.5777902139 0.6188218721 0.0299426330 0.0908237587 0.5610856004 0.0265186191 0.0203182653 0.9017014914 0.1539008374 0.8172516891 0.5287644132 0.8615750322 0.3843235108 0.2440218069 0.7286605266 0.0228664896
0.5081354051 0.5531462916 0.2815977646 0.0000000000 0.0351022114 0.7217143582 0.1905916830 0.3251038332 0.0943645482 0.1779516234 0.5911771255 0.8103174451 0.4752492916 0.0603486767 0.7373369975 0.4814280508 0.3067294052 0.5673419132 0.4118872731 0.0001890093 0.6379414828
0.8605686023 0.2108305983 0.9331328014 0.0351022114 0.0000000000 0.8738610087 0.4770167447 0.6409741764 0.9696266869 0.6084668911 0.1341142457 0.9176771311 0.6288263787 0.6051791104 0.2315779880 0.0832162460 0.6367659140 0.0010685620 0.0366533372 0.2646146748 0.3848981949
0.3595319901 0.4061850011 0.5777902139 0.7217143582 0.8738610087 0.0000000000 0.0797921935 0.9430090770 0.3413524298 0.1303680019 0.8715983795 0.1726765824 0.8006630817 0.0496971670 0.4119332526 0.6491401065 0.7106754020 0.3482798713 0.7336292780 0.8677806306 0.6407755308
0.0199266578 0.7270198368 0.6188218721 0.1905916830 0.4770167447 0.0797921935 0.0000000000 0.7133158930 0.1217598468 0.7705397034 0.8282928359 0.2190993868 0.8955942671 0.3435838786 0.1415887591 0.6461192281 0.9986897242 0.8999141092 0.4218542999 0.0592165856 0.9760081189
0.0727941260 0.8980326690 0.0299426330 0.3251038332 0.6409741764 0.9430090770 0.7133158930 0.0000000000 0.7832791312 0.5993990947 0.4050837041 0.4960474160 0.5354150154 0.5749405923 0.8356779073 0.4363281336 0.4055482029 0.2323793318 0.4416629090 0.6921782833 0.4492623950
0.9953406864 0.6559713254 0.0908237587 0.0943645482 0.9696266869 0.3413524298 0.1217598468 0.7832791312 0.0000000000 0.1067721564 0.0887792899 0.2916102268 0.3632444837 0.1696924737 0.0900848817 0.1031858533 0.6330884236 0.9138923830 0.5182944769 0.4091168190 0.5332498297
0.4579404105 0.4639588653 0.5610856004 0.1779516234 0.6084668911 0.1303680019 0.7705397034 0.5993990947 0.1067721564 0.0000000000 0.4201588733 0.0649880098 0.8824491445 0.0114089029 0.3714823744 0.4872449169 0.0550324979 0.5139120934 0.0431326108 0.8473014615 0.1920759284
0.0479944692 0.0788048295 0.0265186191 0.5911771255 0.1341142457 0.8715983795 0.8282928359 0.4050837041 0.0887792899 0.4201588733 0.0000000000 0.3646284079 0.1419632987 0.9471174276 0.5994440457 0.3964693026 0.9942438128 0.5872765901 0.7814483230 0.1529852941 0.9885425105
0.0907712468 0.0896337099 0.0203182653 0.8103174451 0.9176771311 0.1726765824 0.2190993868 0.4960474160 0.2916102268 0.0649880098 0.3646284079 0.0000000000 0.5384358190 0.5397406283 0.1268671844 0.3686628002 0.4035753323 0.0580168517 0.1828428987 0.4413598901 0.8705927610
0.0388671430 0.9013428885 0.9017014914 0.4752492916 0.6288263787 0.8006630817 0.8955942671 0.5354150154 0.3632444837 0.8824491445 0.1419632987 0.5384358190 0.0000000000 0.2525907941 0.5243757205 0.0145425113 0.2073221212 0.1854993989 0.3067333031 0.4138904508 0.2348481857
0.0341645177 0.7875001251 0.1539008374 0.0603486767 0.6051791104 0.0496971670 0.3435838786 0.5749405923 0.1696924737 0.0114089029 0.9471174276 0.5397406283 0.2525907941 0.0000000000 0.1346523966 0.2734113814 0.7392954667 0.4300253885 0.9946410255 0.5985596092 0.1172595365
0.7501737724 0.6576028157 0.8172516891 0.7373369975 0.2315779880 0.4119332526 0.1415887591 0.8356779073 0.0900848817 0.3714823744 0.5994440457 0.1268671844 0.5243757205 0.1346523966 0.0000000000 0.2544003837 0.0421715309 0.4549713410 0.5813612378 0.2842748708 0.7416913370
0.6552095965 0.4084442777 0.5287644132 0.4814280508 0.0832162460 0.6491401065 0.6461192281 0.4363281336 0.1031858533 0.4872449169 0.3964693026 0.3686628002 0.0145425113 0.2734113814 0.2544003837 0.0000000000 0.6953633738 0.8701269530 0.2254362411 0.1896270994 0.4340853745
0.2096875522 0.7267293702 0.8615750322 0.3067294052 0.6367659140 0.7106754020 0.9986897242 0.4055482029 0.6330884236 0.0550324979 0.9942438128 0.4035753323 0.2073221212 0.7392954667 0.0421715309 0.6953633738 0.0000000000 0.8701212148 0.4361210985 0.9997551203 0.2470629528
0.4650828062 0.8673681336 0.3843235108 0.5673419132 0.0010685620 0.3482798713 0.8999141092 0.2323793318 0.9138923830 0.5139120934 0.5872765901 0.0580168517 0.1854993989 0.4300253885 0.4549713410 0.8701269530 0.8701212148 0.0000000000 0.6517960494 0.1530666048 0.9175768472
0.7144633019 0.9429831526 0.2440218069 0.4118872731 0.0366533372 0.7336292780 0.4218542999 0.4416629090 0.5182944769 0.0431326108 0.7814483230 0.1828428987 0.3067333031 0.9946410255 0.5813612378 0.2254362411 0.4361210985 0.6517960494 0.0000000000 0.1696924798 0.0466162857
0.7077041685 0.9552968276 0.7286605266 0.0001890093 0.2646146748 0.8677806306 0.0592165856 0.6921782833 0.4091168190 0.8473014615 0.1529852941 0.4413598901 0.4138904508 0.5985596092 0.2842748708 0.1896270994 0.9997551203 0.1530666048 0.1696924798 0.0000000000 0.2180433962
0.9508955532 0.1642790160 0.0228664896 0.6379414828 0.3848981949 0.6407755308 0.9760081189 0.4492623950 0.5332498297 0.1920759284 0.9885425105 0.8705927610 0.2348481857 0.1172595365 0.7416913370 0.4340853745 0.2470629528 0.9175768472 0.0466162857 0.2180433962 0.0000000000
