# MCW Instance
# Type: UNIFORM
# N: 21
# Optimal cost: 1.2599998785911954
# Optimal tour (permutation): [0, 16, 17, 5, 2, 15, 10, 19, 11, 20, 3, 8, 4, 13, 12, 9, 1, 18, 7, 14, 6, 0]
# Optimal walk (full path): [0, 16, 0, 17, 5, 17, 2, 15, 10, 15, 19, 11, 19, 20, 3, 8, 4, 9, 12, 13, 12, 9, 1, 9, 18, 7, 14, 6, 0]
# Walk size: 29
# Is walk (has repeats): true

# Distance Matrix
0.0000000000 0.4189232987 0.6885484501 0.0897443125 0.5705490286 0.9556045137 0.1067548710 0.4253383719 0.3166298223 0.1929399837 0.5574315486 0.7543203656 0.7813779063 0.2147714210 0.6210548873 0.2037308193 0.0244998059 0.0181318580 0.1637475521 0.3881492669 0.6218503945
0.4189232987 0.0000000000 0.7192380682 0.9947645038 0.7973622128 0.4879506661 0.7511985522 0.4456031051 0.3124804868 0.0162633675 0.8857427730 0.9659828885 0.6793939959 0.5235847038 0.7247542321 0.7469792119 0.3475533419 0.2905750343 0.9021163639 0.3278844566 0.9424193886
0.6885484501 0.7192380682 0.0000000000 0.3273653386 0.6123569036 0.1209090980 0.7815234205 0.3613401259 0.2398028489 0.7966245714 0.2669320194 0.4436120375 0.8004346654 0.5130881988 0.6910125132 0.0013664653 0.6283553226 0.0428803901 0.9777462210 0.1251699299 0.2397653387
0.0897443125 0.9947645038 0.3273653386 0.0000000000 0.9548224496 0.1484384212 0.3734987773 0.5895632368 0.1409332030 0.8485253869 0.4011595805 0.9991653703 0.1442212522 0.1012807081 0.2739363641 0.8788672691 0.9391986516 0.5645742098 0.4187139537 0.9940445806 0.0445414202
0.5705490286 0.7973622128 0.6123569036 0.9548224496 0.0000000000 0.9584387620 0.7764906790 0.4317178769 0.1061107468 0.0040515813 0.8751081338 0.6124829568 0.3785880375 0.1688384034 0.2191889513 0.6625342101 0.8552663200 0.7477600692 0.6066886073 0.2114854595 0.1480788828
0.9556045137 0.4879506661 0.1209090980 0.1484384212 0.9584387620 0.0000000000 0.3274432947 0.7246304696 0.2139191513 0.6037359258 0.4776682379 0.6510079614 0.7060714244 0.5568783917 0.5938273944 0.6955014023 0.5037870580 0.0674474757 0.1743221982 0.3485714081 0.7238547875
0.1067548710 0.7511985522 0.7815234205 0.3734987773 0.7764906790 0.3274432947 0.0000000000 0.9670075336 0.4584645407 0.9766546182 0.6680603855 0.5475488420 0.2733026291 0.3006015045 0.0477710211 0.7663358208 0.1418918758 0.6251606789 0.7465912685 0.4116557904 0.1908832633
0.4253383719 0.4456031051 0.3613401259 0.5895632368 0.4317178769 0.7246304696 0.9670075336 0.0000000000 0.2492269932 0.3196075692 0.2768616112 0.1619027416 0.4797363089 0.2099646165 0.0238914283 0.8790475038 0.1965023645 0.2269935739 0.0824871972 0.8539257972 0.9709565060
0.3166298223 0.3124804868 0.2398028489 0.1409332030 0.1061107468 0.2139191513 0.4584645407 0.2492269932 0.0000000000 0.1748386909 0.6276232831 0.3200190807 0.3286641766 0.6465053727 0.4051946562 0.8797463807 0.8636566529 0.9054795337 0.9348045313 0.1204630513 0.5620304443
0.1929399837 0.0162633675 0.7966245714 0.8485253869 0.0040515813 0.6037359258 0.9766546182 0.3196075692 0.1748386909 0.0000000000 0.4655440454 0.4085288437 0.0097263831 0.8729307087 0.4491456230 0.4258253962 0.6155137155 0.7769493334 0.0556410203 0.5572937498 0.7136788731
0.5574315486 0.8857427730 0.2669320194 0.4011595805 0.8751081338 0.4776682379 0.6680603855 0.2768616112 0.6276232831 0.4655440454 0.0000000000 0.3451320271 0.5029786879 0.6137810646 0.1427851155 0.0562034644 0.6198483231 0.4123686085 0.3455539114 0.4452826657 0.8600572429
0.7543203656 0.9659828885 0.4436120375 0.9991653703 0.6124829568 0.6510079614 0.5475488420 0.1619027416 0.3200190807 0.4085288437 0.3451320271 0.0000000000 0.7770623103 0.3965209396 0.4942759517 0.8868694269 0.4895497181 0.9570914584 0.5422977547 0.0322689761 0.9141753019
0.7813779063 0.6793939959 0.8004346654 0.1442212522 0.3785880375 0.7060714244 0.2733026291 0.4797363089 0.3286641766 0.0097263831 0.5029786879 0.7770623103 0.0000000000 0.0220397124 0.3938846211 0.8745871897 0.0613245204 0.0255978946 0.7334310637 0.8976581266 0.9246964327
0.2147714210 0.5235847038 0.5130881988 0.1012807081 0.1688384034 0.5568783917 0.3006015045 0.2099646165 0.6465053727 0.8729307087 0.6137810646 0.3965209396 0.0220397124 0.0000000000 0.8606317585 0.9161904521 0.6956448454 0.0304839043 0.6310023955 0.6993479427 0.4699043503
0.6210548873 0.7247542321 0.6910125132 0.2739363641 0.2191889513 0.5938273944 0.0477710211 0.0238914283 0.4051946562 0.4491456230 0.1427851155 0.4942759517 0.3938846211 0.8606317585 0.0000000000 0.2702687770 0.5050638727 0.5010866049 0.6277366754 0.2544793908 0.8673492375
0.2037308193 0.7469792119 0.0013664653 0.8788672691 0.6625342101 0.6955014023 0.7663358208 0.8790475038 0.8797463807 0.4258253962 0.0562034644 0.8868694269 0.8745871897 0.9161904521 0.2702687770 0.0000000000 0.3312319903 0.1375891125 0.6195462717 0.0758483705 0.6239742947
0.0244998059 0.3475533419 0.6283553226 0.9391986516 0.8552663200 0.5037870580 0.1418918758 0.1965023645 0.8636566529 0.6155137155 0.6198483231 0.4895497181 0.0613245204 0.6956448454 0.5050638727 0.3312319903 0.0000000000 0.9212642310 0.9494309225 0.5238824656 0.8213316616
0.0181318580 0.2905750343 0.0428803901 0.5645742098 0.7477600692 0.0674474757 0.6251606789 0.2269935739 0.9054795337 0.7769493334 0.4123686085 0.9570914584 0.0255978946 0.0304839043 0.5010866049 0.1375891125 0.9212642310 0.0000000000 0.9709058465 0.2309919801 0.3784324595
0.1637475521 0.9021163639 0.9777462210 0.4187139537 0.6066886073 0.1743221982 0.7465912685 0.0824871972 0.9348045313 0.0556410203 0.3455539114 0.5422977547 0.7334310637 0.6310023955 0.6277366754 0.6195462717 0.9494309225 0.9709058465 0.0000000000 0.7054317168 0.0670145764
0.3881492669 0.3278844566 0.1251699299 0.9940445806 0.2114854595 0.3485714081 0.4116557904 0.8539257972 0.1204630513 0.5572937498 0.4452826657 0.0322689761 0.8976581266 0.6993479427 0.2544793908 0.0758483705 0.5238824656 0.2309919801 0.7054317168 0.0000000000 0.0526919354
0.6218503945 0.9424193886 0.2397653387 0.0445414202 0.1480788828 0.7238547875 0.1908832633 0.9709565060 0.5620304443 0.7136788731 0.8600572429 0.9141753019 0.9246964327 0.4699043503 0.8673492375 0.6239742947 0.8213316616 0.3784324595 0.0670145764 0.0526919354 0.0000000000
