# Graph size: 21
# Optimal cost: 1.5638257208063528

# Distance Matrix
0.0 0.7300043613430135 0.27847047300863714 0.020650151693228924 0.6803338275562388 0.6605953378444035 0.7171219608849474 0.6186257918331562 0.4936526784706453 0.22524870113538809 0.9617138310136684 0.19640766598350257 0.7830587212847551 0.03797147036633386 0.04768707539191708 0.6293020522736569 0.8322344319574131 0.040437012384205384 0.43464673775581597 0.49234493676848157 0.49177257400141783
0.7300043613430135 0.0 0.6368057297038241 0.9911058481635066 0.5908333625500626 0.7323183345999683 0.004923209887803703 0.02472469566818436 0.7351200644719774 0.1603359958303081 0.8019434915468118 0.45622004456926535 0.39617727353210763 0.7826634634533975 0.8896526017714907 0.4939084049136099 0.5512857044265904 0.45543196053577284 0.8932433230029879 0.4558869493538149 0.9833073975391913
0.27847047300863714 0.6368057297038241 0.0 0.13359272792305477 0.3770189065472813 0.7081438744594087 0.5323520255562639 0.24920569133057646 0.17148037537780592 0.03942961732835215 0.31524820708886836 0.2898100785142581 0.918477928656066 0.17750948031425984 0.7260825069912052 0.9226105021694074 0.21458426302487665 0.5664567984622353 0.11017096342996702 0.8158761957426292 0.8275736789846067
0.020650151693228924 0.9911058481635066 0.13359272792305477 0.0 0.9709354300597344 0.3641788853048228 0.6458652147790551 0.33686755189791995 0.950958765779614 0.35670681374114643 0.6457493169497427 0.20603340112729884 0.7594023482318139 0.9865115985899454 0.45242971417502176 0.7339012980851152 0.7545852036855424 0.8996335019323505 0.937797162139463 0.5505876847658697 0.9915251494900633
0.6803338275562388 0.5908333625500626 0.3770189065472813 0.9709354300597344 0.0 0.3720517196890054 0.17290491111639572 0.325693841913405 0.25801154158872774 0.6310918436886814 0.6666862962046671 0.13817191087011316 0.45542840003974294 0.9366610898739015 0.5452631154552041 0.52082896262747 0.8892999425994197 0.07248816482498932 0.39355522393586106 0.5371652473457336 0.7308193416951027
0.6605953378444035 0.7323183345999683 0.7081438744594087 0.3641788853048228 0.3720517196890054 0.0 0.5078962355082919 0.06781527509658836 0.3742198898035717 0.6381609968934641 0.3822392186691492 0.9058773689168721 0.8423236857015609 0.2851650547206267 0.6369830546595123 0.41132140490098634 0.8611351647442713 0.3350227989076058 0.07451537176039136 0.6684203444578323 0.4810628679756296
0.7171219608849474 0.004923209887803703 0.5323520255562639 0.6458652147790551 0.17290491111639572 0.5078962355082919 0.0 0.21787977737628028 0.8581179083469375 0.4566501461546013 0.24015281076132056 0.9238131971867417 0.9841387747463302 0.27670754101076767 0.6887475595708337 0.9064288061494593 0.5552517532166901 0.2743939672038579 0.7276989471537615 0.10736178428950027 0.26279258343654055
0.6186257918331562 0.02472469566818436 0.24920569133057646 0.33686755189791995 0.325693841913405 0.06781527509658836 0.21787977737628028 0.0 0.35438847547091024 6.435842948765425E-4 0.05825507655608475 0.3465133601114482 0.6128463109585751 0.956827074820534 0.994327721046654 0.44169722419000956 0.5859240981724 0.35818851846168265 0.9224347814383146 0.14642803925842074 0.7107465218567205
0.4936526784706453 0.7351200644719774 0.17148037537780592 0.950958765779614 0.25801154158872774 0.3742198898035717 0.8581179083469375 0.35438847547091024 0.0 0.9428944886895941 0.6265596571049353 0.8459104763994683 0.8259932422111751 0.6772376532529838 0.6649682384000248 0.3160879388959812 0.5011994018878607 0.5287917096267145 0.5157941475245678 0.8954072097877391 0.477026507761265
0.22524870113538809 0.1603359958303081 0.03942961732835215 0.35670681374114643 0.6310918436886814 0.6381609968934641 0.4566501461546013 6.435842948765425E-4 0.9428944886895941 0.0 0.9759412465257673 0.16161232605463116 0.561430271006804 0.5231751016083013 0.5323815027646779 0.5685985665927613 0.07809513949717162 0.5762739671829581 0.4099092975928157 0.7121604548572398 0.4897796874401874
0.9617138310136684 0.8019434915468118 0.31524820708886836 0.6457493169497427 0.6666862962046671 0.3822392186691492 0.24015281076132056 0.05825507655608475 0.6265596571049353 0.9759412465257673 0.0 0.10699593497471027 0.0688036505875187 0.028464985676710297 0.629922920975039 0.28381257380712965 0.8123202759439576 0.43007692118692364 0.9848111675419878 0.6502162486123133 0.770301608126269
0.19640766598350257 0.45622004456926535 0.2898100785142581 0.20603340112729884 0.13817191087011316 0.9058773689168721 0.9238131971867417 0.3465133601114482 0.8459104763994683 0.16161232605463116 0.10699593497471027 0.0 0.3139611429382112 0.20723673156913314 0.712900010371487 0.5866298511707454 0.3113910963610519 0.8100893649033662 0.0503016139694884 0.8762274395688595 0.881844770567764
0.7830587212847551 0.39617727353210763 0.918477928656066 0.7594023482318139 0.45542840003974294 0.8423236857015609 0.9841387747463302 0.6128463109585751 0.8259932422111751 0.561430271006804 0.0688036505875187 0.3139611429382112 0.0 0.08654165338584885 0.29408079293779354 0.049536077413919966 0.23675842590733653 0.10134115432638247 0.6105135102277508 0.4158812604981821 0.49404766813059486
0.03797147036633386 0.7826634634533975 0.17750948031425984 0.9865115985899454 0.9366610898739015 0.2851650547206267 0.27670754101076767 0.956827074820534 0.6772376532529838 0.5231751016083013 0.028464985676710297 0.20723673156913314 0.08654165338584885 0.0 0.6768241756883477 0.11445116510015207 0.5718570721457991 0.4105940707551372 0.657616946638029 0.9854059675846328 0.9568411901801925
0.04768707539191708 0.8896526017714907 0.7260825069912052 0.45242971417502176 0.5452631154552041 0.6369830546595123 0.6887475595708337 0.994327721046654 0.6649682384000248 0.5323815027646779 0.629922920975039 0.712900010371487 0.29408079293779354 0.6768241756883477 0.0 0.5174354226040143 0.3795918110121296 0.9234889633918576 0.11497760535404555 0.9911854876688513 0.19149783282570343
0.6293020522736569 0.4939084049136099 0.9226105021694074 0.7339012980851152 0.52082896262747 0.41132140490098634 0.9064288061494593 0.44169722419000956 0.3160879388959812 0.5685985665927613 0.28381257380712965 0.5866298511707454 0.049536077413919966 0.11445116510015207 0.5174354226040143 0.0 0.9823401078104501 0.6414406714154102 0.13524957348048228 0.08178640404591864 0.7468545342154859
0.8322344319574131 0.5512857044265904 0.21458426302487665 0.7545852036855424 0.8892999425994197 0.8611351647442713 0.5552517532166901 0.5859240981724 0.5011994018878607 0.07809513949717162 0.8123202759439576 0.3113910963610519 0.23675842590733653 0.5718570721457991 0.3795918110121296 0.9823401078104501 0.0 0.010520780499983062 0.9156903840819606 0.9485041176751317 0.2854231336528462
0.040437012384205384 0.45543196053577284 0.5664567984622353 0.8996335019323505 0.07248816482498932 0.3350227989076058 0.2743939672038579 0.35818851846168265 0.5287917096267145 0.5762739671829581 0.43007692118692364 0.8100893649033662 0.10134115432638247 0.4105940707551372 0.9234889633918576 0.6414406714154102 0.010520780499983062 0.0 0.4840485886809871 0.599137862745472 0.8167270902022937
0.43464673775581597 0.8932433230029879 0.11017096342996702 0.937797162139463 0.39355522393586106 0.07451537176039136 0.7276989471537615 0.9224347814383146 0.5157941475245678 0.4099092975928157 0.9848111675419878 0.0503016139694884 0.6105135102277508 0.657616946638029 0.11497760535404555 0.13524957348048228 0.9156903840819606 0.4840485886809871 0.0 0.29956924828217424 0.0809010072510794
0.49234493676848157 0.4558869493538149 0.8158761957426292 0.5505876847658697 0.5371652473457336 0.6684203444578323 0.10736178428950027 0.14642803925842074 0.8954072097877391 0.7121604548572398 0.6502162486123133 0.8762274395688595 0.4158812604981821 0.9854059675846328 0.9911854876688513 0.08178640404591864 0.9485041176751317 0.599137862745472 0.29956924828217424 0.0 0.17392612858772427
0.49177257400141783 0.9833073975391913 0.8275736789846067 0.9915251494900633 0.7308193416951027 0.4810628679756296 0.26279258343654055 0.7107465218567205 0.477026507761265 0.4897796874401874 0.770301608126269 0.881844770567764 0.49404766813059486 0.9568411901801925 0.19149783282570343 0.7468545342154859 0.2854231336528462 0.8167270902022937 0.0809010072510794 0.17392612858772427 0.0

# Optimal Walk
0 14 17 16 4 8 2 9 7 6 1 5 11 18 20 19 15 12 10 13 3 0
