# Graph size: 21
# Optimal cost: 2.1575197323668815

# Distance Matrix
0.0 0.3172238094401949 0.6338558661957733 0.09269076948270594 0.11318644501091701 0.5777904264920342 0.2645332634258024 0.8892564837804302 0.25196830105064394 0.4935396626344041 0.29829578394042977 0.9170271093330727 0.33186011009907057 0.2605869068932605 0.2535449342284142 0.36749422869768567 0.05948901372799431 0.8198490756271967 0.9879394760782977 0.1055309572631361 0.7403510151778258
0.3172238094401949 0.0 0.9940281532222315 0.4473568931231382 0.8392320756609704 0.5902498760891451 0.6602252054080603 0.3694075951025372 0.1725675865373093 0.7445904048998194 0.7035762179623154 0.4107704902448521 0.14219860197783674 0.5602825334009425 0.7795286038558417 0.30140773911869423 0.3876561080997186 0.8294279243457977 0.9758531200825105 0.7937560499304721 0.9331843562901221
0.6338558661957733 0.9940281532222315 0.0 0.07962384362651176 0.3102126554997855 0.3712799527110535 0.6699026479784279 0.22263394200636044 0.6250862373300238 0.9083123912961834 0.018540606660958026 0.4313389666523817 0.8490728071711555 0.731896717229889 0.9258536208274052 0.2742950631713731 0.7820756868051283 0.8263833084284852 0.30192657723462135 0.8178908801290119 0.5315961136453135
0.09269076948270594 0.4473568931231382 0.07962384362651176 0.0 0.24282283747805777 0.24092594128710543 0.6180090574753899 0.47833972059191887 0.12773770798058848 0.8844614135157147 0.2662620036433291 0.18156691184368368 0.169641976605184 0.5845699903897104 0.4302849959390507 0.948094912001938 0.6767190775108664 0.1024372541499109 0.1332348534635509 0.8835851402448984 0.9453559390918731
0.11318644501091701 0.8392320756609704 0.3102126554997855 0.24282283747805777 0.0 0.93932169440216 0.3545556333680794 0.12072679412584097 0.056771064311282315 0.537749611999844 0.902237357420836 0.5761536152634518 0.7477629693444641 0.013900241138173453 0.9062075557783646 0.02640759959020289 0.5416450392281736 0.28620119652922205 0.2131595659035237 0.5129901926492894 0.8967211881345026
0.5777904264920342 0.5902498760891451 0.3712799527110535 0.24092594128710543 0.93932169440216 0.0 0.9505072174376868 0.42503576363030127 0.0875172027988913 0.732196194255314 0.018835566553261684 0.3165476492988267 0.690221595053241 0.32520375477840857 0.6864837897024556 0.8915288885437077 0.5185235335764969 0.23767401114873266 0.6214568571272248 0.39358173159322063 0.587114498535595
0.2645332634258024 0.6602252054080603 0.6699026479784279 0.6180090574753899 0.3545556333680794 0.9505072174376868 0.0 0.6280515122130705 0.8804819868577296 0.17339096176785773 0.3069786603507949 0.030413880811210547 0.44749170886083867 0.43324353242278246 0.8180006964156249 0.442329904028517 0.5633064021549435 0.5187066249819361 0.4982869831550796 0.3528357330476728 0.4693498445960568
0.8892564837804302 0.3694075951025372 0.22263394200636044 0.47833972059191887 0.12072679412584097 0.42503576363030127 0.6280515122130705 0.0 0.6080803002294977 0.5430522387131717 0.1631959280639792 0.9235825892521703 0.3621553664243312 0.7569014738170287 0.305656016855144 0.86343930997723 0.3399711205734943 0.7355629706993209 0.24918171446281656 0.8884083572285687 0.7606814121557529
0.25196830105064394 0.1725675865373093 0.6250862373300238 0.12773770798058848 0.056771064311282315 0.0875172027988913 0.8804819868577296 0.6080803002294977 0.0 0.42660457497829096 0.4962193304327398 0.813992815400567 0.4973019406961948 0.6533927189845661 0.6208008131675878 0.4091442027166715 0.025025444050454704 0.5625295686515829 0.3758559889212971 0.5708613970376298 0.4149555806488566
0.4935396626344041 0.7445904048998194 0.9083123912961834 0.8844614135157147 0.537749611999844 0.732196194255314 0.17339096176785773 0.5430522387131717 0.42660457497829096 0.0 0.11223022828653062 0.9063835477827384 0.6124991061604866 0.3635244539455842 0.6575792569274881 0.14517162789244076 0.04643146934129194 0.6785228113111734 0.40833120906435005 0.539047483533285 0.22706816135125552
0.29829578394042977 0.7035762179623154 0.018540606660958026 0.2662620036433291 0.902237357420836 0.018835566553261684 0.3069786603507949 0.1631959280639792 0.4962193304327398 0.11223022828653062 0.0 0.6045857341795867 0.035897534569746425 0.3561752721577198 0.48682191141200115 0.8641410601870513 0.9883877854263021 0.9587095972149668 0.9454779150715541 0.31424161942349027 0.13605061415483943
0.9170271093330727 0.4107704902448521 0.4313389666523817 0.18156691184368368 0.5761536152634518 0.3165476492988267 0.030413880811210547 0.9235825892521703 0.813992815400567 0.9063835477827384 0.6045857341795867 0.0 0.5901519604670313 0.0025169243566467436 0.6753665943342303 0.214185547035592 0.42304596589624455 0.6322959232524838 0.8751909725854167 0.15657402738704262 0.8401863035129004
0.33186011009907057 0.14219860197783674 0.8490728071711555 0.169641976605184 0.7477629693444641 0.690221595053241 0.44749170886083867 0.3621553664243312 0.4973019406961948 0.6124991061604866 0.035897534569746425 0.5901519604670313 0.0 0.9935912498638092 0.16848683817241739 0.8197043677610121 0.18130573363097235 0.5378608698612144 0.3437336199102138 0.7865414107361112 0.4772431477662198
0.2605869068932605 0.5602825334009425 0.731896717229889 0.5845699903897104 0.013900241138173453 0.32520375477840857 0.43324353242278246 0.7569014738170287 0.6533927189845661 0.3635244539455842 0.3561752721577198 0.0025169243566467436 0.9935912498638092 0.0 0.7546841502293653 0.007678742581824438 0.9083193959630587 0.014885046282251624 0.9281890769207913 0.15100437625506524 0.9938115939095411
0.2535449342284142 0.7795286038558417 0.9258536208274052 0.4302849959390507 0.9062075557783646 0.6864837897024556 0.8180006964156249 0.305656016855144 0.6208008131675878 0.6575792569274881 0.48682191141200115 0.6753665943342303 0.16848683817241739 0.7546841502293653 0.0 0.9287115959001501 0.7948778236348124 0.9414196767722616 0.5877583568104825 0.3985677509691957 0.7911141914637275
0.36749422869768567 0.30140773911869423 0.2742950631713731 0.948094912001938 0.02640759959020289 0.8915288885437077 0.442329904028517 0.86343930997723 0.4091442027166715 0.14517162789244076 0.8641410601870513 0.214185547035592 0.8197043677610121 0.007678742581824438 0.9287115959001501 0.0 0.9649123664740733 0.0936103047803778 0.4483187425922962 0.6576370199907354 0.9415570052038421
0.05948901372799431 0.3876561080997186 0.7820756868051283 0.6767190775108664 0.5416450392281736 0.5185235335764969 0.5633064021549435 0.3399711205734943 0.025025444050454704 0.04643146934129194 0.9883877854263021 0.42304596589624455 0.18130573363097235 0.9083193959630587 0.7948778236348124 0.9649123664740733 0.0 0.5904715044626333 0.7863386023911798 0.5288157958649033 0.27919229134325263
0.8198490756271967 0.8294279243457977 0.8263833084284852 0.1024372541499109 0.28620119652922205 0.23767401114873266 0.5187066249819361 0.7355629706993209 0.5625295686515829 0.6785228113111734 0.9587095972149668 0.6322959232524838 0.5378608698612144 0.014885046282251624 0.9414196767722616 0.0936103047803778 0.5904715044626333 0.0 0.5701023759831615 0.6063191007903804 0.27596606013900227
0.9879394760782977 0.9758531200825105 0.30192657723462135 0.1332348534635509 0.2131595659035237 0.6214568571272248 0.4982869831550796 0.24918171446281656 0.3758559889212971 0.40833120906435005 0.9454779150715541 0.8751909725854167 0.3437336199102138 0.9281890769207913 0.5877583568104825 0.4483187425922962 0.7863386023911798 0.5701023759831615 0.0 0.6964425304668029 0.4770702974573451
0.1055309572631361 0.7937560499304721 0.8178908801290119 0.8835851402448984 0.5129901926492894 0.39358173159322063 0.3528357330476728 0.8884083572285687 0.5708613970376298 0.539047483533285 0.31424161942349027 0.15657402738704262 0.7865414107361112 0.15100437625506524 0.3985677509691957 0.6576370199907354 0.5288157958649033 0.6063191007903804 0.6964425304668029 0.0 0.7756757203872383
0.7403510151778258 0.9331843562901221 0.5315961136453135 0.9453559390918731 0.8967211881345026 0.587114498535595 0.4693498445960568 0.7606814121557529 0.4149555806488566 0.22706816135125552 0.13605061415483943 0.8401863035129004 0.4772431477662198 0.9938115939095411 0.7911141914637275 0.9415570052038421 0.27919229134325263 0.27596606013900227 0.4770702974573451 0.7756757203872383 0.0

# Optimal Walk
0 16 9 8 1 14 12 20 10 5 2 3 18 7 4 17 15 13 11 6 19 0
