# MCW Instance
# Type: UNIFORM
# N: 21
# Optimal cost: 2.076056833585641
# Optimal tour (permutation): [0, 16, 3, 12, 14, 8, 7, 13, 9, 2, 5, 1, 17, 15, 19, 18, 10, 11, 6, 20, 4, 0]
# Optimal walk (full path): [0, 3, 16, 3, 12, 14, 8, 7, 13, 9, 2, 5, 1, 17, 1, 15, 19, 18, 19, 10, 6, 11, 6, 20, 4, 0]
# Walk size: 26
# Is walk (has repeats): true

# Distance Matrix
0.0000000000 0.1707959840 0.3047446976 0.0564101166 0.0931238689 0.8049517166 0.5875632992 0.7972678921 0.7366468626 0.3223318968 0.3410089934 0.3674308463 0.9402740320 0.2083094373 0.6773828521 0.5796469876 0.3441392598 0.1404518405 0.4759062295 0.7670161036 0.4879884130
0.1707959840 0.0000000000 0.2839578529 0.4088944012 0.7231908594 0.1345413859 0.2386300961 0.3113378192 0.8239142496 0.8543676030 0.9198848865 0.7596442007 0.5621016931 0.7072668728 0.6260271258 0.0465835890 0.9640277368 0.0670608409 0.2949944454 0.0920177654 0.8707784091
0.3047446976 0.2839578529 0.0000000000 0.3798646586 0.4860016094 0.2127844722 0.8669824501 0.9203226707 0.9349926804 0.0901456108 0.7179359395 0.4159556058 0.6275349067 0.7194981316 0.5365860591 0.7466812966 0.2087649562 0.6045850775 0.5434419672 0.7947343344 0.2072246590
0.0564101166 0.4088944012 0.3798646586 0.0000000000 0.9672333798 0.2053318641 0.9196251692 0.9878999097 0.2836841446 0.7430269010 0.4634419935 0.5695032052 0.0298700229 0.4831043332 0.1537137721 0.4420164782 0.1205337053 0.2960238342 0.2642165613 0.3027376076 0.1608701212
0.0931238689 0.7231908594 0.4860016094 0.9672333798 0.0000000000 0.4102423605 0.9185189418 0.1925507290 0.2944144721 0.2212944914 0.9767269992 0.8588669560 0.1271870047 0.3251169713 0.5328031752 0.2976581246 0.9356446320 0.8964974413 0.1679970552 0.3342339013 0.1247783560
0.8049517166 0.1345413859 0.2127844722 0.2053318641 0.4102423605 0.0000000000 0.7063791530 0.7553408172 0.7908879013 0.6927348460 0.5258548561 0.7908254810 0.2592659599 0.2796294369 0.4000346074 0.9387886787 0.7462856924 0.2307564667 0.2915741024 0.7222085528 0.4946633856
0.5875632992 0.2386300961 0.8669824501 0.9196251692 0.9185189418 0.7063791530 0.0000000000 0.9881929739 0.8915011515 0.0630121807 0.0925805454 0.0398294107 0.9740802289 0.6831714622 0.5817494378 0.6011516224 0.5328055286 0.2142732831 0.6491126669 0.1826359420 0.0762159252
0.7972678921 0.3113378192 0.9203226707 0.9878999097 0.1925507290 0.7553408172 0.9881929739 0.0000000000 0.2314144281 0.1446396891 0.2044095755 0.8850754074 0.3266865836 0.1061581984 0.8598665845 0.7365649217 0.7681801187 0.1918863719 0.5012193502 0.5864832336 0.2523496312
0.7366468626 0.8239142496 0.9349926804 0.2836841446 0.2944144721 0.7908879013 0.8915011515 0.2314144281 0.0000000000 0.9223072176 0.9225043692 0.9670551128 0.7507485848 0.4152539797 0.0493501005 0.4057978549 0.4765538307 0.3615510813 0.7098538353 0.9999977835 0.5519656596
0.3223318968 0.8543676030 0.0901456108 0.7430269010 0.2212944914 0.6927348460 0.0630121807 0.1446396891 0.9223072176 0.0000000000 0.8332825668 0.3572037214 0.3917003807 0.0444821847 0.1427357133 0.8422206845 0.7797192158 0.6582116163 0.3772948917 0.5927848020 0.2780203851
0.3410089934 0.9198848865 0.7179359395 0.4634419935 0.9767269992 0.5258548561 0.0925805454 0.2044095755 0.9225043692 0.8332825668 0.0000000000 0.5158000478 0.4240366351 0.8471487539 0.8839405980 0.1472156570 0.2675036323 0.9094310876 0.5550488625 0.0135453553 0.0951123629
0.3674308463 0.7596442007 0.4159556058 0.5695032052 0.8588669560 0.7908254810 0.0398294107 0.8850754074 0.9670551128 0.3572037214 0.5158000478 0.0000000000 0.7481203493 0.4100629693 0.6371231816 0.2768748569 0.6422102925 0.8670840060 0.6837241823 0.5995922903 0.9946261181
0.9402740320 0.5621016931 0.6275349067 0.0298700229 0.1271870047 0.2592659599 0.9740802289 0.3266865836 0.7507485848 0.3917003807 0.4240366351 0.7481203493 0.0000000000 0.6115130109 0.1482215219 0.2304043576 0.8788895571 0.6463661960 0.1320183251 0.7605551370 0.3625108857
0.2083094373 0.7072668728 0.7194981316 0.4831043332 0.3251169713 0.2796294369 0.6831714622 0.1061581984 0.4152539797 0.0444821847 0.8471487539 0.4100629693 0.6115130109 0.0000000000 0.3193061847 0.5687306643 0.3374624570 0.1593841610 0.1435584111 0.6540107820 0.3316545654
0.6773828521 0.6260271258 0.5365860591 0.1537137721 0.5328031752 0.4000346074 0.5817494378 0.8598665845 0.0493501005 0.1427357133 0.8839405980 0.6371231816 0.1482215219 0.3193061847 0.0000000000 0.7035015515 0.4339835153 0.6660652660 0.2048643201 0.3075912993 0.2649281883
0.5796469876 0.0465835890 0.7466812966 0.4420164782 0.2976581246 0.9387886787 0.6011516224 0.7365649217 0.4057978549 0.8422206845 0.1472156570 0.2768748569 0.2304043576 0.5687306643 0.7035015515 0.0000000000 0.3253357024 0.2465478749 0.6728234004 0.0230779424 0.8349740322
0.3441392598 0.9640277368 0.2087649562 0.1205337053 0.9356446320 0.7462856924 0.5328055286 0.7681801187 0.4765538307 0.7797192158 0.2675036323 0.6422102925 0.8788895571 0.3374624570 0.4339835153 0.3253357024 0.0000000000 0.6283211942 0.6495154673 0.8763876932 0.2681588191
0.1404518405 0.0670608409 0.6045850775 0.2960238342 0.8964974413 0.2307564667 0.2142732831 0.1918863719 0.3615510813 0.6582116163 0.9094310876 0.8670840060 0.6463661960 0.1593841610 0.6660652660 0.2465478749 0.6283211942 0.0000000000 0.7892842651 0.8138111148 0.8092668756
0.4759062295 0.2949944454 0.5434419672 0.2642165613 0.1679970552 0.2915741024 0.6491126669 0.5012193502 0.7098538353 0.3772948917 0.5550488625 0.6837241823 0.1320183251 0.1435584111 0.2048643201 0.6728234004 0.6495154673 0.7892842651 0.0000000000 0.0239626477 0.5099296777
0.7670161036 0.0920177654 0.7947343344 0.3027376076 0.3342339013 0.7222085528 0.1826359420 0.5864832336 0.9999977835 0.5927848020 0.0135453553 0.5995922903 0.7605551370 0.6540107820 0.3075912993 0.0230779424 0.8763876932 0.8138111148 0.0239626477 0.0000000000 0.1215915367
0.4879884130 0.8707784091 0.2072246590 0.1608701212 0.1247783560 0.4946633856 0.0762159252 0.2523496312 0.5519656596 0.2780203851 0.0951123629 0.9946261181 0.3625108857 0.3316545654 0.2649281883 0.8349740322 0.2681588191 0.8092668756 0.5099296777 0.1215915367 0.0000000000
