# MCW Instance
# Type: UNIFORM
# N: 21
# Optimal cost: 1.4188016077279848
# Optimal tour (permutation): [0, 19, 14, 3, 11, 5, 1, 12, 9, 10, 18, 7, 2, 15, 20, 17, 4, 8, 6, 16, 13, 0]
# Optimal walk (full path): [0, 19, 14, 3, 11, 5, 1, 12, 9, 10, 18, 7, 2, 15, 20, 17, 4, 8, 6, 16, 13, 0]
# Walk size: 22
# Is walk (has repeats): false

# Distance Matrix
0.0000000000 0.3787073235 0.2584042906 0.2250053416 0.5194929364 0.4911273335 0.7781495414 0.3582600261 0.2521597665 0.9597468198 0.9601028883 0.3070082705 0.5550717863 0.0185156563 0.8888024702 0.9338795665 0.5014589884 0.4435938928 0.9260188665 0.0724979077 0.2459206288
0.3787073235 0.0000000000 0.8506905439 0.8060343661 0.6341740103 0.0463866019 0.4092733682 0.6923260686 0.8558489032 0.7214967750 0.9460923744 0.7552535918 0.0255013290 0.5488000523 0.8333112889 0.7297665593 0.9597076538 0.6492139688 0.7606425623 0.3428102904 0.2277692803
0.2584042906 0.8506905439 0.0000000000 0.9744743083 0.4762333947 0.4620233461 0.6177999561 0.1168437748 0.8476515635 0.3104834259 0.6223907437 0.2941373632 0.1421715230 0.1166732829 0.7849481649 0.0281616659 0.2546627579 0.1245014448 0.5925267077 0.2309535788 0.7217340363
0.2250053416 0.8060343661 0.9744743083 0.0000000000 0.9751271588 0.2269539972 0.6407440854 0.7523885775 0.0905030243 0.8932730707 0.8083607808 0.1782968436 0.8379625382 0.6330033464 0.1248224305 0.1808953242 0.9358439400 0.4994475425 0.7021679129 0.8878709359 0.7720561717
0.5194929364 0.6341740103 0.4762333947 0.9751271588 0.0000000000 0.7232494321 0.2721006264 0.4481926334 0.0506562296 0.0286329048 0.6508189756 0.9927029226 0.4559217870 0.5742301670 0.7334421579 0.9663840678 0.8290664388 0.0871328204 0.4277298382 0.6787646869 0.6896598362
0.4911273335 0.0463866019 0.4620233461 0.2269539972 0.7232494321 0.0000000000 0.6347765191 0.4143331741 0.5605348777 0.8019782513 0.1364965469 0.1296039556 0.5372884342 0.8859252221 0.1550676565 0.9070274519 0.1354134791 0.5028268957 0.7282688115 0.7846334835 0.4205034657
0.7781495414 0.4092733682 0.6177999561 0.6407440854 0.2721006264 0.6347765191 0.0000000000 0.6083193357 0.0014894190 0.0882800487 0.6352625157 0.2577105175 0.2046207925 0.5344917094 0.4517307352 0.4736127182 0.0799522262 0.2615753051 0.0817560927 0.3413056045 0.2125189939
0.3582600261 0.6923260686 0.1168437748 0.7523885775 0.4481926334 0.4143331741 0.6083193357 0.0000000000 0.8940233910 0.0999917988 0.9842045065 0.8403246759 0.4727559601 0.7252992341 0.1899719886 0.6290878168 0.8425390770 0.4792878926 0.1072249854 0.5846391856 0.8779591651
0.2521597665 0.8558489032 0.8476515635 0.0905030243 0.0506562296 0.5605348777 0.0014894190 0.8940233910 0.0000000000 0.5948259368 0.6134544297 0.7458221585 0.7506195746 0.2827058612 0.6666873222 0.5517258084 0.2927661248 0.9812519245 0.1965863142 0.8093065080 0.3963370056
0.9597468198 0.7214967750 0.3104834259 0.8932730707 0.0286329048 0.8019782513 0.0882800487 0.0999917988 0.5948259368 0.0000000000 0.0115069479 0.8650950673 0.0009305208 0.3014711258 0.6397384812 0.3324023154 0.2660966217 0.5747987131 0.4093547298 0.5009113403 0.7675742860
0.9601028883 0.9460923744 0.6223907437 0.8083607808 0.6508189756 0.1364965469 0.6352625157 0.9842045065 0.6134544297 0.0115069479 0.0000000000 0.5553766309 0.7459235966 0.5780657199 0.3094198676 0.0549198988 0.2618384238 0.6982960709 0.0128089744 0.1390203710 0.8912765989
0.3070082705 0.7552535918 0.2941373632 0.1782968436 0.9927029226 0.1296039556 0.2577105175 0.8403246759 0.7458221585 0.8650950673 0.5553766309 0.0000000000 0.2750171417 0.5753509267 0.8873318442 0.9714480191 0.2155176512 0.1405266459 0.1332409847 0.6527325919 0.6247506627
0.5550717863 0.0255013290 0.1421715230 0.8379625382 0.4559217870 0.5372884342 0.2046207925 0.4727559601 0.7506195746 0.0009305208 0.7459235966 0.2750171417 0.0000000000 0.0861186933 0.3173313648 0.5681570375 0.6484450486 0.1039782384 0.7539880272 0.5217629374 0.6616235915
0.0185156563 0.5488000523 0.1166732829 0.6330033464 0.5742301670 0.8859252221 0.5344917094 0.7252992341 0.2827058612 0.3014711258 0.5780657199 0.5753509267 0.0861186933 0.0000000000 0.7882007121 0.8067781471 0.0657698007 0.0955268497 0.5747579209 0.6957830993 0.2280380176
0.8888024702 0.8333112889 0.7849481649 0.1248224305 0.7334421579 0.1550676565 0.4517307352 0.1899719886 0.6666873222 0.6397384812 0.3094198676 0.8873318442 0.3173313648 0.7882007121 0.0000000000 0.8141061868 0.2828616581 0.9188460592 0.3241887466 0.1006632602 0.6968095813
0.9338795665 0.7297665593 0.0281616659 0.1808953242 0.9663840678 0.9070274519 0.4736127182 0.6290878168 0.5517258084 0.3324023154 0.0549198988 0.9714480191 0.5681570375 0.8067781471 0.8141061868 0.0000000000 0.5587380145 0.7428384978 0.9958775871 0.5967917120 0.0695348089
0.5014589884 0.9597076538 0.2546627579 0.9358439400 0.8290664388 0.1354134791 0.0799522262 0.8425390770 0.2927661248 0.2660966217 0.2618384238 0.2155176512 0.6484450486 0.0657698007 0.2828616581 0.5587380145 0.0000000000 0.8277587102 0.9403774645 0.3981113113 0.4880363010
0.4435938928 0.6492139688 0.1245014448 0.4994475425 0.0871328204 0.5028268957 0.2615753051 0.4792878926 0.9812519245 0.5747987131 0.6982960709 0.1405266459 0.1039782384 0.0955268497 0.9188460592 0.7428384978 0.8277587102 0.0000000000 0.4973714201 0.4181741675 0.0905014488
0.9260188665 0.7606425623 0.5925267077 0.7021679129 0.4277298382 0.7282688115 0.0817560927 0.1072249854 0.1965863142 0.4093547298 0.0128089744 0.1332409847 0.7539880272 0.5747579209 0.3241887466 0.9958775871 0.9403774645 0.4973714201 0.0000000000 0.3998479267 0.0398439564
0.0724979077 0.3428102904 0.2309535788 0.8878709359 0.6787646869 0.7846334835 0.3413056045 0.5846391856 0.8093065080 0.5009113403 0.1390203710 0.6527325919 0.5217629374 0.6957830993 0.1006632602 0.5967917120 0.3981113113 0.4181741675 0.3998479267 0.0000000000 0.5716926014
0.2459206288 0.2277692803 0.7217340363 0.7720561717 0.6896598362 0.4205034657 0.2125189939 0.8779591651 0.3963370056 0.7675742860 0.8912765989 0.6247506627 0.6616235915 0.2280380176 0.6968095813 0.0695348089 0.4880363010 0.0905014488 0.0398439564 0.5716926014 0.0000000000
