# MCW Instance
# Type: UNIFORM
# N: 21
# Optimal cost: 1.4335559311097916
# Optimal tour (permutation): [0, 16, 18, 17, 10, 8, 4, 13, 9, 20, 11, 7, 19, 5, 6, 15, 1, 12, 2, 14, 3, 0]
# Optimal walk (full path): [0, 16, 0, 18, 17, 18, 10, 4, 8, 4, 13, 9, 13, 20, 11, 7, 19, 5, 6, 15, 1, 12, 2, 14, 2, 18, 3, 18, 0]
# Walk size: 29
# Is walk (has repeats): true

# Distance Matrix
0.0000000000 0.6705763788 0.1717856852 0.5618724816 0.1751266156 0.5719606919 0.9808094774 0.6274977432 0.1734929467 0.6457683157 0.2251936462 0.9733353280 0.2224579161 0.3830352282 0.6775955235 0.9393052393 0.0376054609 0.5572131614 0.0045811665 0.9973738698 0.0877515810
0.6705763788 0.0000000000 0.5144040196 0.9286870910 0.8335406703 0.7769880548 0.5070063525 0.0840178199 0.7027445480 0.9576061251 0.8230020392 0.2524214245 0.0242496507 0.3208059507 0.2140870458 0.0198244864 0.7016720507 0.9552612503 0.6580776721 0.2760966088 0.4496602029
0.1717856852 0.5144040196 0.0000000000 0.6380229819 0.8044993500 0.3968542108 0.4883436320 0.2279094885 0.5469922752 0.3919019002 0.3270161292 0.8684450694 0.0421443843 0.7825489216 0.0001206837 0.5755728665 0.1515886971 0.4788274656 0.0414558463 0.1847816913 0.7226791755
0.5618724816 0.9286870910 0.6380229819 0.0000000000 0.4676783620 0.6866238121 0.5629509252 0.3427847623 0.6944589792 0.2790928836 0.4521317021 0.2032189235 0.1226672162 0.6218478826 0.3056458811 0.4910481113 0.5905640389 0.0644542634 0.0012996999 0.2904985797 0.7484171316
0.1751266156 0.8335406703 0.8044993500 0.4676783620 0.0000000000 0.4444627554 0.3721716861 0.3204088258 0.0563760833 0.6124330330 0.0823493359 0.9601502313 0.5505293889 0.1614567330 0.4931530494 0.9236657022 0.8434824961 0.1549112933 0.8147994010 0.6297525702 0.6158347948
0.5719606919 0.7769880548 0.3968542108 0.6866238121 0.4444627554 0.0000000000 0.1002781236 0.0191204709 0.7864426090 0.6762229430 0.1522096869 0.7008695502 0.9583083082 0.5201369443 0.5446319326 0.3183079360 0.9177514111 0.2015040404 0.5495201318 0.0181813896 0.3948063146
0.9808094774 0.5070063525 0.4883436320 0.5629509252 0.3721716861 0.1002781236 0.0000000000 0.2460751510 0.8390873923 0.5558590482 0.4347172171 0.2819370341 0.9884772939 0.6583214528 0.9485244652 0.0400131546 0.9976527986 0.5458484492 0.1991227242 0.3862042954 0.1340259033
0.6274977432 0.0840178199 0.2279094885 0.3427847623 0.3204088258 0.0191204709 0.2460751510 0.0000000000 0.2276722426 0.9037291814 0.0868600924 0.1014739374 0.6175240272 0.3534274389 0.0805610838 0.5267393424 0.4769175768 0.4514285952 0.1317297453 0.0208123091 0.6871768452
0.1734929467 0.7027445480 0.5469922752 0.6944589792 0.0563760833 0.7864426090 0.8390873923 0.2276722426 0.0000000000 0.8539184062 0.8753789554 0.6207464092 0.3756284954 0.4608348934 0.4273443732 0.2464593078 0.9770447599 0.3486485020 0.9306367843 0.9174221517 0.3983359601
0.6457683157 0.9576061251 0.3919019002 0.2790928836 0.6124330330 0.6762229430 0.5558590482 0.9037291814 0.8539184062 0.0000000000 0.8631925018 0.6360896666 0.8657427351 0.0726557611 0.9978184953 0.3742657965 0.3549990904 0.8384967457 0.3706282206 0.5656264653 0.9682818400
0.2251936462 0.8230020392 0.3270161292 0.4521317021 0.0823493359 0.1522096869 0.4347172171 0.0868600924 0.8753789554 0.8631925018 0.0000000000 0.2600177689 0.0842592866 0.2372549632 0.3642550887 0.2167584626 0.5026795479 0.8669662537 0.0166471718 0.3340606587 0.5116704916
0.9733353280 0.2524214245 0.8684450694 0.2032189235 0.9601502313 0.7008695502 0.2819370341 0.1014739374 0.6207464092 0.6360896666 0.2600177689 0.0000000000 0.2594227755 0.2504342697 0.0999302522 0.1431576226 0.0739159141 0.9670814274 0.3197371552 0.5382715733 0.0697618275
0.2224579161 0.0242496507 0.0421443843 0.1226672162 0.5505293889 0.9583083082 0.9884772939 0.6175240272 0.3756284954 0.8657427351 0.0842592866 0.2594227755 0.0000000000 0.8115568904 0.8970653411 0.1000006291 0.6127986359 0.1754375720 0.7971885048 0.3435218370 0.4952624157
0.3830352282 0.3208059507 0.7825489216 0.6218478826 0.1614567330 0.5201369443 0.6583214528 0.3534274389 0.4608348934 0.0726557611 0.2372549632 0.2504342697 0.8115568904 0.0000000000 0.3532747419 0.4490615105 0.3907743997 0.6613567808 0.3734905887 0.7723814129 0.2755656145
0.6775955235 0.2140870458 0.0001206837 0.3056458811 0.4931530494 0.5446319326 0.9485244652 0.0805610838 0.4273443732 0.9978184953 0.3642550887 0.0999302522 0.8970653411 0.3532747419 0.0000000000 0.0021214410 0.5104282630 0.4781860762 0.2264762289 0.9857432530 0.2507788869
0.9393052393 0.0198244864 0.5755728665 0.4910481113 0.9236657022 0.3183079360 0.0400131546 0.5267393424 0.2464593078 0.3742657965 0.2167584626 0.1431576226 0.1000006291 0.4490615105 0.0021214410 0.0000000000 0.2846225348 0.8770586481 0.5232426362 0.5354614064 0.2139312502
0.0376054609 0.7016720507 0.1515886971 0.5905640389 0.8434824961 0.9177514111 0.9976527986 0.4769175768 0.9770447599 0.3549990904 0.5026795479 0.0739159141 0.6127986359 0.3907743997 0.5104282630 0.2846225348 0.0000000000 0.9162979282 0.1345073754 0.4271318395 0.1923564181
0.5572131614 0.9552612503 0.4788274656 0.0644542634 0.1549112933 0.2015040404 0.5458484492 0.4514285952 0.3486485020 0.8384967457 0.8669662537 0.9670814274 0.1754375720 0.6613567808 0.4781860762 0.8770586481 0.9162979282 0.0000000000 0.0370321277 0.1759347224 0.9638508399
0.0045811665 0.6580776721 0.0414558463 0.0012996999 0.8147994010 0.5495201318 0.1991227242 0.1317297453 0.9306367843 0.3706282206 0.0166471718 0.3197371552 0.7971885048 0.3734905887 0.2264762289 0.5232426362 0.1345073754 0.0370321277 0.0000000000 0.7616064870 0.1660049475
0.9973738698 0.2760966088 0.1847816913 0.2904985797 0.6297525702 0.0181813896 0.3862042954 0.0208123091 0.9174221517 0.5656264653 0.3340606587 0.5382715733 0.3435218370 0.7723814129 0.9857432530 0.5354614064 0.4271318395 0.1759347224 0.7616064870 0.0000000000 0.6184817834
0.0877515810 0.4496602029 0.7226791755 0.7484171316 0.6158347948 0.3948063146 0.1340259033 0.6871768452 0.3983359601 0.9682818400 0.5116704916 0.0697618275 0.4952624157 0.2755656145 0.2507788869 0.2139312502 0.1923564181 0.9638508399 0.1660049475 0.6184817834 0.0000000000
