# MCW Instance
# Type: UNIFORM
# N: 21
# Optimal cost: 1.6761667888318814
# Optimal tour (permutation): [0, 19, 8, 5, 18, 6, 14, 1, 7, 2, 4, 17, 12, 3, 13, 20, 11, 15, 16, 10, 9, 0]
# Optimal walk (full path): [0, 19, 5, 8, 5, 18, 6, 14, 1, 7, 2, 4, 17, 12, 3, 20, 13, 20, 11, 20, 15, 9, 16, 9, 10, 9, 0]
# Walk size: 27
# Is walk (has repeats): true

# Distance Matrix
0.0000000000 0.3381042016 0.1594579013 0.4286572064 0.5971828794 0.0953202545 0.7118068529 0.8157431629 0.2857775920 0.0223350609 0.1816767178 0.5611839155 0.1190132851 0.2119373171 0.5058934455 0.7965679216 0.7425530730 0.6465897522 0.3896655837 0.0396032571 0.6919051984
0.3381042016 0.0000000000 0.2361319225 0.4721226346 0.5412959380 0.3099606482 0.2433013987 0.0277201182 0.7179832946 0.8033181981 0.5773284391 0.0834247364 0.6372469961 0.8881108513 0.1087106689 0.9810069397 0.7152070312 0.7660866244 0.1123763769 0.0944324828 0.7524245798
0.1594579013 0.2361319225 0.0000000000 0.4929863925 0.1817958301 0.6242583839 0.1866177970 0.1537995513 0.4732023733 0.1341028235 0.9726217023 0.6432684388 0.9369358557 0.7686729078 0.8134994416 0.2650503586 0.2720232873 0.8984974458 0.5614391578 0.8092360603 0.7004624805
0.4286572064 0.4721226346 0.4929863925 0.0000000000 0.2734272627 0.4830469050 0.2454622356 0.2992764821 0.6351281180 0.7408727894 0.6776443638 0.5512578495 0.1382067302 0.8814840978 0.7463958474 0.9794237139 0.8602734296 0.3401257315 0.2364880921 0.2155536913 0.1431597343
0.5971828794 0.5412959380 0.1817958301 0.2734272627 0.0000000000 0.9729847007 0.2492452686 0.6197847911 0.5006728177 0.4103020800 0.9335566665 0.6160885201 0.3526829675 0.5870526151 0.4342286443 0.2375572929 0.9010043396 0.1526381343 0.4126869495 0.9857788658 0.0494432333
0.0953202545 0.3099606482 0.6242583839 0.4830469050 0.9729847007 0.0000000000 0.5870181863 0.2225796890 0.0001784898 0.3885522846 0.7579274484 0.5816199826 0.7060610416 0.9150426555 0.3423061500 0.3710463310 0.5641858829 0.3364712250 0.0047960814 0.0153681624 0.2800595319
0.7118068529 0.2433013987 0.1866177970 0.2454622356 0.2492452686 0.5870181863 0.0000000000 0.5237328246 0.4771320577 0.7476026913 0.8477325248 0.9170522346 0.7144840529 0.9489986087 0.1007382196 0.4655847921 0.1182831078 0.6672807575 0.0219133086 0.9863979416 0.4097895360
0.8157431629 0.0277201182 0.1537995513 0.2992764821 0.6197847911 0.2225796890 0.5237328246 0.0000000000 0.3637396306 0.9241908538 0.6655208023 0.1146395357 0.9170279060 0.7560586358 0.7919125243 0.7758318147 0.9203159296 0.2082269279 0.7146140416 0.9510933008 0.3484965340
0.2857775920 0.7179832946 0.4732023733 0.6351281180 0.5006728177 0.0001784898 0.4771320577 0.3637396306 0.0000000000 0.0021515045 0.4440127879 0.7702892944 0.7434191865 0.7264091512 0.2800626726 0.3295195762 0.1676720833 0.8535245137 0.3434669142 0.4807690746 0.3112201557
0.0223350609 0.8033181981 0.1341028235 0.7408727894 0.4103020800 0.3885522846 0.7476026913 0.9241908538 0.0021515045 0.0000000000 0.1176988847 0.9102446346 0.6394581594 0.3002457679 0.2629927710 0.0057665990 0.0769638143 0.9538283974 0.2818657782 0.8012590244 0.7911601969
0.1816767178 0.5773284391 0.9726217023 0.6776443638 0.9335566665 0.7579274484 0.8477325248 0.6655208023 0.4440127879 0.1176988847 0.0000000000 0.4616379820 0.6555792228 0.9739393538 0.4552527056 0.7146061992 0.7808176872 0.3413606644 0.1336572446 0.8105790528 0.7209883570
0.5611839155 0.0834247364 0.6432684388 0.5512578495 0.6160885201 0.5816199826 0.9170522346 0.1146395357 0.7702892944 0.9102446346 0.4616379820 0.0000000000 0.7612069487 0.4234023371 0.5782425840 0.6560073384 0.4996939927 0.4305082135 0.3151533189 0.9209848787 0.0148962586
0.1190132851 0.6372469961 0.9369358557 0.1382067302 0.3526829675 0.7060610416 0.7144840529 0.9170279060 0.7434191865 0.6394581594 0.6555792228 0.7612069487 0.0000000000 0.5230241359 0.3194938896 0.3220719634 0.3757324885 0.1158810965 0.2102127170 0.4968332577 0.3430087647
0.2119373171 0.8881108513 0.7686729078 0.8814840978 0.5870526151 0.9150426555 0.9489986087 0.7560586358 0.7264091512 0.3002457679 0.9739393538 0.4234023371 0.5230241359 0.0000000000 0.8374441783 0.4764971081 0.4468619605 0.4758298470 0.3036251217 0.1750663704 0.0119546651
0.5058934455 0.1087106689 0.8134994416 0.7463958474 0.4342286443 0.3423061500 0.1007382196 0.7919125243 0.2800626726 0.2629927710 0.4552527056 0.5782425840 0.3194938896 0.8374441783 0.0000000000 0.4948551900 0.3826420051 0.2025622829 0.9780150194 0.5332893943 0.2719902056
0.7965679216 0.9810069397 0.2650503586 0.9794237139 0.2375572929 0.3710463310 0.4655847921 0.7758318147 0.3295195762 0.0057665990 0.7146061992 0.6560073384 0.3220719634 0.4764971081 0.4948551900 0.0000000000 0.1103522651 0.7149573404 0.8371610218 0.9289144319 0.0003500111
0.7425530730 0.7152070312 0.2720232873 0.8602734296 0.9010043396 0.5641858829 0.1182831078 0.9203159296 0.1676720833 0.0769638143 0.7808176872 0.4996939927 0.3757324885 0.4468619605 0.3826420051 0.1103522651 0.0000000000 0.7262319701 0.9383576818 0.3966492701 0.6429973672
0.6465897522 0.7660866244 0.8984974458 0.3401257315 0.1526381343 0.3364712250 0.6672807575 0.2082269279 0.8535245137 0.9538283974 0.3413606644 0.4305082135 0.1158810965 0.4758298470 0.2025622829 0.7149573404 0.7262319701 0.0000000000 0.2581968983 0.3170497796 0.3509208063
0.3896655837 0.1123763769 0.5614391578 0.2364880921 0.4126869495 0.0047960814 0.0219133086 0.7146140416 0.3434669142 0.2818657782 0.1336572446 0.3151533189 0.2102127170 0.3036251217 0.9780150194 0.8371610218 0.9383576818 0.2581968983 0.0000000000 0.5923405196 0.1654104556
0.0396032571 0.0944324828 0.8092360603 0.2155536913 0.9857788658 0.0153681624 0.9863979416 0.9510933008 0.4807690746 0.8012590244 0.8105790528 0.9209848787 0.4968332577 0.1750663704 0.5332893943 0.9289144319 0.3966492701 0.3170497796 0.5923405196 0.0000000000 0.0945486666
0.6919051984 0.7524245798 0.7004624805 0.1431597343 0.0494432333 0.2800595319 0.4097895360 0.3484965340 0.3112201557 0.7911601969 0.7209883570 0.0148962586 0.3430087647 0.0119546651 0.2719902056 0.0003500111 0.6429973672 0.3509208063 0.1654104556 0.0945486666 0.0000000000
