# Graph size: 21
# Optimal cost: 1.840415752494001

# Distance Matrix
0.0 0.25632029519876165 0.6249980745575329 0.8661626617557591 0.3980268244163958 0.9295157682002126 0.9532987593220268 0.06704788194867684 0.8848461602096803 0.7448160331675426 0.16996044689785883 0.0871747701449227 0.23321210773257472 0.01164351976981648 0.12377463146906553 0.16213883561566667 0.9289370285910006 0.6290666156733611 0.2632772926135676 0.14930204983025075 0.25240994902689906
0.25632029519876165 0.0 0.6895381564126021 0.2875544144781278 0.11195855379482567 0.7680637674849335 0.09641375807266006 0.5197885653047618 0.008604151679681982 0.9146506254880488 0.8351726477625211 0.39859671439594246 0.2956890998163533 0.029363601997758226 0.44549110920438384 0.24099836529272645 0.42508650452056773 0.7882573754312612 0.9297943671028509 0.2208920810872751 0.6716091019675392
0.6249980745575329 0.6895381564126021 0.0 0.2260843393567964 0.8036400072459301 0.32820773431193306 0.4612593914300912 0.21057625992238826 0.2442620383077181 0.9264407783980828 0.38749967520422424 0.4893665495178938 0.3258316663431645 0.4100638232038112 0.400679703304909 0.20216165159610266 0.14346714976189523 0.3783500270874163 0.23486144610419413 0.056434001950468105 0.22275189343127744
0.8661626617557591 0.2875544144781278 0.2260843393567964 0.0 0.6884317560121489 0.9966321741379852 0.20182365637298127 0.9874961526051377 0.7279570681423159 0.9820986156351917 0.20659934417033 0.2157047811152618 0.25649559211107853 0.2111057885687888 0.4389435241857501 0.35218954085519305 0.20488451702452926 0.8718269815121624 0.5864909533333392 0.26599128976227915 0.8929944936986702
0.3980268244163958 0.11195855379482567 0.8036400072459301 0.6884317560121489 0.0 0.8542218457598579 0.009463272463034023 0.5417541382063301 0.22893402118717232 0.8174612959228733 0.11590703003868885 0.676419395642691 0.5865004779353491 0.7842701226745451 0.9719560627686322 0.6160850392348106 0.2227244753433203 0.0842389474517451 0.9157036330646783 0.9126016512167964 0.29364371949912715
0.9295157682002126 0.7680637674849335 0.32820773431193306 0.9966321741379852 0.8542218457598579 0.0 0.5785091067188827 0.030183323376665405 0.4054530902238922 0.7539812464089077 0.4898358719722625 0.9491224336131282 0.7416967524476655 0.6851921777176365 0.8348864055462569 0.6185448229044889 0.2352143349880459 0.8863824018316053 0.40973086922451507 0.3179648952358759 0.5362510858969834
0.9532987593220268 0.09641375807266006 0.4612593914300912 0.20182365637298127 0.009463272463034023 0.5785091067188827 0.0 0.8838911191681845 0.5148363247173727 0.4568282614784236 0.33319783990019913 0.8678685049867575 0.12247498235687326 0.40501857606311953 0.8407966791209376 0.44796942166452547 0.9873097747904596 0.8906642492780706 0.1424278392139473 0.5353217552852132 0.2800214987501657
0.06704788194867684 0.5197885653047618 0.21057625992238826 0.9874961526051377 0.5417541382063301 0.030183323376665405 0.8838911191681845 0.0 0.30414252027737043 0.5488617282887381 0.10421855089653564 0.6841938338103295 0.5840932165825221 0.011836741544417273 0.06452123783981079 0.5382736987899376 0.22941724918826512 0.2880500296832611 0.9845504176386518 0.5272763726403964 0.38065041573687564
0.8848461602096803 0.008604151679681982 0.2442620383077181 0.7279570681423159 0.22893402118717232 0.4054530902238922 0.5148363247173727 0.30414252027737043 0.0 0.9876249311491425 0.9442802615010245 0.6330057693441243 0.8447660729828387 0.860845362346529 0.36994071459841704 0.5369125550162062 0.39937498546765937 0.6779239570266996 0.30367199131498845 0.43631371803907903 0.7054539562128292
0.7448160331675426 0.9146506254880488 0.9264407783980828 0.9820986156351917 0.8174612959228733 0.7539812464089077 0.4568282614784236 0.5488617282887381 0.9876249311491425 0.0 0.8387974242010037 0.1956635310390603 0.28254913385464864 0.682150005375377 0.41341912543085224 0.9712498236009834 0.7787522042801868 0.2528698012768441 0.6577451975460515 0.821723881500357 0.08526291611314529
0.16996044689785883 0.8351726477625211 0.38749967520422424 0.20659934417033 0.11590703003868885 0.4898358719722625 0.33319783990019913 0.10421855089653564 0.9442802615010245 0.8387974242010037 0.0 0.9587789373380728 0.17658776844298474 0.8951684787336052 0.07231372822923288 0.05399903115947102 0.8117342345018461 0.8223941479173746 0.1324697275149166 0.34620549341283646 0.022209628883668064
0.0871747701449227 0.39859671439594246 0.4893665495178938 0.2157047811152618 0.676419395642691 0.9491224336131282 0.8678685049867575 0.6841938338103295 0.6330057693441243 0.1956635310390603 0.9587789373380728 0.0 0.803112401387729 0.019406384257401044 0.22699200040903889 0.993284043773874 0.7987609000979939 0.9149599141584964 0.04828249833249987 0.9618052393253663 0.23093748058439256
0.23321210773257472 0.2956890998163533 0.3258316663431645 0.25649559211107853 0.5865004779353491 0.7416967524476655 0.12247498235687326 0.5840932165825221 0.8447660729828387 0.28254913385464864 0.17658776844298474 0.803112401387729 0.0 0.9429862401064588 0.2442350932643681 0.2776617638365041 0.4681879522977801 0.6464168538886282 0.37249659991993145 0.5346591303679001 0.29893226951378093
0.01164351976981648 0.029363601997758226 0.4100638232038112 0.2111057885687888 0.7842701226745451 0.6851921777176365 0.40501857606311953 0.011836741544417273 0.860845362346529 0.682150005375377 0.8951684787336052 0.019406384257401044 0.9429862401064588 0.0 0.5230008984542942 0.5543304476941476 0.6988185497779449 0.5346025455361901 0.5755745516996137 0.6300545966828568 0.5380832318486126
0.12377463146906553 0.44549110920438384 0.400679703304909 0.4389435241857501 0.9719560627686322 0.8348864055462569 0.8407966791209376 0.06452123783981079 0.36994071459841704 0.41341912543085224 0.07231372822923288 0.22699200040903889 0.2442350932643681 0.5230008984542942 0.0 0.8646053656739446 0.9743003542714235 0.7143905756634135 0.8146447173440203 0.09351022282004418 0.35117071009186185
0.16213883561566667 0.24099836529272645 0.20216165159610266 0.35218954085519305 0.6160850392348106 0.6185448229044889 0.44796942166452547 0.5382736987899376 0.5369125550162062 0.9712498236009834 0.05399903115947102 0.993284043773874 0.2776617638365041 0.5543304476941476 0.8646053656739446 0.0 0.7357379900424513 0.6395778609423991 0.93090454270557 0.9511712501792206 0.9740542281726972
0.9289370285910006 0.42508650452056773 0.14346714976189523 0.20488451702452926 0.2227244753433203 0.2352143349880459 0.9873097747904596 0.22941724918826512 0.39937498546765937 0.7787522042801868 0.8117342345018461 0.7987609000979939 0.4681879522977801 0.6988185497779449 0.9743003542714235 0.7357379900424513 0.0 0.10919994476321737 0.5756451006537338 0.8498514157079348 0.573931642217341
0.6290666156733611 0.7882573754312612 0.3783500270874163 0.8718269815121624 0.0842389474517451 0.8863824018316053 0.8906642492780706 0.2880500296832611 0.6779239570266996 0.2528698012768441 0.8223941479173746 0.9149599141584964 0.6464168538886282 0.5346025455361901 0.7143905756634135 0.6395778609423991 0.10919994476321737 0.0 0.8435454149543876 0.4387746595398807 0.7136510827807406
0.2632772926135676 0.9297943671028509 0.23486144610419413 0.5864909533333392 0.9157036330646783 0.40973086922451507 0.1424278392139473 0.9845504176386518 0.30367199131498845 0.6577451975460515 0.1324697275149166 0.04828249833249987 0.37249659991993145 0.5755745516996137 0.8146447173440203 0.93090454270557 0.5756451006537338 0.8435454149543876 0.0 0.5026297083290935 0.32957498567236887
0.14930204983025075 0.2208920810872751 0.056434001950468105 0.26599128976227915 0.9126016512167964 0.3179648952358759 0.5353217552852132 0.5272763726403964 0.43631371803907903 0.821723881500357 0.34620549341283646 0.9618052393253663 0.5346591303679001 0.6300545966828568 0.09351022282004418 0.9511712501792206 0.8498514157079348 0.4387746595398807 0.5026297083290935 0.0 0.48316161809215663
0.25240994902689906 0.6716091019675392 0.22275189343127744 0.8929944936986702 0.29364371949912715 0.5362510858969834 0.2800214987501657 0.38065041573687564 0.7054539562128292 0.08526291611314529 0.022209628883668064 0.23093748058439256 0.29893226951378093 0.5380832318486126 0.35117071009186185 0.9740542281726972 0.573931642217341 0.7136510827807406 0.32957498567236887 0.48316161809215663 0.0

# Optimal Walk
0 13 8 1 11 18 15 10 20 9 12 6 4 17 16 3 2 19 14 7 5 0
