# Graph size: 21
# Optimal cost: 1.7566841012074976

# Distance Matrix
0.0 0.030457237564535333 0.8507425322908 0.9533601301800086 0.8642049912523203 0.2206271371957157 0.9452716404871572 0.4274134437235494 0.6523482787754653 0.932831571347344 0.28364649227414496 0.9160760498929311 0.04857065211148548 0.08171047956360411 0.35167484704419616 0.20760324486193604 0.3280429435881018 0.07958653699992191 0.0906351103961055 0.6597135173968174 0.11007734354795673
0.030457237564535333 0.0 0.5597230727567387 0.06683963998704379 0.27334509791367323 0.6066631929699229 0.9113655562382642 0.045000008475407305 0.8985239805922891 0.9482816638136811 0.7635604934250595 0.05282695937099313 0.580918945269683 0.4405458397122526 0.1182213166776287 0.6893372115767916 0.38676055467157955 0.6608760057314588 0.1776380858609471 0.1256278450618893 0.654152754869007
0.8507425322908 0.5597230727567387 0.0 0.8913348897403032 0.03760399709846973 0.9744183576741658 0.510407130536499 0.5019108167307831 0.3245582190377858 0.9634498914277292 0.667881478870477 0.5479512512241808 0.5436216090515044 0.13786900616029507 0.9649061370989978 0.02611334277342059 0.3741276747714539 0.13801411019136078 0.8537325790109552 0.9451117512094679 0.40022854118017626
0.9533601301800086 0.06683963998704379 0.8913348897403032 0.0 0.951560310860895 0.05404097399339902 0.6107085229861795 0.7963814117078436 0.4227680740840153 0.8883944723179886 0.2988036574386974 0.3009984559687172 0.7166204163432442 0.3951295819895003 0.7961487933283666 0.4062687747508684 0.8819218584146273 0.17452419496536697 0.12512121968470302 0.06813810958181077 0.634971642011501
0.8642049912523203 0.27334509791367323 0.03760399709846973 0.951560310860895 0.0 0.0656852048885177 0.13715865237589564 0.39765875971251163 0.4942131374824197 0.1744504814772364 0.558869958880585 0.7333979241290927 0.4362997606247787 0.4767007133335236 0.5055005761861927 0.21432024633718105 0.3153073643518366 0.2068283708047427 0.4383456579515317 0.4735359947791995 0.3893617859074514
0.2206271371957157 0.6066631929699229 0.9744183576741658 0.05404097399339902 0.0656852048885177 0.0 0.5077128348889971 0.03586827688689398 0.35553360831624614 0.43273954737949505 0.36640191646046605 0.4726935069617517 0.6229913685071836 0.07653833001858668 0.6888021467310745 0.156313705687967 0.46398987421534565 0.21730370847443414 0.47703086636546377 0.058254423536984845 0.23642323964710088
0.9452716404871572 0.9113655562382642 0.510407130536499 0.6107085229861795 0.13715865237589564 0.5077128348889971 0.0 0.560536714581976 0.4646857042943431 0.3946139514224415 0.2936338851832432 0.6247964992284241 0.23813791194592293 0.5603042172426825 0.9237719660888143 0.8221514697383667 0.8260578716441215 0.9019843086555117 0.40510734769333745 0.5520208289296192 0.9747325136952703
0.4274134437235494 0.045000008475407305 0.5019108167307831 0.7963814117078436 0.39765875971251163 0.03586827688689398 0.560536714581976 0.0 0.1265921494917489 0.9304983650263079 0.5979879653371126 0.8433361598648442 0.8855439570398408 0.6864483836487973 0.5009561817619934 0.6511676270672606 0.34908507175199355 0.6856575273726775 0.9970558161794241 0.8879680341142665 0.390940041669088
0.6523482787754653 0.8985239805922891 0.3245582190377858 0.4227680740840153 0.4942131374824197 0.35553360831624614 0.4646857042943431 0.1265921494917489 0.0 0.04670364746578115 0.05500167836951608 0.058785656290856636 0.3403233732522227 0.2904632297694837 0.52513808110192 0.5764549964452056 0.1265370654940684 0.8801092175849404 0.921198074799769 0.33760972900442177 0.040794868803055495
0.932831571347344 0.9482816638136811 0.9634498914277292 0.8883944723179886 0.1744504814772364 0.43273954737949505 0.3946139514224415 0.9304983650263079 0.04670364746578115 0.0 0.6699995036806007 0.39584272644930685 0.7222500913090507 0.2705770035739562 0.14849665240063215 0.5423349998751241 0.24223676086107115 0.8237333273179677 0.3607352095302445 0.2572422321638572 0.8306855655258509
0.28364649227414496 0.7635604934250595 0.667881478870477 0.2988036574386974 0.558869958880585 0.36640191646046605 0.2936338851832432 0.5979879653371126 0.05500167836951608 0.6699995036806007 0.0 0.45271738550306506 0.1795804553109419 0.5328497506660492 0.8120882167381872 0.7137471234501408 0.15649828713402691 0.7130080569096722 0.922086017521929 0.3513526142245895 0.5287829588983336
0.9160760498929311 0.05282695937099313 0.5479512512241808 0.3009984559687172 0.7333979241290927 0.4726935069617517 0.6247964992284241 0.8433361598648442 0.058785656290856636 0.39584272644930685 0.45271738550306506 0.0 0.4424238949605994 0.35617526867094373 0.7856850780090663 0.0855655676356194 0.26694593731694594 0.7182243562156967 0.5981255068015161 0.502253223121314 0.6011837098320191
0.04857065211148548 0.580918945269683 0.5436216090515044 0.7166204163432442 0.4362997606247787 0.6229913685071836 0.23813791194592293 0.8855439570398408 0.3403233732522227 0.7222500913090507 0.1795804553109419 0.4424238949605994 0.0 0.9125342645934251 0.5601452303428027 0.44152472134032494 0.5698381491683536 0.47727591180320117 0.931034958655441 0.18873596497751044 0.05041102557347488
0.08171047956360411 0.4405458397122526 0.13786900616029507 0.3951295819895003 0.4767007133335236 0.07653833001858668 0.5603042172426825 0.6864483836487973 0.2904632297694837 0.2705770035739562 0.5328497506660492 0.35617526867094373 0.9125342645934251 0.0 0.5924887684229293 0.4620328111377142 0.8405642043064031 0.09749938361561217 0.012427579239821629 0.7875459196313791 0.09794683884706601
0.35167484704419616 0.1182213166776287 0.9649061370989978 0.7961487933283666 0.5055005761861927 0.6888021467310745 0.9237719660888143 0.5009561817619934 0.52513808110192 0.14849665240063215 0.8120882167381872 0.7856850780090663 0.5601452303428027 0.5924887684229293 0.0 0.8126705413547498 0.469894674166909 0.6585740305395165 0.5278478898441528 0.6389520458733693 0.6792978358585464
0.20760324486193604 0.6893372115767916 0.02611334277342059 0.4062687747508684 0.21432024633718105 0.156313705687967 0.8221514697383667 0.6511676270672606 0.5764549964452056 0.5423349998751241 0.7137471234501408 0.0855655676356194 0.44152472134032494 0.4620328111377142 0.8126705413547498 0.0 0.7791082912044576 0.75311031594475 0.0052598465937916394 0.9255243491143346 0.8431914210562363
0.3280429435881018 0.38676055467157955 0.3741276747714539 0.8819218584146273 0.3153073643518366 0.46398987421534565 0.8260578716441215 0.34908507175199355 0.1265370654940684 0.24223676086107115 0.15649828713402691 0.26694593731694594 0.5698381491683536 0.8405642043064031 0.469894674166909 0.7791082912044576 0.0 0.40563040424579067 0.22362762202789255 0.3673241488428015 0.7384905681081287
0.07958653699992191 0.6608760057314588 0.13801411019136078 0.17452419496536697 0.2068283708047427 0.21730370847443414 0.9019843086555117 0.6856575273726775 0.8801092175849404 0.8237333273179677 0.7130080569096722 0.7182243562156967 0.47727591180320117 0.09749938361561217 0.6585740305395165 0.75311031594475 0.40563040424579067 0.0 0.8353163405286571 0.550888460267105 0.606746226834547
0.0906351103961055 0.1776380858609471 0.8537325790109552 0.12512121968470302 0.4383456579515317 0.47703086636546377 0.40510734769333745 0.9970558161794241 0.921198074799769 0.3607352095302445 0.922086017521929 0.5981255068015161 0.931034958655441 0.012427579239821629 0.5278478898441528 0.0052598465937916394 0.22362762202789255 0.8353163405286571 0.0 0.7816474470044582 0.5057692195967799
0.6597135173968174 0.1256278450618893 0.9451117512094679 0.06813810958181077 0.4735359947791995 0.058254423536984845 0.5520208289296192 0.8879680341142665 0.33760972900442177 0.2572422321638572 0.3513526142245895 0.502253223121314 0.18873596497751044 0.7875459196313791 0.6389520458733693 0.9255243491143346 0.3673241488428015 0.550888460267105 0.7816474470044582 0.0 0.36649998846293586
0.11007734354795673 0.654152754869007 0.40022854118017626 0.634971642011501 0.3893617859074514 0.23642323964710088 0.9747325136952703 0.390940041669088 0.040794868803055495 0.8306855655258509 0.5287829588983336 0.6011837098320191 0.05041102557347488 0.09794683884706601 0.6792978358585464 0.8431914210562363 0.7384905681081287 0.606746226834547 0.5057692195967799 0.36649998846293586 0.0

# Optimal Walk
0 17 13 18 15 2 6 4 5 19 3 7 11 1 14 9 16 10 8 20 12 0
