# MCW Instance
# Type: UNIFORM
# N: 21
# Optimal cost: 2.139572445629274
# Optimal tour (permutation): [0, 20, 11, 9, 10, 12, 13, 6, 18, 2, 1, 14, 5, 7, 15, 8, 19, 17, 4, 3, 16, 0]
# Optimal walk (full path): [0, 20, 9, 11, 9, 10, 12, 13, 6, 18, 2, 1, 14, 5, 14, 7, 15, 8, 19, 17, 4, 3, 16, 0]
# Walk size: 24
# Is walk (has repeats): true

# Distance Matrix
0.0000000000 0.9694488569 0.2875641584 0.4689985676 0.2683890833 0.3599156927 0.5947358285 0.4760409926 0.5953322614 0.2101339445 0.3383425295 0.7023399354 0.8398290078 0.4442561462 0.4363555323 0.6627090915 0.1831228361 0.5910742551 0.1453486058 0.5813087385 0.2836467553
0.9694488569 0.0000000000 0.0671838553 0.3808374639 0.2844717515 0.3454714391 0.7786615078 0.8745423936 0.4923798151 0.1231784486 0.2959239418 0.8619629799 0.3936539096 0.8929744622 0.0605402769 0.9243195271 0.6066492572 0.9911510777 0.5681193794 0.0708290043 0.6322215328
0.2875641584 0.0671838553 0.0000000000 0.1235340133 0.2379962441 0.1404474883 0.6849577569 0.2833546910 0.7282928479 0.1266253454 0.3533418561 0.7800158494 0.7840305836 0.0842855228 0.8840514794 0.5775124792 0.3163226283 0.8651487650 0.0115590944 0.8688079612 0.3022766523
0.4689985676 0.3808374639 0.1235340133 0.0000000000 0.0456946219 0.1614369377 0.5712545710 0.2680891707 0.0614602124 0.5442423244 0.2181864574 0.5719152381 0.7420435204 0.1265857528 0.5431024382 0.4384479668 0.1530913746 0.7169614410 0.9053947763 0.7137443958 0.8947172399
0.2683890833 0.2844717515 0.2379962441 0.0456946219 0.0000000000 0.4361459455 0.5903694998 0.6066856337 0.7802067380 0.6554476090 0.9313424491 0.2625606521 0.1245343392 0.0808156671 0.1478846949 0.8746150451 0.7091274695 0.0367945995 0.7718298823 0.1810071708 0.8574790247
0.3599156927 0.3454714391 0.1404474883 0.1614369377 0.4361459455 0.0000000000 0.1615360371 0.5414449355 0.6174658393 0.9556234092 0.6625568424 0.6842051372 0.1000456219 0.1821545273 0.0026587028 0.5799028581 0.3977265972 0.1743793716 0.3864009209 0.8983591969 0.3212078896
0.5947358285 0.7786615078 0.6849577569 0.5712545710 0.5903694998 0.1615360371 0.0000000000 0.8503638303 0.6997450974 0.4397960605 0.5020950412 0.6310419943 0.6189663745 0.0709657949 0.3657835951 0.8622242541 0.4496530469 0.3464241770 0.0116921518 0.3232533532 0.8825923671
0.4760409926 0.8745423936 0.2833546910 0.2680891707 0.6066856337 0.5414449355 0.8503638303 0.0000000000 0.6318720797 0.1061001584 0.3272217649 0.2605674414 0.8052797312 0.5656970855 0.0670777567 0.1385662277 0.9015465705 0.7640512487 0.5426116683 0.8896307489 0.3877395447
0.5953322614 0.4923798151 0.7282928479 0.0614602124 0.7802067380 0.6174658393 0.6997450974 0.6318720797 0.0000000000 0.2285582427 0.6152277938 0.8595502635 0.1084903265 0.3120299959 0.4805716397 0.1058300938 0.3249224997 0.1209377518 0.1234959087 0.0698429496 0.6855177797
0.2101339445 0.1231784486 0.1266253454 0.5442423244 0.6554476090 0.9556234092 0.4397960605 0.1061001584 0.2285582427 0.0000000000 0.0614233728 0.1255134006 0.6257969396 0.4136199194 0.7245447700 0.5317978957 0.8261310816 0.4738135910 0.4738236667 0.3529595507 0.3201753148
0.3383425295 0.2959239418 0.3533418561 0.2181864574 0.9313424491 0.6625568424 0.5020950412 0.3272217649 0.6152277938 0.0614233728 0.0000000000 0.9882052506 0.0210142624 0.6762343131 0.8613885716 0.7136713469 0.4801137978 0.2913912938 0.5382155688 0.9624287241 0.8749876080
0.7023399354 0.8619629799 0.7800158494 0.5719152381 0.2625606521 0.6842051372 0.6310419943 0.2605674414 0.8595502635 0.1255134006 0.9882052506 0.0000000000 0.1985763956 0.3645787627 0.9508209876 0.8425819953 0.3584738552 0.6482491857 0.1950037450 0.3215508944 0.5695823799
0.8398290078 0.3936539096 0.7840305836 0.7420435204 0.1245343392 0.1000456219 0.6189663745 0.8052797312 0.1084903265 0.6257969396 0.0210142624 0.1985763956 0.0000000000 0.1188159803 0.2372505645 0.3452228943 0.4130654716 0.1417012202 0.6828907984 0.6681875278 0.7925507449
0.4442561462 0.8929744622 0.0842855228 0.1265857528 0.0808156671 0.1821545273 0.0709657949 0.5656970855 0.3120299959 0.4136199194 0.6762343131 0.3645787627 0.1188159803 0.0000000000 0.4706429957 0.2554290182 0.8473806894 0.7144162675 0.8982967083 0.3361855872 0.5714011464
0.4363555323 0.0605402769 0.8840514794 0.5431024382 0.1478846949 0.0026587028 0.3657835951 0.0670777567 0.4805716397 0.7245447700 0.8613885716 0.9508209876 0.2372505645 0.4706429957 0.0000000000 0.6035164190 0.8530803491 0.2448360905 0.4858909691 0.6299635600 0.4601170734
0.6627090915 0.9243195271 0.5775124792 0.4384479668 0.8746150451 0.5799028581 0.8622242541 0.1385662277 0.1058300938 0.5317978957 0.7136713469 0.8425819953 0.3452228943 0.2554290182 0.6035164190 0.0000000000 0.3385172837 0.4981652762 0.2344964062 0.8351039328 0.8597055448
0.1831228361 0.6066492572 0.3163226283 0.1530913746 0.7091274695 0.3977265972 0.4496530469 0.9015465705 0.3249224997 0.8261310816 0.4801137978 0.3584738552 0.4130654716 0.8473806894 0.8530803491 0.3385172837 0.0000000000 0.5608771440 0.2831292302 0.4121629498 0.3468633509
0.5910742551 0.9911510777 0.8651487650 0.7169614410 0.0367945995 0.1743793716 0.3464241770 0.7640512487 0.1209377518 0.4738135910 0.2913912938 0.6482491857 0.1417012202 0.7144162675 0.2448360905 0.4981652762 0.5608771440 0.0000000000 0.2323558747 0.0561909202 0.9202070279
0.1453486058 0.5681193794 0.0115590944 0.9053947763 0.7718298823 0.3864009209 0.0116921518 0.5426116683 0.1234959087 0.4738236667 0.5382155688 0.1950037450 0.6828907984 0.8982967083 0.4858909691 0.2344964062 0.2831292302 0.2323558747 0.0000000000 0.3368881306 0.8903581434
0.5813087385 0.0708290043 0.8688079612 0.7137443958 0.1810071708 0.8983591969 0.3232533532 0.8896307489 0.0698429496 0.3529595507 0.9624287241 0.3215508944 0.6681875278 0.3361855872 0.6299635600 0.8351039328 0.4121629498 0.0561909202 0.3368881306 0.0000000000 0.5825262317
0.2836467553 0.6322215328 0.3022766523 0.8947172399 0.8574790247 0.3212078896 0.8825923671 0.3877395447 0.6855177797 0.3201753148 0.8749876080 0.5695823799 0.7925507449 0.5714011464 0.4601170734 0.8597055448 0.3468633509 0.9202070279 0.8903581434 0.5825262317 0.0000000000
