# Graph size: 21
# Optimal cost: 2.462897515806814

# Distance Matrix
0.0 0.4520730860862522 0.6822752044785854 0.3953113234484045 0.8833983160547813 0.8109627419007631 0.7197946206614435 0.4263239997080587 0.923856578366062 0.49407378260227763 0.092180480219619 0.019775819232319303 0.9244277511334463 0.38013919921876904 0.42423997409080405 0.1580632411732671 0.9245755250630593 0.9048361499084616 0.5717814724204316 0.775822630237205 0.7513818229151767
0.4520730860862522 0.0 0.6839162400472208 0.9508654565082493 0.40092505011013746 0.9582339666611881 0.302504624708265 0.7078841735555156 0.6044777366222214 0.7663436281578242 0.6502377384919565 0.548860219735794 0.26889607059337195 0.1639127517135196 0.3860100627201676 0.9770177674107895 0.9028361265862577 0.8890513069496878 0.6014522065428785 0.14959465959196416 0.23275489236448954
0.6822752044785854 0.6839162400472208 0.0 0.6250908699993879 0.5188644548167215 0.558027191660139 0.08309133598054197 0.37072652112807136 0.10718091273528763 0.26005399424757936 0.12053844614031817 0.6124593989625667 0.8286414965782564 0.44794918921733506 0.3826027115943581 0.6231005897510904 0.3392001358335818 0.7240087026044234 0.6366241010568096 0.9376364919543813 0.8572994673745643
0.3953113234484045 0.9508654565082493 0.6250908699993879 0.0 0.5725786551196069 0.5226563522443296 0.816544832265297 0.08849370603948548 0.16732786390592203 0.12208362140695428 0.296689431795748 0.04750274470273108 0.8331307930234125 0.06357631137179032 0.2512109733824065 0.8546325263940724 0.1938420097583644 0.5289655458882234 0.732370104722972 0.6000979852113468 0.28040597002507006
0.8833983160547813 0.40092505011013746 0.5188644548167215 0.5725786551196069 0.0 0.5538419929269601 0.7550881528571133 0.6676365339717544 0.6481614776177247 0.8311617814398661 0.5939700597923204 0.4879014247991339 0.8578631191629201 0.8208682273868976 0.6128826698507597 0.5524763225267195 0.5118564969410082 0.3445152058534865 0.623701441752979 0.6609534558780938 0.40500824303755467
0.8109627419007631 0.9582339666611881 0.558027191660139 0.5226563522443296 0.5538419929269601 0.0 0.0011042502585905112 0.7796266697967215 0.7963697595301206 0.24940548134491913 0.6788240339843278 0.048510193431410276 0.7283966138142469 0.8625039051596864 0.1571076452310637 0.38292223872839937 0.42903051378469603 0.6703174524969683 0.2943994213717196 0.8062273462501394 0.6521336000226433
0.7197946206614435 0.302504624708265 0.08309133598054197 0.816544832265297 0.7550881528571133 0.0011042502585905112 0.0 0.8704063593197428 0.579249735098183 0.7677268373141968 0.5760244449533117 0.6238352553463326 0.8858327231977912 0.284965279211727 0.23742110865126853 0.2009361663358521 0.1197085496712641 0.5875865321097948 0.5953900335806267 0.0926254978701675 0.065628204390071
0.4263239997080587 0.7078841735555156 0.37072652112807136 0.08849370603948548 0.6676365339717544 0.7796266697967215 0.8704063593197428 0.0 0.20466457870643961 0.45555595767065515 0.7171889708260524 0.1564055930328413 0.6962233064493919 0.15767937663907805 0.5018613459514594 0.07035798387552561 0.5196982230121858 0.8838099693066556 0.7991923693177743 0.034542800121026174 0.84338255830893
0.923856578366062 0.6044777366222214 0.10718091273528763 0.16732786390592203 0.6481614776177247 0.7963697595301206 0.579249735098183 0.20466457870643961 0.0 0.6795758005185175 0.310105067689017 0.46199498643991554 0.471438984615547 0.7977694226303532 0.4287151027561722 0.08339576343478194 0.4288471048158796 0.771244281214568 0.19839570524704897 0.04708051383666789 0.1696966028591188
0.49407378260227763 0.7663436281578242 0.26005399424757936 0.12208362140695428 0.8311617814398661 0.24940548134491913 0.7677268373141968 0.45555595767065515 0.6795758005185175 0.0 0.7012355008908269 0.37423513802371 0.5560195378931535 0.8185239721019576 0.6075712079227711 0.42394891010595737 0.4863824693694646 0.3319307765061851 0.3288422940122231 0.16747255115760518 0.0895234101125868
0.092180480219619 0.6502377384919565 0.12053844614031817 0.296689431795748 0.5939700597923204 0.6788240339843278 0.5760244449533117 0.7171889708260524 0.310105067689017 0.7012355008908269 0.0 0.9765100741065136 0.3834493743197903 0.15487455078979329 0.31770057192126255 0.05914623815529585 0.4065480710356961 0.8128937545257988 0.5335706495627317 0.41704342410540896 0.2632647262881598
0.019775819232319303 0.548860219735794 0.6124593989625667 0.04750274470273108 0.4879014247991339 0.048510193431410276 0.6238352553463326 0.1564055930328413 0.46199498643991554 0.37423513802371 0.9765100741065136 0.0 0.8523189277663278 0.36447480972078405 0.7773762506684156 0.7051564499828941 0.4215929433951514 0.24475966511776692 0.730245498285383 0.484741040938486 0.016437271650409646
0.9244277511334463 0.26889607059337195 0.8286414965782564 0.8331307930234125 0.8578631191629201 0.7283966138142469 0.8858327231977912 0.6962233064493919 0.471438984615547 0.5560195378931535 0.3834493743197903 0.8523189277663278 0.0 0.7528532984558385 0.7236608247981153 0.17202361950580658 0.21095741591124118 0.1945427260246707 0.18556158140324763 0.5272987006071445 0.862603262549016
0.38013919921876904 0.1639127517135196 0.44794918921733506 0.06357631137179032 0.8208682273868976 0.8625039051596864 0.284965279211727 0.15767937663907805 0.7977694226303532 0.8185239721019576 0.15487455078979329 0.36447480972078405 0.7528532984558385 0.0 0.009876010091351195 0.6054255734943809 0.17610774061075374 0.5615227983856566 0.48833860375025206 0.1668050491260309 0.50508389314557
0.42423997409080405 0.3860100627201676 0.3826027115943581 0.2512109733824065 0.6128826698507597 0.1571076452310637 0.23742110865126853 0.5018613459514594 0.4287151027561722 0.6075712079227711 0.31770057192126255 0.7773762506684156 0.7236608247981153 0.009876010091351195 0.0 0.7442615670536322 0.9654302315276556 0.312167986364251 0.15151710750442415 0.07242437542474423 0.14349513726617313
0.1580632411732671 0.9770177674107895 0.6231005897510904 0.8546325263940724 0.5524763225267195 0.38292223872839937 0.2009361663358521 0.07035798387552561 0.08339576343478194 0.42394891010595737 0.05914623815529585 0.7051564499828941 0.17202361950580658 0.6054255734943809 0.7442615670536322 0.0 0.4427119626059949 0.1948245586413756 0.38882961662830706 0.4306345845353756 0.8083568684015022
0.9245755250630593 0.9028361265862577 0.3392001358335818 0.1938420097583644 0.5118564969410082 0.42903051378469603 0.1197085496712641 0.5196982230121858 0.4288471048158796 0.4863824693694646 0.4065480710356961 0.4215929433951514 0.21095741591124118 0.17610774061075374 0.9654302315276556 0.4427119626059949 0.0 0.1747127413643258 0.8068509814787977 0.22375841350990333 0.5269119969418722
0.9048361499084616 0.8890513069496878 0.7240087026044234 0.5289655458882234 0.3445152058534865 0.6703174524969683 0.5875865321097948 0.8838099693066556 0.771244281214568 0.3319307765061851 0.8128937545257988 0.24475966511776692 0.1945427260246707 0.5615227983856566 0.312167986364251 0.1948245586413756 0.1747127413643258 0.0 0.35866904880895 0.26305503368095073 0.8753071159251646
0.5717814724204316 0.6014522065428785 0.6366241010568096 0.732370104722972 0.623701441752979 0.2943994213717196 0.5953900335806267 0.7991923693177743 0.19839570524704897 0.3288422940122231 0.5335706495627317 0.730245498285383 0.18556158140324763 0.48833860375025206 0.15151710750442415 0.38882961662830706 0.8068509814787977 0.35866904880895 0.0 0.5864515252939184 0.26052240586349085
0.775822630237205 0.14959465959196416 0.9376364919543813 0.6000979852113468 0.6609534558780938 0.8062273462501394 0.0926254978701675 0.034542800121026174 0.04708051383666789 0.16747255115760518 0.41704342410540896 0.484741040938486 0.5272987006071445 0.1668050491260309 0.07242437542474423 0.4306345845353756 0.22375841350990333 0.26305503368095073 0.5864515252939184 0.0 0.16890748198229444
0.7513818229151767 0.23275489236448954 0.8572994673745643 0.28040597002507006 0.40500824303755467 0.6521336000226433 0.065628204390071 0.84338255830893 0.1696966028591188 0.0895234101125868 0.2632647262881598 0.016437271650409646 0.862603262549016 0.50508389314557 0.14349513726617313 0.8083568684015022 0.5269119969418722 0.8753071159251646 0.26052240586349085 0.16890748198229444 0.0

# Optimal Walk
0 10 15 7 19 8 2 6 5 16 17 4 1 12 18 14 13 3 9 20 11 0
