# MCW Instance
# Type: UNIFORM
# N: 21
# Optimal cost: 2.246555655205647
# Optimal tour (permutation): [0, 16, 17, 9, 6, 13, 4, 18, 12, 15, 2, 10, 3, 11, 5, 7, 19, 20, 1, 14, 8, 0]
# Optimal walk (full path): [0, 16, 17, 6, 9, 6, 13, 4, 18, 12, 15, 2, 15, 10, 3, 11, 5, 7, 19, 20, 19, 1, 14, 16, 8, 16, 0]
# Walk size: 27
# Is walk (has repeats): true

# Distance Matrix
0.0000000000 0.8059290851 0.6688311199 0.7409986487 0.7303336262 0.6914439918 0.9978429582 0.4945411153 0.1216910286 0.6760719894 0.8513654459 0.1868217665 0.4001818666 0.2136307968 0.5926085906 0.6018711650 0.0508941573 0.3646968346 0.7278546688 0.5513573712 0.9373768158
0.8059290851 0.0000000000 0.8719902870 0.4946767947 0.6649713448 0.3665356725 0.2960787974 0.2001510671 0.9130218511 0.4910627329 0.6765187825 0.8496198143 0.4479396387 0.6060693834 0.2470287915 0.7716028219 0.1804936012 0.4522589779 0.5780170643 0.1407428784 0.6168718669
0.6688311199 0.8719902870 0.0000000000 0.7248881727 0.1457607105 0.5282102942 0.8743834855 0.6059299851 0.7347616798 0.8677807500 0.4663869444 0.2862663605 0.2682805889 0.5158395802 0.4011540612 0.1254015210 0.6317760645 0.4048546686 0.3747289329 0.3081014428 0.8049540687
0.7409986487 0.4946767947 0.7248881727 0.0000000000 0.6423993278 0.3544433730 0.6005294426 0.1503582437 0.2915956333 0.6476017955 0.0828611951 0.0199082877 0.4838872315 0.6289499341 0.5410269559 0.9355210520 0.4613406935 0.6608935655 0.5371428615 0.4759244063 0.6232124056
0.7303336262 0.6649713448 0.1457607105 0.6423993278 0.0000000000 0.3820349035 0.0463570167 0.6590012249 0.1603080067 0.4624456832 0.9472502352 0.0474773440 0.4006998517 0.1281978878 0.5835957309 0.0254935160 0.5616572491 0.2430242049 0.0771950900 0.6945784567 0.2051833617
0.6914439918 0.3665356725 0.5282102942 0.3544433730 0.3820349035 0.0000000000 0.5015823863 0.0646734195 0.6197662319 0.3283415334 0.3366486897 0.0555291618 0.2200779438 0.6845930208 0.4716674646 0.6643991525 0.9423143898 0.6286570687 0.6604355501 0.5574130298 0.4830827218
0.9978429582 0.2960787974 0.8743834855 0.6005294426 0.0463570167 0.5015823863 0.0000000000 0.5049435240 0.0473014867 0.0706753951 0.2312066301 0.3583968299 0.7541114412 0.1083280294 0.7911465180 0.5366298214 0.7542346345 0.1083087419 0.9177822887 0.5735144623 0.8293536915
0.4945411153 0.2001510671 0.6059299851 0.1503582437 0.6590012249 0.0646734195 0.5049435240 0.0000000000 0.5758373436 0.4438880168 0.5969358520 0.4213059185 0.9278231212 0.8138547850 0.3872047130 0.4891133556 0.1658028753 0.6506935358 0.1276631258 0.0604415476 0.2006817062
0.1216910286 0.9130218511 0.7347616798 0.2915956333 0.1603080067 0.6197662319 0.0473014867 0.5758373436 0.0000000000 0.3780776924 0.8353065762 0.0270775432 0.4894638327 0.2951604613 0.4367851748 0.8756203119 0.0123237890 0.6591295355 0.4639355262 0.4674271932 0.5177833368
0.6760719894 0.4910627329 0.8677807500 0.6476017955 0.4624456832 0.3283415334 0.0706753951 0.4438880168 0.3780776924 0.0000000000 0.2689375530 0.3830339866 0.6859626745 0.3944227265 0.7633737339 0.6432509142 0.7550463877 0.4894694392 0.3476185650 0.6323249672 0.2980995158
0.8513654459 0.6765187825 0.4663869444 0.0828611951 0.9472502352 0.3366486897 0.2312066301 0.5969358520 0.8353065762 0.2689375530 0.0000000000 0.6877715345 0.9446499064 0.8612649389 0.7563397397 0.0890766436 0.8313454043 0.8649264513 0.6129770718 0.1772019504 0.6638528448
0.1868217665 0.8496198143 0.2862663605 0.0199082877 0.0474773440 0.0555291618 0.3583968299 0.4213059185 0.0270775432 0.3830339866 0.6877715345 0.0000000000 0.5015992461 0.9808137797 0.4615942666 0.4227766996 0.5622801067 0.5022539555 0.6899436059 0.2159551114 0.8590957512
0.4001818666 0.4479396387 0.2682805889 0.4838872315 0.4006998517 0.2200779438 0.7541114412 0.9278231212 0.4894638327 0.6859626745 0.9446499064 0.5015992461 0.0000000000 0.1835788654 0.8799278271 0.0650788297 0.2523784942 0.7394469605 0.0988292864 0.7721300066 0.3971874811
0.2136307968 0.6060693834 0.5158395802 0.6289499341 0.1281978878 0.6845930208 0.1083280294 0.8138547850 0.2951604613 0.3944227265 0.8612649389 0.9808137797 0.1835788654 0.0000000000 0.2589277268 0.1316798237 0.7125947099 0.3426060055 0.5209813805 0.9217527190 0.9346306910
0.5926085906 0.2470287915 0.4011540612 0.5410269559 0.5835957309 0.4716674646 0.7911465180 0.3872047130 0.4367851748 0.7633737339 0.7563397397 0.4615942666 0.8799278271 0.2589277268 0.0000000000 0.5009361117 0.0851467914 0.9416360811 0.2568472890 0.9189493275 0.3623025638
0.6018711650 0.7716028219 0.1254015210 0.9355210520 0.0254935160 0.6643991525 0.5366298214 0.4891133556 0.8756203119 0.6432509142 0.0890766436 0.4227766996 0.0650788297 0.1316798237 0.5009361117 0.0000000000 0.4587849171 0.1520819921 0.2296421364 0.2307169603 0.9963637495
0.0508941573 0.1804936012 0.6317760645 0.4613406935 0.5616572491 0.9423143898 0.7542346345 0.1658028753 0.0123237890 0.7550463877 0.8313454043 0.5622801067 0.2523784942 0.7125947099 0.0851467914 0.4587849171 0.0000000000 0.0805338074 0.1404839608 0.4042047133 0.1583556793
0.3646968346 0.4522589779 0.4048546686 0.6608935655 0.2430242049 0.6286570687 0.1083087419 0.6506935358 0.6591295355 0.4894694392 0.8649264513 0.5022539555 0.7394469605 0.3426060055 0.9416360811 0.1520819921 0.0805338074 0.0000000000 0.5928410447 0.8229340241 0.6820595096
0.7278546688 0.5780170643 0.3747289329 0.5371428615 0.0771950900 0.6604355501 0.9177822887 0.1276631258 0.4639355262 0.3476185650 0.6129770718 0.6899436059 0.0988292864 0.5209813805 0.2568472890 0.2296421364 0.1404839608 0.5928410447 0.0000000000 0.3873276224 0.9621668685
0.5513573712 0.1407428784 0.3081014428 0.4759244063 0.6945784567 0.5574130298 0.5735144623 0.0604415476 0.4674271932 0.6323249672 0.1772019504 0.2159551114 0.7721300066 0.9217527190 0.9189493275 0.2307169603 0.4042047133 0.8229340241 0.3873276224 0.0000000000 0.1080427706
0.9373768158 0.6168718669 0.8049540687 0.6232124056 0.2051833617 0.4830827218 0.8293536915 0.2006817062 0.5177833368 0.2980995158 0.6638528448 0.8590957512 0.3971874811 0.9346306910 0.3623025638 0.9963637495 0.1583556793 0.6820595096 0.9621668685 0.1080427706 0.0000000000
