# Graph size: 21
# Optimal cost: 1.4287234423620858

# Distance Matrix
0.0 0.7282207975170939 0.3845822351556998 0.06251621283013475 0.5406325647150834 0.14809974448583774 0.18464993389207773 0.8411020679897729 0.7084934333595605 0.07136033746360004 0.6274993438083072 0.8191216112736998 0.5320491489201951 0.9404084562696147 0.8181604465207677 0.9319708472535859 0.008355442439031746 0.12970505471720417 0.35690847312388896 0.6212297777852019 0.2769314139617922
0.7282207975170939 0.0 0.6999430740197384 0.9081620001059695 0.13594748489611552 0.23193969829749894 0.04594788286551532 0.5424764721027658 0.13245104767105143 0.7005680105716527 0.47080228924717094 0.4673857093621442 0.5548866565870887 0.7726032295359972 0.6884240773410828 0.08413430954912204 0.014052779029711915 0.07810381426234947 0.007800530939026773 0.6598814397142737 0.39868649135988754
0.3845822351556998 0.6999430740197384 0.0 0.5532397344179042 0.48431051313811324 0.2887473549488597 0.2512162434888858 0.5087841315212511 0.6370418554106931 0.2301110421090794 0.519095319992433 0.6214037590113393 0.4257379667397859 0.15885838881103342 0.6531823425331365 0.8048105813927111 0.056984314543021664 0.3398176945909279 0.6662358630683762 0.785999889370969 0.8464719191541118
0.06251621283013475 0.9081620001059695 0.5532397344179042 0.0 0.24740966959801536 0.6874431065868224 0.6112150959889143 0.8026514811040153 0.6915772251448025 0.7530027225107705 0.23694312749085378 0.8168186872802738 0.08235010497276962 0.05813458173683583 0.8231582636777297 0.34564714302747057 0.06793783047581115 0.6624899381753533 0.3391967585957141 0.2544127855818453 0.4150341301598679
0.5406325647150834 0.13594748489611552 0.48431051313811324 0.24740966959801536 0.0 0.6887878004896982 0.617058182816557 0.052629420664901394 0.6650545197130313 0.38360431683341645 0.042593797545863676 0.09854194530921179 0.796318229389916 0.019593717118988274 0.6619561913415454 0.4749006690604938 0.8497243326287103 0.5100211684715271 0.5988484932865413 0.14566587951210852 0.23426139775022126
0.14809974448583774 0.23193969829749894 0.2887473549488597 0.6874431065868224 0.6887878004896982 0.0 0.7793388114482352 0.3275256177294307 0.6917693522101943 0.21872868371236143 0.3876386713281359 0.5271639120616635 0.3937852732386644 0.9373360829083948 0.6421670702618989 0.9551298515861448 0.6803400948924856 0.0893892467692291 0.4456867629868567 0.019842100674471896 0.9933170797112822
0.18464993389207773 0.04594788286551532 0.2512162434888858 0.6112150959889143 0.617058182816557 0.7793388114482352 0.0 0.3970552707323701 0.4293251172447954 0.5083360060393141 0.9343882256918247 0.8002431874902745 0.49664735264116167 0.22930276855871123 0.1521323560065868 0.31392278326475664 0.7660463869071042 0.16929040313357202 0.8049750987586832 0.4507445684450897 0.04014159538808104
0.8411020679897729 0.5424764721027658 0.5087841315212511 0.8026514811040153 0.052629420664901394 0.3275256177294307 0.3970552707323701 0.0 0.1279171017015195 0.5924130096024149 0.12061210289771651 0.3537307334157055 0.6973620575482593 0.28546029186032673 0.9588976668896686 0.855940867203461 0.8820625950276022 0.4069836520661756 0.10628084336035071 0.2675756305593042 0.6164605761009497
0.7084934333595605 0.13245104767105143 0.6370418554106931 0.6915772251448025 0.6650545197130313 0.6917693522101943 0.4293251172447954 0.1279171017015195 0.0 0.21356705022266098 0.5657288137736011 0.42125742732552796 0.9318054194283271 0.4127747002795539 0.3959264719374267 0.9398154506256371 0.547434536597665 0.11315731958644037 0.16550275510894297 0.9374711012255074 0.21761653042027285
0.07136033746360004 0.7005680105716527 0.2301110421090794 0.7530027225107705 0.38360431683341645 0.21872868371236143 0.5083360060393141 0.5924130096024149 0.21356705022266098 0.0 0.349073241848856 0.2886898894413701 0.7387247027467381 0.2519567113391541 0.14837232819623403 0.090589913117328 0.0014483508716565119 0.24552756523029362 0.5182175592268069 0.7090130609522217 0.30354186005158856
0.6274993438083072 0.47080228924717094 0.519095319992433 0.23694312749085378 0.042593797545863676 0.3876386713281359 0.9343882256918247 0.12061210289771651 0.5657288137736011 0.349073241848856 0.0 0.20430241491093792 0.9127952474099605 0.22989091339602485 0.20660978979397826 0.9321330109631142 0.7163919111514842 0.7745567748562587 0.045469678533870184 0.757427080796172 0.02629203220841625
0.8191216112736998 0.4673857093621442 0.6214037590113393 0.8168186872802738 0.09854194530921179 0.5271639120616635 0.8002431874902745 0.3537307334157055 0.42125742732552796 0.2886898894413701 0.20430241491093792 0.0 0.6097242861329268 0.20890248730423222 0.4208449365176755 0.5521775925880722 0.7347849690671419 0.47490856991892183 0.2197494283954169 0.7621868148304174 0.8160838640733692
0.5320491489201951 0.5548866565870887 0.4257379667397859 0.08235010497276962 0.796318229389916 0.3937852732386644 0.49664735264116167 0.6973620575482593 0.9318054194283271 0.7387247027467381 0.9127952474099605 0.6097242861329268 0.0 0.0428333801488302 0.31080616741122136 0.5005165067006684 0.7841218584224795 0.2650790878998097 0.4090464963557219 0.17742788575775503 0.8871721950506972
0.9404084562696147 0.7726032295359972 0.15885838881103342 0.05813458173683583 0.019593717118988274 0.9373360829083948 0.22930276855871123 0.28546029186032673 0.4127747002795539 0.2519567113391541 0.22989091339602485 0.20890248730423222 0.0428333801488302 0.0 0.7227198751789141 0.989868591058112 0.28974382883337146 0.5035879817647051 0.2121897547504864 0.4998666877262724 0.4684007321331305
0.8181604465207677 0.6884240773410828 0.6531823425331365 0.8231582636777297 0.6619561913415454 0.6421670702618989 0.1521323560065868 0.9588976668896686 0.3959264719374267 0.14837232819623403 0.20660978979397826 0.4208449365176755 0.31080616741122136 0.7227198751789141 0.0 0.5551159031876101 0.4143140730739109 0.013042613223390842 0.46934549683898397 0.9348215591613521 0.5023066527643966
0.9319708472535859 0.08413430954912204 0.8048105813927111 0.34564714302747057 0.4749006690604938 0.9551298515861448 0.31392278326475664 0.855940867203461 0.9398154506256371 0.090589913117328 0.9321330109631142 0.5521775925880722 0.5005165067006684 0.989868591058112 0.5551159031876101 0.0 0.23086715499707489 0.5250443540997854 0.9657694581412358 0.7119567041534423 0.7178239987126738
0.008355442439031746 0.014052779029711915 0.056984314543021664 0.06793783047581115 0.8497243326287103 0.6803400948924856 0.7660463869071042 0.8820625950276022 0.547434536597665 0.0014483508716565119 0.7163919111514842 0.7347849690671419 0.7841218584224795 0.28974382883337146 0.4143140730739109 0.23086715499707489 0.0 0.25609718969094486 0.5403913001253616 0.945080836163152 0.7884817226919906
0.12970505471720417 0.07810381426234947 0.3398176945909279 0.6624899381753533 0.5100211684715271 0.0893892467692291 0.16929040313357202 0.4069836520661756 0.11315731958644037 0.24552756523029362 0.7745567748562587 0.47490856991892183 0.2650790878998097 0.5035879817647051 0.013042613223390842 0.5250443540997854 0.25609718969094486 0.0 0.9059269044629005 0.25551372608321843 0.8064171541598208
0.35690847312388896 0.007800530939026773 0.6662358630683762 0.3391967585957141 0.5988484932865413 0.4456867629868567 0.8049750987586832 0.10628084336035071 0.16550275510894297 0.5182175592268069 0.045469678533870184 0.2197494283954169 0.4090464963557219 0.2121897547504864 0.46934549683898397 0.9657694581412358 0.5403913001253616 0.9059269044629005 0.0 0.5178044969979936 0.0062408788941125115
0.6212297777852019 0.6598814397142737 0.785999889370969 0.2544127855818453 0.14566587951210852 0.019842100674471896 0.4507445684450897 0.2675756305593042 0.9374711012255074 0.7090130609522217 0.757427080796172 0.7621868148304174 0.17742788575775503 0.4998666877262724 0.9348215591613521 0.7119567041534423 0.945080836163152 0.25551372608321843 0.5178044969979936 0.0 0.5543071054445757
0.2769314139617922 0.39868649135988754 0.8464719191541118 0.4150341301598679 0.23426139775022126 0.9933170797112822 0.04014159538808104 0.6164605761009497 0.21761653042027285 0.30354186005158856 0.02629203220841625 0.8160838640733692 0.8871721950506972 0.4684007321331305 0.5023066527643966 0.7178239987126738 0.7884817226919906 0.8064171541598208 0.0062408788941125115 0.5543071054445757 0.0

# Optimal Walk
0 3 13 12 19 5 17 14 8 7 11 4 10 6 20 18 1 15 9 16 2 0
