# MCW Instance
# Type: UNIFORM
# N: 21
# Optimal cost: 1.7232409641418014
# Optimal tour (permutation): [0, 6, 5, 13, 12, 14, 9, 4, 3, 16, 19, 15, 11, 20, 18, 2, 10, 17, 7, 1, 8, 0]
# Optimal walk (full path): [0, 6, 5, 13, 12, 14, 9, 3, 4, 3, 16, 15, 19, 15, 11, 20, 18, 2, 10, 2, 11, 17, 7, 1, 8, 6, 0]
# Walk size: 27
# Is walk (has repeats): true

# Distance Matrix
0.0000000000 0.3482310926 0.2927517423 0.3231417620 0.3429282670 0.4530944395 0.0162575279 0.6681964911 0.7165555069 0.6851956090 0.5472885057 0.5518618351 0.3454806943 0.8761366604 0.2134874709 0.2107828124 0.5544269951 0.5314971286 0.7795121197 0.6727208303 0.3739910001
0.3482310926 0.0000000000 0.2998036183 0.9385544900 0.8434702383 0.8611879983 0.4130579991 0.0074518154 0.1647143010 0.9726027795 0.8212667109 0.1349894572 0.9290320279 0.7455477196 0.1662656504 0.2324111458 0.2767452851 0.5826688552 0.4442359726 0.2658148287 0.6190207781
0.2927517423 0.2998036183 0.0000000000 0.5067295120 0.1916585515 0.5120280592 0.7326194712 0.3548403646 0.2960555989 0.8727191057 0.0539111935 0.0151939710 0.0807201419 0.3659155166 0.7632498332 0.9744003004 0.1417352962 0.4697651644 0.0955305465 0.6398097271 0.5259367816
0.3231417620 0.9385544900 0.5067295120 0.0000000000 0.0802888873 0.9387269179 0.1287480025 0.2300739883 0.4630383789 0.1894330474 0.4753780422 0.6742761834 0.7279864150 0.5229112993 0.4959407441 0.7570320705 0.0376410086 0.2048741734 0.8744180184 0.3342425907 0.9702890528
0.3429282670 0.8434702383 0.1916585515 0.0802888873 0.0000000000 0.3232039734 0.3831986909 0.4815083785 0.2034389608 0.3500415134 0.5371179320 0.6966646795 0.9569458517 0.2581514843 0.3942795653 0.2786783076 0.4409673016 0.5101979900 0.6633596601 0.4793727668 0.8908110420
0.4530944395 0.8611879983 0.5120280592 0.9387269179 0.3232039734 0.0000000000 0.1155415920 0.7546291358 0.6660490478 0.6389007399 0.6063941575 0.9207218382 0.6559213590 0.0734994315 0.2236460853 0.1732137832 0.5873885584 0.2644951487 0.8224054443 0.2323684246 0.1785134486
0.0162575279 0.4130579991 0.7326194712 0.1287480025 0.3831986909 0.1155415920 0.0000000000 0.4984658522 0.0082665902 0.3699415388 0.9896841489 0.9584067472 0.7975508534 0.6387287819 0.3552825563 0.3079153448 0.6582400864 0.6475776889 0.9782872242 0.9952948194 0.1330490856
0.6681964911 0.0074518154 0.3548403646 0.2300739883 0.4815083785 0.7546291358 0.4984658522 0.0000000000 0.7368753457 0.7920891135 0.6799500732 0.3720599899 0.1370613353 0.5854002467 0.3016143615 0.8095687543 0.4515055649 0.0589871455 0.9623594137 0.9082692564 0.5951289075
0.7165555069 0.1647143010 0.2960555989 0.4630383789 0.2034389608 0.6660490478 0.0082665902 0.7368753457 0.0000000000 0.4370621966 0.9720050940 0.3636285320 0.1414337892 0.4915176774 0.1194592633 0.4122817393 0.8831513074 0.8537889796 0.4756826262 0.9205036062 0.2954999310
0.6851956090 0.9726027795 0.8727191057 0.1894330474 0.3500415134 0.6389007399 0.3699415388 0.7920891135 0.4370621966 0.0000000000 0.7869849207 0.8083868239 0.7422879246 0.5060904816 0.1700246075 0.9942386795 0.4312949320 0.3218007162 0.3058718497 0.6512574965 0.7669015518
0.5472885057 0.8212667109 0.0539111935 0.4753780422 0.5371179320 0.6063941575 0.9896841489 0.6799500732 0.9720050940 0.7869849207 0.0000000000 0.8404819898 0.3075599675 0.5822558944 0.7118171007 0.1841499872 0.2385509641 0.5195895242 0.3572029814 0.9303495947 0.8880748768
0.5518618351 0.1349894572 0.0151939710 0.6742761834 0.6966646795 0.9207218382 0.9584067472 0.3720599899 0.3636285320 0.8083868239 0.8404819898 0.0000000000 0.0921440775 0.1309615136 0.8896742837 0.0474468092 0.8974031740 0.0458360642 0.9799583024 0.4199600681 0.0546037634
0.3454806943 0.9290320279 0.0807201419 0.7279864150 0.9569458517 0.6559213590 0.7975508534 0.1370613353 0.1414337892 0.7422879246 0.3075599675 0.0921440775 0.0000000000 0.0461907028 0.0814498728 0.8448064606 0.6394003866 0.5758142320 0.9223120771 0.3445751096 0.9561235214
0.8761366604 0.7455477196 0.3659155166 0.5229112993 0.2581514843 0.0734994315 0.6387287819 0.5854002467 0.4915176774 0.5060904816 0.5822558944 0.1309615136 0.0461907028 0.0000000000 0.3338204191 0.2400876094 0.6162340012 0.6906311852 0.8116923642 0.6923023263 0.9770987307
0.2134874709 0.1662656504 0.7632498332 0.4959407441 0.3942795653 0.2236460853 0.3552825563 0.3016143615 0.1194592633 0.1700246075 0.7118171007 0.8896742837 0.0814498728 0.3338204191 0.0000000000 0.6049171739 0.6117455178 0.2481717035 0.4501456653 0.5840533465 0.7357608407
0.2107828124 0.2324111458 0.9744003004 0.7570320705 0.2786783076 0.1732137832 0.3079153448 0.8095687543 0.4122817393 0.9942386795 0.1841499872 0.0474468092 0.8448064606 0.2400876094 0.6049171739 0.0000000000 0.0834135508 0.6271275670 0.5267072750 0.0022658357 0.3214588571
0.5544269951 0.2767452851 0.1417352962 0.0376410086 0.4409673016 0.5873885584 0.6582400864 0.4515055649 0.8831513074 0.4312949320 0.2385509641 0.8974031740 0.6394003866 0.6162340012 0.6117455178 0.0834135508 0.0000000000 0.1833013446 0.7823911402 0.5019174958 0.3168924704
0.5314971286 0.5826688552 0.4697651644 0.2048741734 0.5101979900 0.2644951487 0.6475776889 0.0589871455 0.8537889796 0.3218007162 0.5195895242 0.0458360642 0.5758142320 0.6906311852 0.2481717035 0.6271275670 0.1833013446 0.0000000000 0.4341797273 0.5817608728 0.5326685899
0.7795121197 0.4442359726 0.0955305465 0.8744180184 0.6633596601 0.8224054443 0.9782872242 0.9623594137 0.4756826262 0.3058718497 0.3572029814 0.9799583024 0.9223120771 0.8116923642 0.4501456653 0.5267072750 0.7823911402 0.4341797273 0.0000000000 0.5607437489 0.1225692556
0.6727208303 0.2658148287 0.6398097271 0.3342425907 0.4793727668 0.2323684246 0.9952948194 0.9082692564 0.9205036062 0.6512574965 0.9303495947 0.4199600681 0.3445751096 0.6923023263 0.5840533465 0.0022658357 0.5019174958 0.5817608728 0.5607437489 0.0000000000 0.1806998418
0.3739910001 0.6190207781 0.5259367816 0.9702890528 0.8908110420 0.1785134486 0.1330490856 0.5951289075 0.2954999310 0.7669015518 0.8880748768 0.0546037634 0.9561235214 0.9770987307 0.7357608407 0.3214588571 0.3168924704 0.5326685899 0.1225692556 0.1806998418 0.0000000000
