# Graph size: 21
# Optimal cost: 1.7722964130383543

# Distance Matrix
0.0 0.5786731956945447 0.6345187338893041 0.7543278330760524 0.787416230477181 0.4251489582455249 0.9695170512680253 0.0300268285982076 0.014822580282609854 0.34128384854678484 0.9734913677023911 0.17577254203389636 0.5062528822731797 0.9354066604206968 0.31209639666377464 0.16937902313666353 0.4444158274703739 0.7153741354467346 0.24259099309041665 0.32266941656559045 0.5896626946396549
0.5786731956945447 0.0 0.15898387421613247 0.9517273789208688 0.9437587218750761 0.9509762182434833 0.08733620535333197 0.25259667915836537 0.6179745562170628 0.12733273794342692 0.5821422699925929 0.898273888888545 0.2590578280561674 0.44495599974959377 0.9545772992480059 0.26326914504660803 0.36451167740335766 0.14977047478621042 0.8211295236229897 0.16820676317170535 0.9724436664212267
0.6345187338893041 0.15898387421613247 0.0 0.07940138475241743 0.17099649038163256 0.17881680293121127 0.6619728051273194 0.4353572072631402 0.41993277602676227 0.7972390015835997 0.5652494958155457 0.5035697098676921 0.8370536926056176 0.5818017384623697 0.7663629065317925 0.43025578360551775 0.4039522642791258 0.3808540939811116 0.6508873090306774 0.450103964126221 0.11958714330598041
0.7543278330760524 0.9517273789208688 0.07940138475241743 0.0 0.5468919026807292 0.7395446774608307 0.28507832881409423 0.999751802063291 0.20913365042867027 0.29043857412811025 0.7846704766846854 0.5365358543066714 0.42586570376968336 0.4865394883144343 0.26222061698068444 0.18104201609866344 0.3122905174609394 0.3385796629990072 0.39696646520105805 0.49172279767674254 0.045275369540959676
0.787416230477181 0.9437587218750761 0.17099649038163256 0.5468919026807292 0.0 0.5282411548577272 0.017769155378232093 0.9510529492578974 0.9833138053583046 0.2924978076691125 0.5620031815412533 0.09485574449069867 0.00817511254938541 0.10719835400457833 0.5118872478398315 0.5214517805436196 0.5941320166558919 0.36645418854244405 0.6505715276971951 0.5519013372121332 0.041320610295180527
0.4251489582455249 0.9509762182434833 0.17881680293121127 0.7395446774608307 0.5282411548577272 0.0 0.4741223278848359 0.5515863384748252 0.7979624887045347 0.7717003208205264 0.7646501664562317 0.3177956923184253 0.6609890380784931 0.5792459590695384 0.4527757334680823 0.21978885108841895 0.8328432767169551 0.2504185154936537 0.3750530168715559 0.5486817030891744 0.1990012121599135
0.9695170512680253 0.08733620535333197 0.6619728051273194 0.28507832881409423 0.017769155378232093 0.4741223278848359 0.0 0.02662408491061885 0.6308992885036593 0.6945888477046737 0.15437818903069278 0.9672859054991473 0.35683731963317933 0.18956670612333826 0.23400539887409677 0.39031743332738766 0.7748321232039361 0.21261649059131915 0.1335390740814839 0.21619899181351188 0.34409850418405996
0.0300268285982076 0.25259667915836537 0.4353572072631402 0.999751802063291 0.9510529492578974 0.5515863384748252 0.02662408491061885 0.0 0.8443753982227044 0.6486850976854035 0.22252451147649321 0.3154822723637303 0.18041305586934298 0.7979744059252711 0.9277986710839853 0.23849429388610033 0.26458987765628994 0.4099253378369675 0.06642917150484218 0.003303522816661242 0.6877221925331544
0.014822580282609854 0.6179745562170628 0.41993277602676227 0.20913365042867027 0.9833138053583046 0.7979624887045347 0.6308992885036593 0.8443753982227044 0.0 0.7534807375169023 0.3912729198484336 0.8134710485215261 0.6118391083381345 0.3697094845038721 0.8457583950075768 0.07993487955799095 0.9266040632055695 0.12311356025889242 0.9845214479757057 0.6027303537456746 0.2220141960061851
0.34128384854678484 0.12733273794342692 0.7972390015835997 0.29043857412811025 0.2924978076691125 0.7717003208205264 0.6945888477046737 0.6486850976854035 0.7534807375169023 0.0 0.6324830222249765 0.8896550426310238 0.564158813280668 0.2702784702353497 0.664093409398033 0.7290880645123436 0.7955930428301019 0.7498159171487765 0.7741410287717532 0.5342718577615402 0.49983475381980513
0.9734913677023911 0.5821422699925929 0.5652494958155457 0.7846704766846854 0.5620031815412533 0.7646501664562317 0.15437818903069278 0.22252451147649321 0.3912729198484336 0.6324830222249765 0.0 0.015603208580767913 0.472663714224013 0.7362678141490201 0.1119161261266598 0.8226405428191508 0.4477955347971373 0.49249289775717975 0.2634636718773422 0.043093920450288814 0.937056523220479
0.17577254203389636 0.898273888888545 0.5035697098676921 0.5365358543066714 0.09485574449069867 0.3177956923184253 0.9672859054991473 0.3154822723637303 0.8134710485215261 0.8896550426310238 0.015603208580767913 0.0 0.8607943071176345 0.8792192995013886 0.5827102714246504 0.16147865540830664 0.4331885848055608 0.27904048919360536 0.8983918347048679 0.8487224019570236 0.12851409956676307
0.5062528822731797 0.2590578280561674 0.8370536926056176 0.42586570376968336 0.00817511254938541 0.6609890380784931 0.35683731963317933 0.18041305586934298 0.6118391083381345 0.564158813280668 0.472663714224013 0.8607943071176345 0.0 0.7846771553693909 0.7463546330059938 0.2629382925034206 0.4614107957340181 0.7378502861973841 0.049085241309863026 0.8319807903347196 0.7544539868106487
0.9354066604206968 0.44495599974959377 0.5818017384623697 0.4865394883144343 0.10719835400457833 0.5792459590695384 0.18956670612333826 0.7979744059252711 0.3697094845038721 0.2702784702353497 0.7362678141490201 0.8792192995013886 0.7846771553693909 0.0 0.02463341740224312 0.059348903421785226 0.41668219715868615 0.44093410089903196 0.17086456301350028 0.32079144891951095 0.5022468711045328
0.31209639666377464 0.9545772992480059 0.7663629065317925 0.26222061698068444 0.5118872478398315 0.4527757334680823 0.23400539887409677 0.9277986710839853 0.8457583950075768 0.664093409398033 0.1119161261266598 0.5827102714246504 0.7463546330059938 0.02463341740224312 0.0 0.8176877163221379 0.8242933597920131 0.2772160176135381 0.10842676622268954 0.3505494150188251 0.9713938134321326
0.16937902313666353 0.26326914504660803 0.43025578360551775 0.18104201609866344 0.5214517805436196 0.21978885108841895 0.39031743332738766 0.23849429388610033 0.07993487955799095 0.7290880645123436 0.8226405428191508 0.16147865540830664 0.2629382925034206 0.059348903421785226 0.8176877163221379 0.0 0.7664052472453176 0.012991511942710532 0.9094082436350726 0.5502506501870538 0.049398072520428826
0.4444158274703739 0.36451167740335766 0.4039522642791258 0.3122905174609394 0.5941320166558919 0.8328432767169551 0.7748321232039361 0.26458987765628994 0.9266040632055695 0.7955930428301019 0.4477955347971373 0.4331885848055608 0.4614107957340181 0.41668219715868615 0.8242933597920131 0.7664052472453176 0.0 0.9621071745176433 0.11551637124179648 0.21565280927990138 0.47241991448615706
0.7153741354467346 0.14977047478621042 0.3808540939811116 0.3385796629990072 0.36645418854244405 0.2504185154936537 0.21261649059131915 0.4099253378369675 0.12311356025889242 0.7498159171487765 0.49249289775717975 0.27904048919360536 0.7378502861973841 0.44093410089903196 0.2772160176135381 0.012991511942710532 0.9621071745176433 0.0 0.9015903106507377 0.320611747453901 0.8885050677562847
0.24259099309041665 0.8211295236229897 0.6508873090306774 0.39696646520105805 0.6505715276971951 0.3750530168715559 0.1335390740814839 0.06642917150484218 0.9845214479757057 0.7741410287717532 0.2634636718773422 0.8983918347048679 0.049085241309863026 0.17086456301350028 0.10842676622268954 0.9094082436350726 0.11551637124179648 0.9015903106507377 0.0 0.3362035884440938 0.9046043748888819
0.32266941656559045 0.16820676317170535 0.450103964126221 0.49172279767674254 0.5519013372121332 0.5486817030891744 0.21619899181351188 0.003303522816661242 0.6027303537456746 0.5342718577615402 0.043093920450288814 0.8487224019570236 0.8319807903347196 0.32079144891951095 0.3505494150188251 0.5502506501870538 0.21565280927990138 0.320611747453901 0.3362035884440938 0.0 0.6055806440617814
0.5896626946396549 0.9724436664212267 0.11958714330598041 0.045275369540959676 0.041320610295180527 0.1990012121599135 0.34409850418405996 0.6877221925331544 0.2220141960061851 0.49983475381980513 0.937056523220479 0.12851409956676307 0.7544539868106487 0.5022468711045328 0.9713938134321326 0.049398072520428826 0.47241991448615706 0.8885050677562847 0.9046043748888819 0.6055806440617814 0.0

# Optimal Walk
0 8 17 15 5 2 3 20 4 12 18 16 14 13 9 1 6 7 11 10 19 0
