# Graph size: 21
# Optimal cost: 1.7157950354715181

# Distance Matrix
0.0 0.8851458028881768 0.19108545643285002 0.19244610357910708 0.4439422577349805 0.6381449250515493 0.16148357563248772 0.49021481421218216 0.8764195322391013 0.4850774508331481 0.5170197946815258 0.24542521919349247 0.9704790326979278 0.8268480537511366 0.5051894214179415 0.5956807269445787 0.989773439289696 0.31657680558498746 0.6272208982548216 0.3364975910172354 0.7289047147605868
0.8851458028881768 0.0 0.8899311031042414 0.16003566165965644 0.13170236835262283 0.9102928042253818 0.6078058915550407 0.5866028010398013 0.5960074800131798 0.9356214575440355 0.4468808342120566 0.11831272220497846 0.6084379964244282 0.855661188845719 0.065184620201994 0.6111582377499969 0.1225092480339004 0.18105834906331641 0.7426477680521285 0.8269255883657433 0.42753150740564627
0.19108545643285002 0.8899311031042414 0.0 0.9467186719188943 0.1507278581526329 0.17126145781374225 0.2851443679874015 0.26370246328651736 0.34054109023127466 0.7523971215482876 0.6161604819855274 0.4450877174214526 0.35553738738904217 0.847473635141885 0.44502428642555936 0.6760465184575853 0.17260647423027253 0.6378271474326082 0.6226683734296778 0.11341909203545064 0.254604643646162
0.19244610357910708 0.16003566165965644 0.9467186719188943 0.0 0.38025700625360803 0.4432762959545319 0.24635922716415648 0.8576431656322884 0.018213114765917138 0.646437736151062 0.32716325564528304 0.37808104676089227 0.6050038580632232 0.45340793946392255 0.6901846205720693 0.4470163159244446 0.8105390067296467 0.22466020484319793 0.8167742169236529 0.18417159304982356 0.21378681818163492
0.4439422577349805 0.13170236835262283 0.1507278581526329 0.38025700625360803 0.0 0.04564675339663482 0.0754767223804842 0.008421124431333804 0.04503844550618519 0.04865978739096555 0.16925149381577553 0.6688084713027226 0.5352363976719829 0.5609111924311699 0.45527569845708593 0.7077547993216168 0.0540385006410421 0.2324256510695536 0.4679269996479307 0.3972604693263979 0.7739524402788364
0.6381449250515493 0.9102928042253818 0.17126145781374225 0.4432762959545319 0.04564675339663482 0.0 0.14206917771985317 0.17183159693697103 0.2992526652785178 0.6847901641784663 0.5060105405638722 0.6994025021200361 0.9928349251754933 0.4008554206198691 0.02014066984828866 0.5860824231428854 0.1840447640514774 0.35269196591331253 0.056451268089276474 0.8065443790508077 0.3678279676530932
0.16148357563248772 0.6078058915550407 0.2851443679874015 0.24635922716415648 0.0754767223804842 0.14206917771985317 0.0 0.6358838504786172 0.9031000455578533 0.23639210531687016 0.4472891041164253 0.0013129823098230187 0.9888673917941873 0.5164417875217571 0.23187977786594527 0.21444427957962986 0.5649350295738177 0.6804552519831735 0.534037689595096 0.2856211685377361 0.6303943513620999
0.49021481421218216 0.5866028010398013 0.26370246328651736 0.8576431656322884 0.008421124431333804 0.17183159693697103 0.6358838504786172 0.0 0.3222343071869196 0.6628906238677649 0.8790199041154584 0.9826182213512271 0.5242744580981621 0.47399189444277956 0.5448238557722561 0.1496072589499542 0.24771567358346236 0.7756544374283308 0.28734412784576 0.6186472751771327 0.39211680003676963
0.8764195322391013 0.5960074800131798 0.34054109023127466 0.018213114765917138 0.04503844550618519 0.2992526652785178 0.9031000455578533 0.3222343071869196 0.0 0.8153031257904192 0.3812259632286853 0.21409189005183815 0.2736193865385842 0.7733657520170611 0.27854524550015514 0.6968105110487873 0.8413554181322475 0.6775751859882538 0.9115127894299938 0.6588185881372607 0.5544929510688877
0.4850774508331481 0.9356214575440355 0.7523971215482876 0.646437736151062 0.04865978739096555 0.6847901641784663 0.23639210531687016 0.6628906238677649 0.8153031257904192 0.0 0.917156525169619 0.6886687646684693 0.568833500676333 0.4761026405542381 0.5842245529083988 0.006863237651934639 0.3879759331267695 0.8050665433182168 0.19881886549191308 0.15698317083154656 0.5195635773929491
0.5170197946815258 0.4468808342120566 0.6161604819855274 0.32716325564528304 0.16925149381577553 0.5060105405638722 0.4472891041164253 0.8790199041154584 0.3812259632286853 0.917156525169619 0.0 0.7635409868261954 0.9843547570855643 0.08829991536088289 0.9829198950047302 0.485022702467947 0.751870299228754 0.6144758528819456 0.6083479260796982 0.3068580353805912 0.6243012764189833
0.24542521919349247 0.11831272220497846 0.4450877174214526 0.37808104676089227 0.6688084713027226 0.6994025021200361 0.0013129823098230187 0.9826182213512271 0.21409189005183815 0.6886687646684693 0.7635409868261954 0.0 0.2936822382604902 0.7388951065652051 0.6610730274302359 0.28611718686959464 0.3959450161394431 0.39426201562352126 0.5786915903104807 0.17900301525603624 0.08274889680594721
0.9704790326979278 0.6084379964244282 0.35553738738904217 0.6050038580632232 0.5352363976719829 0.9928349251754933 0.9888673917941873 0.5242744580981621 0.2736193865385842 0.568833500676333 0.9843547570855643 0.2936822382604902 0.0 0.10318434166919821 0.6752483824006741 0.08087337920403403 0.16709426295775487 0.6428440821696849 0.36899131798038354 0.8033567364265818 0.5966158828571686
0.8268480537511366 0.855661188845719 0.847473635141885 0.45340793946392255 0.5609111924311699 0.4008554206198691 0.5164417875217571 0.47399189444277956 0.7733657520170611 0.4761026405542381 0.08829991536088289 0.7388951065652051 0.10318434166919821 0.0 0.7373423487214655 0.9983086124325873 0.321989462529193 0.10803561577333565 0.36199264175397117 0.4512032663033081 0.5137105503013848
0.5051894214179415 0.065184620201994 0.44502428642555936 0.6901846205720693 0.45527569845708593 0.02014066984828866 0.23187977786594527 0.5448238557722561 0.27854524550015514 0.5842245529083988 0.9829198950047302 0.6610730274302359 0.6752483824006741 0.7373423487214655 0.0 0.33813636727447005 0.6761706398352167 0.8971782209553621 0.8178496749710591 0.04460771484672976 0.7646822860904923
0.5956807269445787 0.6111582377499969 0.6760465184575853 0.4470163159244446 0.7077547993216168 0.5860824231428854 0.21444427957962986 0.1496072589499542 0.6968105110487873 0.006863237651934639 0.485022702467947 0.28611718686959464 0.08087337920403403 0.9983086124325873 0.33813636727447005 0.0 0.22068317657655656 0.5596529859058408 0.9895285441716644 0.30608897561097725 0.7953141370589198
0.989773439289696 0.1225092480339004 0.17260647423027253 0.8105390067296467 0.0540385006410421 0.1840447640514774 0.5649350295738177 0.24771567358346236 0.8413554181322475 0.3879759331267695 0.751870299228754 0.3959450161394431 0.16709426295775487 0.321989462529193 0.6761706398352167 0.22068317657655656 0.0 0.37949204478758436 0.46891506240488434 0.006155149882357103 0.3092452614534592
0.31657680558498746 0.18105834906331641 0.6378271474326082 0.22466020484319793 0.2324256510695536 0.35269196591331253 0.6804552519831735 0.7756544374283308 0.6775751859882538 0.8050665433182168 0.6144758528819456 0.39426201562352126 0.6428440821696849 0.10803561577333565 0.8971782209553621 0.5596529859058408 0.37949204478758436 0.0 0.19625359170019796 0.43367790399349937 0.13556028755896687
0.6272208982548216 0.7426477680521285 0.6226683734296778 0.8167742169236529 0.4679269996479307 0.056451268089276474 0.534037689595096 0.28734412784576 0.9115127894299938 0.19881886549191308 0.6083479260796982 0.5786915903104807 0.36899131798038354 0.36199264175397117 0.8178496749710591 0.9895285441716644 0.46891506240488434 0.19625359170019796 0.0 0.45491186800451655 0.40000858674647644
0.3364975910172354 0.8269255883657433 0.11341909203545064 0.18417159304982356 0.3972604693263979 0.8065443790508077 0.2856211685377361 0.6186472751771327 0.6588185881372607 0.15698317083154656 0.3068580353805912 0.17900301525603624 0.8033567364265818 0.4512032663033081 0.04460771484672976 0.30608897561097725 0.006155149882357103 0.43367790399349937 0.45491186800451655 0.0 0.6404947250599291
0.7289047147605868 0.42753150740564627 0.254604643646162 0.21378681818163492 0.7739524402788364 0.3678279676530932 0.6303943513620999 0.39211680003676963 0.5544929510688877 0.5195635773929491 0.6243012764189833 0.08274889680594721 0.5966158828571686 0.5137105503013848 0.7646822860904923 0.7953141370589198 0.3092452614534592 0.13556028755896687 0.40000858674647644 0.6404947250599291 0.0

# Optimal Walk
0 3 8 7 4 9 15 12 13 10 17 20 11 6 1 14 18 5 19 16 2 0
