# MCW Instance
# Type: UNIFORM
# N: 21
# Optimal cost: 1.4703133672526707
# Optimal tour (permutation): [0, 14, 11, 13, 6, 12, 3, 20, 16, 15, 5, 18, 7, 19, 10, 17, 4, 2, 1, 8, 9, 0]
# Optimal walk (full path): [0, 14, 11, 6, 13, 6, 11, 12, 3, 20, 16, 5, 15, 5, 18, 7, 19, 10, 17, 4, 1, 2, 1, 8, 9, 0]
# Walk size: 26
# Is walk (has repeats): true

# Distance Matrix
0.0000000000 0.9924870338 0.8475947928 0.4555804457 0.5735671146 0.9037603798 0.6382458617 0.4071670609 0.8741801768 0.0835612190 0.4352470896 0.6367854521 0.8017128998 0.4609376418 0.0021335169 0.9635161728 0.4887029089 0.1718719719 0.6191122164 0.0339860835 0.6095147625
0.9924870338 0.0000000000 0.0609841870 0.8104712868 0.0546288677 0.5420600071 0.8536466380 0.7175966531 0.0691278119 0.4401554809 0.1779836301 0.4154790042 0.6367840142 0.7727021857 0.6640814787 0.9950067772 0.3310305309 0.5509067200 0.6768360161 0.2890057227 0.8220383478
0.8475947928 0.0609841870 0.0000000000 0.1610565750 0.8492160814 0.7068988475 0.4333378171 0.4478987864 0.4743230162 0.7610256151 0.9696048322 0.4524616375 0.9874781836 0.5170722160 0.3012381774 0.9981972692 0.2236713923 0.3817299803 0.6610808278 0.1406123083 0.8710552603
0.4555804457 0.8104712868 0.1610565750 0.0000000000 0.3526117988 0.8596144407 0.3480932940 0.5577716725 0.0986217380 0.6571829062 0.1654216353 0.3072487954 0.0133860164 0.3452777449 0.0265132126 0.6762073543 0.6900184553 0.1836439493 0.8292053028 0.7499679834 0.1024067201
0.5735671146 0.0546288677 0.8492160814 0.3526117988 0.0000000000 0.7159421800 0.8624542691 0.3112518109 0.1463706082 0.1439293514 0.6850949167 0.9215186404 0.0934570546 0.8785963521 0.5953524304 0.3579885215 0.9408007694 0.1064281769 0.4015868161 0.8348438530 0.6023936905
0.9037603798 0.5420600071 0.7068988475 0.8596144407 0.7159421800 0.0000000000 0.7099282936 0.3072884088 0.7037110936 0.3802702997 0.1637757284 0.8571322388 0.8763724811 0.1785296229 0.0914597391 0.0559385767 0.0417594513 0.4787798237 0.0119636979 0.9686751780 0.8596319613
0.6382458617 0.8536466380 0.4333378171 0.3480932940 0.8624542691 0.7099282936 0.0000000000 0.1825037836 0.4320462003 0.3371765712 0.7049481269 0.0440096564 0.8468941235 0.0080444079 0.2097813687 0.5670436562 0.4003988951 0.2562320734 0.8037431890 0.9188061700 0.9260335126
0.4071670609 0.7175966531 0.4478987864 0.5577716725 0.3112518109 0.3072884088 0.1825037836 0.0000000000 0.4101056800 0.6892211928 0.6270273270 0.8402850777 0.5363129980 0.2043440470 0.5689209325 0.8928232869 0.3265803805 0.3244360455 0.0352510496 0.0910627115 0.7435973187
0.8741801768 0.0691278119 0.4743230162 0.0986217380 0.1463706082 0.7037110936 0.4320462003 0.4101056800 0.0000000000 0.1318260485 0.4584083466 0.2115027513 0.4294370317 0.4442265117 0.7303085401 0.1862058616 0.3575006673 0.4335006084 0.9040882526 0.3100011090 0.7177616964
0.0835612190 0.4401554809 0.7610256151 0.6571829062 0.1439293514 0.3802702997 0.3371765712 0.6892211928 0.1318260485 0.0000000000 0.9894863961 0.4729885059 0.6524771430 0.5651262226 0.7876487343 0.3504797708 0.2785543160 0.3320137950 0.5046816161 0.1375963483 0.8824033254
0.4352470896 0.1779836301 0.9696048322 0.1654216353 0.6850949167 0.1637757284 0.7049481269 0.6270273270 0.4584083466 0.9894863961 0.0000000000 0.9088028418 0.3927842904 0.2566125560 0.2217034368 0.6295732074 0.4711870900 0.0546064755 0.3027104088 0.1656179267 0.9226035753
0.6367854521 0.4154790042 0.4524616375 0.3072487954 0.9215186404 0.8571322388 0.0440096564 0.8402850777 0.2115027513 0.4729885059 0.9088028418 0.0000000000 0.0361217301 0.6113306306 0.0254852820 0.8926377577 0.9710514566 0.8113745011 0.0878510153 0.7817767264 0.7420327946
0.8017128998 0.6367840142 0.9874781836 0.0133860164 0.0934570546 0.8763724811 0.8468941235 0.5363129980 0.4294370317 0.6524771430 0.3927842904 0.0361217301 0.0000000000 0.2383888858 0.3523098693 0.2924498252 0.4450542529 0.2059445824 0.8832147326 0.9477381600 0.4376426610
0.4609376418 0.7727021857 0.5170722160 0.3452777449 0.8785963521 0.1785296229 0.0080444079 0.2043440470 0.4442265117 0.5651262226 0.2566125560 0.6113306306 0.2383888858 0.0000000000 0.6109818790 0.7429804892 0.5336689860 0.7409097032 0.5757934332 0.5638089205 0.9336314198
0.0021335169 0.6640814787 0.3012381774 0.0265132126 0.5953524304 0.0914597391 0.2097813687 0.5689209325 0.7303085401 0.7876487343 0.2217034368 0.0254852820 0.3523098693 0.6109818790 0.0000000000 0.4449032272 0.8964502163 0.2905800827 0.1213013309 0.5411215677 0.8809532963
0.9635161728 0.9950067772 0.9981972692 0.6762073543 0.3579885215 0.0559385767 0.5670436562 0.8928232869 0.1862058616 0.3504797708 0.6295732074 0.8926377577 0.2924498252 0.7429804892 0.4449032272 0.0000000000 0.5426944528 0.6575651864 0.9117136023 0.7551202474 0.9889394962
0.4887029089 0.3310305309 0.2236713923 0.6900184553 0.9408007694 0.0417594513 0.4003988951 0.3265803805 0.3575006673 0.2785543160 0.4711870900 0.9710514566 0.4450542529 0.5336689860 0.8964502163 0.5426944528 0.0000000000 0.8972834399 0.0418015683 0.1901919319 0.1069930097
0.1718719719 0.5509067200 0.3817299803 0.1836439493 0.1064281769 0.4787798237 0.2562320734 0.3244360455 0.4335006084 0.3320137950 0.0546064755 0.8113745011 0.2059445824 0.7409097032 0.2905800827 0.6575651864 0.8972834399 0.0000000000 0.2533366639 0.3895271751 0.6633717036
0.6191122164 0.6768360161 0.6610808278 0.8292053028 0.4015868161 0.0119636979 0.8037431890 0.0352510496 0.9040882526 0.5046816161 0.3027104088 0.0878510153 0.8832147326 0.5757934332 0.1213013309 0.9117136023 0.0418015683 0.2533366639 0.0000000000 0.7079650081 0.2882480154
0.0339860835 0.2890057227 0.1406123083 0.7499679834 0.8348438530 0.9686751780 0.9188061700 0.0910627115 0.3100011090 0.1375963483 0.1656179267 0.7817767264 0.9477381600 0.5638089205 0.5411215677 0.7551202474 0.1901919319 0.3895271751 0.7079650081 0.0000000000 0.2478361842
0.6095147625 0.8220383478 0.8710552603 0.1024067201 0.6023936905 0.8596319613 0.9260335126 0.7435973187 0.7177616964 0.8824033254 0.9226035753 0.7420327946 0.4376426610 0.9336314198 0.8809532963 0.9889394962 0.1069930097 0.6633717036 0.2882480154 0.2478361842 0.0000000000
