# Graph size: 21
# Optimal cost: 1.856846394149406

# Distance Matrix
0.0 0.43564503026991974 0.40960924715560554 0.6688146222307783 0.8304458258934284 0.39230433634573747 0.1519809337784146 0.9667543088567494 0.3516220433738667 0.6848165194718913 0.6249984996071636 0.03273740657421054 0.9157767988838672 0.9193249514343127 0.6185271633875704 0.930890060383679 0.09745476651244633 0.20872051836613048 0.3476805168080156 0.06511913515032874 0.5240453274853301
0.43564503026991974 0.0 0.8934950642848246 0.21515636344120126 0.9915381991338045 0.6782570429246512 0.3238600455946409 0.8447756694862121 0.9869977919913908 0.7190029549868533 0.7063344892527892 0.9258055579929204 0.35788161789063366 0.1107660046096296 0.5502331409551252 0.7914373887941597 0.2711815906867213 0.12592838466107148 0.5629622919673972 0.06982865407890271 0.9689660734273046
0.40960924715560554 0.8934950642848246 0.0 0.09021264000777374 0.9377574821349587 0.1924076315973261 0.5877074818650537 0.5782958852115477 0.8534735259029779 0.0216782121640281 0.44553690122688616 0.6348235137729562 0.6632638429286717 0.3695514247034174 0.5833448995398013 0.4954617927970195 0.6874633868052771 0.7172694139219284 0.5497491007303836 0.2132936479640668 0.7457146339167551
0.6688146222307783 0.21515636344120126 0.09021264000777374 0.0 0.0192766400685348 0.9053012452714192 0.05777540788671498 0.5643543200078541 0.0759321204777681 0.6879071652693893 0.5466367977174197 0.9773037405065678 0.5937453057537189 0.1292853744077388 0.4955202312983087 0.4021827220851144 0.7168579312468404 0.24139115377489884 0.5258194922973438 0.41809410047883466 0.5097825674154859
0.8304458258934284 0.9915381991338045 0.9377574821349587 0.0192766400685348 0.0 0.5020849798594076 0.05809229215808753 0.3975012859673408 0.5989478459251684 0.7609248345268507 0.936584947926656 0.05184900497251921 0.9393897913682793 0.6588147560695037 0.4798213705738651 0.4390533254904393 0.4629671193902263 0.30934242038765136 0.9328732903495545 0.4507134979963312 0.18576785694721565
0.39230433634573747 0.6782570429246512 0.1924076315973261 0.9053012452714192 0.5020849798594076 0.0 0.7249908139513676 0.008841577187570282 0.04787543397956573 0.20491361987312529 0.4880101951708199 0.4502440519676013 0.5464022085769412 0.8987568982410491 0.4635884157182325 0.31541748727882235 0.06648449246438148 0.5595056617621924 0.9320590513991158 7.074932600410477E-4 0.855549700059522
0.1519809337784146 0.3238600455946409 0.5877074818650537 0.05777540788671498 0.05809229215808753 0.7249908139513676 0.0 0.6335989527056666 0.37723849292811584 0.8461321351242242 0.569805449180333 0.7226957947626395 0.3095843657631536 0.5403708250878321 0.7568797079235892 0.5069293520449444 0.9257198751065222 0.4403430141296225 0.7204960424158943 0.7921166325309579 0.10996940389822141
0.9667543088567494 0.8447756694862121 0.5782958852115477 0.5643543200078541 0.3975012859673408 0.008841577187570282 0.6335989527056666 0.0 0.3513056059211562 0.667849477289631 0.9539037226512109 0.2689030126453863 0.2753124554952904 0.5413247766014567 0.15436528446512532 0.7564884945257926 0.12904259175545985 0.21842541501730894 0.8403661702218255 0.1953016072507442 0.4564185532830256
0.3516220433738667 0.9869977919913908 0.8534735259029779 0.0759321204777681 0.5989478459251684 0.04787543397956573 0.37723849292811584 0.3513056059211562 0.0 0.8272584056561962 0.19803212359197175 0.8283462614349955 0.7171002307994037 0.7696463495271051 0.43396538918424565 0.1463885073322685 0.8188528372817651 0.6699150174217604 0.9813806106949811 0.42730914589994873 0.17995323716196943
0.6848165194718913 0.7190029549868533 0.0216782121640281 0.6879071652693893 0.7609248345268507 0.20491361987312529 0.8461321351242242 0.667849477289631 0.8272584056561962 0.0 0.8746307250049052 0.9881247111303524 0.49683193142986637 0.7572111223110278 0.3170392637717502 0.7335842578011659 0.9740854111506805 0.1558472344564229 0.5296836878452689 0.9427724529127925 0.5008083696198957
0.6249984996071636 0.7063344892527892 0.44553690122688616 0.5466367977174197 0.936584947926656 0.4880101951708199 0.569805449180333 0.9539037226512109 0.19803212359197175 0.8746307250049052 0.0 0.14938360869891998 0.33965561415900347 0.31842687747558673 0.9696100328568936 0.6808658215919949 0.3131607719724844 0.9957387201651373 0.5645483675572313 0.691150550815303 0.3295562889483611
0.03273740657421054 0.9258055579929204 0.6348235137729562 0.9773037405065678 0.05184900497251921 0.4502440519676013 0.7226957947626395 0.2689030126453863 0.8283462614349955 0.9881247111303524 0.14938360869891998 0.0 0.03937250651595425 0.5063904958789377 0.9256564316505919 0.7597439844329685 0.548725049250363 0.7552715952497985 0.20788975466137438 0.5997797577475059 0.4149112175511138
0.9157767988838672 0.35788161789063366 0.6632638429286717 0.5937453057537189 0.9393897913682793 0.5464022085769412 0.3095843657631536 0.2753124554952904 0.7171002307994037 0.49683193142986637 0.33965561415900347 0.03937250651595425 0.0 0.5650699533993192 0.5362210604479121 0.5677868712382382 0.281752886937256 0.7066670848468413 0.7598021990445204 0.6107362430167156 0.8030870506736588
0.9193249514343127 0.1107660046096296 0.3695514247034174 0.1292853744077388 0.6588147560695037 0.8987568982410491 0.5403708250878321 0.5413247766014567 0.7696463495271051 0.7572111223110278 0.31842687747558673 0.5063904958789377 0.5650699533993192 0.0 0.38136396985478305 0.5201782282257027 0.487384551116528 0.8599975217772479 0.3310754493194752 0.607061780569368 0.09463652395205446
0.6185271633875704 0.5502331409551252 0.5833448995398013 0.4955202312983087 0.4798213705738651 0.4635884157182325 0.7568797079235892 0.15436528446512532 0.43396538918424565 0.3170392637717502 0.9696100328568936 0.9256564316505919 0.5362210604479121 0.38136396985478305 0.0 0.004114330764534158 0.4185269387038487 0.8699022883274341 0.9868252449982184 0.026913399426058415 0.9985286757421491
0.930890060383679 0.7914373887941597 0.4954617927970195 0.4021827220851144 0.4390533254904393 0.31541748727882235 0.5069293520449444 0.7564884945257926 0.1463885073322685 0.7335842578011659 0.6808658215919949 0.7597439844329685 0.5677868712382382 0.5201782282257027 0.004114330764534158 0.0 0.3512959314593139 0.10088014564671832 0.2199885951892966 0.7305045976155116 0.36394664746980265
0.09745476651244633 0.2711815906867213 0.6874633868052771 0.7168579312468404 0.4629671193902263 0.06648449246438148 0.9257198751065222 0.12904259175545985 0.8188528372817651 0.9740854111506805 0.3131607719724844 0.548725049250363 0.281752886937256 0.487384551116528 0.4185269387038487 0.3512959314593139 0.0 0.04507929634372776 0.5875571751123299 0.09280435720762925 0.8198027155586848
0.20872051836613048 0.12592838466107148 0.7172694139219284 0.24139115377489884 0.30934242038765136 0.5595056617621924 0.4403430141296225 0.21842541501730894 0.6699150174217604 0.1558472344564229 0.9957387201651373 0.7552715952497985 0.7066670848468413 0.8599975217772479 0.8699022883274341 0.10088014564671832 0.04507929634372776 0.0 0.435059321074475 0.9999984198756358 0.7509287842680535
0.3476805168080156 0.5629622919673972 0.5497491007303836 0.5258194922973438 0.9328732903495545 0.9320590513991158 0.7204960424158943 0.8403661702218255 0.9813806106949811 0.5296836878452689 0.5645483675572313 0.20788975466137438 0.7598021990445204 0.3310754493194752 0.9868252449982184 0.2199885951892966 0.5875571751123299 0.435059321074475 0.0 0.23815663148273025 0.6679820536768415
0.06511913515032874 0.06982865407890271 0.2132936479640668 0.41809410047883466 0.4507134979963312 7.074932600410477E-4 0.7921166325309579 0.1953016072507442 0.42730914589994873 0.9427724529127925 0.691150550815303 0.5997797577475059 0.6107362430167156 0.607061780569368 0.026913399426058415 0.7305045976155116 0.09280435720762925 0.9999984198756358 0.23815663148273025 0.0 0.036014889983047804
0.5240453274853301 0.9689660734273046 0.7457146339167551 0.5097825674154859 0.18576785694721565 0.855549700059522 0.10996940389822141 0.4564185532830256 0.17995323716196943 0.5008083696198957 0.3295562889483611 0.4149112175511138 0.8030870506736588 0.09463652395205446 0.9985286757421491 0.36394664746980265 0.8198027155586848 0.7509287842680535 0.6679820536768415 0.036014889983047804 0.0

# Optimal Walk
0 12 11 10 18 15 14 19 8 7 5 1 13 20 6 4 3 2 9 17 16 0
