# MCW Instance
# Type: UNIFORM
# N: 21
# Optimal cost: 2.024069346285589
# Optimal tour (permutation): [0, 2, 8, 9, 17, 13, 16, 14, 7, 1, 12, 11, 3, 4, 6, 19, 5, 20, 18, 15, 10, 0]
# Optimal walk (full path): [0, 2, 8, 9, 13, 17, 13, 16, 14, 7, 1, 12, 11, 12, 3, 6, 4, 6, 19, 5, 20, 18, 20, 15, 20, 10, 0]
# Walk size: 27
# Is walk (has repeats): true

# Distance Matrix
0.0000000000 0.1556004578 0.1081193035 0.8048525661 0.8597130431 0.7962001340 0.9593970555 0.1618642839 0.7778156641 0.8084842344 0.2445621921 0.8270958800 0.6033110480 0.4415897164 0.8078948703 0.9195884544 0.3608005804 0.8735705621 0.2508174100 0.6451454343 0.0834320411
0.1556004578 0.0000000000 0.7051357055 0.4310733417 0.7956442081 0.1661210394 0.4823033551 0.0240028070 0.7357755403 0.7136236071 0.4972697916 0.5253397778 0.0449659182 0.9508731686 0.5240172202 0.3337448871 0.6550892618 0.9124094679 0.3336620728 0.8413274573 0.2786765457
0.1081193035 0.7051357055 0.0000000000 0.3083905196 0.8042712761 0.7816982222 0.1576829582 0.6765937100 0.1908510735 0.4376351004 0.6794740030 0.6729750502 0.6534392476 0.6942312737 0.2045435961 0.6277705162 0.4547080586 0.3384358604 0.5295785028 0.2997871652 0.3332122180
0.8048525661 0.4310733417 0.3083905196 0.0000000000 0.4521851245 0.7698353208 0.0984457101 0.4343921721 0.2238621127 0.0863974084 0.9113004300 0.8386701729 0.0116110599 0.6067313794 0.0741763609 0.1644525394 0.0320725088 0.0910633589 0.9517275896 0.9435786955 0.6193935393
0.8597130431 0.7956442081 0.8042712761 0.4521851245 0.0000000000 0.3824477921 0.0581347926 0.4677335717 0.6019073247 0.4450023729 0.6408240355 0.5865669685 0.9776644883 0.8426347658 0.1745030163 0.5017397387 0.7350384609 0.8396878745 0.2684749283 0.9458433755 0.3609155935
0.7962001340 0.1661210394 0.7816982222 0.7698353208 0.3824477921 0.0000000000 0.9152824620 0.0771041294 0.2611160992 0.3065203532 0.3747370696 0.4214722465 0.8001049994 0.4397143615 0.9142970624 0.4796766339 0.7589007460 0.3026479069 0.4495058628 0.0838881091 0.0232971393
0.9593970555 0.4823033551 0.1576829582 0.0984457101 0.0581347926 0.9152824620 0.0000000000 0.8149305990 0.2529034825 0.3741981803 0.8592055333 0.9150280183 0.4633384071 0.8024504416 0.3108792691 0.5163793077 0.3270310560 0.2536648461 0.9839812692 0.0697704157 0.1096279910
0.1618642839 0.0240028070 0.6765937100 0.4343921721 0.4677335717 0.0771041294 0.8149305990 0.0000000000 0.3583274021 0.4852534627 0.9697863309 0.4788383402 0.9057322235 0.1665235831 0.0207047346 0.2988448262 0.6367266861 0.9780118224 0.1859831100 0.2005334180 0.5936245674
0.7778156641 0.7357755403 0.1908510735 0.2238621127 0.6019073247 0.2611160992 0.2529034825 0.3583274021 0.0000000000 0.1743757761 0.8855294184 0.9956877901 0.6357161368 0.3366589405 0.1762365672 0.9886456281 0.6907182864 0.6742849786 0.2537991418 0.5055155612 0.8056716217
0.8084842344 0.7136236071 0.4376351004 0.0863974084 0.4450023729 0.3065203532 0.3741981803 0.4852534627 0.1743757761 0.0000000000 0.8534656110 0.8476205103 0.5089055255 0.0852059297 0.6618676605 0.2456569073 0.9952140881 0.1607588030 0.6641102776 0.8823348970 0.9818887591
0.2445621921 0.4972697916 0.6794740030 0.9113004300 0.6408240355 0.3747370696 0.8592055333 0.9697863309 0.8855294184 0.8534656110 0.0000000000 0.9212471257 0.6286409158 0.6502168652 0.2836561060 0.8538546234 0.9137642912 0.3548789874 0.9495804644 0.4930124664 0.1890758126
0.8270958800 0.5253397778 0.6729750502 0.8386701729 0.5865669685 0.4214722465 0.9150280183 0.4788383402 0.9956877901 0.8476205103 0.9212471257 0.0000000000 0.0225044756 0.1869094576 0.1563151991 0.8382772173 0.0909848060 0.8330162700 0.3580266687 0.1403287168 0.8678597712
0.6033110480 0.0449659182 0.6534392476 0.0116110599 0.9776644883 0.8001049994 0.4633384071 0.9057322235 0.6357161368 0.5089055255 0.6286409158 0.0225044756 0.0000000000 0.9533498614 0.0339960839 0.8581185443 0.0222170535 0.9411562401 0.9862175506 0.1773074230 0.2927105285
0.4415897164 0.9508731686 0.6942312737 0.6067313794 0.8426347658 0.4397143615 0.8024504416 0.1665235831 0.3366589405 0.0852059297 0.6502168652 0.1869094576 0.9533498614 0.0000000000 0.5738350880 0.7609310839 0.0327319790 0.0401458956 0.8411480367 0.5110764734 0.7357277120
0.8078948703 0.5240172202 0.2045435961 0.0741763609 0.1745030163 0.9142970624 0.3108792691 0.0207047346 0.1762365672 0.6618676605 0.2836561060 0.1563151991 0.0339960839 0.5738350880 0.0000000000 0.7506211566 0.0020960761 0.2620762329 0.4729585535 0.1039985998 0.2501353199
0.9195884544 0.3337448871 0.6277705162 0.1644525394 0.5017397387 0.4796766339 0.5163793077 0.2988448262 0.9886456281 0.2456569073 0.8538546234 0.8382772173 0.8581185443 0.7609310839 0.7506211566 0.0000000000 0.3993371706 0.6858170262 0.7625237752 0.5705018347 0.1265248170
0.3608005804 0.6550892618 0.4547080586 0.0320725088 0.7350384609 0.7589007460 0.3270310560 0.6367266861 0.6907182864 0.9952140881 0.9137642912 0.0909848060 0.0222170535 0.0327319790 0.0020960761 0.3993371706 0.0000000000 0.5591848727 0.6056965281 0.8587680191 0.1055786196
0.8735705621 0.9124094679 0.3384358604 0.0910633589 0.8396878745 0.3026479069 0.2536648461 0.9780118224 0.6742849786 0.1607588030 0.3548789874 0.8330162700 0.9411562401 0.0401458956 0.2620762329 0.6858170262 0.5591848727 0.0000000000 0.8493213808 0.7400375682 0.1363540446
0.2508174100 0.3336620728 0.5295785028 0.9517275896 0.2684749283 0.4495058628 0.9839812692 0.1859831100 0.2537991418 0.6641102776 0.9495804644 0.3580266687 0.9862175506 0.8411480367 0.4729585535 0.7625237752 0.6056965281 0.8493213808 0.0000000000 0.4825998752 0.0628726741
0.6451454343 0.8413274573 0.2997871652 0.9435786955 0.9458433755 0.0838881091 0.0697704157 0.2005334180 0.5055155612 0.8823348970 0.4930124664 0.1403287168 0.1773074230 0.5110764734 0.1039985998 0.5705018347 0.8587680191 0.7400375682 0.4825998752 0.0000000000 0.2461835975
0.0834320411 0.2786765457 0.3332122180 0.6193935393 0.3609155935 0.0232971393 0.1096279910 0.5936245674 0.8056716217 0.9818887591 0.1890758126 0.8678597712 0.2927105285 0.7357277120 0.2501353199 0.1265248170 0.1055786196 0.1363540446 0.0628726741 0.2461835975 0.0000000000
