# Graph size: 21
# Optimal cost: 1.4097906659604444

# Distance Matrix
0.0 0.014690080766237124 0.6160031375677771 0.2104614701616342 0.24372375321677897 0.06301988760648825 0.2829793334819781 0.10732172989779709 0.5834786862081005 0.6748069765624304 0.36040809497322335 0.38471462526155986 0.743399300444761 0.44652557214001043 0.5738727734550134 0.22636056269657268 0.736555592392862 0.23237439223372125 0.7093840771628683 0.43896131017271256 0.1395703174335482
0.014690080766237124 0.0 0.1822742341651823 0.5642550254911229 0.7211358271251815 0.4944219345655946 0.7344866657183821 0.9637800941227537 0.3012995523140848 0.9439141573322963 0.3292422889924701 0.2675777895390652 0.5277691769930661 0.5485962271719376 0.18886736496501844 0.09511886349009036 0.5891022282782645 0.6792075743470825 0.3702507179278911 0.8368771814464242 0.9186569400504354
0.6160031375677771 0.1822742341651823 0.0 0.8562593266582872 0.43709264214586296 0.8857040329159749 0.9945846395394164 0.41715429978080787 0.5222307137174449 0.42244071219579415 0.1849432583557289 0.431286238045964 0.25443796352004877 0.02044847583742071 0.007347347108213054 0.3548477982929985 0.009440696401882498 0.2956486186655346 0.6735464921292752 0.01961639334470855 0.2115048722258649
0.2104614701616342 0.5642550254911229 0.8562593266582872 0.0 0.3218301023365352 0.0715502565170768 0.6837754793505914 0.9597916045926208 0.5553956094759555 0.4013951113071531 0.0378684029677554 0.08278355093661616 0.5693813324667341 0.5253743058722585 0.2552707021707269 0.834436044701555 0.9834997041546948 0.7195292878333892 0.4041058661813105 0.8373078193073478 0.59511853216279
0.24372375321677897 0.7211358271251815 0.43709264214586296 0.3218301023365352 0.0 0.9204270240275925 0.7963188267748942 0.5507780913768684 0.8655037746967349 0.749724479959725 0.13966015979429636 0.49655853431273533 0.5963175665651902 0.5687482296600659 0.6796234035862891 0.7090594632386232 0.843276773226622 0.5662932290416686 0.8709166942636426 0.39477200605165774 0.857041972041274
0.06301988760648825 0.4944219345655946 0.8857040329159749 0.0715502565170768 0.9204270240275925 0.0 0.41507199674101547 0.5018390298612126 0.5826789491226181 0.11582021758543204 0.34572140794599726 0.6099708022901456 0.6268090916449482 0.3198295515563381 0.5820012242383104 0.9738767791218566 0.7824007120687482 0.5546867024832126 0.9567951788113332 0.44305942870520953 0.7187420342872586
0.2829793334819781 0.7344866657183821 0.9945846395394164 0.6837754793505914 0.7963188267748942 0.41507199674101547 0.0 0.6989441703486627 0.18575118141249658 0.8771887989365296 0.7546081003931939 0.5504163284144069 0.7138750855414709 0.005675032592651341 0.8063143151987596 0.07659859381454848 0.2701178971556829 0.08993799066524932 0.5237592710835096 0.6563976297124762 0.2659731289911441
0.10732172989779709 0.9637800941227537 0.41715429978080787 0.9597916045926208 0.5507780913768684 0.5018390298612126 0.6989441703486627 0.0 0.8732678331929805 0.8564307569009678 0.1735548092811917 0.9563282043203991 0.9369594335719799 0.3392003682368454 0.3465588566883233 0.844289421587269 0.2464426689733028 0.7168334212339015 0.735508068454258 0.1564271659261759 0.3674192806569263
0.5834786862081005 0.3012995523140848 0.5222307137174449 0.5553956094759555 0.8655037746967349 0.5826789491226181 0.18575118141249658 0.8732678331929805 0.0 0.13649328448669185 0.45329620067931364 0.34086461952263647 0.559556757872453 0.029119758227894033 0.7266607271395334 0.4478593738161103 0.7140778854677123 0.9734134724669001 0.10204510752614071 0.9410042896808347 0.891624605752764
0.6748069765624304 0.9439141573322963 0.42244071219579415 0.4013951113071531 0.749724479959725 0.11582021758543204 0.8771887989365296 0.8564307569009678 0.13649328448669185 0.0 0.2902594358663607 0.27189255860976924 0.9569004352470346 0.03806304370504532 0.8507746330926889 0.20890078401659262 0.28213141687995746 0.30843623930936725 0.5977659268732339 0.5389331925330032 0.3485947729071023
0.36040809497322335 0.3292422889924701 0.1849432583557289 0.0378684029677554 0.13966015979429636 0.34572140794599726 0.7546081003931939 0.1735548092811917 0.45329620067931364 0.2902594358663607 0.0 0.3130598183090514 0.578236291599776 0.8576944078919173 0.3617234842653594 0.5147951073259796 0.8636789472852365 0.0019434824933458605 0.27085592718453866 0.9528230926122068 0.5952503505138663
0.38471462526155986 0.2675777895390652 0.431286238045964 0.08278355093661616 0.49655853431273533 0.6099708022901456 0.5504163284144069 0.9563282043203991 0.34086461952263647 0.27189255860976924 0.3130598183090514 0.0 0.12293104909729313 0.6669903100872739 0.445781848879815 0.5325145009455439 0.777911670087351 0.8503858363586592 0.4359190892770487 0.9073033382967904 0.15499577561920141
0.743399300444761 0.5277691769930661 0.25443796352004877 0.5693813324667341 0.5963175665651902 0.6268090916449482 0.7138750855414709 0.9369594335719799 0.559556757872453 0.9569004352470346 0.578236291599776 0.12293104909729313 0.0 0.24894870861510432 0.6759502351316722 0.08833815529242572 0.977270813350831 0.08806917177819273 0.031602215671428846 0.54761012246656 0.5940338994371425
0.44652557214001043 0.5485962271719376 0.02044847583742071 0.5253743058722585 0.5687482296600659 0.3198295515563381 0.005675032592651341 0.3392003682368454 0.029119758227894033 0.03806304370504532 0.8576944078919173 0.6669903100872739 0.24894870861510432 0.0 0.7135504937003302 0.7753613566439655 0.8861182504253551 0.26014363807188245 0.2514990174334981 0.8807333765419464 0.22441556006847518
0.5738727734550134 0.18886736496501844 0.007347347108213054 0.2552707021707269 0.6796234035862891 0.5820012242383104 0.8063143151987596 0.3465588566883233 0.7266607271395334 0.8507746330926889 0.3617234842653594 0.445781848879815 0.6759502351316722 0.7135504937003302 0.0 0.6289119476912013 0.35251987038809995 0.9913626087319118 0.0925151958133954 0.039621093480464276 0.6122900529440991
0.22636056269657268 0.09511886349009036 0.3548477982929985 0.834436044701555 0.7090594632386232 0.9738767791218566 0.07659859381454848 0.844289421587269 0.4478593738161103 0.20890078401659262 0.5147951073259796 0.5325145009455439 0.08833815529242572 0.7753613566439655 0.6289119476912013 0.0 0.9356460177807744 0.0640603534834493 0.2676654114504513 0.8865567107377078 0.8850174946365742
0.736555592392862 0.5891022282782645 0.009440696401882498 0.9834997041546948 0.843276773226622 0.7824007120687482 0.2701178971556829 0.2464426689733028 0.7140778854677123 0.28213141687995746 0.8636789472852365 0.777911670087351 0.977270813350831 0.8861182504253551 0.35251987038809995 0.9356460177807744 0.0 0.7712628786255222 0.02348077832087625 0.1258357752372833 0.5128661986087097
0.23237439223372125 0.6792075743470825 0.2956486186655346 0.7195292878333892 0.5662932290416686 0.5546867024832126 0.08993799066524932 0.7168334212339015 0.9734134724669001 0.30843623930936725 0.0019434824933458605 0.8503858363586592 0.08806917177819273 0.26014363807188245 0.9913626087319118 0.0640603534834493 0.7712628786255222 0.0 0.6099672938780429 0.6358394772040923 0.5435615729875121
0.7093840771628683 0.3702507179278911 0.6735464921292752 0.4041058661813105 0.8709166942636426 0.9567951788113332 0.5237592710835096 0.735508068454258 0.10204510752614071 0.5977659268732339 0.27085592718453866 0.4359190892770487 0.031602215671428846 0.2514990174334981 0.0925151958133954 0.2676654114504513 0.02348077832087625 0.6099672938780429 0.0 0.8010924190453675 0.3982987478296216
0.43896131017271256 0.8368771814464242 0.01961639334470855 0.8373078193073478 0.39477200605165774 0.44305942870520953 0.6563976297124762 0.1564271659261759 0.9410042896808347 0.5389331925330032 0.9528230926122068 0.9073033382967904 0.54761012246656 0.8807333765419464 0.039621093480464276 0.8865567107377078 0.1258357752372833 0.6358394772040923 0.8010924190453675 0.0 0.03575169016083468
0.1395703174335482 0.9186569400504354 0.2115048722258649 0.59511853216279 0.857041972041274 0.7187420342872586 0.2659731289911441 0.3674192806569263 0.891624605752764 0.3485947729071023 0.5952503505138663 0.15499577561920141 0.5940338994371425 0.22441556006847518 0.6122900529440991 0.8850174946365742 0.5128661986087097 0.5435615729875121 0.3982987478296216 0.03575169016083468 0.0

# Optimal Walk
0 7 20 19 14 2 16 18 12 11 3 10 4 17 15 6 8 13 9 5 1 0
