# Graph size: 21
# Optimal cost: 1.6623858284436182

# Distance Matrix
0.0 0.09863872729229406 0.9043515220553698 0.26659960276070227 0.5657544347243498 0.13427061158892417 0.9844280883424592 0.4080263833592399 0.7317275548049007 0.025980571017656384 0.5987546925448798 0.17782579760298112 0.038007900825199226 0.9788957853116332 0.7011175419992643 0.5569568181697235 0.9938580132178071 0.024411517959795903 0.8491410058627995 0.7142420467701216 0.45852398337829947
0.09863872729229406 0.0 0.702981052897249 0.527326357959105 0.09175764620205762 0.8927719063101133 0.5961194252342153 0.6243346515805601 0.5516102586517869 0.2069447257660525 0.5853367808934127 0.17782612187722124 0.5599615661558043 0.874027041755281 0.35731894781522233 0.3683312943980206 0.041387788195006214 0.48499439294961144 0.5975245738596019 0.14304414407428134 0.975137575941498
0.9043515220553698 0.702981052897249 0.0 0.46376304148559777 0.5184694770438495 0.7810912188387061 0.024578793822821465 0.23034446757073057 0.8543204818699097 0.17374444899770558 0.4921009972853836 0.7033489044183742 0.22002284710348397 0.5862100481711737 0.67396690009694 0.6667703317469382 0.7810362780803408 0.1920395220294684 0.2530829838434042 0.1910251683779296 0.5088571128396315
0.26659960276070227 0.527326357959105 0.46376304148559777 0.0 0.7268729763201429 0.7123855635643991 0.9945055258262171 0.9078547316200856 0.1951388809265291 0.8775156662579295 0.3594469890252874 0.9905525719150804 0.6814990364016053 0.6046821555233435 0.9747002241507301 0.4513354455414541 0.9682405578064969 0.3180893744380697 0.8680343530246704 0.4426663272263085 0.8404816799216768
0.5657544347243498 0.09175764620205762 0.5184694770438495 0.7268729763201429 0.0 0.5710322411043115 0.41188967753474315 0.09324734155012016 0.6729720283512588 0.055737948936031456 0.2390356165988481 0.9241616892322688 0.1354314973694115 0.5192602248643242 0.788379478573121 0.6168839067649433 0.6277867262952395 0.8562087083602319 0.11621069846113452 0.16614852785688428 0.3623279130368846
0.13427061158892417 0.8927719063101133 0.7810912188387061 0.7123855635643991 0.5710322411043115 0.0 0.24382241760707557 0.5544533175291612 0.311017708912112 0.8467222849902505 0.5608728984331144 0.7750402449359586 0.2790909406716088 0.8899857071485062 0.4891091938154212 0.8283098986536268 0.30165039206042354 0.15292680057579056 0.6344334057012161 0.7633667758808398 0.06163851838274148
0.9844280883424592 0.5961194252342153 0.024578793822821465 0.9945055258262171 0.41188967753474315 0.24382241760707557 0.0 0.695242698943974 0.7247220932437861 0.5096350348610325 0.22171420481702875 0.9333596087240423 0.4421854050432402 0.8013743005850467 0.4462373284606921 0.9162749578868856 0.7303822752863697 0.060715300042398224 0.8788814444538086 0.8510725342122999 0.47948668673078
0.4080263833592399 0.6243346515805601 0.23034446757073057 0.9078547316200856 0.09324734155012016 0.5544533175291612 0.695242698943974 0.0 0.3198124942141549 0.8666769500899452 0.3654456307742614 0.338126619253021 0.4589993836003994 0.831638189258678 0.08147774021362442 0.02609360785892978 0.2653718867228809 0.5827297334309895 0.6930937146660942 0.9294477227064716 0.07501350413438235
0.7317275548049007 0.5516102586517869 0.8543204818699097 0.1951388809265291 0.6729720283512588 0.311017708912112 0.7247220932437861 0.3198124942141549 0.0 0.033778292800051846 0.8890090976833577 0.9480190488229797 0.05211596854089229 0.2470387579339891 0.1436690794770128 0.5350337706178342 0.47953698960827285 0.9574741241574748 0.6105823896190069 0.6195685804287505 0.7878769406254542
0.025980571017656384 0.2069447257660525 0.17374444899770558 0.8775156662579295 0.055737948936031456 0.8467222849902505 0.5096350348610325 0.8666769500899452 0.033778292800051846 0.0 0.2494104317274638 0.0956198838846648 0.634765101188759 0.4339444926875555 0.8550801693676832 0.3622614419344845 0.18821111055405793 0.15452081201993595 0.6236680801618865 0.8264387107486432 0.005623031315222682
0.5987546925448798 0.5853367808934127 0.4921009972853836 0.3594469890252874 0.2390356165988481 0.5608728984331144 0.22171420481702875 0.3654456307742614 0.8890090976833577 0.2494104317274638 0.0 0.5676207921161583 0.0698258663803929 0.035535860804663866 0.6549401935971189 0.5709886246661001 0.552223098830816 0.19427361784862773 0.21516778989308527 0.4963547754792911 0.5555537813224969
0.17782579760298112 0.17782612187722124 0.7033489044183742 0.9905525719150804 0.9241616892322688 0.7750402449359586 0.9333596087240423 0.338126619253021 0.9480190488229797 0.0956198838846648 0.5676207921161583 0.0 0.399616983933498 0.49278253239971037 0.5180196054667485 0.7535192517396699 0.1775103481791812 0.6082412933037433 0.38561859147597477 0.01565944621090587 0.37615795656965967
0.038007900825199226 0.5599615661558043 0.22002284710348397 0.6814990364016053 0.1354314973694115 0.2790909406716088 0.4421854050432402 0.4589993836003994 0.05211596854089229 0.634765101188759 0.0698258663803929 0.399616983933498 0.0 0.7761093119885122 0.15346289868677598 0.2875070550232063 0.46373206697322134 0.8845516038294319 0.2126382019688613 0.321389137276068 0.8028046067781749
0.9788957853116332 0.874027041755281 0.5862100481711737 0.6046821555233435 0.5192602248643242 0.8899857071485062 0.8013743005850467 0.831638189258678 0.2470387579339891 0.4339444926875555 0.035535860804663866 0.49278253239971037 0.7761093119885122 0.0 0.04340745361598486 0.5970836563374636 0.56430408765214 0.5294628026363863 0.6147946190719924 0.23116191053094726 0.11965180227769212
0.7011175419992643 0.35731894781522233 0.67396690009694 0.9747002241507301 0.788379478573121 0.4891091938154212 0.4462373284606921 0.08147774021362442 0.1436690794770128 0.8550801693676832 0.6549401935971189 0.5180196054667485 0.15346289868677598 0.04340745361598486 0.0 0.25198294883562233 0.36616619747621915 0.5137703706000627 0.5911975809340945 0.9021006383893484 0.2929698703775585
0.5569568181697235 0.3683312943980206 0.6667703317469382 0.4513354455414541 0.6168839067649433 0.8283098986536268 0.9162749578868856 0.02609360785892978 0.5350337706178342 0.3622614419344845 0.5709886246661001 0.7535192517396699 0.2875070550232063 0.5970836563374636 0.25198294883562233 0.0 0.39283270287601146 0.7905014085241305 0.7213298476963396 0.34653591631259195 0.8740489353608563
0.9938580132178071 0.041387788195006214 0.7810362780803408 0.9682405578064969 0.6277867262952395 0.30165039206042354 0.7303822752863697 0.2653718867228809 0.47953698960827285 0.18821111055405793 0.552223098830816 0.1775103481791812 0.46373206697322134 0.56430408765214 0.36616619747621915 0.39283270287601146 0.0 0.7431455827347315 0.5454473458903528 0.7725463583205898 0.7290709833429577
0.024411517959795903 0.48499439294961144 0.1920395220294684 0.3180893744380697 0.8562087083602319 0.15292680057579056 0.060715300042398224 0.5827297334309895 0.9574741241574748 0.15452081201993595 0.19427361784862773 0.6082412933037433 0.8845516038294319 0.5294628026363863 0.5137703706000627 0.7905014085241305 0.7431455827347315 0.0 0.1644459572298469 0.26217297887101165 0.016415097283886793
0.8491410058627995 0.5975245738596019 0.2530829838434042 0.8680343530246704 0.11621069846113452 0.6344334057012161 0.8788814444538086 0.6930937146660942 0.6105823896190069 0.6236680801618865 0.21516778989308527 0.38561859147597477 0.2126382019688613 0.6147946190719924 0.5911975809340945 0.7213298476963396 0.5454473458903528 0.1644459572298469 0.0 0.020810447573620827 0.5919327874539393
0.7142420467701216 0.14304414407428134 0.1910251683779296 0.4426663272263085 0.16614852785688428 0.7633667758808398 0.8510725342122999 0.9294477227064716 0.6195685804287505 0.8264387107486432 0.4963547754792911 0.01565944621090587 0.321389137276068 0.23116191053094726 0.9021006383893484 0.34653591631259195 0.7725463583205898 0.26217297887101165 0.020810447573620827 0.0 0.5602402915682021
0.45852398337829947 0.975137575941498 0.5088571128396315 0.8404816799216768 0.3623279130368846 0.06163851838274148 0.47948668673078 0.07501350413438235 0.7878769406254542 0.005623031315222682 0.5555537813224969 0.37615795656965967 0.8028046067781749 0.11965180227769212 0.2929698703775585 0.8740489353608563 0.7290709833429577 0.016415097283886793 0.5919327874539393 0.5602402915682021 0.0

# Optimal Walk
0 17 6 2 20 5 9 8 3 12 10 13 14 15 7 4 18 19 11 16 1 0
