# Graph size: 21
# Optimal cost: 1.4884119427889413

# Distance Matrix
0.0 0.29376238554956957 0.5858232478708717 0.4045001928994906 0.11684677095286222 0.3878874113419951 0.023479411381297166 0.03573209116379217 0.10222319034354566 0.5195770907065305 0.9965259590056388 0.7166533148610486 0.9308593257474396 0.7052416889766924 0.5123980072739772 0.7619863926180025 0.3264843012866281 0.6393233943965566 0.6333321425907084 0.9914022182934912 0.893138945983929
0.29376238554956957 0.0 0.3495367327118012 0.379338176767971 0.33679835376228895 0.20018531415216345 0.9349650311956031 0.4428861629093285 0.6703887607763631 0.3283386870907782 0.928791645212599 0.5551825420041125 0.1185272164136576 0.8967720115223894 0.7190461139157274 0.4620742528232009 0.03341439719219519 0.3501317659990528 0.633596770633128 0.11703287000568818 0.48331496401529506
0.5858232478708717 0.3495367327118012 0.0 0.0743437353937324 0.749723357894621 0.8793352135170193 0.5916371507160679 0.7313754913399708 0.22395397952096652 0.21747127935560506 0.30620447067318657 0.055662354312783435 0.9544533919980038 0.6609735992949993 0.2122751673161397 0.23869174918342972 0.6860998582439325 0.5182770777929961 0.8163422103032666 0.9432807666109556 0.24749089346717845
0.4045001928994906 0.379338176767971 0.0743437353937324 0.0 0.1838816987220665 0.322472580652889 0.9353701143976476 0.4694680113202393 0.69500520860845 0.2989215899156238 0.2986972277474269 0.47635407723087697 0.5660762545986298 0.7899844312690737 0.2065000339643558 0.46394670366007795 0.8288330772038808 0.3665234218224115 0.26444197230919464 0.782413776002603 0.6364566438435402
0.11684677095286222 0.33679835376228895 0.749723357894621 0.1838816987220665 0.0 0.3283366277284828 0.5102382938906973 0.12758841617859784 0.7520813706177758 0.7725093976303111 0.2580020535993953 0.9107621872971832 0.735190228806164 0.524117254011223 0.10911795528194856 0.4249269978958766 0.663815723338228 0.9891252799698715 0.6164908937144585 0.2545177546557269 0.7861316085327509
0.3878874113419951 0.20018531415216345 0.8793352135170193 0.322472580652889 0.3283366277284828 0.0 0.8340553672858093 0.2853050233702805 0.4860592189518482 0.5819349688643553 0.022969548162705244 0.8209687129104081 0.6687223411690985 0.33268163797021677 0.14954389583961047 0.7937091319212273 0.14664657901513511 0.44815262917283993 0.19048432553757288 0.1793200107839138 0.33898676770832725
0.023479411381297166 0.9349650311956031 0.5916371507160679 0.9353701143976476 0.5102382938906973 0.8340553672858093 0.0 0.4784928318738162 0.7762622970001737 0.5568545142636565 0.7789938551387868 0.9522776572216739 0.8261241979364642 0.09659458844337332 0.24004143274560463 0.924427028852402 0.9265559350062709 0.8554174316062018 0.07436054901567613 0.39220065996474607 0.1458598032757753
0.03573209116379217 0.4428861629093285 0.7313754913399708 0.4694680113202393 0.12758841617859784 0.2853050233702805 0.4784928318738162 0.0 0.31171799362298147 0.9693476614912006 0.5431718652625221 0.0722277567048053 0.5183364565458219 0.6866614867185556 0.13599214600058251 0.7386718985612339 0.7294780045749399 0.9909265980874944 0.18292212064956792 0.7553989046574522 0.8664015812657705
0.10222319034354566 0.6703887607763631 0.22395397952096652 0.69500520860845 0.7520813706177758 0.4860592189518482 0.7762622970001737 0.31171799362298147 0.0 0.8977128277350745 0.5025186155469408 0.40869261285832204 0.726693191154956 0.5745614003441628 0.6415322832815457 0.7050945384371692 0.4132287196919938 0.7141797438333399 0.12698310391979584 0.3406497341778768 0.06146978895657129
0.5195770907065305 0.3283386870907782 0.21747127935560506 0.2989215899156238 0.7725093976303111 0.5819349688643553 0.5568545142636565 0.9693476614912006 0.8977128277350745 0.0 0.9655294240958502 0.002546583738201158 0.35721082569561713 0.5775257146662732 0.056381957513093384 0.12779622717641703 0.811270627019911 0.7644533495925661 0.5700202684250715 0.7745127035400386 0.12551967925542895
0.9965259590056388 0.928791645212599 0.30620447067318657 0.2986972277474269 0.2580020535993953 0.022969548162705244 0.7789938551387868 0.5431718652625221 0.5025186155469408 0.9655294240958502 0.0 0.9105559947220355 0.9491135421391229 0.6411840952319138 0.9193017849975278 0.6409811124063346 0.19139630177644873 0.5249853248235765 0.02136726886359397 0.5927063565995958 0.8746330021486258
0.7166533148610486 0.5551825420041125 0.055662354312783435 0.47635407723087697 0.9107621872971832 0.8209687129104081 0.9522776572216739 0.0722277567048053 0.40869261285832204 0.002546583738201158 0.9105559947220355 0.0 0.5399392826699806 0.05680029490900129 0.2630416426678639 0.602451502952128 0.9506260633235075 0.4697226379907369 0.20306490632804863 0.6979801769901711 0.40272102139154387
0.9308593257474396 0.1185272164136576 0.9544533919980038 0.5660762545986298 0.735190228806164 0.6687223411690985 0.8261241979364642 0.5183364565458219 0.726693191154956 0.35721082569561713 0.9491135421391229 0.5399392826699806 0.0 0.09435374567112553 0.579947674086632 0.9888252295638968 0.5748057346012703 0.4192326256759097 0.015915597757668598 0.8247758456249503 0.05031114059816655
0.7052416889766924 0.8967720115223894 0.6609735992949993 0.7899844312690737 0.524117254011223 0.33268163797021677 0.09659458844337332 0.6866614867185556 0.5745614003441628 0.5775257146662732 0.6411840952319138 0.05680029490900129 0.09435374567112553 0.0 0.5028842996883547 0.5266288273559272 0.04872702360333203 0.5141151754057317 0.09393955046154823 0.32805537901829374 0.501660761512477
0.5123980072739772 0.7190461139157274 0.2122751673161397 0.2065000339643558 0.10911795528194856 0.14954389583961047 0.24004143274560463 0.13599214600058251 0.6415322832815457 0.056381957513093384 0.9193017849975278 0.2630416426678639 0.579947674086632 0.5028842996883547 0.0 0.21523164258243166 0.8846938251492873 0.25844998609871184 0.7841286569235643 0.005191397119935881 0.9843174764385999
0.7619863926180025 0.4620742528232009 0.23869174918342972 0.46394670366007795 0.4249269978958766 0.7937091319212273 0.924427028852402 0.7386718985612339 0.7050945384371692 0.12779622717641703 0.6409811124063346 0.602451502952128 0.9888252295638968 0.5266288273559272 0.21523164258243166 0.0 0.570840482645101 0.4195297639434259 0.1611304621739036 0.6364056801651481 0.8914618603685016
0.3264843012866281 0.03341439719219519 0.6860998582439325 0.8288330772038808 0.663815723338228 0.14664657901513511 0.9265559350062709 0.7294780045749399 0.4132287196919938 0.811270627019911 0.19139630177644873 0.9506260633235075 0.5748057346012703 0.04872702360333203 0.8846938251492873 0.570840482645101 0.0 0.26857963805269836 0.6332644214616878 0.9252838537226017 0.2108679965071184
0.6393233943965566 0.3501317659990528 0.5182770777929961 0.3665234218224115 0.9891252799698715 0.44815262917283993 0.8554174316062018 0.9909265980874944 0.7141797438333399 0.7644533495925661 0.5249853248235765 0.4697226379907369 0.4192326256759097 0.5141151754057317 0.25844998609871184 0.4195297639434259 0.26857963805269836 0.0 0.029717852103966158 0.3183414845774014 0.7164599503842711
0.6333321425907084 0.633596770633128 0.8163422103032666 0.26444197230919464 0.6164908937144585 0.19048432553757288 0.07436054901567613 0.18292212064956792 0.12698310391979584 0.5700202684250715 0.02136726886359397 0.20306490632804863 0.015915597757668598 0.09393955046154823 0.7841286569235643 0.1611304621739036 0.6332644214616878 0.029717852103966158 0.0 0.8769900182642828 0.9268027333097639
0.9914022182934912 0.11703287000568818 0.9432807666109556 0.782413776002603 0.2545177546557269 0.1793200107839138 0.39220065996474607 0.7553989046574522 0.3406497341778768 0.7745127035400386 0.5927063565995958 0.6979801769901711 0.8247758456249503 0.32805537901829374 0.005191397119935881 0.6364056801651481 0.9252838537226017 0.3183414845774014 0.8769900182642828 0.0 0.45383201497618253
0.893138945983929 0.48331496401529506 0.24749089346717845 0.6364566438435402 0.7861316085327509 0.33898676770832725 0.1458598032757753 0.8664015812657705 0.06146978895657129 0.12551967925542895 0.8746330021486258 0.40272102139154387 0.05031114059816655 0.501660761512477 0.9843174764385999 0.8914618603685016 0.2108679965071184 0.7164599503842711 0.9268027333097639 0.45383201497618253 0.0

# Optimal Walk
0 7 8 20 12 18 17 10 5 15 9 11 2 3 4 14 19 1 16 13 6 0
