# Graph size: 21
# Optimal cost: 1.7055190965182578

# Distance Matrix
0.0 0.16236961832025754 0.09291339709449609 0.2146336046021643 0.9063507294520968 0.7753666016279532 0.7326494825418196 0.712728054658875 0.24399394932055096 0.6793107208743987 0.6801373136591823 0.41182677787276967 0.7683661605500338 0.3018956291050511 0.7220496873118191 0.738451650821908 0.7010075473545809 0.04108190393041489 0.6934424283516503 0.20643879920416786 0.336711904409672
0.16236961832025754 0.0 0.5058561190962041 0.7884267671888578 0.5461526049868188 0.08654491937921005 0.34768931315348706 0.08419851721043936 0.43002954625935697 0.7394839180133789 0.717637083287111 0.40052527858215425 0.19316376918191136 0.5105802502392164 0.8068758785249976 0.5162061458954128 0.8861232978859166 0.4835853757068861 0.6325708727733105 0.19468318146841523 0.7169120072148848
0.09291339709449609 0.5058561190962041 0.0 0.12727017773906413 0.2163230148329518 0.43289749206756 0.43996944961062834 0.6672063009304317 0.5690440806643833 0.8406470068282873 0.5323265978182966 0.22856744588698052 0.44395996987212916 0.08211735747416826 0.060512834180941444 0.8305476243853508 0.6485446301193032 0.8669205803790737 0.9865354029119864 0.5092821709544605 0.8165376098807738
0.2146336046021643 0.7884267671888578 0.12727017773906413 0.0 0.06489140560099171 0.28722966647632564 0.07369652288984418 0.9328010866937526 0.13705401995302446 0.6685047104094385 0.2574973007960891 0.5766223625823191 0.22458714455989603 0.8444854785645471 0.3205583769844995 0.803170520727569 0.9182785355029052 0.321279335272602 0.47424430025690056 0.8181669806990817 0.9428744601056129
0.9063507294520968 0.5461526049868188 0.2163230148329518 0.06489140560099171 0.0 0.37607131009506756 0.857752626224388 0.11743111511532822 0.7338939949533132 0.45447895529737037 0.1763451737255851 0.5608141666813878 0.15889147922040014 0.5225743484412501 0.527377852767733 0.9291358218364901 0.44081497114396084 0.004707123773209143 0.38632741645430724 0.8730894011441032 0.6780224723026933
0.7753666016279532 0.08654491937921005 0.43289749206756 0.28722966647632564 0.37607131009506756 0.0 0.8142392912341525 0.20255288791023163 0.8046834637537893 0.22368177859797767 0.6415290025543579 0.5633179535493845 0.20463903810576645 0.5866937308607414 0.1019766927548168 0.4246402183987643 0.02326302626275034 0.4469428635619632 0.5666743843459668 0.47882217396584814 0.3376702851937837
0.7326494825418196 0.34768931315348706 0.43996944961062834 0.07369652288984418 0.857752626224388 0.8142392912341525 0.0 0.8395936891630529 0.4991745146737705 0.33105736213590153 0.19482812389687854 0.5563143035422029 0.9041219359838835 0.7912947666106496 0.6177488711405622 0.3357237557378677 0.05696916495639115 0.2525833618268729 0.08125717040456737 0.471023308775001 0.02872101544461314
0.712728054658875 0.08419851721043936 0.6672063009304317 0.9328010866937526 0.11743111511532822 0.20255288791023163 0.8395936891630529 0.0 0.8234079219951499 0.3741110112834588 0.04968584750200267 0.6456322528734311 0.609065760706604 0.6558560809400816 0.1582416234165731 0.4310074041461026 0.29592394181778126 0.6896457490649046 0.034613070059540285 0.7647293215836102 0.9824349034246807
0.24399394932055096 0.43002954625935697 0.5690440806643833 0.13705401995302446 0.7338939949533132 0.8046834637537893 0.4991745146737705 0.8234079219951499 0.0 0.686359355259624 0.33111480246903924 0.9658691508136762 0.022077767763455713 0.9307039936729374 0.3631495742036127 0.25470683838163877 0.49593158932752035 0.3765860203875534 0.4617944617714379 0.582718667306099 0.8163761664268049
0.6793107208743987 0.7394839180133789 0.8406470068282873 0.6685047104094385 0.45447895529737037 0.22368177859797767 0.33105736213590153 0.3741110112834588 0.686359355259624 0.0 0.6968903243679242 0.322886263129751 0.1325635178140645 0.8784543326197416 0.8519066169198928 0.5508786798601759 0.884827563248739 0.12171978945098205 0.10099417220834672 0.43265792590863195 0.024262548328946254
0.6801373136591823 0.717637083287111 0.5323265978182966 0.2574973007960891 0.1763451737255851 0.6415290025543579 0.19482812389687854 0.04968584750200267 0.33111480246903924 0.6968903243679242 0.0 0.8429325174143342 0.5236773572529047 0.34466776078654393 0.11548015870312733 0.1087538846642141 0.5392162187534342 0.0961087921016609 0.9165407455076864 0.6576316201972325 0.6177979751799991
0.41182677787276967 0.40052527858215425 0.22856744588698052 0.5766223625823191 0.5608141666813878 0.5633179535493845 0.5563143035422029 0.6456322528734311 0.9658691508136762 0.322886263129751 0.8429325174143342 0.0 0.9416409166753245 0.41860227347859713 0.2513546894191194 0.3618465554002921 0.9589321650236081 0.20077080766425404 0.03929692927692696 0.4025492684848837 0.9795605799232201
0.7683661605500338 0.19316376918191136 0.44395996987212916 0.22458714455989603 0.15889147922040014 0.20463903810576645 0.9041219359838835 0.609065760706604 0.022077767763455713 0.1325635178140645 0.5236773572529047 0.9416409166753245 0.0 0.4715212248647185 0.6321569764431749 0.104550793110599 0.2861908081607716 0.23153313644438211 0.7470418070848458 0.900866712413187 0.8446102241960953
0.3018956291050511 0.5105802502392164 0.08211735747416826 0.8444854785645471 0.5225743484412501 0.5866937308607414 0.7912947666106496 0.6558560809400816 0.9307039936729374 0.8784543326197416 0.34466776078654393 0.41860227347859713 0.4715212248647185 0.0 0.8375134312245358 0.48202956733851066 0.19042013719329576 0.9261239583157218 0.8725534801663607 0.5058868578419166 0.1222063021126587
0.7220496873118191 0.8068758785249976 0.060512834180941444 0.3205583769844995 0.527377852767733 0.1019766927548168 0.6177488711405622 0.1582416234165731 0.3631495742036127 0.8519066169198928 0.11548015870312733 0.2513546894191194 0.6321569764431749 0.8375134312245358 0.0 0.5939722625627298 0.6357959928115801 0.7074047087225099 0.2629421607907245 0.67684751332723 0.7526623037424642
0.738451650821908 0.5162061458954128 0.8305476243853508 0.803170520727569 0.9291358218364901 0.4246402183987643 0.3357237557378677 0.4310074041461026 0.25470683838163877 0.5508786798601759 0.1087538846642141 0.3618465554002921 0.104550793110599 0.48202956733851066 0.5939722625627298 0.0 0.13885615821574937 0.09915899447359722 0.5332521626943945 0.3766182523698881 0.4093678802782327
0.7010075473545809 0.8861232978859166 0.6485446301193032 0.9182785355029052 0.44081497114396084 0.02326302626275034 0.05696916495639115 0.29592394181778126 0.49593158932752035 0.884827563248739 0.5392162187534342 0.9589321650236081 0.2861908081607716 0.19042013719329576 0.6357959928115801 0.13885615821574937 0.0 0.5600479713596774 0.12235355850908047 0.20443267191385506 0.03653704014371939
0.04108190393041489 0.4835853757068861 0.8669205803790737 0.321279335272602 0.004707123773209143 0.4469428635619632 0.2525833618268729 0.6896457490649046 0.3765860203875534 0.12171978945098205 0.0961087921016609 0.20077080766425404 0.23153313644438211 0.9261239583157218 0.7074047087225099 0.09915899447359722 0.5600479713596774 0.0 0.2639699298113496 0.6401548184767275 0.059109729231745844
0.6934424283516503 0.6325708727733105 0.9865354029119864 0.47424430025690056 0.38632741645430724 0.5666743843459668 0.08125717040456737 0.034613070059540285 0.4617944617714379 0.10099417220834672 0.9165407455076864 0.03929692927692696 0.7470418070848458 0.8725534801663607 0.2629421607907245 0.5332521626943945 0.12235355850908047 0.2639699298113496 0.0 0.6484138924532377 0.9893924665419064
0.20643879920416786 0.19468318146841523 0.5092821709544605 0.8181669806990817 0.8730894011441032 0.47882217396584814 0.471023308775001 0.7647293215836102 0.582718667306099 0.43265792590863195 0.6576316201972325 0.4025492684848837 0.900866712413187 0.5058868578419166 0.67684751332723 0.3766182523698881 0.20443267191385506 0.6401548184767275 0.6484138924532377 0.0 0.2542154443802389
0.336711904409672 0.7169120072148848 0.8165376098807738 0.9428744601056129 0.6780224723026933 0.3376702851937837 0.02872101544461314 0.9824349034246807 0.8163761664268049 0.024262548328946254 0.6177979751799991 0.9795605799232201 0.8446102241960953 0.1222063021126587 0.7526623037424642 0.4093678802782327 0.03653704014371939 0.059109729231745844 0.9893924665419064 0.2542154443802389 0.0

# Optimal Walk
0 17 4 3 8 12 15 10 7 18 11 6 20 9 13 2 14 5 16 1 19 0
