# Graph size: 21
# Optimal cost: 1.4857957386683553

# Distance Matrix
0.0 0.49110495594319803 0.7003391202311663 0.20972342085668982 0.7830049023042639 0.3446449861780445 0.8820219582434987 0.2658250921450388 0.5094866043894681 0.9565201329514603 0.7579771409041741 0.30541164739421967 0.8480942045389185 0.19878564762359052 0.9177090279840048 0.6068407311329957 0.7573620709325382 0.5052959806606032 0.713868129032762 0.9106690989202287 0.11855616456703
0.49110495594319803 0.0 0.4108700340017042 0.8252442067894737 0.9837092416237782 0.6341853726804116 0.27177761270870315 0.040608304720743726 0.7457701868591399 0.27953052857586635 0.7781731659200527 0.5822821601761112 0.7694154724690875 0.8453077361141222 0.33882983769287833 0.10960193140861652 0.6984233359979697 0.8214957870436461 0.6695027828286122 0.39498278691088506 0.14723537359940675
0.7003391202311663 0.4108700340017042 0.0 0.11552335475352504 0.9484781446355305 0.5490794290868662 0.9415316030161007 0.8724234591343423 0.7163395837153701 0.586577316193348 0.13917161585397786 0.9702287835690699 0.29171211060801006 0.07043785236006406 0.13109253457837644 0.6007941423533016 0.8507180248838575 0.5499601171870356 0.26335672173726576 0.7143971690847079 0.47510784029325803
0.20972342085668982 0.8252442067894737 0.11552335475352504 0.0 0.5168107459403208 0.8443933280867196 0.005881785905313297 0.4125042939072896 0.6432127808562355 0.10557940698130475 0.5507739170372408 0.5119253357385286 0.13777296336248068 0.6686578536490851 0.16171199427095728 0.2987273226201608 0.1569665460508901 0.3400910882161562 0.028699613421172887 0.43533735392568007 0.34408717092697483
0.7830049023042639 0.9837092416237782 0.9484781446355305 0.5168107459403208 0.0 0.6003012352824987 0.23110127392828483 0.3776193911868482 0.7325092200134985 0.9848480703633572 0.26496668902566356 0.8814458068723339 0.44639797284000726 0.6649490639990528 0.8161826646572112 0.6400224319772291 0.8595432091431624 0.9263462572958805 0.6281160232722497 0.7397418968129373 0.13178011878667162
0.3446449861780445 0.6341853726804116 0.5490794290868662 0.8443933280867196 0.6003012352824987 0.0 0.9183766055154848 0.4618248546181869 0.8108162351115779 0.33250054942031926 0.99920432406258 0.8275797613931025 0.7186666595712202 0.6820470949851187 0.2385248293660498 0.37835030259891544 0.3930249847797139 0.7943212170511837 0.15565165032825778 0.5990765482090661 0.9239274306702471
0.8820219582434987 0.27177761270870315 0.9415316030161007 0.005881785905313297 0.23110127392828483 0.9183766055154848 0.0 0.18772580744873668 0.5687494342725962 0.6999590866410733 0.3672582164379581 0.7466013165405947 0.5100773035046153 0.4276654450966606 0.7972272872711649 0.2616045451235516 0.5224588844382736 0.8452645165308609 0.019142422823191008 0.6550169126622288 0.2937963339703221
0.2658250921450388 0.040608304720743726 0.8724234591343423 0.4125042939072896 0.3776193911868482 0.4618248546181869 0.18772580744873668 0.0 0.9998648600631708 0.013063107146719433 0.005759521845878801 0.5092979370925846 0.7963468344845686 0.6173998086695045 0.028930110985459057 0.005189544195593698 0.3262424967486792 0.18124885819638248 0.23596695381943422 0.7930327877129182 0.3627311979751793
0.5094866043894681 0.7457701868591399 0.7163395837153701 0.6432127808562355 0.7325092200134985 0.8108162351115779 0.5687494342725962 0.9998648600631708 0.0 0.9152300569882923 0.6040835036051058 0.290373150631705 0.7258830024514532 0.4528200800841313 0.21740644094351402 0.14129420149156913 0.7466962466794501 0.6976518079629432 0.007289264358393721 0.3395543139163171 0.11413904532406483
0.9565201329514603 0.27953052857586635 0.586577316193348 0.10557940698130475 0.9848480703633572 0.33250054942031926 0.6999590866410733 0.013063107146719433 0.9152300569882923 0.0 0.37697617895630253 0.4155622436130012 0.9773347500227988 0.9763195145467193 0.8474595866591168 0.5320190176259446 0.8342291574207172 0.2850725380895526 0.6067163850618515 0.016228484092129847 0.19395635041558978
0.7579771409041741 0.7781731659200527 0.13917161585397786 0.5507739170372408 0.26496668902566356 0.99920432406258 0.3672582164379581 0.005759521845878801 0.6040835036051058 0.37697617895630253 0.0 0.022665907012494713 0.652452947656988 0.9038009214633088 0.7303791677334652 0.129991939590684 0.3008258526714095 0.21852464801592797 0.03976476969903098 0.667525392599362 0.32659368456514926
0.30541164739421967 0.5822821601761112 0.9702287835690699 0.5119253357385286 0.8814458068723339 0.8275797613931025 0.7466013165405947 0.5092979370925846 0.290373150631705 0.4155622436130012 0.022665907012494713 0.0 0.164330245622059 0.4128223959408711 0.9834920013443369 0.3198682215040465 0.554827497077655 0.7379066733277986 0.43810640459974926 0.9677475968510764 0.05319925190760044
0.8480942045389185 0.7694154724690875 0.29171211060801006 0.13777296336248068 0.44639797284000726 0.7186666595712202 0.5100773035046153 0.7963468344845686 0.7258830024514532 0.9773347500227988 0.652452947656988 0.164330245622059 0.0 0.005875807784209819 0.538402240591347 0.5638405304622656 0.7415259398195105 0.7474460669191828 0.17509096052205542 0.4246669376193277 0.51615330563323
0.19878564762359052 0.8453077361141222 0.07043785236006406 0.6686578536490851 0.6649490639990528 0.6820470949851187 0.4276654450966606 0.6173998086695045 0.4528200800841313 0.9763195145467193 0.9038009214633088 0.4128223959408711 0.005875807784209819 0.0 0.8754847470686851 0.021050395255132193 0.04914734677652033 0.8145046661111248 0.8275361198110589 0.05045791303829328 0.7958698336067066
0.9177090279840048 0.33882983769287833 0.13109253457837644 0.16171199427095728 0.8161826646572112 0.2385248293660498 0.7972272872711649 0.028930110985459057 0.21740644094351402 0.8474595866591168 0.7303791677334652 0.9834920013443369 0.538402240591347 0.8754847470686851 0.0 0.21877885425424615 0.6079760764708844 0.5682469858372475 0.5725495617755239 0.5532631294860106 0.3145425862729023
0.6068407311329957 0.10960193140861652 0.6007941423533016 0.2987273226201608 0.6400224319772291 0.37835030259891544 0.2616045451235516 0.005189544195593698 0.14129420149156913 0.5320190176259446 0.129991939590684 0.3198682215040465 0.5638405304622656 0.021050395255132193 0.21877885425424615 0.0 0.10148046677462541 0.5330729723889099 0.1945300454794504 5.9107187844476E-4 0.9973973067184061
0.7573620709325382 0.6984233359979697 0.8507180248838575 0.1569665460508901 0.8595432091431624 0.3930249847797139 0.5224588844382736 0.3262424967486792 0.7466962466794501 0.8342291574207172 0.3008258526714095 0.554827497077655 0.7415259398195105 0.04914734677652033 0.6079760764708844 0.10148046677462541 0.0 0.059744917549319765 0.44757618210938654 0.2722751482353726 0.597304233121909
0.5052959806606032 0.8214957870436461 0.5499601171870356 0.3400910882161562 0.9263462572958805 0.7943212170511837 0.8452645165308609 0.18124885819638248 0.6976518079629432 0.2850725380895526 0.21852464801592797 0.7379066733277986 0.7474460669191828 0.8145046661111248 0.5682469858372475 0.5330729723889099 0.059744917549319765 0.0 0.3718337214080244 0.0059996283944209194 0.8489543289348693
0.713868129032762 0.6695027828286122 0.26335672173726576 0.028699613421172887 0.6281160232722497 0.15565165032825778 0.019142422823191008 0.23596695381943422 0.007289264358393721 0.6067163850618515 0.03976476969903098 0.43810640459974926 0.17509096052205542 0.8275361198110589 0.5725495617755239 0.1945300454794504 0.44757618210938654 0.3718337214080244 0.0 0.4111472177622807 0.9462358423812532
0.9106690989202287 0.39498278691088506 0.7143971690847079 0.43533735392568007 0.7397418968129373 0.5990765482090661 0.6550169126622288 0.7930327877129182 0.3395543139163171 0.016228484092129847 0.667525392599362 0.9677475968510764 0.4246669376193277 0.05045791303829328 0.5532631294860106 5.9107187844476E-4 0.2722751482353726 0.0059996283944209194 0.4111472177622807 0.0 0.71060216423659
0.11855616456703 0.14723537359940675 0.47510784029325803 0.34408717092697483 0.13178011878667162 0.9239274306702471 0.2937963339703221 0.3627311979751793 0.11413904532406483 0.19395635041558978 0.32659368456514926 0.05319925190760044 0.51615330563323 0.7958698336067066 0.3145425862729023 0.9973973067184061 0.597304233121909 0.8489543289348693 0.9462358423812532 0.71060216423659 0.0

# Optimal Walk
0 5 18 8 6 3 2 13 12 16 17 19 15 9 14 7 1 10 11 20 4 0
