# MCW Instance
# Type: UNIFORM
# N: 21
# Optimal cost: 1.7849879330053404
# Optimal tour (permutation): [0, 17, 18, 4, 16, 7, 5, 3, 1, 15, 19, 10, 9, 12, 13, 14, 6, 8, 20, 11, 2, 0]
# Optimal walk (full path): [0, 17, 0, 18, 4, 16, 7, 1, 3, 5, 3, 1, 15, 19, 10, 9, 12, 13, 14, 6, 8, 20, 11, 2, 0]
# Walk size: 25
# Is walk (has repeats): true

# Distance Matrix
0.0000000000 0.6094681449 0.1257508793 0.4896890614 0.2441333127 0.9951341421 0.6252738796 0.2925435407 0.7945133366 0.4494129363 0.2656884878 0.6851522888 0.8850470721 0.5194616358 0.8523513699 0.9725263015 0.9342714001 0.0604434502 0.0637303847 0.1974607481 0.6862581601
0.6094681449 0.0000000000 0.2182338722 0.0512957701 0.0381243554 0.9740646926 0.2129092737 0.1239841761 0.0921397695 0.4812247029 0.8993665505 0.4869925787 0.9497730222 0.4793372714 0.6292742735 0.0290730860 0.5223273161 0.6848506096 0.7676572850 0.7081640687 0.9365624253
0.1257508793 0.2182338722 0.0000000000 0.5744270540 0.3277685076 0.1721068999 0.9319380730 0.7258138767 0.5795029067 0.8693611745 0.1047056092 0.0099342765 0.1594603341 0.0540464381 0.5313495653 0.7499518475 0.1648655338 0.7703015482 0.2736066419 0.2843502483 0.9489052158
0.4896890614 0.0512957701 0.5744270540 0.0000000000 0.1128669617 0.0182664361 0.7236100668 0.8516433066 0.8039601968 0.6371851403 0.0738526155 0.8985276034 0.4009272914 0.7664191989 0.3158605507 0.5776021955 0.2548187151 0.5981133919 0.4741734003 0.1668917192 0.6769508408
0.2441333127 0.0381243554 0.3277685076 0.1128669617 0.0000000000 0.9547537365 0.1884960297 0.7250250857 0.6386794128 0.3726222813 0.8084460361 0.7810178999 0.7290244544 0.3597677779 0.5727064122 0.9632343576 0.0254507443 0.2135322762 0.0049376115 0.2929006702 0.9950219174
0.9951341421 0.9740646926 0.1721068999 0.0182664361 0.9547537365 0.0000000000 0.7836505747 0.2613433891 0.6341443844 0.5363101416 0.3491659424 0.7985726430 0.8403845269 0.7968577067 0.3408820737 0.3956798835 0.4659998910 0.4566504695 0.9857978175 0.2601546394 0.5225540167
0.6252738796 0.2129092737 0.9319380730 0.7236100668 0.1884960297 0.7836505747 0.0000000000 0.7549777079 0.0759477568 0.6755703794 0.6504567356 0.6562164953 0.9712982996 0.4071916662 0.2497942874 0.1994930432 0.6348255560 0.8719181373 0.5681611105 0.2578375559 0.9676276113
0.2925435407 0.1239841761 0.7258138767 0.8516433066 0.7250250857 0.2613433891 0.7549777079 0.0000000000 0.9002320476 0.4786780479 0.6443630688 0.9629008723 0.7703561289 0.6979836275 0.7461626415 0.2298360106 0.0786167779 0.4918357945 0.6410340700 0.2519662041 0.9250472911
0.7945133366 0.0921397695 0.5795029067 0.8039601968 0.6386794128 0.6341443844 0.0759477568 0.9002320476 0.0000000000 0.4950644259 0.9578041463 0.3392267196 0.8395544308 0.1329648292 0.5779397928 0.6089612872 0.8515109066 0.2728254918 0.6442965732 0.4883376309 0.1144253989
0.4494129363 0.4812247029 0.8693611745 0.6371851403 0.3726222813 0.5363101416 0.6755703794 0.4786780479 0.4950644259 0.0000000000 0.1571339504 0.2422697961 0.1691105277 0.5373809276 0.3741065889 0.5492765247 0.1653981798 0.9462210206 0.6065397350 0.2104124868 0.6261132632
0.2656884878 0.8993665505 0.1047056092 0.0738526155 0.8084460361 0.3491659424 0.6504567356 0.6443630688 0.9578041463 0.1571339504 0.0000000000 0.4000027758 0.1665809204 0.1912899301 0.3359174045 0.4220244792 0.8718706615 0.3834784270 0.4020438373 0.0697747844 0.6476068877
0.6851522888 0.4869925787 0.0099342765 0.8985276034 0.7810178999 0.7985726430 0.6562164953 0.9629008723 0.3392267196 0.2422697961 0.4000027758 0.0000000000 0.7936331790 0.4690598907 0.9644393963 0.3494354597 0.2343106185 0.9296172973 0.6281404350 0.6936720554 0.0526341172
0.8850470721 0.9497730222 0.1594603341 0.4009272914 0.7290244544 0.8403845269 0.9712982996 0.7703561289 0.8395544308 0.1691105277 0.1665809204 0.7936331790 0.0000000000 0.0064652095 0.7358723566 0.8542118715 0.5823877488 0.7694768427 0.1791378162 0.2395857275 0.6857791053
0.5194616358 0.4793372714 0.0540464381 0.7664191989 0.3597677779 0.7968577067 0.4071916662 0.6979836275 0.1329648292 0.5373809276 0.1912899301 0.4690598907 0.0064652095 0.0000000000 0.1211677481 0.1595756950 0.1989720368 0.9630268591 0.5351599156 0.8834123753 0.9225762804
0.8523513699 0.6292742735 0.5313495653 0.3158605507 0.5727064122 0.3408820737 0.2497942874 0.7461626415 0.5779397928 0.3741065889 0.3359174045 0.9644393963 0.7358723566 0.1211677481 0.0000000000 0.9510927749 0.8642727286 0.8113569111 0.5996408296 0.9072914983 0.8483983223
0.9725263015 0.0290730860 0.7499518475 0.5776021955 0.9632343576 0.3956798835 0.1994930432 0.2298360106 0.6089612872 0.5492765247 0.4220244792 0.3494354597 0.8542118715 0.1595756950 0.9510927749 0.0000000000 0.8335993518 0.9764495162 0.5791762278 0.0470449033 0.1858607046
0.9342714001 0.5223273161 0.1648655338 0.2548187151 0.0254507443 0.4659998910 0.6348255560 0.0786167779 0.8515109066 0.1653981798 0.8718706615 0.2343106185 0.5823877488 0.1989720368 0.8642727286 0.8335993518 0.0000000000 0.8170432771 0.6990116696 0.7974094496 0.3999821365
0.0604434502 0.6848506096 0.7703015482 0.5981133919 0.2135322762 0.4566504695 0.8719181373 0.4918357945 0.2728254918 0.9462210206 0.3834784270 0.9296172973 0.7694768427 0.9630268591 0.8113569111 0.9764495162 0.8170432771 0.0000000000 0.4109642650 0.8093103660 0.4560660289
0.0637303847 0.7676572850 0.2736066419 0.4741734003 0.0049376115 0.9857978175 0.5681611105 0.6410340700 0.6442965732 0.6065397350 0.4020438373 0.6281404350 0.1791378162 0.5351599156 0.5996408296 0.5791762278 0.6990116696 0.4109642650 0.0000000000 0.0913300514 0.1951975433
0.1974607481 0.7081640687 0.2843502483 0.1668917192 0.2929006702 0.2601546394 0.2578375559 0.2519662041 0.4883376309 0.2104124868 0.0697747844 0.6936720554 0.2395857275 0.8834123753 0.9072914983 0.0470449033 0.7974094496 0.8093103660 0.0913300514 0.0000000000 0.4253220261
0.6862581601 0.9365624253 0.9489052158 0.6769508408 0.9950219174 0.5225540167 0.9676276113 0.9250472911 0.1144253989 0.6261132632 0.6476068877 0.0526341172 0.6857791053 0.9225762804 0.8483983223 0.1858607046 0.3999821365 0.4560660289 0.1951975433 0.4253220261 0.0000000000
