# Graph size: 21
# Optimal cost: 1.8936681846117045

# Distance Matrix
0.0 0.33670784304738166 0.5559868019965639 0.5238524852634739 0.4200238231130107 0.02869860902254895 0.013677353932031955 0.9681586205141255 0.4547835822998608 0.23195160012935245 0.8444420213016125 0.6606460504463282 0.9131476211595518 0.009204231280839914 0.12215706611993982 0.9533790716073915 0.5609307446990097 0.9816458957262627 0.8885087998903209 0.21500082025449163 0.6334251895303925
0.33670784304738166 0.0 0.07440304275756837 0.55827760102335 0.09998042096964677 0.06701720902501818 0.9620831854350191 0.9816890745766054 0.9022119961998027 0.5276566243509098 0.12773849703984952 0.26982026225435396 0.44978260063472364 0.655155349768057 0.10583607050209076 0.9978371423235569 0.9205786767641889 0.34170465066953537 0.9182985415364534 0.9408793826814271 0.16250145653015124
0.5559868019965639 0.07440304275756837 0.0 0.7936651482131514 0.9324055242415321 0.0686968180471258 0.5874139879528688 0.587597644632737 0.3703224622218222 0.12768173872704403 0.4745432541373068 0.9246666637471095 0.482250504290753 0.7727296727534543 0.5669131702907192 0.8119631652746727 0.9586672770819182 0.8764005694490142 0.1734852908859592 0.9549562174582464 0.50185507992314
0.5238524852634739 0.55827760102335 0.7936651482131514 0.0 0.33914145027010134 0.6000358157421661 0.7321983463297319 0.6028897571895867 0.45187056292095007 0.6233989372860821 0.7415725434422162 0.47748953518746806 0.6210121850336043 0.8965585262660595 0.056783397893341636 0.802600530591438 0.056109982437467454 0.6261709556879442 0.5134591073479103 0.3653213610263695 0.8414367243128503
0.4200238231130107 0.09998042096964677 0.9324055242415321 0.33914145027010134 0.0 0.5994542545411166 0.056144337371252906 0.9867462957798709 0.6655559746845636 0.6539798135541259 0.4206289593354442 0.11553287281528235 0.3665817063219239 0.9817544868146831 0.20047128149907278 0.2994765328770148 0.36591977629315864 0.23808289228853452 0.6522380453087065 0.33810115040730715 0.009565258017647738
0.02869860902254895 0.06701720902501818 0.0686968180471258 0.6000358157421661 0.5994542545411166 0.0 0.2860505954656247 0.43089867964257755 0.29525107458033883 0.8135676150470843 0.5490711073403898 0.814973768277589 0.7078970594771363 0.6190658291139348 0.3667907074986113 0.880453514686767 0.2658444556101296 0.7023338060966681 0.45374693748580186 0.5131644480408871 0.9567592077116768
0.013677353932031955 0.9620831854350191 0.5874139879528688 0.7321983463297319 0.056144337371252906 0.2860505954656247 0.0 0.956566075930878 0.5455280961856409 0.11117781447129538 0.17190351446729357 0.36467223432996965 0.5837823715543313 0.32201647849557147 0.550199289166727 0.11613844257869432 0.3392775389296153 0.18383174594939589 0.4017146952329086 0.8860524177790134 0.2013127183490886
0.9681586205141255 0.9816890745766054 0.587597644632737 0.6028897571895867 0.9867462957798709 0.43089867964257755 0.956566075930878 0.0 0.5953849723244519 0.39639508011926117 0.9906783754461943 0.9721359391384546 0.12658358287386973 0.8298366813023724 0.3615065294775869 0.8966228848853119 0.7994845061034179 0.18512723426087696 0.5384916173282145 0.8303230963910208 0.6190926329227447
0.4547835822998608 0.9022119961998027 0.3703224622218222 0.45187056292095007 0.6655559746845636 0.29525107458033883 0.5455280961856409 0.5953849723244519 0.0 0.8982554122826023 0.17323344598808033 0.40308210594888316 0.31394583753666483 0.2043161927160242 0.8541416587227155 0.27079940697107463 0.9583915864315261 0.6927170190875847 0.4181662521680011 0.06448339482359422 0.8916254239279267
0.23195160012935245 0.5276566243509098 0.12768173872704403 0.6233989372860821 0.6539798135541259 0.8135676150470843 0.11117781447129538 0.39639508011926117 0.8982554122826023 0.0 0.7318153939834734 0.2974638298848886 0.4436163715999555 0.6229743502929015 0.23689536338228012 0.8644093821523477 0.7399441526740389 0.2185732336165137 0.3501171663398679 0.18465196960793928 0.038156193255309834
0.8444420213016125 0.12773849703984952 0.4745432541373068 0.7415725434422162 0.4206289593354442 0.5490711073403898 0.17190351446729357 0.9906783754461943 0.17323344598808033 0.7318153939834734 0.0 0.0014957472344391265 0.47705029010488864 0.06545156535215502 0.18152397546494536 0.26556577634372536 0.7816274356497528 0.7953242809777624 0.11341687089777808 0.10248925579384871 0.6798328545343866
0.6606460504463282 0.26982026225435396 0.9246666637471095 0.47748953518746806 0.11553287281528235 0.814973768277589 0.36467223432996965 0.9721359391384546 0.40308210594888316 0.2974638298848886 0.0014957472344391265 0.0 0.5110609586110718 0.16971605865092043 0.3726101944557223 0.09216548955989456 0.6994743920275645 0.4224989900365814 0.31150908924595655 0.21589371458972628 0.9437686705731857
0.9131476211595518 0.44978260063472364 0.482250504290753 0.6210121850336043 0.3665817063219239 0.7078970594771363 0.5837823715543313 0.12658358287386973 0.31394583753666483 0.4436163715999555 0.47705029010488864 0.5110609586110718 0.0 0.941968305572647 0.2578258268183684 0.3603450874844767 0.6582137472519066 0.8914502955809503 0.5121028856585137 0.9519510615863191 0.21984682843595915
0.009204231280839914 0.655155349768057 0.7727296727534543 0.8965585262660595 0.9817544868146831 0.6190658291139348 0.32201647849557147 0.8298366813023724 0.2043161927160242 0.6229743502929015 0.06545156535215502 0.16971605865092043 0.941968305572647 0.0 0.6993905323429248 0.3921095418355439 0.1604932840188541 0.6022119961067383 0.1626245086786594 0.13702098695602227 0.7239743024879352
0.12215706611993982 0.10583607050209076 0.5669131702907192 0.056783397893341636 0.20047128149907278 0.3667907074986113 0.550199289166727 0.3615065294775869 0.8541416587227155 0.23689536338228012 0.18152397546494536 0.3726101944557223 0.2578258268183684 0.6993905323429248 0.0 0.3436876390106488 0.22680401671962624 0.43099081186218147 0.45676293481348784 0.44174127348689496 0.36271056984615646
0.9533790716073915 0.9978371423235569 0.8119631652746727 0.802600530591438 0.2994765328770148 0.880453514686767 0.11613844257869432 0.8966228848853119 0.27079940697107463 0.8644093821523477 0.26556577634372536 0.09216548955989456 0.3603450874844767 0.3921095418355439 0.3436876390106488 0.0 0.9660691528634047 0.6141395912081569 0.5544895123076861 0.9112893888681878 0.6450832053831415
0.5609307446990097 0.9205786767641889 0.9586672770819182 0.056109982437467454 0.36591977629315864 0.2658444556101296 0.3392775389296153 0.7994845061034179 0.9583915864315261 0.7399441526740389 0.7816274356497528 0.6994743920275645 0.6582137472519066 0.1604932840188541 0.22680401671962624 0.9660691528634047 0.0 0.7560954388102571 0.7122307328338268 0.5055884646177459 0.7370102778267685
0.9816458957262627 0.34170465066953537 0.8764005694490142 0.6261709556879442 0.23808289228853452 0.7023338060966681 0.18383174594939589 0.18512723426087696 0.6927170190875847 0.2185732336165137 0.7953242809777624 0.4224989900365814 0.8914502955809503 0.6022119961067383 0.43099081186218147 0.6141395912081569 0.7560954388102571 0.0 0.004213682769842464 0.5941565580083625 0.6943894914903171
0.8885087998903209 0.9182985415364534 0.1734852908859592 0.5134591073479103 0.6522380453087065 0.45374693748580186 0.4017146952329086 0.5384916173282145 0.4181662521680011 0.3501171663398679 0.11341687089777808 0.31150908924595655 0.5121028856585137 0.1626245086786594 0.45676293481348784 0.5544895123076861 0.7122307328338268 0.004213682769842464 0.0 0.5405382170951119 0.6176897380268337
0.21500082025449163 0.9408793826814271 0.9549562174582464 0.3653213610263695 0.33810115040730715 0.5131644480408871 0.8860524177790134 0.8303230963910208 0.06448339482359422 0.18465196960793928 0.10248925579384871 0.21589371458972628 0.9519510615863191 0.13702098695602227 0.44174127348689496 0.9112893888681878 0.5055884646177459 0.5941565580083625 0.5405382170951119 0.0 0.3092375770423177
0.6334251895303925 0.16250145653015124 0.50185507992314 0.8414367243128503 0.009565258017647738 0.9567592077116768 0.2013127183490886 0.6190926329227447 0.8916254239279267 0.038156193255309834 0.6798328545343866 0.9437686705731857 0.21984682843595915 0.7239743024879352 0.36271056984615646 0.6450832053831415 0.7370102778267685 0.6943894914903171 0.6176897380268337 0.3092375770423177 0.0

# Optimal Walk
0 4 20 9 19 8 12 7 17 18 10 11 15 6 5 2 1 14 3 16 13 0
