# Graph size: 21
# Optimal cost: 2.0876281813997544

# Distance Matrix
0.0 0.6892986996109023 0.3367354785370791 0.5484569022294541 0.5022115547969344 0.19297001516503265 0.5476889093732483 0.9882689862934118 0.11765235575472821 0.2519254504060916 0.8294794958412873 0.3825029551538712 0.3553436331081127 0.9335193119346334 0.8188181711908097 0.7105306377577765 0.9049576961423302 0.1276161813508624 0.8667842143201635 0.8272464719083101 0.54229366067047
0.6892986996109023 0.0 0.1800092087541154 0.7862316519873715 0.488923298542399 0.7225098033209384 0.043692223944948094 0.679404710389393 0.13546264211445214 0.9643951498836463 0.5503109792458459 0.043057852242674666 0.22325913846894174 0.6219024232312156 0.7332205698136439 0.40404125815016667 0.24762606536183684 0.33545363413200713 0.7439277296457021 0.3252254438012723 0.7197047069781585
0.3367354785370791 0.1800092087541154 0.0 0.18306780845153836 0.7952977228398204 0.7398038604966694 0.2700075375234515 0.31015036351274006 0.7377580858219668 0.22142527566655623 0.7392210494154849 0.6068222859049752 0.32883207013676186 0.9782731067197945 0.5866213248907935 0.8229561172210835 0.991686505654118 0.0711215001185217 0.19743174198064084 0.36362521049108476 0.8749810864141251
0.5484569022294541 0.7862316519873715 0.18306780845153836 0.0 0.5985633363489166 0.7026783363664805 0.8914616906858385 0.3241562277126451 0.3670183595532933 0.7385757401075057 0.7774573505082676 0.45339955590415404 0.8687945248325142 0.16720233621247416 0.388031067930637 0.36788180967947837 0.22838882053985265 0.15620064236479192 0.17372538030646645 0.7274549997405767 0.14537913156979854
0.5022115547969344 0.488923298542399 0.7952977228398204 0.5985633363489166 0.0 0.17246464484489743 0.5336835913849588 0.7658567384589418 0.7616711559077325 0.38325315288506867 0.47009836957375317 0.583566768628801 0.8115301843331079 0.6778942094031868 0.11811137058836774 0.5178128046484931 0.37473999663724766 0.02422262008414311 0.3391826988274388 0.6598247875341597 0.04639665432870621
0.19297001516503265 0.7225098033209384 0.7398038604966694 0.7026783363664805 0.17246464484489743 0.0 0.15611881195952593 0.6997382494625404 0.137287520531289 0.36125776810151156 0.6519941143033858 0.32194159598704986 0.6090444643808868 0.8662327610141994 0.3087940065236606 0.28972653634165557 0.5294554323442276 0.32151321869632254 0.342067227610812 0.5207655075329691 0.1314138463461212
0.5476889093732483 0.043692223944948094 0.2700075375234515 0.8914616906858385 0.5336835913849588 0.15611881195952593 0.0 0.12900691074291615 0.3498758134793618 0.27383760036887983 0.7498800902712471 0.2361526052298818 0.16679679762318367 0.7510997151949214 0.061889170663172344 0.44385716912378825 0.7039936806512482 0.5760529035279662 0.054342519464952055 0.2592106826926831 0.6223119546517832
0.9882689862934118 0.679404710389393 0.31015036351274006 0.3241562277126451 0.7658567384589418 0.6997382494625404 0.12900691074291615 0.0 0.28053518070610484 0.04749540760840465 0.1767988892106921 0.21757953847256106 0.31786138565318744 0.8999027096771866 0.5468468169103742 0.21076953757192973 0.5342691264246959 0.5996877563214591 0.9940911495406263 0.23040961491479472 0.4771197642360395
0.11765235575472821 0.13546264211445214 0.7377580858219668 0.3670183595532933 0.7616711559077325 0.137287520531289 0.3498758134793618 0.28053518070610484 0.0 0.8073501977696238 0.6881931665342562 0.6505982553671463 0.39584149082071896 0.5569304154616885 0.6346681680270687 0.10521517292590155 0.3003916440201958 0.24520002971699195 0.554720945776215 0.43738985581488865 0.9820534015515632
0.2519254504060916 0.9643951498836463 0.22142527566655623 0.7385757401075057 0.38325315288506867 0.36125776810151156 0.27383760036887983 0.04749540760840465 0.8073501977696238 0.0 0.24264879051620014 0.8530418614401517 0.06301809843049777 0.47267203545604963 0.9453905116501355 0.6345308128224987 0.7280935516048723 0.020974214906067323 0.8537117503350253 0.7240818580410289 0.4218480306300081
0.8294794958412873 0.5503109792458459 0.7392210494154849 0.7774573505082676 0.47009836957375317 0.6519941143033858 0.7498800902712471 0.1767988892106921 0.6881931665342562 0.24264879051620014 0.0 0.2984033483696794 0.310838716176563 0.16797402863248734 0.7711697939935542 0.211942988668974 0.8645995955199106 0.7510791405526519 0.5864971340195321 0.39768903523448174 0.8250103099878751
0.3825029551538712 0.043057852242674666 0.6068222859049752 0.45339955590415404 0.583566768628801 0.32194159598704986 0.2361526052298818 0.21757953847256106 0.6505982553671463 0.8530418614401517 0.2984033483696794 0.0 0.6510102596935136 0.355359845451483 0.19647101914206178 0.4824146120125694 0.46849972389188066 0.38696845135072944 0.6716113899845592 0.6236595721341752 0.5227086172838172
0.3553436331081127 0.22325913846894174 0.32883207013676186 0.8687945248325142 0.8115301843331079 0.6090444643808868 0.16679679762318367 0.31786138565318744 0.39584149082071896 0.06301809843049777 0.310838716176563 0.6510102596935136 0.0 0.9997273680669441 0.01895127212085157 0.43788993956411526 0.4808345373945635 0.6132746894661456 0.5405594904935958 0.6388963403382109 0.10329790367223912
0.9335193119346334 0.6219024232312156 0.9782731067197945 0.16720233621247416 0.6778942094031868 0.8662327610141994 0.7510997151949214 0.8999027096771866 0.5569304154616885 0.47267203545604963 0.16797402863248734 0.355359845451483 0.9997273680669441 0.0 0.8576281587876471 0.20608150992655072 0.647553322957712 0.12895158068238244 0.8442430419581505 0.7094736788995956 0.9757356429706388
0.8188181711908097 0.7332205698136439 0.5866213248907935 0.388031067930637 0.11811137058836774 0.3087940065236606 0.061889170663172344 0.5468468169103742 0.6346681680270687 0.9453905116501355 0.7711697939935542 0.19647101914206178 0.01895127212085157 0.8576281587876471 0.0 0.09917238213525725 0.5572643898249148 0.8439067580276164 0.5322018705469307 0.22535702209200315 0.9179828782261678
0.7105306377577765 0.40404125815016667 0.8229561172210835 0.36788180967947837 0.5178128046484931 0.28972653634165557 0.44385716912378825 0.21076953757192973 0.10521517292590155 0.6345308128224987 0.211942988668974 0.4824146120125694 0.43788993956411526 0.20608150992655072 0.09917238213525725 0.0 0.9639128584718634 0.43128664230045155 0.24125954040886788 0.4514795970608284 0.2813877419872478
0.9049576961423302 0.24762606536183684 0.991686505654118 0.22838882053985265 0.37473999663724766 0.5294554323442276 0.7039936806512482 0.5342691264246959 0.3003916440201958 0.7280935516048723 0.8645995955199106 0.46849972389188066 0.4808345373945635 0.647553322957712 0.5572643898249148 0.9639128584718634 0.0 0.02684414211269226 0.5497709437368735 0.6416721189522068 0.7508506063198284
0.1276161813508624 0.33545363413200713 0.0711215001185217 0.15620064236479192 0.02422262008414311 0.32151321869632254 0.5760529035279662 0.5996877563214591 0.24520002971699195 0.020974214906067323 0.7510791405526519 0.38696845135072944 0.6132746894661456 0.12895158068238244 0.8439067580276164 0.43128664230045155 0.02684414211269226 0.0 0.31673686270879997 0.8731557248716615 0.9994505289136291
0.8667842143201635 0.7439277296457021 0.19743174198064084 0.17372538030646645 0.3391826988274388 0.342067227610812 0.054342519464952055 0.9940911495406263 0.554720945776215 0.8537117503350253 0.5864971340195321 0.6716113899845592 0.5405594904935958 0.8442430419581505 0.5322018705469307 0.24125954040886788 0.5497709437368735 0.31673686270879997 0.0 0.33940157157053885 0.567265683150703
0.8272464719083101 0.3252254438012723 0.36362521049108476 0.7274549997405767 0.6598247875341597 0.5207655075329691 0.2592106826926831 0.23040961491479472 0.43738985581488865 0.7240818580410289 0.39768903523448174 0.6236595721341752 0.6388963403382109 0.7094736788995956 0.22535702209200315 0.4514795970608284 0.6416721189522068 0.8731557248716615 0.33940157157053885 0.0 0.046424603287886
0.54229366067047 0.7197047069781585 0.8749810864141251 0.14537913156979854 0.04639665432870621 0.1314138463461212 0.6223119546517832 0.4771197642360395 0.9820534015515632 0.4218480306300081 0.8250103099878751 0.5227086172838172 0.10329790367223912 0.9757356429706388 0.9179828782261678 0.2813877419872478 0.7508506063198284 0.9994505289136291 0.567265683150703 0.046424603287886 0.0

# Optimal Walk
0 8 15 14 12 6 11 1 18 3 13 10 7 9 17 16 2 4 19 20 5 0
