# Graph size: 21
# Optimal cost: 2.0374434273141366

# Distance Matrix
0.0 0.8790908745617078 0.9899919971583532 0.12655402504273516 0.8603477248742872 0.6642421244416707 0.6033748003788487 0.6689358686933006 0.1844930201549806 0.5669318650140251 0.32235659494062274 0.39206224399616074 0.21079359794516417 0.7130431496585551 0.5957468367621648 0.48379367201043944 0.16247597864519447 0.08345690025662134 0.5724698722018672 0.6781537632332343 0.5119526957742421
0.8790908745617078 0.0 0.8237354975555359 0.09583512082970258 0.17332395510215115 0.12437746050540588 0.006215115810711325 0.36723446791098424 0.5723748578289112 0.9941044702706323 0.4815003232194741 0.8666992373402527 0.35530950431926633 0.927597919574714 0.019830852138681077 0.782789027469447 0.7200957256066081 0.5820019613215917 0.28751702159994585 0.9005730603134712 0.2407159444103384
0.9899919971583532 0.8237354975555359 0.0 0.8554953918103779 0.3296169946955283 0.6240044545168013 0.6818646693634814 0.7437192666087721 0.13725554717924915 0.5677762126109234 0.4827755251314677 0.4259801683100718 0.5664603260113079 0.9437872466815429 0.8767606945597265 0.525595078081698 0.3451188051606924 0.7886357697654531 0.3483978917752103 0.2006588801618472 0.15563488677587922
0.12655402504273516 0.09583512082970258 0.8554953918103779 0.0 0.9310961064294279 0.14690112014625156 0.9646787267662991 0.8130912992736228 0.4823245277334475 0.8720633290190639 0.910934043781501 0.3722001363840871 0.5465783646132706 0.7282600290699985 0.3200848832883927 0.5910505826468118 0.7965219940570852 0.9023555805447268 0.4674654022444036 0.5556395895377084 0.534732191809446
0.8603477248742872 0.17332395510215115 0.3296169946955283 0.9310961064294279 0.0 0.6629541039772009 0.8146632142289116 0.4263972870667222 0.8718043848582357 0.20128977108152624 0.6693995359545831 0.20639642878965414 0.6915007997690213 0.9381518907206853 0.8283892385483195 0.15066043353446812 0.14466977970051376 0.006592168246763119 0.679773519364574 0.9369625519377197 0.5162053754785377
0.6642421244416707 0.12437746050540588 0.6240044545168013 0.14690112014625156 0.6629541039772009 0.0 0.8867630724444127 0.7348826022406216 7.340751094717657E-4 0.44310503711612526 0.7170877504206233 0.5834993280568221 0.500176846348217 0.6267222423532087 0.635063476476399 0.8224590676084788 0.2224014310612481 0.37860012364510887 0.6113520274557595 0.5943350336704801 0.3673892906778131
0.6033748003788487 0.006215115810711325 0.6818646693634814 0.9646787267662991 0.8146632142289116 0.8867630724444127 0.0 0.5668111475197497 0.6324125830677267 0.9911224278692522 0.5538030774073803 0.7885167795585728 0.7597832071190652 0.7272489470919982 0.5791470858558415 0.884500639098182 0.5482195785837519 0.16690265093406575 0.43650491327486185 0.23271713686062945 0.5402509379989068
0.6689358686933006 0.36723446791098424 0.7437192666087721 0.8130912992736228 0.4263972870667222 0.7348826022406216 0.5668111475197497 0.0 0.002583306186888845 0.841058946408833 0.6104367991404753 0.07131396967657821 0.6249463364098448 0.051822818340157784 0.7983590711795973 0.417478250766557 0.49842324380797975 0.087493821044758 0.515101527103371 0.3968774939488985 0.6627660802390596
0.1844930201549806 0.5723748578289112 0.13725554717924915 0.4823245277334475 0.8718043848582357 7.340751094717657E-4 0.6324125830677267 0.002583306186888845 0.0 0.5300596835322557 0.7167642533204586 0.8963123548303897 0.8175778484243662 0.9857703449420803 0.7738068704812475 0.43609315737376053 0.315054585157976 0.930311394977935 0.5462650189874699 0.8090409048210014 0.7855790754581227
0.5669318650140251 0.9941044702706323 0.5677762126109234 0.8720633290190639 0.20128977108152624 0.44310503711612526 0.9911224278692522 0.841058946408833 0.5300596835322557 0.0 0.1034934938267903 0.9183713665083736 0.033667932814680945 0.05147007413523519 0.8384977588473261 0.9249368196610389 0.3469101464544556 0.44610515030963016 0.7116940046750406 0.20438477979769953 0.7283850169658881
0.32235659494062274 0.4815003232194741 0.4827755251314677 0.910934043781501 0.6693995359545831 0.7170877504206233 0.5538030774073803 0.6104367991404753 0.7167642533204586 0.1034934938267903 0.0 0.6487991057418864 0.6812751184423447 0.14712194845466875 0.49600060998808204 0.6702343180161255 0.4464278005343506 0.7729674307935321 0.8418424706297643 0.6789029984374088 0.10348609239252715
0.39206224399616074 0.8666992373402527 0.4259801683100718 0.3722001363840871 0.20639642878965414 0.5834993280568221 0.7885167795585728 0.07131396967657821 0.8963123548303897 0.9183713665083736 0.6487991057418864 0.0 0.06765098356111943 0.7876173792142172 0.945935707184201 0.30149066392603796 0.2359305669604682 0.9305337298693326 0.30385446191174437 0.006803609983945247 0.08766842542454856
0.21079359794516417 0.35530950431926633 0.5664603260113079 0.5465783646132706 0.6915007997690213 0.500176846348217 0.7597832071190652 0.6249463364098448 0.8175778484243662 0.033667932814680945 0.6812751184423447 0.06765098356111943 0.0 0.5233503583371555 0.16420296197518325 0.6749051653538473 0.563243651210968 0.8864270588220191 0.3196700687731726 0.09722470973863007 0.22596851576236587
0.7130431496585551 0.927597919574714 0.9437872466815429 0.7282600290699985 0.9381518907206853 0.6267222423532087 0.7272489470919982 0.051822818340157784 0.9857703449420803 0.05147007413523519 0.14712194845466875 0.7876173792142172 0.5233503583371555 0.0 0.8849615572281208 0.46823741723470147 0.4418357991865882 0.401715146153811 0.22119945406427888 0.6400454552946906 0.0390709121917342
0.5957468367621648 0.019830852138681077 0.8767606945597265 0.3200848832883927 0.8283892385483195 0.635063476476399 0.5791470858558415 0.7983590711795973 0.7738068704812475 0.8384977588473261 0.49600060998808204 0.945935707184201 0.16420296197518325 0.8849615572281208 0.0 0.5297474240009198 0.5892549589645548 0.48208670151337096 0.2765884617218235 0.20379295923846086 0.3192818254441534
0.48379367201043944 0.782789027469447 0.525595078081698 0.5910505826468118 0.15066043353446812 0.8224590676084788 0.884500639098182 0.417478250766557 0.43609315737376053 0.9249368196610389 0.6702343180161255 0.30149066392603796 0.6749051653538473 0.46823741723470147 0.5297474240009198 0.0 0.6614989813662805 0.5631510725681168 0.32867836294345687 0.9980858634886651 0.4851451779914542
0.16247597864519447 0.7200957256066081 0.3451188051606924 0.7965219940570852 0.14466977970051376 0.2224014310612481 0.5482195785837519 0.49842324380797975 0.315054585157976 0.3469101464544556 0.4464278005343506 0.2359305669604682 0.563243651210968 0.4418357991865882 0.5892549589645548 0.6614989813662805 0.0 0.6963507377884828 0.7953905983863597 0.694871313448641 0.20133058190353326
0.08345690025662134 0.5820019613215917 0.7886357697654531 0.9023555805447268 0.006592168246763119 0.37860012364510887 0.16690265093406575 0.087493821044758 0.930311394977935 0.44610515030963016 0.7729674307935321 0.9305337298693326 0.8864270588220191 0.401715146153811 0.48208670151337096 0.5631510725681168 0.6963507377884828 0.0 0.12674305491900362 0.08621566277227977 0.8436654426548825
0.5724698722018672 0.28751702159994585 0.3483978917752103 0.4674654022444036 0.679773519364574 0.6113520274557595 0.43650491327486185 0.515101527103371 0.5462650189874699 0.7116940046750406 0.8418424706297643 0.30385446191174437 0.3196700687731726 0.22119945406427888 0.2765884617218235 0.32867836294345687 0.7953905983863597 0.12674305491900362 0.0 0.3489225476386799 0.5493291381460201
0.6781537632332343 0.9005730603134712 0.2006588801618472 0.5556395895377084 0.9369625519377197 0.5943350336704801 0.23271713686062945 0.3968774939488985 0.8090409048210014 0.20438477979769953 0.6789029984374088 0.006803609983945247 0.09722470973863007 0.6400454552946906 0.20379295923846086 0.9980858634886651 0.694871313448641 0.08621566277227977 0.3489225476386799 0.0 0.26164571727423713
0.5119526957742421 0.2407159444103384 0.15563488677587922 0.534732191809446 0.5162053754785377 0.3673892906778131 0.5402509379989068 0.6627660802390596 0.7855790754581227 0.7283850169658881 0.10348609239252715 0.08766842542454856 0.22596851576236587 0.0390709121917342 0.3192818254441534 0.4851451779914542 0.20133058190353326 0.8436654426548825 0.5493291381460201 0.26164571727423713 0.0

# Optimal Walk
0 3 14 6 1 5 8 2 7 13 20 10 9 12 11 19 18 17 15 4 16 0
