# Graph size: 21
# Optimal cost: 1.6610457356303219

# Distance Matrix
0.0 0.8704227719741838 0.39268150851978734 0.5601386196737971 0.7880271583900981 0.2024607062196292 0.584307704685536 0.9832423543406726 0.5917866734488147 0.41967479595977053 0.5271254136530596 0.07067702568375445 0.36480927383891704 0.10930265599931444 0.05681011314055984 0.08836687817151989 0.7783430726062627 0.09121919112813315 0.6806080885528906 0.8408776826080225 0.27041834269887055
0.8704227719741838 0.0 0.8060760263365284 0.6566466885521826 0.22125800942146534 0.06013304829189148 0.5739101026439383 0.8733785962650972 0.11720441406652538 0.7659203633882256 0.46470707140480005 0.5882722028719545 0.20849391743872092 0.24989914346087738 0.6796313194286572 0.09364983569427632 0.6134769771660002 0.20982189465382928 0.2801117766403586 0.4176146682757298 0.0465277085799638
0.39268150851978734 0.8060760263365284 0.0 0.4707995396036374 0.8216984896071585 0.2392956551393729 0.13369772317637985 0.8908957803948722 0.9505817467642602 0.3001798750640594 0.8004233560557226 0.28784820858262816 0.302892629125452 0.7270894638610713 0.19298601022503103 0.8185873771164043 0.11037932632233238 0.8474006689224178 0.42452787481155907 0.7988887995793429 0.7607812166714604
0.5601386196737971 0.6566466885521826 0.4707995396036374 0.0 0.27339062037738837 0.5467768893147615 0.037407574816175404 0.18719862771706508 0.26013701713228743 0.5402354674014739 0.376508397355532 0.36798302274437333 0.6001848352056491 0.7884402012665988 0.2817189356359806 0.40714853448326593 0.6082332299737989 0.4560005179246658 0.00229751527537414 0.6350332416759434 0.07038479969199918
0.7880271583900981 0.22125800942146534 0.8216984896071585 0.27339062037738837 0.0 0.4254762110124777 0.03732108461889083 0.9199137810869037 0.3850386029777898 0.964755167432656 0.38486257105133437 0.9135048434812805 0.5062972860972162 0.09444429681845479 0.32624174395877503 0.26675064638553103 0.7157976152999791 0.703888042404103 0.30299693298895447 0.9470425280779868 0.6951630870421658
0.2024607062196292 0.06013304829189148 0.2392956551393729 0.5467768893147615 0.4254762110124777 0.0 0.8247806942037146 0.7811395227317515 0.6639733247768124 0.8488160616338305 0.11294011556347616 0.8654170454636311 0.06796554892848072 0.33567592772295507 0.5116617450807583 0.8257247417372664 0.8245872514032239 0.8083092901877053 0.27417429299265905 0.6284696245470807 0.8870956321821569
0.584307704685536 0.5739101026439383 0.13369772317637985 0.037407574816175404 0.03732108461889083 0.8247806942037146 0.0 0.42938654763577655 0.00806868913494696 0.02760475561572473 0.290725646605128 0.3378388719888117 0.17117471426222874 0.763216395263643 0.5744662956251331 0.37089842049762256 0.49621050012285073 0.9399595675826331 0.4995455634408721 0.5132437324785224 0.1506319497495492
0.9832423543406726 0.8733785962650972 0.8908957803948722 0.18719862771706508 0.9199137810869037 0.7811395227317515 0.42938654763577655 0.0 0.7133025029551546 0.0785695923485572 0.2407611228383465 0.04846072215119113 0.9984544597165003 0.055239710916690776 0.6539724208388537 0.6224707300709399 0.03501472005725381 0.8817969634228341 0.054967797598511 0.5379649650780205 0.28979569491077684
0.5917866734488147 0.11720441406652538 0.9505817467642602 0.26013701713228743 0.3850386029777898 0.6639733247768124 0.00806868913494696 0.7133025029551546 0.0 0.9298200610735828 0.4117223021455183 0.28347599691428227 0.36093612465823455 0.1397299339161031 0.9749627753625616 0.30907470862411945 0.25833538012772694 0.5653298776523898 0.16529214662167058 0.3995738729464242 0.6786029325590545
0.41967479595977053 0.7659203633882256 0.3001798750640594 0.5402354674014739 0.964755167432656 0.8488160616338305 0.02760475561572473 0.0785695923485572 0.9298200610735828 0.0 0.3019373588960659 0.7320657474077044 0.26776436490890243 0.6671320462534158 0.10014012233018221 0.10055454928826657 0.9319236008520664 0.3655701815573562 0.5619351251168516 0.7702187245613773 0.3021872415482294
0.5271254136530596 0.46470707140480005 0.8004233560557226 0.376508397355532 0.38486257105133437 0.11294011556347616 0.290725646605128 0.2407611228383465 0.4117223021455183 0.3019373588960659 0.0 0.3798729373341576 0.191986600577701 0.6044539017765174 0.541976773507007 0.6722923743572008 0.733964739358536 0.8609619301785354 0.1935271240604164 0.7800645272407024 0.16040412350592337
0.07067702568375445 0.5882722028719545 0.28784820858262816 0.36798302274437333 0.9135048434812805 0.8654170454636311 0.3378388719888117 0.04846072215119113 0.28347599691428227 0.7320657474077044 0.3798729373341576 0.0 0.8519367444791314 0.7606601512115908 0.5942252349349899 0.4042470891006108 0.19454501769383237 0.4273012761800348 0.8938971000783175 0.421213772080019 0.714720481576143
0.36480927383891704 0.20849391743872092 0.302892629125452 0.6001848352056491 0.5062972860972162 0.06796554892848072 0.17117471426222874 0.9984544597165003 0.36093612465823455 0.26776436490890243 0.191986600577701 0.8519367444791314 0.0 0.8568381570192374 0.32455487102779057 0.4543674265174116 0.20107973870817586 0.565271658782179 0.5331901284558765 0.43571977103676585 0.37080651970222345
0.10930265599931444 0.24989914346087738 0.7270894638610713 0.7884402012665988 0.09444429681845479 0.33567592772295507 0.763216395263643 0.055239710916690776 0.1397299339161031 0.6671320462534158 0.6044539017765174 0.7606601512115908 0.8568381570192374 0.0 0.19021156215273427 0.7289607732460192 0.3044480775436361 0.605640355207192 0.08811999465343956 0.024824352987339093 0.6472719918284644
0.05681011314055984 0.6796313194286572 0.19298601022503103 0.2817189356359806 0.32624174395877503 0.5116617450807583 0.5744662956251331 0.6539724208388537 0.9749627753625616 0.10014012233018221 0.541976773507007 0.5942252349349899 0.32455487102779057 0.19021156215273427 0.0 0.24364459510223258 0.08380826627865512 0.5338186678052185 0.47376487484389773 0.4712181528390741 0.8690434276581952
0.08836687817151989 0.09364983569427632 0.8185873771164043 0.40714853448326593 0.26675064638553103 0.8257247417372664 0.37089842049762256 0.6224707300709399 0.30907470862411945 0.10055454928826657 0.6722923743572008 0.4042470891006108 0.4543674265174116 0.7289607732460192 0.24364459510223258 0.0 0.3430669916649275 0.12785053977535554 0.1498539104576525 0.5012228559959396 0.16924949691669244
0.7783430726062627 0.6134769771660002 0.11037932632233238 0.6082332299737989 0.7157976152999791 0.8245872514032239 0.49621050012285073 0.03501472005725381 0.25833538012772694 0.9319236008520664 0.733964739358536 0.19454501769383237 0.20107973870817586 0.3044480775436361 0.08380826627865512 0.3430669916649275 0.0 0.3064637791815429 0.23343607317787074 0.6884268729230393 0.7111961836430611
0.09121919112813315 0.20982189465382928 0.8474006689224178 0.4560005179246658 0.703888042404103 0.8083092901877053 0.9399595675826331 0.8817969634228341 0.5653298776523898 0.3655701815573562 0.8609619301785354 0.4273012761800348 0.565271658782179 0.605640355207192 0.5338186678052185 0.12785053977535554 0.3064637791815429 0.0 0.9073283627931962 0.7844079132858887 0.06376063024216072
0.6806080885528906 0.2801117766403586 0.42452787481155907 0.00229751527537414 0.30299693298895447 0.27417429299265905 0.4995455634408721 0.054967797598511 0.16529214662167058 0.5619351251168516 0.1935271240604164 0.8938971000783175 0.5331901284558765 0.08811999465343956 0.47376487484389773 0.1498539104576525 0.23343607317787074 0.9073283627931962 0.0 0.4584209983171459 0.9600338444828702
0.8408776826080225 0.4176146682757298 0.7988887995793429 0.6350332416759434 0.9470425280779868 0.6284696245470807 0.5132437324785224 0.5379649650780205 0.3995738729464242 0.7702187245613773 0.7800645272407024 0.421213772080019 0.43571977103676585 0.024824352987339093 0.4712181528390741 0.5012228559959396 0.6884268729230393 0.7844079132858887 0.4584209983171459 0.0 0.9809299634607183
0.27041834269887055 0.0465277085799638 0.7607812166714604 0.07038479969199918 0.6951630870421658 0.8870956321821569 0.1506319497495492 0.28979569491077684 0.6786029325590545 0.3021872415482294 0.16040412350592337 0.714720481576143 0.37080651970222345 0.6472719918284644 0.8690434276581952 0.16924949691669244 0.7111961836430611 0.06376063024216072 0.9600338444828702 0.9809299634607183 0.0

# Optimal Walk
0 11 7 19 13 18 3 10 12 5 1 20 17 15 9 8 6 4 2 16 14 0
