# Graph size: 21
# Optimal cost: 1.08123363566219

# Distance Matrix
0.0 0.2691576603274024 0.7336704552302833 0.795530607843736 0.8678157951602264 0.21027261940720554 0.011796935225349303 0.17634014995960534 0.8383506759878324 0.24695988202294972 0.6648214036159446 0.6234102324090102 0.04060448672215633 0.15060009729269586 0.15807786143302172 0.7529027771632765 0.13670327176136 0.209971691386576 0.4530343213460156 0.6186192384967136 0.3225457871166675
0.2691576603274024 0.0 0.802004802831944 0.7537834976189817 0.2967051442832548 0.2532418526949186 0.8727076193866443 0.8631456954282415 0.08757380047093288 0.8571092252667857 0.42619593298690606 0.13425455154280352 0.679561866828692 0.1652124504919955 0.43323377858158363 0.4185351879718514 0.6979311955883101 0.08909139841620473 0.665418733193491 0.857272972718157 0.42318345004505276
0.7336704552302833 0.802004802831944 0.0 0.4162414613028228 0.8371228780394355 0.8415105101259718 0.10425448647034807 0.16107084615087253 0.09452617152851295 0.973799738901317 0.21500831314180646 0.8084753513580698 0.32955638230337825 0.4053743387523948 0.20655085163754705 0.9178340653507809 0.01627549603493561 0.49359767425362233 0.7932363371330198 0.017144528328251862 0.2682297666710455
0.795530607843736 0.7537834976189817 0.4162414613028228 0.0 0.32707973520565903 0.576839595535606 0.7101789140346907 0.597506381844508 0.2996459466779987 0.8612203793656608 0.44395787410339005 0.4197173165190622 0.5793801418884966 0.8389061116277925 0.43950178989626476 0.6938563800843797 0.01525212069457027 0.9413719929194607 0.8757340658837206 0.21195269861209498 0.7513803041968966
0.8678157951602264 0.2967051442832548 0.8371228780394355 0.32707973520565903 0.0 0.03639841857958015 0.5345746303286658 0.9606705167678297 0.5777683761025746 0.3287374884793398 0.764675980110314 0.6654812976424234 0.8363941860722559 0.2744218651068222 0.8019183209017668 0.09776082071092318 0.5228179401569577 0.5544006588206271 0.1966943880827875 0.976141045128231 0.07601639813822325
0.21027261940720554 0.2532418526949186 0.8415105101259718 0.576839595535606 0.03639841857958015 0.0 0.16978891408620667 0.3411782387140645 0.32567217418980987 0.23293796352725293 0.018868489772598473 0.8641871856389078 0.9718276072567509 0.23931333329957727 0.8950798324672566 0.9669087932549276 0.44111088377867114 0.6545452379444106 0.7055959170302413 0.6096805967112656 0.9160001149080816
0.011796935225349303 0.8727076193866443 0.10425448647034807 0.7101789140346907 0.5345746303286658 0.16978891408620667 0.0 0.9660398209755857 0.8516706387910783 0.8281726539463666 0.04919201490574088 0.23713087404447042 0.1348061538454447 0.35673822805736954 0.38058427847186616 0.0527883516619585 0.2568846936486655 0.16736138543892387 0.8201618056110203 0.09859016595139258 0.9677624329006876
0.17634014995960534 0.8631456954282415 0.16107084615087253 0.597506381844508 0.9606705167678297 0.3411782387140645 0.9660398209755857 0.0 0.49454458634169574 0.16092825857936444 0.8109764520258408 0.18042394960783448 0.40964335119422624 0.8682515383192377 0.6705941410875483 0.9216479630679061 0.0325690913282316 0.4554683365287898 0.8755786289286082 0.8152363427991471 0.024445390361962582
0.8383506759878324 0.08757380047093288 0.09452617152851295 0.2996459466779987 0.5777683761025746 0.32567217418980987 0.8516706387910783 0.49454458634169574 0.0 0.600318849835549 0.327908656675736 0.9052097580910963 0.09171695049289219 0.7827602249130154 0.0935093492000032 0.017975394843960824 0.8503744935622749 0.6319330446420423 0.7555676382787737 0.5353230857412703 0.5483731299800221
0.24695988202294972 0.8571092252667857 0.973799738901317 0.8612203793656608 0.3287374884793398 0.23293796352725293 0.8281726539463666 0.16092825857936444 0.600318849835549 0.0 0.3585322501142373 0.3705630786776013 0.4042084253585745 0.8249855131947496 0.618560369350801 0.057806508105047394 0.4446324850549659 0.8977454519362349 0.9054169400786948 0.6058176610706312 0.5335294809705139
0.6648214036159446 0.42619593298690606 0.21500831314180646 0.44395787410339005 0.764675980110314 0.018868489772598473 0.04919201490574088 0.8109764520258408 0.327908656675736 0.3585322501142373 0.0 0.31080140955648017 0.09950577613868894 0.8626621823592288 0.040425630818347824 0.6529135821370275 0.11801683925410322 0.09240744014174995 0.9697332693222172 0.4589922844572233 0.7022671702725096
0.6234102324090102 0.13425455154280352 0.8084753513580698 0.4197173165190622 0.6654812976424234 0.8641871856389078 0.23713087404447042 0.18042394960783448 0.9052097580910963 0.3705630786776013 0.31080140955648017 0.0 0.9261457077182829 0.6248965964051313 0.845989483454001 0.255961329972058 0.013572100291990075 0.2512065392742877 0.30211912991941503 0.3049585279886754 0.9898940428718519
0.04060448672215633 0.679561866828692 0.32955638230337825 0.5793801418884966 0.8363941860722559 0.9718276072567509 0.1348061538454447 0.40964335119422624 0.09171695049289219 0.4042084253585745 0.09950577613868894 0.9261457077182829 0.0 0.03695416083101488 0.44779624063916 0.5876101703993569 0.912887770603513 0.056692815803968566 0.517348953433002 0.0044581555075213775 0.8962069434484246
0.15060009729269586 0.1652124504919955 0.4053743387523948 0.8389061116277925 0.2744218651068222 0.23931333329957727 0.35673822805736954 0.8682515383192377 0.7827602249130154 0.8249855131947496 0.8626621823592288 0.6248965964051313 0.03695416083101488 0.0 0.22573213581594598 0.7724710033374754 0.6570604910875968 0.26758649408525537 0.10158698296506663 0.05154730421040188 0.9879382444783978
0.15807786143302172 0.43323377858158363 0.20655085163754705 0.43950178989626476 0.8019183209017668 0.8950798324672566 0.38058427847186616 0.6705941410875483 0.0935093492000032 0.618560369350801 0.040425630818347824 0.845989483454001 0.44779624063916 0.22573213581594598 0.0 0.21437550842044095 0.41595738106864955 0.183398483417603 0.5971130123990547 0.5438701526906856 0.5499160033845932
0.7529027771632765 0.4185351879718514 0.9178340653507809 0.6938563800843797 0.09776082071092318 0.9669087932549276 0.0527883516619585 0.9216479630679061 0.017975394843960824 0.057806508105047394 0.6529135821370275 0.255961329972058 0.5876101703993569 0.7724710033374754 0.21437550842044095 0.0 0.0496544372284522 0.6554320765920658 0.8822083537603256 0.7753320738028097 0.6668814911394242
0.13670327176136 0.6979311955883101 0.01627549603493561 0.01525212069457027 0.5228179401569577 0.44111088377867114 0.2568846936486655 0.0325690913282316 0.8503744935622749 0.4446324850549659 0.11801683925410322 0.013572100291990075 0.912887770603513 0.6570604910875968 0.41595738106864955 0.0496544372284522 0.0 0.9608541577829857 0.3631256427567541 0.9771616939676425 0.7777514151741475
0.209971691386576 0.08909139841620473 0.49359767425362233 0.9413719929194607 0.5544006588206271 0.6545452379444106 0.16736138543892387 0.4554683365287898 0.6319330446420423 0.8977454519362349 0.09240744014174995 0.2512065392742877 0.056692815803968566 0.26758649408525537 0.183398483417603 0.6554320765920658 0.9608541577829857 0.0 0.59109505500827 0.6166619043853707 0.7440862806789443
0.4530343213460156 0.665418733193491 0.7932363371330198 0.8757340658837206 0.1966943880827875 0.7055959170302413 0.8201618056110203 0.8755786289286082 0.7555676382787737 0.9054169400786948 0.9697332693222172 0.30211912991941503 0.517348953433002 0.10158698296506663 0.5971130123990547 0.8822083537603256 0.3631256427567541 0.59109505500827 0.0 0.08995431294894907 0.7945101455553121
0.6186192384967136 0.857272972718157 0.017144528328251862 0.21195269861209498 0.976141045128231 0.6096805967112656 0.09859016595139258 0.8152363427991471 0.5353230857412703 0.6058176610706312 0.4589922844572233 0.3049585279886754 0.0044581555075213775 0.05154730421040188 0.5438701526906856 0.7753320738028097 0.9771616939676425 0.6166619043853707 0.08995431294894907 0.0 0.6579466985292567
0.3225457871166675 0.42318345004505276 0.2682297666710455 0.7513803041968966 0.07601639813822325 0.9160001149080816 0.9677624329006876 0.024445390361962582 0.5483731299800221 0.5335294809705139 0.7022671702725096 0.9898940428718519 0.8962069434484246 0.9879382444783978 0.5499160033845932 0.6668814911394242 0.7777514151741475 0.7440862806789443 0.7945101455553121 0.6579466985292567 0.0

# Optimal Walk
0 14 10 5 4 20 7 16 11 3 2 19 18 13 12 17 1 8 9 15 6 0
