# MCW Instance
# Type: UNIFORM
# N: 21
# Optimal cost: 1.3028850011347806
# Optimal tour (permutation): [0, 13, 17, 18, 14, 3, 12, 10, 4, 16, 1, 20, 6, 2, 5, 9, 7, 19, 15, 11, 8, 0]
# Optimal walk (full path): [0, 13, 17, 18, 14, 3, 12, 10, 12, 11, 4, 16, 1, 20, 6, 2, 5, 7, 9, 7, 15, 19, 15, 11, 8, 0]
# Walk size: 26
# Is walk (has repeats): true

# Distance Matrix
0.0000000000 0.9729062002 0.2387959986 0.8671191318 0.7614367771 0.6797039543 0.4738238721 0.9284664722 0.0580936399 0.3151746308 0.8759208805 0.5791726502 0.9808560359 0.1164553428 0.6760258244 0.3357453169 0.2782176940 0.8712517334 0.5321787548 0.9610022970 0.3710696994
0.9729062002 0.0000000000 0.1715307999 0.3085865658 0.8614988846 0.1840890368 0.2513822455 0.6635657062 0.1421370027 0.3664637114 0.4068814793 0.6719782105 0.5858087292 0.7296215504 0.7311391501 0.4196917464 0.0769038402 0.5821693242 0.9143235353 0.7507582120 0.0197370699
0.2387959986 0.1715307999 0.0000000000 0.5260372730 0.1562937546 0.1224194665 0.1164275665 0.1928634278 0.8185833069 0.8287130274 0.4634897219 0.3459415482 0.3028249053 0.6903644064 0.3023708382 0.7505947987 0.7843095651 0.6768168677 0.9163978045 0.2246271026 0.8522235303
0.8671191318 0.3085865658 0.5260372730 0.0000000000 0.8256637067 0.1050715569 0.3205425897 0.8122095039 0.2554116608 0.3863745554 0.1625132338 0.3922489090 0.0294188781 0.5787332223 0.0636130120 0.8594644057 0.1220142666 0.6965035274 0.6826267717 0.1032929159 0.7622192734
0.7614367771 0.8614988846 0.1562937546 0.8256637067 0.0000000000 0.1563249933 0.6447807797 0.0695813260 0.9861576708 0.1364143407 0.7470305389 0.0405082682 0.3161522406 0.5568472384 0.0960814371 0.6468371655 0.1026718790 0.5561023164 0.7861059673 0.1718573332 0.2147065045
0.6797039543 0.1840890368 0.1224194665 0.1050715569 0.1563249933 0.0000000000 0.5276192545 0.0131607605 0.6604711578 0.4448111260 0.7498481601 0.8445958867 0.5822374710 0.2069747173 0.3942450609 0.2142874367 0.3137822205 0.8486334402 0.2278940724 0.0983139114 0.5038394620
0.4738238721 0.2513822455 0.1164275665 0.3205425897 0.6447807797 0.5276192545 0.0000000000 0.1725617043 0.6409138364 0.2407356921 0.4632873089 0.5700390385 0.7235323856 0.2454264183 0.0828947941 0.5036043668 0.9936908084 0.3274434004 0.4230971107 0.9458734940 0.0332630556
0.9284664722 0.6635657062 0.1928634278 0.8122095039 0.0695813260 0.0131607605 0.1725617043 0.0000000000 0.5262138180 0.0429687667 0.7803098358 0.7294554399 0.7228526449 0.3396651521 0.1005022038 0.0376762914 0.3752166440 0.6549548687 0.8064178012 0.1831425343 0.4868384510
0.0580936399 0.1421370027 0.8185833069 0.2554116608 0.9861576708 0.6604711578 0.6409138364 0.5262138180 0.0000000000 0.6720668106 0.8892623007 0.0007165102 0.9596735997 0.6739273037 0.3209934684 0.6759431428 0.1456322996 0.5629643279 0.5201981713 0.4949839094 0.1081570961
0.3151746308 0.3664637114 0.8287130274 0.3863745554 0.1364143407 0.4448111260 0.2407356921 0.0429687667 0.6720668106 0.0000000000 0.1530075750 0.9529573426 0.3371207977 0.8326463538 0.1354140856 0.5454870285 0.5507297741 0.3833127729 0.2944015788 0.2347580325 0.5421000807
0.8759208805 0.4068814793 0.4634897219 0.1625132338 0.7470305389 0.7498481601 0.4632873089 0.7803098358 0.8892623007 0.1530075750 0.0000000000 0.7941049717 0.0006724254 0.1639605314 0.8762020894 0.3026094955 0.7477632141 0.7415943700 0.9394831949 0.3883895187 0.5121562530
0.5791726502 0.6719782105 0.3459415482 0.3922489090 0.0405082682 0.8445958867 0.5700390385 0.7294554399 0.0007165102 0.9529573426 0.7941049717 0.0000000000 0.0261290707 0.2469973289 0.9610055982 0.0160409824 0.6725931796 0.2896510919 0.9580028232 0.5507147145 0.9831144517
0.9808560359 0.5858087292 0.3028249053 0.0294188781 0.3161522406 0.5822374710 0.7235323856 0.7228526449 0.9596735997 0.3371207977 0.0006724254 0.0261290707 0.0000000000 0.4120749063 0.5594380387 0.8789638141 0.4403487921 0.5876053372 0.2030594737 0.8763680736 0.4708977953
0.1164553428 0.7296215504 0.6903644064 0.5787332223 0.5568472384 0.2069747173 0.2454264183 0.3396651521 0.6739273037 0.8326463538 0.1639605314 0.2469973289 0.4120749063 0.0000000000 0.1140904391 0.5930405379 0.9943221411 0.0852305997 0.1927068574 0.9352083395 0.3316702348
0.6760258244 0.7311391501 0.3023708382 0.0636130120 0.0960814371 0.3942450609 0.0828947941 0.1005022038 0.3209934684 0.1354140856 0.8762020894 0.9610055982 0.5594380387 0.1140904391 0.0000000000 0.4712884103 0.0717041678 0.7029968870 0.0872008334 0.5808650086 0.9379680268
0.3357453169 0.4196917464 0.7505947987 0.8594644057 0.6468371655 0.2142874367 0.5036043668 0.0376762914 0.6759431428 0.5454870285 0.3026094955 0.0160409824 0.8789638141 0.5930405379 0.4712884103 0.0000000000 0.3408934006 0.4318509286 0.2410202866 0.0215207171 0.4459359051
0.2782176940 0.0769038402 0.7843095651 0.1220142666 0.1026718790 0.3137822205 0.9936908084 0.3752166440 0.1456322996 0.5507297741 0.7477632141 0.6725931796 0.4403487921 0.9943221411 0.0717041678 0.3408934006 0.0000000000 0.3873197724 0.3471978982 0.4415541090 0.1328591120
0.8712517334 0.5821693242 0.6768168677 0.6965035274 0.5561023164 0.8486334402 0.3274434004 0.6549548687 0.5629643279 0.3833127729 0.7415943700 0.2896510919 0.5876053372 0.0852305997 0.7029968870 0.4318509286 0.3873197724 0.0000000000 0.1268941155 0.2503821936 0.1673163582
0.5321787548 0.9143235353 0.9163978045 0.6826267717 0.7861059673 0.2278940724 0.4230971107 0.8064178012 0.5201981713 0.2944015788 0.9394831949 0.9580028232 0.2030594737 0.1927068574 0.0872008334 0.2410202866 0.3471978982 0.1268941155 0.0000000000 0.4847740135 0.2246389391
0.9610022970 0.7507582120 0.2246271026 0.1032929159 0.1718573332 0.0983139114 0.9458734940 0.1831425343 0.4949839094 0.2347580325 0.3883895187 0.5507147145 0.8763680736 0.9352083395 0.5808650086 0.0215207171 0.4415541090 0.2503821936 0.4847740135 0.0000000000 0.5375439074
0.3710696994 0.0197370699 0.8522235303 0.7622192734 0.2147065045 0.5038394620 0.0332630556 0.4868384510 0.1081570961 0.5421000807 0.5121562530 0.9831144517 0.4708977953 0.3316702348 0.9379680268 0.4459359051 0.1328591120 0.1673163582 0.2246389391 0.5375439074 0.0000000000
