# Graph size: 21
# Optimal cost: 1.86420852911669

# Distance Matrix
0.0 0.7293108377973729 0.1533373678084179 0.37228512168422667 0.14745555855440473 0.5165812624835789 0.2496457320901183 0.11403603413146601 0.15754721371830271 0.6462619400875956 0.3512515084242612 0.4229855669400584 0.9518485218055036 0.2544482385790141 0.5504268562298089 0.2271292217115426 0.9847066066462717 0.2643250980041181 0.8515532124025027 0.6533064719954413 0.5417628868810208
0.7293108377973729 0.0 0.7698491144716054 0.37126409867766375 0.595503167276518 0.9534097391648093 0.08524872978602405 0.9441294716545323 0.05103822828733329 0.21978529994622154 0.543625247021498 0.08166593284709345 0.07012406973953667 0.27682901128225956 0.7226634530346211 0.1787460690358662 0.024641902226227086 0.9698349172593868 0.15143758601968638 0.8390199717221191 0.04357437325300417
0.1533373678084179 0.7698491144716054 0.0 0.16910322323272386 0.709524809200202 0.19974999582838016 0.885389951188268 0.3617053264331681 0.8681148068720672 0.17649980213838679 0.22177458997128607 0.4840409697354562 0.6425309489925334 0.6194072878610213 0.29245825031306205 0.7217808639239952 0.6265547216708477 0.4753101865953818 0.15748487262032862 0.4969514450332727 0.7611718512437189
0.37228512168422667 0.37126409867766375 0.16910322323272386 0.0 0.18378224231569917 0.32112636492030866 0.8863334221127215 0.5538352077684789 0.7001769019829932 0.3307427445587502 0.2710088507933559 0.3090659064193175 0.7350643982228607 0.06424169578149208 0.10380623049517046 0.5571907178806369 0.02698745852854867 0.8113930113100594 0.299556945405827 0.27524054906507456 0.7242495481672565
0.14745555855440473 0.595503167276518 0.709524809200202 0.18378224231569917 0.0 0.9271042755975708 0.9024904435754505 0.682510961010706 0.24148899069921226 0.7888662687011329 0.3657595169815303 0.3630129119461768 0.2780810375485321 0.025927970578768833 0.9900012956521829 0.21801761705661327 0.037949436705993156 0.504362128444152 0.8110035197500839 0.28412679128561824 0.07415750715844138
0.5165812624835789 0.9534097391648093 0.19974999582838016 0.32112636492030866 0.9271042755975708 0.0 0.3500348729279906 0.5009596625410881 0.7657755924360825 0.5966884846087742 0.37059349434074806 0.6534607679183456 0.7258022609370365 0.5281134024745439 0.5979386008710597 0.15928552965375875 0.753695119175409 0.06938420050293259 0.3142482558147144 0.2482146659200294 0.5883541280410587
0.2496457320901183 0.08524872978602405 0.885389951188268 0.8863334221127215 0.9024904435754505 0.3500348729279906 0.0 0.046778502289728574 0.8474732249800767 0.17150946724638172 0.11068061620195802 0.8510619732491526 0.6263243072689394 0.4303581149857817 0.34103548604413036 0.35122272302220103 0.4701236640929686 0.9175084855983685 0.07758290585813366 0.7676717433810676 0.8554944909409198
0.11403603413146601 0.9441294716545323 0.3617053264331681 0.5538352077684789 0.682510961010706 0.5009596625410881 0.046778502289728574 0.0 0.3324687247871623 0.5937625501782862 0.12359230976424618 0.9497140982121687 0.7550723932864002 0.3766108608392096 0.5581598749808507 0.5296575580170211 0.3178679096680964 0.2323772324465111 0.4816440056905299 0.5156105471593068 0.5047069493574562
0.15754721371830271 0.05103822828733329 0.8681148068720672 0.7001769019829932 0.24148899069921226 0.7657755924360825 0.8474732249800767 0.3324687247871623 0.0 0.21185884360477147 0.27994191382887046 0.7408313657002346 0.7210698119527273 0.7151033953429917 0.034883005410445866 0.7505938419938801 0.4310802529413006 0.8236060060155841 0.5166824490565011 0.8785446210584358 0.33682644557872177
0.6462619400875956 0.21978529994622154 0.17649980213838679 0.3307427445587502 0.7888662687011329 0.5966884846087742 0.17150946724638172 0.5937625501782862 0.21185884360477147 0.0 0.3778533233092932 0.526211231731209 0.5835591901268514 0.7875181917194186 0.5690438484985324 0.5172884631692363 0.04688350110660244 0.8491753080187592 0.846040552321437 0.3129921810004558 0.32719876230281963
0.3512515084242612 0.543625247021498 0.22177458997128607 0.2710088507933559 0.3657595169815303 0.37059349434074806 0.11068061620195802 0.12359230976424618 0.27994191382887046 0.3778533233092932 0.0 0.23995566846235694 0.7520883523606113 0.6450220821953889 0.950349154476192 0.6418956078701015 0.9005551719258209 0.19143846671311993 0.670823375721838 0.7367495537123316 0.6749326300691968
0.4229855669400584 0.08166593284709345 0.4840409697354562 0.3090659064193175 0.3630129119461768 0.6534607679183456 0.8510619732491526 0.9497140982121687 0.7408313657002346 0.526211231731209 0.23995566846235694 0.0 0.7656394759059775 0.2836826301919736 0.6817795274383256 0.39555806049392317 0.31822838850773083 0.7884795450123362 0.6407596889422866 0.6339968318026672 0.4534616932012092
0.9518485218055036 0.07012406973953667 0.6425309489925334 0.7350643982228607 0.2780810375485321 0.7258022609370365 0.6263243072689394 0.7550723932864002 0.7210698119527273 0.5835591901268514 0.7520883523606113 0.7656394759059775 0.0 0.9108132314589361 0.41612457083756704 0.07575027977243975 0.2332576487863216 0.9725183553058282 0.19010426824787552 0.8329309476148022 0.14428393674000284
0.2544482385790141 0.27682901128225956 0.6194072878610213 0.06424169578149208 0.025927970578768833 0.5281134024745439 0.4303581149857817 0.3766108608392096 0.7151033953429917 0.7875181917194186 0.6450220821953889 0.2836826301919736 0.9108132314589361 0.0 0.368086728220856 0.8758534988897462 0.3907736797168643 0.23743276014993397 0.4527720491452535 0.6039957813425182 0.4353273701768988
0.5504268562298089 0.7226634530346211 0.29245825031306205 0.10380623049517046 0.9900012956521829 0.5979386008710597 0.34103548604413036 0.5581598749808507 0.034883005410445866 0.5690438484985324 0.950349154476192 0.6817795274383256 0.41612457083756704 0.368086728220856 0.0 0.614029531294538 0.4769295977565001 0.42566781938873577 0.6543991855543209 0.6294120945205495 0.3114948336316973
0.2271292217115426 0.1787460690358662 0.7217808639239952 0.5571907178806369 0.21801761705661327 0.15928552965375875 0.35122272302220103 0.5296575580170211 0.7505938419938801 0.5172884631692363 0.6418956078701015 0.39555806049392317 0.07575027977243975 0.8758534988897462 0.614029531294538 0.0 0.40006362984516985 0.22979898410090227 0.41205460561853424 0.10110548120588969 0.8526412669567182
0.9847066066462717 0.024641902226227086 0.6265547216708477 0.02698745852854867 0.037949436705993156 0.753695119175409 0.4701236640929686 0.3178679096680964 0.4310802529413006 0.04688350110660244 0.9005551719258209 0.31822838850773083 0.2332576487863216 0.3907736797168643 0.4769295977565001 0.40006362984516985 0.0 0.1461589298223651 0.5552009308769217 0.6542242540267552 0.7395700392152066
0.2643250980041181 0.9698349172593868 0.4753101865953818 0.8113930113100594 0.504362128444152 0.06938420050293259 0.9175084855983685 0.2323772324465111 0.8236060060155841 0.8491753080187592 0.19143846671311993 0.7884795450123362 0.9725183553058282 0.23743276014993397 0.42566781938873577 0.22979898410090227 0.1461589298223651 0.0 0.6300793264325258 0.1280101371920206 0.33372025626059787
0.8515532124025027 0.15143758601968638 0.15748487262032862 0.299556945405827 0.8110035197500839 0.3142482558147144 0.07758290585813366 0.4816440056905299 0.5166824490565011 0.846040552321437 0.670823375721838 0.6407596889422866 0.19010426824787552 0.4527720491452535 0.6543991855543209 0.41205460561853424 0.5552009308769217 0.6300793264325258 0.0 0.7346594571255275 0.003078455460406637
0.6533064719954413 0.8390199717221191 0.4969514450332727 0.27524054906507456 0.28412679128561824 0.2482146659200294 0.7676717433810676 0.5156105471593068 0.8785446210584358 0.3129921810004558 0.7367495537123316 0.6339968318026672 0.8329309476148022 0.6039957813425182 0.6294120945205495 0.10110548120588969 0.6542242540267552 0.1280101371920206 0.7346594571255275 0.0 0.4745068026524274
0.5417628868810208 0.04357437325300417 0.7611718512437189 0.7242495481672565 0.07415750715844138 0.5883541280410587 0.8554944909409198 0.5047069493574562 0.33682644557872177 0.32719876230281963 0.6749326300691968 0.4534616932012092 0.14428393674000284 0.4353273701768988 0.3114948336316973 0.8526412669567182 0.7395700392152066 0.33372025626059787 0.003078455460406637 0.4745068026524274 0.0

# Optimal Walk
0 7 10 6 18 20 13 4 16 9 3 14 8 11 1 12 15 19 17 5 2 0
