# Graph size: 21
# Optimal cost: 1.539625891703905

# Distance Matrix
0.0 0.6075449603097264 0.6478436878823269 0.890709908533129 0.024518780537028495 0.9655833418406302 0.8452436634987588 0.9792883450239785 0.09535313085991637 0.6560835281556002 0.820966518028253 0.07188515533253548 0.5486558597620882 0.49737341392141365 0.07580646968672478 0.48069599449088063 0.8816267556970127 0.803493588349933 0.5344688100620361 0.9497125173325858 0.7712056447622511
0.6075449603097264 0.0 0.4482930833177561 0.04828443331891852 0.5768013125714286 0.10178132702305509 0.8975131713949048 0.5859825122000031 0.4100847764367628 0.008000253697422743 0.48110647752452773 0.6516138549778211 0.4015161605945696 0.8394432729256694 0.44464023893383586 0.9618825272873254 0.6827667759338144 0.08772884886344767 0.8664843370898866 0.4395563743905847 0.19202058799391775
0.6478436878823269 0.4482930833177561 0.0 0.48163917064520767 0.3565858241715294 0.13529196249325548 0.5249977426593302 0.6521553886672637 0.5629838329478628 0.7771232367174673 0.5095049851349679 0.9968271336245565 0.9038196536516089 0.26502701562729625 0.4100376003509303 0.6316901295528288 0.615448992116104 0.5773927548358695 0.8574343641229737 0.6089852978711465 0.16136432279927648
0.890709908533129 0.04828443331891852 0.48163917064520767 0.0 0.23688830855787135 0.5683130532388843 0.9002215812572915 0.2819875750618508 0.6951268039381289 0.6699907496616272 0.996663628585541 0.4819940566597256 0.7387045431671965 0.9788203402263534 0.3631148923452686 0.5496809819214074 0.2935932464689578 0.8933500382869973 0.39590543564904424 0.7819947466388244 0.8105348358385039
0.024518780537028495 0.5768013125714286 0.3565858241715294 0.23688830855787135 0.0 0.658440461052815 0.9822829894210894 0.9491833214488224 0.7509998927526844 0.6324496582241511 0.2359447667706428 0.6746411233129485 0.5614361199993823 0.8468231712978348 0.49223670773718897 0.8283657951959484 0.9229465898623768 0.5859031274205941 0.1865858359177216 0.7365474655419372 0.9942015182319661
0.9655833418406302 0.10178132702305509 0.13529196249325548 0.5683130532388843 0.658440461052815 0.0 0.9344962256215811 0.8110202440490955 0.4951628660757228 0.8273018114908108 0.24171790905918178 0.7461709613046724 0.4420482051409518 0.1294763938487049 0.23185583082311723 0.3999379980718357 0.8897762222498072 0.06790948455859491 0.056472654654054044 0.7490430141016442 0.5507644175632767
0.8452436634987588 0.8975131713949048 0.5249977426593302 0.9002215812572915 0.9822829894210894 0.9344962256215811 0.0 0.8706579312903793 0.9266947955634488 0.07597923024575304 0.6963930129430099 0.563532969211794 0.09061019677934357 0.4214088297858114 0.9835127590155172 0.3009847540794204 0.8279245395000386 0.03084683313456238 0.05457435967504598 0.3984418608891417 0.8225025976010489
0.9792883450239785 0.5859825122000031 0.6521553886672637 0.2819875750618508 0.9491833214488224 0.8110202440490955 0.8706579312903793 0.0 0.8645097397596018 0.471712728698528 0.3542226159497137 0.7431470239966691 0.06049610027124863 0.28047070146844666 0.8610482107362167 0.1139442799856929 0.0940053696844555 0.5154489879588792 0.050352726040007845 0.5877333110477526 0.2590902740623765
0.09535313085991637 0.4100847764367628 0.5629838329478628 0.6951268039381289 0.7509998927526844 0.4951628660757228 0.9266947955634488 0.8645097397596018 0.0 0.25801986576446456 0.9869983471367341 0.5497297485218355 0.014477271936490399 0.43534445858199855 0.7376685724087557 0.5730644326013556 0.6812786299065451 0.41028443105636636 0.17312635074594307 0.6239719644809646 0.9579582629611619
0.6560835281556002 0.008000253697422743 0.7771232367174673 0.6699907496616272 0.6324496582241511 0.8273018114908108 0.07597923024575304 0.471712728698528 0.25801986576446456 0.0 0.5534008798577379 0.032687707899961005 0.07159135887642476 0.7267036769718802 0.41108445923647374 0.6786758649851836 0.4958176957893188 0.6653938913722625 0.7879627776174962 0.3992849512137254 0.00636984471602986
0.820966518028253 0.48110647752452773 0.5095049851349679 0.996663628585541 0.2359447667706428 0.24171790905918178 0.6963930129430099 0.3542226159497137 0.9869983471367341 0.5534008798577379 0.0 0.25064367237255214 0.04708185819254129 0.08019598890878665 0.2872161966098081 0.8399424961682151 0.19796129390565032 0.5584526998012654 0.8627268457145623 0.6546964256921843 0.8904726836178294
0.07188515533253548 0.6516138549778211 0.9968271336245565 0.4819940566597256 0.6746411233129485 0.7461709613046724 0.563532969211794 0.7431470239966691 0.5497297485218355 0.032687707899961005 0.25064367237255214 0.0 0.9965177779401794 0.14539714272481596 0.6510195731058502 0.2615940912547481 0.17009521722002963 0.6697142608089626 0.46141108978304146 0.6924436182187189 0.6502176879842478
0.5486558597620882 0.4015161605945696 0.9038196536516089 0.7387045431671965 0.5614361199993823 0.4420482051409518 0.09061019677934357 0.06049610027124863 0.014477271936490399 0.07159135887642476 0.04708185819254129 0.9965177779401794 0.0 0.5427145423974974 0.8179932587819077 0.9245974300499253 0.478262613920427 0.5490068197317867 0.12677384773363432 0.657548855327841 0.08197391471811066
0.49737341392141365 0.8394432729256694 0.26502701562729625 0.9788203402263534 0.8468231712978348 0.1294763938487049 0.4214088297858114 0.28047070146844666 0.43534445858199855 0.7267036769718802 0.08019598890878665 0.14539714272481596 0.5427145423974974 0.0 0.5365124073413253 0.15243692613393467 0.7032668341176772 0.8612312723410857 0.6788998794667637 0.09445372254705497 0.009163572952501808
0.07580646968672478 0.44464023893383586 0.4100376003509303 0.3631148923452686 0.49223670773718897 0.23185583082311723 0.9835127590155172 0.8610482107362167 0.7376685724087557 0.41108445923647374 0.2872161966098081 0.6510195731058502 0.8179932587819077 0.5365124073413253 0.0 0.08422219453535607 0.9616687917167918 0.687844993105667 0.377382584585478 0.47783653214170296 0.7710635234215625
0.48069599449088063 0.9618825272873254 0.6316901295528288 0.5496809819214074 0.8283657951959484 0.3999379980718357 0.3009847540794204 0.1139442799856929 0.5730644326013556 0.6786758649851836 0.8399424961682151 0.2615940912547481 0.9245974300499253 0.15243692613393467 0.08422219453535607 0.0 0.3457153060417696 0.5061704115308924 0.1705170860011207 0.7784742296541733 0.7757185863890735
0.8816267556970127 0.6827667759338144 0.615448992116104 0.2935932464689578 0.9229465898623768 0.8897762222498072 0.8279245395000386 0.0940053696844555 0.6812786299065451 0.4958176957893188 0.19796129390565032 0.17009521722002963 0.478262613920427 0.7032668341176772 0.9616687917167918 0.3457153060417696 0.0 0.058196136772413865 0.4514640809766016 0.4077094948682195 0.9489036723922853
0.803493588349933 0.08772884886344767 0.5773927548358695 0.8933500382869973 0.5859031274205941 0.06790948455859491 0.03084683313456238 0.5154489879588792 0.41028443105636636 0.6653938913722625 0.5584526998012654 0.6697142608089626 0.5490068197317867 0.8612312723410857 0.687844993105667 0.5061704115308924 0.058196136772413865 0.0 0.8210350594694769 0.147005082226226 0.04850088864862667
0.5344688100620361 0.8664843370898866 0.8574343641229737 0.39590543564904424 0.1865858359177216 0.056472654654054044 0.05457435967504598 0.050352726040007845 0.17312635074594307 0.7879627776174962 0.8627268457145623 0.46141108978304146 0.12677384773363432 0.6788998794667637 0.377382584585478 0.1705170860011207 0.4514640809766016 0.8210350594694769 0.0 0.7769268714155098 0.6666339907299643
0.9497125173325858 0.4395563743905847 0.6089852978711465 0.7819947466388244 0.7365474655419372 0.7490430141016442 0.3984418608891417 0.5877333110477526 0.6239719644809646 0.3992849512137254 0.6546964256921843 0.6924436182187189 0.657548855327841 0.09445372254705497 0.47783653214170296 0.7784742296541733 0.4077094948682195 0.147005082226226 0.7769268714155098 0.0 0.28310642543159525
0.7712056447622511 0.19202058799391775 0.16136432279927648 0.8105348358385039 0.9942015182319661 0.5507644175632767 0.8225025976010489 0.2590902740623765 0.9579582629611619 0.00636984471602986 0.8904726836178294 0.6502176879842478 0.08197391471811066 0.009163572952501808 0.7710635234215625 0.7757185863890735 0.9489036723922853 0.04850088864862667 0.6666339907299643 0.28310642543159525 0.0

# Optimal Walk
0 14 15 7 16 17 6 18 5 2 20 11 9 1 3 19 13 10 12 8 4 0
