# Graph size: 21
# Optimal cost: 2.5395798701355705

# Distance Matrix
0.0 0.27283136622579696 0.6630380825695106 0.3977600922083212 0.6986702796428651 0.9843398636725458 0.42693408909438646 0.6383751710497138 0.0721454151478863 0.28669681927768065 0.6617337818417218 0.22560886515202616 0.8307347588329627 0.8958492996576372 0.37888045346951504 0.6754539029834068 0.6338488724774625 0.929243727272241 0.30994774416445703 0.7354227433823357 0.959258293992516
0.27283136622579696 0.0 0.36132655674838376 0.503960812331683 0.4326811295515477 0.06674804406063517 0.35041467007254623 0.1240667026119604 0.38834188177848283 0.2782022640421743 0.8517603212117817 0.9533504615695654 0.004638390030524464 0.4828409178811657 0.2607379824413618 0.17525680278489952 0.4764248295715795 0.47261939522381435 0.44043159034678614 0.5809919675039574 0.7044259436373038
0.6630380825695106 0.36132655674838376 0.0 0.44034127013676794 0.37950221746526025 0.4744437948028759 0.09488599919847851 0.7318231181793213 0.8990679270231422 0.19457266313479205 0.9187433904706831 0.7334897685682227 0.2814291604845225 0.35588950895232474 0.3731834013203362 0.5980670733514695 0.42882423713462536 0.619551564597766 0.739398570607067 0.3635785082794417 0.17700163357532195
0.3977600922083212 0.503960812331683 0.44034127013676794 0.0 0.05077056492931076 0.0626127118950427 0.9046411439861186 0.686246676954275 0.8926416223798253 0.593900756948522 0.07009510042001965 0.4116023492571316 0.8921659984989159 0.8280638303249462 0.3072903103332638 0.014375436837146482 0.15115406003307652 0.34779472739026907 0.050892780553811745 0.718620016218942 0.8428596735543427
0.6986702796428651 0.4326811295515477 0.37950221746526025 0.05077056492931076 0.0 0.8415964043509745 0.16286238395118813 0.03914328392964961 0.03461061807882726 0.6013917691582724 0.7502924410182389 0.5116789184843279 0.2873640218363963 0.525490413659351 0.759091131778093 0.04122542406648111 0.6650301205651951 0.15355388050911922 0.844023299967016 0.7511484911839171 0.2795709857470492
0.9843398636725458 0.06674804406063517 0.4744437948028759 0.0626127118950427 0.8415964043509745 0.0 0.5424280569040115 0.14942079672139197 0.7634974984589957 0.5222956960600497 0.8551874834131662 0.7999079400376531 0.17008864496872145 0.6874369821892344 0.38046330978240206 0.09677841267033394 0.5642576404344729 0.7810087203654397 0.32510280065444297 0.6431984069846823 0.8947876826078488
0.42693408909438646 0.35041467007254623 0.09488599919847851 0.9046411439861186 0.16286238395118813 0.5424280569040115 0.0 0.9261075169974109 0.13043524240556925 0.8802001814524618 0.07636899804818909 0.9252358499881715 0.2508952482211886 0.8054693768914424 0.7450484480453481 0.22088815613233848 0.303481530655451 0.9682179594622844 0.78247884899343 0.7075554446206906 0.24750509327805947
0.6383751710497138 0.1240667026119604 0.7318231181793213 0.686246676954275 0.03914328392964961 0.14942079672139197 0.9261075169974109 0.0 0.185974612914797 0.7493794844044801 0.5914679227888618 0.7863082572208587 0.8129123822529898 0.1664707061807723 0.7688094421931274 0.49611145292240266 0.8043733385738072 0.6602471168856481 0.998801282697756 0.28187232524634875 0.2685387269736407
0.0721454151478863 0.38834188177848283 0.8990679270231422 0.8926416223798253 0.03461061807882726 0.7634974984589957 0.13043524240556925 0.185974612914797 0.0 0.3513054733565435 0.484967141212851 0.6360172043905999 0.6737320258304169 0.5045448421655089 0.34605518165120397 0.8331327218465082 0.3886316311607477 0.3834082055939816 0.857506961402974 0.6321806509488755 0.7727087837667161
0.28669681927768065 0.2782022640421743 0.19457266313479205 0.593900756948522 0.6013917691582724 0.5222956960600497 0.8802001814524618 0.7493794844044801 0.3513054733565435 0.0 0.4544363649265949 0.2750272453788978 0.27752681285881986 0.6054953861648518 0.5737563030590056 0.5137226597078934 0.5910505513874782 0.2458258386562605 0.553728119232581 0.9494414046386547 0.7298281817591122
0.6617337818417218 0.8517603212117817 0.9187433904706831 0.07009510042001965 0.7502924410182389 0.8551874834131662 0.07636899804818909 0.5914679227888618 0.484967141212851 0.4544363649265949 0.0 0.5459853202239802 0.5558256854335368 0.13335996091860092 0.7473606777275957 0.2107367324404671 0.08492821887555624 0.26652719720957185 0.4410417843308295 0.9874872353337704 0.9705512894883445
0.22560886515202616 0.9533504615695654 0.7334897685682227 0.4116023492571316 0.5116789184843279 0.7999079400376531 0.9252358499881715 0.7863082572208587 0.6360172043905999 0.2750272453788978 0.5459853202239802 0.0 0.8679900427329449 0.09453990556288272 0.8013943637069155 0.6121473689366315 0.18828903200335345 0.6309931927824465 0.7080008227080582 0.9384576995808753 0.5695261995820287
0.8307347588329627 0.004638390030524464 0.2814291604845225 0.8921659984989159 0.2873640218363963 0.17008864496872145 0.2508952482211886 0.8129123822529898 0.6737320258304169 0.27752681285881986 0.5558256854335368 0.8679900427329449 0.0 0.3813943965257336 0.3260262374102538 0.9849985113228865 0.13387170423473582 0.1422677977618101 0.2342331045583097 0.7291167080554578 0.8942897003548301
0.8958492996576372 0.4828409178811657 0.35588950895232474 0.8280638303249462 0.525490413659351 0.6874369821892344 0.8054693768914424 0.1664707061807723 0.5045448421655089 0.6054953861648518 0.13335996091860092 0.09453990556288272 0.3813943965257336 0.0 0.44771804866353326 0.668822995278474 0.838651146303923 0.624428186096325 0.013156436487931633 0.7416087285059461 0.28808756316727646
0.37888045346951504 0.2607379824413618 0.3731834013203362 0.3072903103332638 0.759091131778093 0.38046330978240206 0.7450484480453481 0.7688094421931274 0.34605518165120397 0.5737563030590056 0.7473606777275957 0.8013943637069155 0.3260262374102538 0.44771804866353326 0.0 0.5990312016051318 0.12148728992728064 0.31424664529931945 0.3751967377325748 0.6218963320560591 0.31726353151584485
0.6754539029834068 0.17525680278489952 0.5980670733514695 0.014375436837146482 0.04122542406648111 0.09677841267033394 0.22088815613233848 0.49611145292240266 0.8331327218465082 0.5137226597078934 0.2107367324404671 0.6121473689366315 0.9849985113228865 0.668822995278474 0.5990312016051318 0.0 0.6101027078705261 0.531496559946475 0.5953141411547809 0.1502967407351038 0.6228646590871398
0.6338488724774625 0.4764248295715795 0.42882423713462536 0.15115406003307652 0.6650301205651951 0.5642576404344729 0.303481530655451 0.8043733385738072 0.3886316311607477 0.5910505513874782 0.08492821887555624 0.18828903200335345 0.13387170423473582 0.838651146303923 0.12148728992728064 0.6101027078705261 0.0 0.4614813749410436 0.2530903369580946 0.8674342307067968 0.3898023074879633
0.929243727272241 0.47261939522381435 0.619551564597766 0.34779472739026907 0.15355388050911922 0.7810087203654397 0.9682179594622844 0.6602471168856481 0.3834082055939816 0.2458258386562605 0.26652719720957185 0.6309931927824465 0.1422677977618101 0.624428186096325 0.31424664529931945 0.531496559946475 0.4614813749410436 0.0 0.5684118582836547 0.5786659148838199 0.8896916494497092
0.30994774416445703 0.44043159034678614 0.739398570607067 0.050892780553811745 0.844023299967016 0.32510280065444297 0.78247884899343 0.998801282697756 0.857506961402974 0.553728119232581 0.4410417843308295 0.7080008227080582 0.2342331045583097 0.013156436487931633 0.3751967377325748 0.5953141411547809 0.2530903369580946 0.5684118582836547 0.0 0.23761610965579283 0.32856204684294577
0.7354227433823357 0.5809919675039574 0.3635785082794417 0.718620016218942 0.7511484911839171 0.6431984069846823 0.7075554446206906 0.28187232524634875 0.6321806509488755 0.9494414046386547 0.9874872353337704 0.9384576995808753 0.7291167080554578 0.7416087285059461 0.6218963320560591 0.1502967407351038 0.8674342307067968 0.5786659148838199 0.23761610965579283 0.0 0.8605134891877827
0.959258293992516 0.7044259436373038 0.17700163357532195 0.8428596735543427 0.2795709857470492 0.8947876826078488 0.24750509327805947 0.2685387269736407 0.7727087837667161 0.7298281817591122 0.9705512894883445 0.5695261995820287 0.8942897003548301 0.28808756316727646 0.31726353151584485 0.6228646590871398 0.3898023074879633 0.8896916494497092 0.32856204684294577 0.8605134891877827 0.0

# Optimal Walk
0 8 4 7 20 14 16 10 6 2 9 17 12 1 5 3 19 15 18 13 11 0
