# MCW Instance
# Type: UNIFORM
# N: 21
# Optimal cost: 1.3965840706846935
# Optimal tour (permutation): [0, 20, 7, 2, 11, 12, 4, 10, 5, 1, 19, 18, 17, 14, 9, 6, 15, 8, 3, 16, 13, 0]
# Optimal walk (full path): [0, 20, 7, 2, 7, 11, 12, 4, 12, 10, 5, 10, 1, 10, 19, 17, 18, 17, 14, 9, 6, 15, 8, 3, 16, 13, 16, 0]
# Walk size: 28
# Is walk (has repeats): true

# Distance Matrix
0.0000000000 0.5247294364 0.0666844688 0.9229557785 0.5131543902 0.1110047553 0.9636103377 0.4627393844 0.2129727817 0.6220457200 0.2362386483 0.7903191589 0.8454514995 0.6671531336 0.7245783661 0.8561199199 0.0288418487 0.3873202190 0.7661568113 0.8931468966 0.0888788018
0.5247294364 0.0000000000 0.6075633675 0.8447464328 0.4618605641 0.3379862389 0.1066853472 0.1969556756 0.2020990558 0.6359698232 0.0511325643 0.7292531452 0.8899790381 0.7180676340 0.4374591531 0.8724088021 0.7111821444 0.1912680384 0.4670125754 0.8059998564 0.7567616127
0.0666844688 0.6075633675 0.0000000000 0.5460933436 0.1368066748 0.8225432401 0.6235791801 0.0085866983 0.9721497711 0.4689803548 0.6587096483 0.5660289186 0.7494470798 0.5026540710 0.8256268720 0.0399508489 0.2616982711 0.6295819028 0.3897112564 0.6512961235 0.6645621635
0.9229557785 0.8447464328 0.5460933436 0.0000000000 0.4547433854 0.6215958530 0.1251277923 0.7074629276 0.0672637392 0.4990942823 0.0160622755 0.2020628157 0.2077898624 0.9519305163 0.6006519176 0.4095285156 0.0210191326 0.5382170224 0.3792274812 0.6383698848 0.9832549435
0.5131543902 0.4618605641 0.1368066748 0.4547433854 0.0000000000 0.5676044898 0.9572507100 0.2362309297 0.7130274950 0.5932525838 0.8350157116 0.3318650419 0.0222323270 0.8832481285 0.4245777388 0.1376272057 0.7459026803 0.9518234874 0.4340762698 0.3581687102 0.6006466656
0.1110047553 0.3379862389 0.8225432401 0.6215958530 0.5676044898 0.0000000000 0.4817042462 0.6121589940 0.2676200995 0.5649435957 0.0011425622 0.7290017018 0.3154006227 0.0489078574 0.4926682070 0.5854589604 0.6998938099 0.4267937077 0.7053164865 0.7881685195 0.2095796797
0.9636103377 0.1066853472 0.6235791801 0.1251277923 0.9572507100 0.4817042462 0.0000000000 0.3424270273 0.3180689002 0.0059724930 0.7728170344 0.5659153377 0.2594681221 0.4318067501 0.5803191677 0.0794008370 0.4268466093 0.2142488605 0.3484694437 0.5002852472 0.7683338684
0.4627393844 0.1969556756 0.0085866983 0.7074629276 0.2362309297 0.6121589940 0.3424270273 0.0000000000 0.6942050292 0.2769736322 0.9122698544 0.1917840687 0.3847540743 0.5209479799 0.6677174758 0.0469926678 0.7659569175 0.5453936806 0.7492576431 0.9910470076 0.1314780233
0.2129727817 0.2020990558 0.9721497711 0.0672637392 0.7130274950 0.2676200995 0.3180689002 0.6942050292 0.0000000000 0.5591092518 0.8342201911 0.8913821815 0.9201551670 0.3354449866 0.2923965640 0.0470905267 0.1931923330 0.1189041098 0.9657921350 0.4162591920 0.1764398752
0.6220457200 0.6359698232 0.4689803548 0.4990942823 0.5932525838 0.5649435957 0.0059724930 0.2769736322 0.5591092518 0.0000000000 0.9894476007 0.7284467928 0.7255872589 0.0772653572 0.0104608627 0.5050655519 0.3082598473 0.7068069337 0.7216920082 0.6391144337 0.2670339339
0.2362386483 0.0511325643 0.6587096483 0.0160622755 0.8350157116 0.0011425622 0.7728170344 0.9122698544 0.8342201911 0.9894476007 0.0000000000 0.7909407641 0.0550732248 0.2442013097 0.0917164096 0.2370830158 0.5491880646 0.4469754192 0.1736922605 0.0389853724 0.8172492981
0.7903191589 0.7292531452 0.5660289186 0.2020628157 0.3318650419 0.7290017018 0.5659153377 0.1917840687 0.8913821815 0.7284467928 0.7909407641 0.0000000000 0.2354429722 0.7548865170 0.9479732189 0.5838031052 0.9635110996 0.7245207246 0.5166132438 0.2469777918 0.4307355126
0.8454514995 0.8899790381 0.7494470798 0.2077898624 0.0222323270 0.3154006227 0.2594681221 0.3847540743 0.9201551670 0.7255872589 0.0550732248 0.2354429722 0.0000000000 0.3342512868 0.6295878655 0.8459454421 0.8556619498 0.3407530609 0.1765916058 0.5173679699 0.9918155218
0.6671531336 0.7180676340 0.5026540710 0.9519305163 0.8832481285 0.0489078574 0.4318067501 0.5209479799 0.3354449866 0.0772653572 0.2442013097 0.7548865170 0.3342512868 0.0000000000 0.3045386184 0.0933543795 0.0099495080 0.0973055590 0.7747802707 0.5994354234 0.5928190732
0.7245783661 0.4374591531 0.8256268720 0.6006519176 0.4245777388 0.4926682070 0.5803191677 0.6677174758 0.2923965640 0.0104608627 0.0917164096 0.9479732189 0.6295878655 0.3045386184 0.0000000000 0.4621785948 0.8721277191 0.0952208072 0.7413189874 0.7220651592 0.3449919364
0.8561199199 0.8724088021 0.0399508489 0.4095285156 0.1376272057 0.5854589604 0.0794008370 0.0469926678 0.0470905267 0.5050655519 0.2370830158 0.5838031052 0.8459454421 0.0933543795 0.4621785948 0.0000000000 0.8455963663 0.3128760725 0.2423306682 0.5194912787 0.2740570418
0.0288418487 0.7111821444 0.2616982711 0.0210191326 0.7459026803 0.6998938099 0.4268466093 0.7659569175 0.1931923330 0.3082598473 0.5491880646 0.9635110996 0.8556619498 0.0099495080 0.8721277191 0.8455963663 0.0000000000 0.5359840670 0.4438550887 0.6892332673 0.4185527741
0.3873202190 0.1912680384 0.6295819028 0.5382170224 0.9518234874 0.4267937077 0.2142488605 0.5453936806 0.1189041098 0.7068069337 0.4469754192 0.7245207246 0.3407530609 0.0973055590 0.0952208072 0.3128760725 0.5359840670 0.0000000000 0.0269275220 0.0597289966 0.3983315152
0.7661568113 0.4670125754 0.3897112564 0.3792274812 0.4340762698 0.7053164865 0.3484694437 0.7492576431 0.9657921350 0.7216920082 0.1736922605 0.5166132438 0.1765916058 0.7747802707 0.7413189874 0.2423306682 0.4438550887 0.0269275220 0.0000000000 0.8591599861 0.2217289587
0.8931468966 0.8059998564 0.6512961235 0.6383698848 0.3581687102 0.7881685195 0.5002852472 0.9910470076 0.4162591920 0.6391144337 0.0389853724 0.2469777918 0.5173679699 0.5994354234 0.7220651592 0.5194912787 0.6892332673 0.0597289966 0.8591599861 0.0000000000 0.9615692012
0.0888788018 0.7567616127 0.6645621635 0.9832549435 0.6006466656 0.2095796797 0.7683338684 0.1314780233 0.1764398752 0.2670339339 0.8172492981 0.4307355126 0.9918155218 0.5928190732 0.3449919364 0.2740570418 0.4185527741 0.3983315152 0.2217289587 0.9615692012 0.0000000000
