# Graph size: 21
# Optimal cost: 1.5746241170714048

# Distance Matrix
0.0 0.16435056846248774 0.6586617756526804 0.5886778778196871 0.2411599318606018 0.772397307845092 0.5517719974406309 0.1439379349894424 0.1506373588694051 0.5570084763340086 0.33378300836424335 0.3313224769635178 0.9214881610915716 0.10964407844929847 0.13499156323251027 0.49151244036477626 0.4153564638314594 0.36146491061345476 0.6753672924741696 0.5898369526679358 0.5621574824234522
0.16435056846248774 0.0 0.17637137962721638 0.4005271254568292 0.7756479026252463 0.7808882763082932 0.9990969465613446 0.3383908895855817 0.5570672275915249 0.36857146011980135 0.5776740096917299 0.15799401625543708 0.7241939966532867 0.534608436469843 0.7024410526155588 0.3113470199447762 0.5923350247537998 0.29785800656471384 0.10786224708003345 0.06989599991910711 0.3565492328073633
0.6586617756526804 0.17637137962721638 0.0 0.03504490133735427 0.16878137449539976 0.7290519676193784 0.34977285325722596 0.07164204952997921 0.7893344471660282 0.24742105537166847 0.7790184987455219 0.3401596193608033 0.9305959403585591 0.11178188341832918 0.0776184626173293 0.7958125751206069 0.5521359786377544 0.27452044812648435 0.3562084534445603 0.9758277819558291 0.3530170549971563
0.5886778778196871 0.4005271254568292 0.03504490133735427 0.0 0.5971461591247605 0.5611250830471577 0.8161907665419984 0.5893600912858383 0.3516782560994227 0.8561166530394753 0.5984212026427403 0.41846202067385885 0.9811041146054578 0.4317435492502325 0.6890052473015945 0.6735475773729234 0.5007766696437671 0.4165708282749344 0.5554020205275916 0.7085906239476029 0.6345308341150605
0.2411599318606018 0.7756479026252463 0.16878137449539976 0.5971461591247605 0.0 0.8152327219257991 0.39508056039240935 0.9692410792003833 0.022463939618568962 0.43067442416142154 0.5978326156662198 0.24374545903469558 0.6117386474895405 0.5413542970899338 0.17664545086482553 0.12685056976616294 0.647430942056401 0.6989148141772252 0.24870864085639266 0.09003141529611336 0.5173603831197524
0.772397307845092 0.7808882763082932 0.7290519676193784 0.5611250830471577 0.8152327219257991 0.0 0.3878084695703824 0.6256668970695441 0.6929859410864287 0.07300276385543658 0.4455903517629842 0.5810208413321232 0.8941906601670953 0.9480007766408863 0.08106642901997574 0.9026163462193594 0.1224132643277781 0.8264513004135565 0.04721250008660327 0.40945211241988366 0.7564291247448799
0.5517719974406309 0.9990969465613446 0.34977285325722596 0.8161907665419984 0.39508056039240935 0.3878084695703824 0.0 0.5750620951733931 0.026756147355919135 0.21457433052064645 0.9267908127848831 0.6464355751032103 0.5705393443862881 0.1496162340405771 0.10135103941752566 0.18515029399598493 0.992257666937799 0.9315796289495895 0.7453410020683834 0.8239754958332538 0.46789661611080047
0.1439379349894424 0.3383908895855817 0.07164204952997921 0.5893600912858383 0.9692410792003833 0.6256668970695441 0.5750620951733931 0.0 0.8487441286199692 0.4571575938048842 0.2444681752682163 0.2141640578189593 0.9701294116943624 0.37261482282564495 0.19436567664010418 0.027442674725715266 0.14172435696292207 0.3032659629208636 0.8036014559013142 0.6532643353404793 0.32273646528305955
0.1506373588694051 0.5570672275915249 0.7893344471660282 0.3516782560994227 0.022463939618568962 0.6929859410864287 0.026756147355919135 0.8487441286199692 0.0 0.02850465958887516 0.7214353897317178 0.4260335242507167 0.13640366140122995 0.3965050345983744 0.8091041322383763 0.3697046926669193 0.8624497789563994 0.40566186990753794 0.8655610747610613 0.4823441390333604 0.48205417391284866
0.5570084763340086 0.36857146011980135 0.24742105537166847 0.8561166530394753 0.43067442416142154 0.07300276385543658 0.21457433052064645 0.4571575938048842 0.02850465958887516 0.0 0.2360440428331888 0.13828959253498974 0.24098406386158366 0.8012447765695125 0.2794755463507801 0.17683737389503051 0.45790255580395056 0.12491325498451378 0.5772103452305593 0.9236333359101664 0.49544055836498246
0.33378300836424335 0.5776740096917299 0.7790184987455219 0.5984212026427403 0.5978326156662198 0.4455903517629842 0.9267908127848831 0.2444681752682163 0.7214353897317178 0.2360440428331888 0.0 0.4311894820324168 0.7157684555572029 0.8048132461153584 0.5036925669327021 0.5047024542556681 0.15435264606837595 0.9831938158138732 0.7838848346283068 0.027292701407816256 0.1613664502578196
0.3313224769635178 0.15799401625543708 0.3401596193608033 0.41846202067385885 0.24374545903469558 0.5810208413321232 0.6464355751032103 0.2141640578189593 0.4260335242507167 0.13828959253498974 0.4311894820324168 0.0 0.8661991814715311 0.5999817029018365 0.19603161086975684 0.022905791401999553 0.4234577956722756 0.7620364992801807 0.040940695940340444 0.9526979221442381 0.8619519569635428
0.9214881610915716 0.7241939966532867 0.9305959403585591 0.9811041146054578 0.6117386474895405 0.8941906601670953 0.5705393443862881 0.9701294116943624 0.13640366140122995 0.24098406386158366 0.7157684555572029 0.8661991814715311 0.0 0.08703052517829613 0.24859451751558825 0.18081362398906253 0.7310159077425259 0.4064203073836621 0.9628283620806362 0.02757894330739996 0.5851429175216089
0.10964407844929847 0.534608436469843 0.11178188341832918 0.4317435492502325 0.5413542970899338 0.9480007766408863 0.1496162340405771 0.37261482282564495 0.3965050345983744 0.8012447765695125 0.8048132461153584 0.5999817029018365 0.08703052517829613 0.0 0.13433940340966488 0.7300623374481678 0.37946580839254007 0.9194753616317601 0.5363778552809851 0.48429145983365307 0.8753409397903935
0.13499156323251027 0.7024410526155588 0.0776184626173293 0.6890052473015945 0.17664545086482553 0.08106642901997574 0.10135103941752566 0.19436567664010418 0.8091041322383763 0.2794755463507801 0.5036925669327021 0.19603161086975684 0.24859451751558825 0.13433940340966488 0.0 0.21101641002517935 0.7460892973178782 0.22558105691067576 0.28430530030489765 0.5480155307650385 0.26485132551617796
0.49151244036477626 0.3113470199447762 0.7958125751206069 0.6735475773729234 0.12685056976616294 0.9026163462193594 0.18515029399598493 0.027442674725715266 0.3697046926669193 0.17683737389503051 0.5047024542556681 0.022905791401999553 0.18081362398906253 0.7300623374481678 0.21101641002517935 0.0 0.8359457788346646 0.010456895157963553 0.510644256970826 0.15043257565228074 0.2977790802906094
0.4153564638314594 0.5923350247537998 0.5521359786377544 0.5007766696437671 0.647430942056401 0.1224132643277781 0.992257666937799 0.14172435696292207 0.8624497789563994 0.45790255580395056 0.15435264606837595 0.4234577956722756 0.7310159077425259 0.37946580839254007 0.7460892973178782 0.8359457788346646 0.0 0.3952621990882622 0.6779929236726356 0.35059537021381915 0.43253985053759303
0.36146491061345476 0.29785800656471384 0.27452044812648435 0.4165708282749344 0.6989148141772252 0.8264513004135565 0.9315796289495895 0.3032659629208636 0.40566186990753794 0.12491325498451378 0.9831938158138732 0.7620364992801807 0.4064203073836621 0.9194753616317601 0.22558105691067576 0.010456895157963553 0.3952621990882622 0.0 0.5048221453152714 0.37958268166450815 0.6702901169051334
0.6753672924741696 0.10786224708003345 0.3562084534445603 0.5554020205275916 0.24870864085639266 0.04721250008660327 0.7453410020683834 0.8036014559013142 0.8655610747610613 0.5772103452305593 0.7838848346283068 0.040940695940340444 0.9628283620806362 0.5363778552809851 0.28430530030489765 0.510644256970826 0.6779929236726356 0.5048221453152714 0.0 0.16119140689394984 0.3871707991344573
0.5898369526679358 0.06989599991910711 0.9758277819558291 0.7085906239476029 0.09003141529611336 0.40945211241988366 0.8239754958332538 0.6532643353404793 0.4823441390333604 0.9236333359101664 0.027292701407816256 0.9526979221442381 0.02757894330739996 0.48429145983365307 0.5480155307650385 0.15043257565228074 0.35059537021381915 0.37958268166450815 0.16119140689394984 0.0 0.08400169306451255
0.5621574824234522 0.3565492328073633 0.3530170549971563 0.6345308341150605 0.5173603831197524 0.7564291247448799 0.46789661611080047 0.32273646528305955 0.48205417391284866 0.49544055836498246 0.1613664502578196 0.8619519569635428 0.5851429175216089 0.8753409397903935 0.26485132551617796 0.2977790802906094 0.43253985053759303 0.6702901169051334 0.3871707991344573 0.08400169306451255 0.0

# Optimal Walk
0 1 18 11 17 15 7 3 2 14 6 8 4 9 5 16 10 20 19 12 13 0
