# Graph size: 21
# Optimal cost: 1.5518816824732289

# Distance Matrix
0.0 0.5004278730674586 0.48762622265014843 0.32767911512752856 0.2641815308707651 0.4431701536275704 0.3511621554101636 0.3818257871305265 0.4546384268548833 0.9235547644392609 0.196287459320309 0.4026880852664918 0.7101108343970468 0.01320864704876168 0.6164814414448772 0.0401694040997258 0.38224979891511834 0.7832112163740268 0.7206327338109599 0.8439795772220944 0.8750716183970028
0.5004278730674586 0.0 0.03585171898167916 0.9540961534947061 0.5677002283363817 0.6670040173524173 0.2450364320666335 0.9710277156902538 0.1290250776630245 0.03840038847535909 0.5693894172805875 0.23576252355771066 0.4696133761103901 0.2687130268354646 0.5061930634115239 0.46166489398269606 0.27772216998209387 0.13880472209856642 0.73966549771999 0.9577931476971943 0.03775896272643087
0.48762622265014843 0.03585171898167916 0.0 0.6764180409308995 0.0036735910819709616 0.4468867058989294 0.15312338348462673 0.2166096225947206 0.3268323842459562 0.9425962020297382 0.9521826386060223 0.013996670295151059 0.8570426078497522 0.8295421259355588 0.23195254040423097 0.8399517625717146 0.5728699862500232 0.3767011029005949 0.6200318549789134 0.22542068428626028 0.580771476159722
0.32767911512752856 0.9540961534947061 0.6764180409308995 0.0 0.5327832091769064 0.4425650317135704 0.2688277203613547 0.37002510651312714 0.0016775614263911942 0.9744841504530452 0.21857121927122503 0.35132153667583876 0.27670799694891257 0.9180081733009835 0.36090230192130524 0.24032749173889545 0.5243538091186527 0.7063536342483113 0.09651705853679693 0.36413198863584384 0.9512557347646913
0.2641815308707651 0.5677002283363817 0.0036735910819709616 0.5327832091769064 0.0 0.7618378276114057 0.4729836403984585 0.7663387601348524 0.5627403114687494 0.1510319052092891 0.855162744925199 0.06566895400727779 0.026760728755565566 0.17434777759856912 0.8620707709048222 0.38329048892886775 0.6940655136175756 0.3034197835478457 0.17617251618114582 0.2956916451163555 0.6935713493206392
0.4431701536275704 0.6670040173524173 0.4468867058989294 0.4425650317135704 0.7618378276114057 0.0 0.5368677922177768 0.33988048446823305 0.6927677633346289 0.4213294656039871 0.6835059230674354 0.19407633984389538 0.6248923191057373 0.6721399493951855 0.3017868777568049 0.1847591363572445 0.7080942835889473 0.12478175955659776 0.02524873297405994 0.3664643282433552 0.4230657377270429
0.3511621554101636 0.2450364320666335 0.15312338348462673 0.2688277203613547 0.4729836403984585 0.5368677922177768 0.0 0.8849905115447114 0.7859578703010678 0.5648862052919175 0.6915754582345541 0.31473027452347246 0.011417654673963828 0.8261758625880399 0.44296488287937097 0.43196970932859347 0.2151396028602799 0.9766755395101827 0.49375575163454566 0.7520863938945167 0.527050245014779
0.3818257871305265 0.9710277156902538 0.2166096225947206 0.37002510651312714 0.7663387601348524 0.33988048446823305 0.8849905115447114 0.0 0.8443894906370624 0.9549988475653464 0.5601881598872402 0.6171329589149397 0.45228048270447585 0.5548461401974297 0.25305354128838653 0.15418134233818948 0.2835199939991825 0.7179291981905409 0.5700577394611923 0.4112669043488394 0.5401094639988251
0.4546384268548833 0.1290250776630245 0.3268323842459562 0.0016775614263911942 0.5627403114687494 0.6927677633346289 0.7859578703010678 0.8443894906370624 0.0 0.9784786382029301 0.244364960629042 0.8805001186003178 0.16882886091444993 0.3207213760783043 0.8488312545083757 0.7918910553950854 0.31225792460612756 0.33794330812324136 0.3854769678855765 0.24459197193073923 0.7576543891981091
0.9235547644392609 0.03840038847535909 0.9425962020297382 0.9744841504530452 0.1510319052092891 0.4213294656039871 0.5648862052919175 0.9549988475653464 0.9784786382029301 0.0 0.6807068604311419 0.4730510181307551 0.253530733000802 0.9027630386759233 0.12506481318744256 0.8241242185986352 0.3904209660287765 0.7351675732459185 0.7332127127647423 0.07131221469466875 0.8553608302700043
0.196287459320309 0.5693894172805875 0.9521826386060223 0.21857121927122503 0.855162744925199 0.6835059230674354 0.6915754582345541 0.5601881598872402 0.244364960629042 0.6807068604311419 0.0 0.33058748095201373 0.0018741431505973072 0.9016428833909297 0.7537092119744381 0.41556021584738834 0.5978147093335289 0.8887474607950601 0.0726548233694232 0.6112384677822362 0.26523199732054414
0.4026880852664918 0.23576252355771066 0.013996670295151059 0.35132153667583876 0.06566895400727779 0.19407633984389538 0.31473027452347246 0.6171329589149397 0.8805001186003178 0.4730510181307551 0.33058748095201373 0.0 0.3744680893206441 0.3528695619543236 0.07757150066247587 0.7563702270884226 0.2446389446367888 0.3328652004027053 0.41092818253870744 0.18456029771951066 0.46821221217923814
0.7101108343970468 0.4696133761103901 0.8570426078497522 0.27670799694891257 0.026760728755565566 0.6248923191057373 0.011417654673963828 0.45228048270447585 0.16882886091444993 0.253530733000802 0.0018741431505973072 0.3744680893206441 0.0 0.9071477348083792 0.8132588924135364 0.027987067333949844 0.8245640378931749 0.5839913778674479 0.7471820131565264 0.12283753412259402 0.330729610182639
0.01320864704876168 0.2687130268354646 0.8295421259355588 0.9180081733009835 0.17434777759856912 0.6721399493951855 0.8261758625880399 0.5548461401974297 0.3207213760783043 0.9027630386759233 0.9016428833909297 0.3528695619543236 0.9071477348083792 0.0 0.2546301162379556 0.518920278650904 0.37608479240731096 0.4984809930829567 0.49289144625571957 0.48980092891608595 0.6010148683356566
0.6164814414448772 0.5061930634115239 0.23195254040423097 0.36090230192130524 0.8620707709048222 0.3017868777568049 0.44296488287937097 0.25305354128838653 0.8488312545083757 0.12506481318744256 0.7537092119744381 0.07757150066247587 0.8132588924135364 0.2546301162379556 0.0 0.7005747194334556 0.7927736739560165 0.9070730040770607 0.8327043199622929 0.6061608961972977 0.12119423909561822
0.0401694040997258 0.46166489398269606 0.8399517625717146 0.24032749173889545 0.38329048892886775 0.1847591363572445 0.43196970932859347 0.15418134233818948 0.7918910553950854 0.8241242185986352 0.41556021584738834 0.7563702270884226 0.027987067333949844 0.518920278650904 0.7005747194334556 0.0 0.6660838504822753 0.7160085876959714 0.8572593176700437 0.9141139251461481 0.6683963164069993
0.38224979891511834 0.27772216998209387 0.5728699862500232 0.5243538091186527 0.6940655136175756 0.7080942835889473 0.2151396028602799 0.2835199939991825 0.31225792460612756 0.3904209660287765 0.5978147093335289 0.2446389446367888 0.8245640378931749 0.37608479240731096 0.7927736739560165 0.6660838504822753 0.0 0.07522249174167173 0.9013718692198363 0.1764673591893624 0.8242167799099822
0.7832112163740268 0.13880472209856642 0.3767011029005949 0.7063536342483113 0.3034197835478457 0.12478175955659776 0.9766755395101827 0.7179291981905409 0.33794330812324136 0.7351675732459185 0.8887474607950601 0.3328652004027053 0.5839913778674479 0.4984809930829567 0.9070730040770607 0.7160085876959714 0.07522249174167173 0.0 0.572425678695973 0.16971537749115528 0.659807523171084
0.7206327338109599 0.73966549771999 0.6200318549789134 0.09651705853679693 0.17617251618114582 0.02524873297405994 0.49375575163454566 0.5700577394611923 0.3854769678855765 0.7332127127647423 0.0726548233694232 0.41092818253870744 0.7471820131565264 0.49289144625571957 0.8327043199622929 0.8572593176700437 0.9013718692198363 0.572425678695973 0.0 0.1625435974560555 0.4406276668947897
0.8439795772220944 0.9577931476971943 0.22542068428626028 0.36413198863584384 0.2956916451163555 0.3664643282433552 0.7520863938945167 0.4112669043488394 0.24459197193073923 0.07131221469466875 0.6112384677822362 0.18456029771951066 0.12283753412259402 0.48980092891608595 0.6061608961972977 0.9141139251461481 0.1764673591893624 0.16971537749115528 0.1625435974560555 0.0 0.5962220871521815
0.8750716183970028 0.03775896272643087 0.580771476159722 0.9512557347646913 0.6935713493206392 0.4230657377270429 0.527050245014779 0.5401094639988251 0.7576543891981091 0.8553608302700043 0.26523199732054414 0.46821221217923814 0.330729610182639 0.6010148683356566 0.12119423909561822 0.6683963164069993 0.8242167799099822 0.659807523171084 0.4406276668947897 0.5962220871521815 0.0

# Optimal Walk
0 15 7 16 17 5 18 3 8 19 9 1 20 14 11 2 4 6 12 10 13 0
