# Graph size: 21
# Optimal cost: 2.1353043624143693

# Distance Matrix
0.0 0.10687423135404972 0.7240479797384816 0.07203857319668094 0.638983553733234 0.0011710178404361615 0.6815638828871607 0.7947560663914073 0.5529837163139153 0.43898142132034734 0.5023484581100277 0.6635878968132866 0.7836712048203291 0.9859163427014341 0.42190502618188996 0.17686901882485495 0.9744784536429888 0.08697213080741373 0.05637990655002112 0.1742337165790444 0.7436118693434759
0.10687423135404972 0.0 0.23101248147136 0.43434741638773766 0.7312500854469363 0.5725342416524192 0.9443987689229577 0.7087945381383775 0.7860501472476427 0.4626750703289605 0.11111331648561451 0.9736522509136576 0.3825075392154529 0.6914534673562369 0.9614478022574943 0.805509105216173 0.524866346616611 0.0856131309148832 0.6973043320535426 0.37868264112665884 0.030326184376081478
0.7240479797384816 0.23101248147136 0.0 0.8480328290773905 0.12938418168293342 0.2606124141759407 0.4389402528073423 0.12358945834560642 0.8900152969540485 0.284577889457751 0.9942847071486521 0.1703155451278744 0.7550962499857237 0.21803331127733838 0.9437089175683454 0.21400622070179498 0.35961117153468847 0.29739128328353037 0.9235782029989167 0.8075958878190276 0.12339661507842858
0.07203857319668094 0.43434741638773766 0.8480328290773905 0.0 0.0838748184128294 0.9927719531823466 0.7910374650257505 0.5173173891224423 0.5100976451642382 0.9568014537153319 0.7530825627109243 0.8947359971773553 0.4333213382696822 0.9852638543239257 0.23327410175606 0.9891358588947488 0.48887645061073404 0.16694951471231523 0.7706269202932706 0.8359855719430147 0.5460246897693148
0.638983553733234 0.7312500854469363 0.12938418168293342 0.0838748184128294 0.0 0.5697720477244309 0.30488702019809866 0.3154080857881668 0.608577401161725 0.576792012793944 0.3669224231491792 0.7319447509158068 0.5738754983495216 0.7549562745286676 0.9567144842729234 0.8486814193171185 0.8662741819873088 0.2797770218955592 5.814377506241364E-4 0.5752298988919704 0.5950659478397652
0.0011710178404361615 0.5725342416524192 0.2606124141759407 0.9927719531823466 0.5697720477244309 0.0 0.9870261209472008 0.8036800062158711 0.07253464061556181 0.5518129118205612 0.45162117780756794 0.9694959602014623 0.3822011605401874 0.05835047064913712 0.1042326969695373 0.8449471529412068 0.814019592478047 0.404261424215158 0.2877418025413554 0.6678880098006957 0.23258265003472312
0.6815638828871607 0.9443987689229577 0.4389402528073423 0.7910374650257505 0.30488702019809866 0.9870261209472008 0.0 0.37141028615962246 0.3285305411345508 0.24321734118309946 0.07237447311713296 0.13316576127089153 0.15168790050727798 0.15445636679708785 0.3804330344444593 0.6372283267913658 0.7045663844227643 0.22957705377753046 0.436665476061879 0.4335199815721694 0.46972562580129495
0.7947560663914073 0.7087945381383775 0.12358945834560642 0.5173173891224423 0.3154080857881668 0.8036800062158711 0.37141028615962246 0.0 0.22302576818741726 0.5341223681507319 0.7923804988854812 0.6461507246069835 0.45030048104135045 0.3150130302137384 0.8733556411296147 0.1567350753196286 0.41710463443245627 0.6529715459316553 0.6511498849263273 0.5003685684544148 0.3220140568659894
0.5529837163139153 0.7860501472476427 0.8900152969540485 0.5100976451642382 0.608577401161725 0.07253464061556181 0.3285305411345508 0.22302576818741726 0.0 0.44805845076663864 0.28285707142159533 0.6085740293497528 0.6797579848353372 0.8582105821631343 0.6093697969958844 0.28948564329404736 0.2116290946477134 0.42932785850460387 0.5239088803810272 0.5460656061158083 0.5802013238837538
0.43898142132034734 0.4626750703289605 0.284577889457751 0.9568014537153319 0.576792012793944 0.5518129118205612 0.24321734118309946 0.5341223681507319 0.44805845076663864 0.0 0.3059119720155359 0.0119021762234498 0.04080611496746933 0.5074486722969673 0.20514920053544472 0.7689817780725394 0.24576541467384305 0.3085220296407898 0.1195554687560928 0.43765746419012397 0.3646385234588293
0.5023484581100277 0.11111331648561451 0.9942847071486521 0.7530825627109243 0.3669224231491792 0.45162117780756794 0.07237447311713296 0.7923804988854812 0.28285707142159533 0.3059119720155359 0.0 0.8978550832074058 0.7767787605872964 0.668263085850118 0.942664792655363 0.8799345554770434 0.7298804063761408 0.4060622547867886 0.1905254293297296 0.4239841588893427 0.5773933272026541
0.6635878968132866 0.9736522509136576 0.1703155451278744 0.8947359971773553 0.7319447509158068 0.9694959602014623 0.13316576127089153 0.6461507246069835 0.6085740293497528 0.0119021762234498 0.8978550832074058 0.0 0.03393800838857575 0.4399865253678792 0.2399753876329741 0.21968186440035742 0.25888087483679 0.8218939516413404 0.12279266838951552 0.24660444520959024 0.9205281987423197
0.7836712048203291 0.3825075392154529 0.7550962499857237 0.4333213382696822 0.5738754983495216 0.3822011605401874 0.15168790050727798 0.45030048104135045 0.6797579848353372 0.04080611496746933 0.7767787605872964 0.03393800838857575 0.0 0.21122877593416767 0.21204434557562069 0.5212069456581369 0.22129731374074013 0.7192825638296508 0.32692491393737755 0.7751508517495793 0.23019355426373012
0.9859163427014341 0.6914534673562369 0.21803331127733838 0.9852638543239257 0.7549562745286676 0.05835047064913712 0.15445636679708785 0.3150130302137384 0.8582105821631343 0.5074486722969673 0.668263085850118 0.4399865253678792 0.21122877593416767 0.0 0.5296141370689864 0.4786981899903606 0.5638074564236886 0.8961635983005836 0.6723010376435039 0.9377850036112959 0.24242529127361312
0.42190502618188996 0.9614478022574943 0.9437089175683454 0.23327410175606 0.9567144842729234 0.1042326969695373 0.3804330344444593 0.8733556411296147 0.6093697969958844 0.20514920053544472 0.942664792655363 0.2399753876329741 0.21204434557562069 0.5296141370689864 0.0 0.2219037064793975 0.41009945221858257 0.038103073217794936 0.7195050138358324 0.6953209361227936 0.270479520009519
0.17686901882485495 0.805509105216173 0.21400622070179498 0.9891358588947488 0.8486814193171185 0.8449471529412068 0.6372283267913658 0.1567350753196286 0.28948564329404736 0.7689817780725394 0.8799345554770434 0.21968186440035742 0.5212069456581369 0.4786981899903606 0.2219037064793975 0.0 0.23822095771777496 0.6194921907656454 0.5533854482303385 0.3991030260890901 0.8270517746246856
0.9744784536429888 0.524866346616611 0.35961117153468847 0.48887645061073404 0.8662741819873088 0.814019592478047 0.7045663844227643 0.41710463443245627 0.2116290946477134 0.24576541467384305 0.7298804063761408 0.25888087483679 0.22129731374074013 0.5638074564236886 0.41009945221858257 0.23822095771777496 0.0 0.14412526488485122 0.9618998653188786 0.8331629251283927 0.061226749697468
0.08697213080741373 0.0856131309148832 0.29739128328353037 0.16694951471231523 0.2797770218955592 0.404261424215158 0.22957705377753046 0.6529715459316553 0.42932785850460387 0.3085220296407898 0.4060622547867886 0.8218939516413404 0.7192825638296508 0.8961635983005836 0.038103073217794936 0.6194921907656454 0.14412526488485122 0.0 0.36025229274749937 0.7347521215901798 0.49710544598385586
0.05637990655002112 0.6973043320535426 0.9235782029989167 0.7706269202932706 5.814377506241364E-4 0.2877418025413554 0.436665476061879 0.6511498849263273 0.5239088803810272 0.1195554687560928 0.1905254293297296 0.12279266838951552 0.32692491393737755 0.6723010376435039 0.7195050138358324 0.5533854482303385 0.9618998653188786 0.36025229274749937 0.0 0.4519522780707734 0.8616569364035696
0.1742337165790444 0.37868264112665884 0.8075958878190276 0.8359855719430147 0.5752298988919704 0.6678880098006957 0.4335199815721694 0.5003685684544148 0.5460656061158083 0.43765746419012397 0.4239841588893427 0.24660444520959024 0.7751508517495793 0.9377850036112959 0.6953209361227936 0.3991030260890901 0.8331629251283927 0.7347521215901798 0.4519522780707734 0.0 0.7875056668478368
0.7436118693434759 0.030326184376081478 0.12339661507842858 0.5460246897693148 0.5950659478397652 0.23258265003472312 0.46972562580129495 0.3220140568659894 0.5802013238837538 0.3646385234588293 0.5773933272026541 0.9205281987423197 0.23019355426373012 0.24242529127361312 0.270479520009519 0.8270517746246856 0.061226749697468 0.49710544598385586 0.8616569364035696 0.7875056668478368 0.0

# Optimal Walk
0 13 8 5 19 11 9 12 6 10 1 20 16 17 14 15 7 2 18 4 3 0
