# MCW Instance
# Type: UNIFORM
# N: 21
# Optimal cost: 1.5400217571567094
# Optimal tour (permutation): [0, 19, 1, 3, 2, 6, 20, 17, 11, 4, 8, 5, 15, 18, 14, 13, 7, 10, 9, 16, 12, 0]
# Optimal walk (full path): [0, 19, 0, 1, 3, 2, 6, 20, 17, 4, 11, 4, 8, 5, 15, 18, 14, 7, 13, 7, 10, 9, 16, 12, 0]
# Walk size: 25
# Is walk (has repeats): true

# Distance Matrix
0.0000000000 0.0420243311 0.6244950652 0.9255242190 0.8493095855 0.8268500502 0.7077369675 0.8602791555 0.5799385814 0.3029672206 0.9917500878 0.4228365607 0.0359641059 0.6561997238 0.9331415568 0.4723424776 0.9320227327 0.6158083873 0.8789168463 0.0197318366 0.7248747847
0.0420243311 0.0000000000 0.2549811717 0.0602847008 0.9054507694 0.4306885987 0.2405583458 0.7976370754 0.2584603000 0.5574454498 0.8799234547 0.1525744375 0.3310344846 0.5294491020 0.6264676663 0.6778856842 0.3829674387 0.7865876801 0.7997615097 0.3626814543 0.6491553557
0.6244950652 0.2549811717 0.0000000000 0.0779094121 0.1525445193 0.3474181049 0.0661211595 0.3372382298 0.5738701329 0.4923391875 0.3559008637 0.9279691750 0.6562192661 0.4228998541 0.2698125668 0.9748474077 0.0741231961 0.2470292301 0.2799802827 0.9624489171 0.7228122880
0.9255242190 0.0602847008 0.0779094121 0.0000000000 0.7416243221 0.7730864592 0.7732450758 0.3476341484 0.4394583075 0.8486787593 0.8625470272 0.9584612328 0.7127253695 0.1534579201 0.3232902820 0.6680341241 0.6457328000 0.7933254396 0.1805336243 0.7191640851 0.2167906043
0.8493095855 0.9054507694 0.1525445193 0.7416243221 0.0000000000 0.2565711315 0.3737108247 0.3729439251 0.0681375438 0.4544321255 0.5340873967 0.0185940989 0.9327820025 0.4393568259 0.8455390112 0.3352960597 0.6084247038 0.0966584367 0.9886818891 0.5873429916 0.2211697057
0.8268500502 0.4306885987 0.3474181049 0.7730864592 0.2565711315 0.0000000000 0.1218444072 0.4115499447 0.1661631404 0.4055191122 0.8937599818 0.9444272114 0.3062486684 0.9421855789 0.4327851195 0.0821083102 0.4967489356 0.3415465759 0.4936758062 0.0937736404 0.4864636002
0.7077369675 0.2405583458 0.0661211595 0.7732450758 0.3737108247 0.1218444072 0.0000000000 0.8381025769 0.9842426897 0.4888302719 0.9371981622 0.2700909723 0.3239109117 0.2664832731 0.7189201326 0.3584463166 0.0603071427 0.8074665469 0.5598814990 0.9705867034 0.0473708231
0.8602791555 0.7976370754 0.3372382298 0.3476341484 0.3729439251 0.4115499447 0.8381025769 0.0000000000 0.2282760461 0.2658491831 0.0570449554 0.7550888212 0.5114127697 0.0048118278 0.0827526492 0.8288037823 0.7495562279 0.2170081951 0.9398237217 0.8451481063 0.3972538315
0.5799385814 0.2584603000 0.5738701329 0.4394583075 0.0681375438 0.1661631404 0.9842426897 0.2282760461 0.0000000000 0.5548481723 0.5249738236 0.3220072672 0.5106257362 0.8832750518 0.3922503086 0.4315175511 0.5737478084 0.7783433806 0.1505370906 0.5379548120 0.6597907080
0.3029672206 0.5574454498 0.4923391875 0.8486787593 0.4544321255 0.4055191122 0.4888302719 0.2658491831 0.5548481723 0.0000000000 0.1502637207 0.5653374539 0.6364726158 0.3556563335 0.5868920590 0.6456271378 0.0039995664 0.0907670534 0.7646182958 0.3491088535 0.8902070837
0.9917500878 0.8799234547 0.3559008637 0.8625470272 0.5340873967 0.8937599818 0.9371981622 0.0570449554 0.5249738236 0.1502637207 0.0000000000 0.2538273788 0.8058346743 0.9229888471 0.8743107539 0.7557918938 0.7756414832 0.3124346446 0.5925695326 0.5029366680 0.6051743862
0.4228365607 0.1525744375 0.9279691750 0.9584612328 0.0185940989 0.9444272114 0.2700909723 0.7550888212 0.3220072672 0.5653374539 0.2538273788 0.0000000000 0.5151626247 0.9016992092 0.5808466364 0.6049136680 0.2381429599 0.1850171570 0.8182939602 0.3885626683 0.7211985117
0.0359641059 0.3310344846 0.6562192661 0.7127253695 0.9327820025 0.3062486684 0.3239109117 0.5114127697 0.5106257362 0.6364726158 0.8058346743 0.5151626247 0.0000000000 0.4309884426 0.7993981142 0.4665591979 0.1323133335 0.9179430265 0.3231207635 0.9880100622 0.5107556437
0.6561997238 0.5294491020 0.4228998541 0.1534579201 0.4393568259 0.9421855789 0.2664832731 0.0048118278 0.8832750518 0.3556563335 0.9229888471 0.9016992092 0.4309884426 0.0000000000 0.8240873008 0.7710642403 0.1108156847 0.8366587639 0.8485331842 0.8377052174 0.2619781916
0.9331415568 0.6264676663 0.2698125668 0.3232902820 0.8455390112 0.4327851195 0.7189201326 0.0827526492 0.3922503086 0.5868920590 0.8743107539 0.5808466364 0.7993981142 0.8240873008 0.0000000000 0.4394933343 0.9769205317 0.6016098950 0.1135628477 0.6229022246 0.8543098306
0.4723424776 0.6778856842 0.9748474077 0.6680341241 0.3352960597 0.0821083102 0.3584463166 0.8288037823 0.4315175511 0.6456271378 0.7557918938 0.6049136680 0.4665591979 0.7710642403 0.4394933343 0.0000000000 0.9718408595 0.4445094918 0.0796596447 0.8383735659 0.1306799344
0.9320227327 0.3829674387 0.0741231961 0.6457328000 0.6084247038 0.4967489356 0.0603071427 0.7495562279 0.5737478084 0.0039995664 0.7756414832 0.2381429599 0.1323133335 0.1108156847 0.9769205317 0.9718408595 0.0000000000 0.1844670817 0.3980540751 0.6975166742 0.7119552483
0.6158083873 0.7865876801 0.2470292301 0.7933254396 0.0966584367 0.3415465759 0.8074665469 0.2170081951 0.7783433806 0.0907670534 0.3124346446 0.1850171570 0.9179430265 0.8366587639 0.6016098950 0.4445094918 0.1844670817 0.0000000000 0.8430507889 0.7197842579 0.0914075492
0.8789168463 0.7997615097 0.2799802827 0.1805336243 0.9886818891 0.4936758062 0.5598814990 0.9398237217 0.1505370906 0.7646182958 0.5925695326 0.8182939602 0.3231207635 0.8485331842 0.1135628477 0.0796596447 0.3980540751 0.8430507889 0.0000000000 0.1036750774 0.2163980997
0.0197318366 0.3626814543 0.9624489171 0.7191640851 0.5873429916 0.0937736404 0.9705867034 0.8451481063 0.5379548120 0.3491088535 0.5029366680 0.3885626683 0.9880100622 0.8377052174 0.6229022246 0.8383735659 0.6975166742 0.7197842579 0.1036750774 0.0000000000 0.3994966640
0.7248747847 0.6491553557 0.7228122880 0.2167906043 0.2211697057 0.4864636002 0.0473708231 0.3972538315 0.6597907080 0.8902070837 0.6051743862 0.7211985117 0.5107556437 0.2619781916 0.8543098306 0.1306799344 0.7119552483 0.0914075492 0.2163980997 0.3994966640 0.0000000000
