# Graph size: 21
# Optimal cost: 1.3249384889787548

# Distance Matrix
0.0 0.41071313217153516 0.5136173668059852 0.8458525450026608 0.3039954041402052 0.15642629714651635 0.02038049657591723 0.2774956739349299 0.3369463313541141 0.2814930492660871 0.9482154331416551 0.6534481312794514 0.7712309433404614 0.16272921073171387 0.9544692371326724 0.5430193843253165 0.4266308402186426 0.29161659074351354 0.5369628315537356 0.24369330808939882 0.5572448344830212
0.41071313217153516 0.0 0.8241044360370038 0.9428026581460063 0.9515394635526087 0.685311718537043 0.9057569910415609 0.3737554183738441 0.2724153279746815 0.6423781278726455 0.5713493887036721 0.0971031565080076 0.8383939675698856 0.03659172904548613 0.2689916815590566 0.9234351452455817 0.8104535973691793 0.6080646798203674 0.09108655086188266 0.3966216621849128 0.34631719899780544
0.5136173668059852 0.8241044360370038 0.0 0.7086657143859182 0.6079033926432312 0.9562544373878186 0.6914312981169493 0.4482638325605105 0.7942778532016548 0.2791268197174538 0.41142538948924756 0.8863600342467469 0.915922038970256 0.9838666073764891 0.4259942991937369 0.016208253027774955 0.39905809177678564 0.8916230209533084 0.9269978961627031 0.18794019174704224 0.6455634411696498
0.8458525450026608 0.9428026581460063 0.7086657143859182 0.0 0.07574828325540361 0.9676736992608522 0.047872951214412374 0.47554320328701505 0.0047039327864798475 0.49520999382606623 0.033092768504467074 0.3802214618091373 0.18496025074438882 0.8655279867781597 0.9535716068609347 0.05027001607056547 0.8444471541247606 0.42697364646099234 0.21848792566289676 0.708169377622615 0.3621528895209405
0.3039954041402052 0.9515394635526087 0.6079033926432312 0.07574828325540361 0.0 0.5887213296688631 0.8190867690927628 0.6179236358284843 0.34575704074087754 0.9000423620412163 0.2673285679682006 0.7714272672634839 0.48672259589312006 0.05819422713199629 0.3077397820847745 0.15800859902518083 0.5810612353709275 0.43553655140790326 0.3692928826535611 0.21215106510265025 0.3940252004765238
0.15642629714651635 0.685311718537043 0.9562544373878186 0.9676736992608522 0.5887213296688631 0.0 0.6705825662087221 0.40480714292719244 0.004120124349938581 0.3682675766372492 0.10304548782484069 0.977275836132743 0.4892000678040356 0.5275528253471212 0.34954148706170474 0.1956891075218672 0.663471766547151 0.3118874531505641 0.11446208677087033 0.37733658613184706 0.7875387602637318
0.02038049657591723 0.9057569910415609 0.6914312981169493 0.047872951214412374 0.8190867690927628 0.6705825662087221 0.0 0.49498045005311386 0.40963033054165565 0.11923707931904115 0.9343356465378659 0.7812320155982119 0.7167070868801082 0.7982573997085421 0.9931295315788089 0.15698813176870707 0.2679148708346428 0.3876459170986174 0.9190515248874858 0.5795873355250521 0.543498426904254
0.2774956739349299 0.3737554183738441 0.4482638325605105 0.47554320328701505 0.6179236358284843 0.40480714292719244 0.49498045005311386 0.0 0.8771208932282778 0.455972155082489 0.12776569286533346 0.288443024807877 0.5143174656380165 0.7802608999927896 0.3082746479423797 0.8363223474534773 0.547311371010987 0.5139466701669206 0.816105351796642 0.29475039730975616 0.14110142311890705
0.3369463313541141 0.2724153279746815 0.7942778532016548 0.0047039327864798475 0.34575704074087754 0.004120124349938581 0.40963033054165565 0.8771208932282778 0.0 0.33802267371460415 0.6795024891777404 0.1947624072709525 0.665346907354428 1.1565168897620381E-4 0.38598947565123853 0.535551876393625 0.6063200949840514 0.8554660815415538 0.28191615929583824 0.7663426671260466 0.9429481498133484
0.2814930492660871 0.6423781278726455 0.2791268197174538 0.49520999382606623 0.9000423620412163 0.3682675766372492 0.11923707931904115 0.455972155082489 0.33802267371460415 0.0 0.20614219920650034 0.26557878870846297 0.1387754663576759 0.9449828277215852 0.6106378099908243 0.5527515365702601 0.036041313037619704 7.502127691414451E-4 0.024479922413078947 0.08350790987738377 0.3390946098233524
0.9482154331416551 0.5713493887036721 0.41142538948924756 0.033092768504467074 0.2673285679682006 0.10304548782484069 0.9343356465378659 0.12776569286533346 0.6795024891777404 0.20614219920650034 0.0 0.262596947959458 0.10219896107846971 0.9604988446995592 0.6256308601537335 0.6100638254336916 0.24199115816120442 0.16139429096177405 0.014115477317322878 0.6739807842805118 0.9866285257948751
0.6534481312794514 0.0971031565080076 0.8863600342467469 0.3802214618091373 0.7714272672634839 0.977275836132743 0.7812320155982119 0.288443024807877 0.1947624072709525 0.26557878870846297 0.262596947959458 0.0 0.6519832288840728 0.7630013505602572 0.43909225978427024 0.207649628386685 0.9414667357272523 0.3143750806986163 0.24848570889963684 0.09458931699054762 0.06776779361107921
0.7712309433404614 0.8383939675698856 0.915922038970256 0.18496025074438882 0.48672259589312006 0.4892000678040356 0.7167070868801082 0.5143174656380165 0.665346907354428 0.1387754663576759 0.10219896107846971 0.6519832288840728 0.0 0.33162255968479815 0.8700097480877645 0.34698384137939786 0.9782197579778706 0.42230681555585603 0.6530329330756734 0.12411288204681781 0.279785891209442
0.16272921073171387 0.03659172904548613 0.9838666073764891 0.8655279867781597 0.05819422713199629 0.5275528253471212 0.7982573997085421 0.7802608999927896 1.1565168897620381E-4 0.9449828277215852 0.9604988446995592 0.7630013505602572 0.33162255968479815 0.0 0.6603019449434112 0.703308206083742 0.24591751276845797 0.3730000703770412 0.7253294602795375 0.43437152401292023 0.858259412791849
0.9544692371326724 0.2689916815590566 0.4259942991937369 0.9535716068609347 0.3077397820847745 0.34954148706170474 0.9931295315788089 0.3082746479423797 0.38598947565123853 0.6106378099908243 0.6256308601537335 0.43909225978427024 0.8700097480877645 0.6603019449434112 0.0 0.055108500285863005 0.46339377760180844 0.8158182620572785 0.2766630329954226 0.7804315590776286 0.9382160208674499
0.5430193843253165 0.9234351452455817 0.016208253027774955 0.05027001607056547 0.15800859902518083 0.1956891075218672 0.15698813176870707 0.8363223474534773 0.535551876393625 0.5527515365702601 0.6100638254336916 0.207649628386685 0.34698384137939786 0.703308206083742 0.055108500285863005 0.0 0.13196390611614206 0.004909105981311557 0.8997531627289277 0.5916166161816164 0.08881070006589342
0.4266308402186426 0.8104535973691793 0.39905809177678564 0.8444471541247606 0.5810612353709275 0.663471766547151 0.2679148708346428 0.547311371010987 0.6063200949840514 0.036041313037619704 0.24199115816120442 0.9414667357272523 0.9782197579778706 0.24591751276845797 0.46339377760180844 0.13196390611614206 0.0 0.9883246823266965 0.3655848645327494 0.9598985460257334 0.6629050088801316
0.29161659074351354 0.6080646798203674 0.8916230209533084 0.42697364646099234 0.43553655140790326 0.3118874531505641 0.3876459170986174 0.5139466701669206 0.8554660815415538 7.502127691414451E-4 0.16139429096177405 0.3143750806986163 0.42230681555585603 0.3730000703770412 0.8158182620572785 0.004909105981311557 0.9883246823266965 0.0 0.006340954551215083 0.586440668570349 0.5036347784502412
0.5369628315537356 0.09108655086188266 0.9269978961627031 0.21848792566289676 0.3692928826535611 0.11446208677087033 0.9190515248874858 0.816105351796642 0.28191615929583824 0.024479922413078947 0.014115477317322878 0.24848570889963684 0.6530329330756734 0.7253294602795375 0.2766630329954226 0.8997531627289277 0.3655848645327494 0.006340954551215083 0.0 0.1725849359497108 0.7348672849026302
0.24369330808939882 0.3966216621849128 0.18794019174704224 0.708169377622615 0.21215106510265025 0.37733658613184706 0.5795873355250521 0.29475039730975616 0.7663426671260466 0.08350790987738377 0.6739807842805118 0.09458931699054762 0.12411288204681781 0.43437152401292023 0.7804315590776286 0.5916166161816164 0.9598985460257334 0.586440668570349 0.1725849359497108 0.0 0.34079757337481664
0.5572448344830212 0.34631719899780544 0.6455634411696498 0.3621528895209405 0.3940252004765238 0.7875387602637318 0.543498426904254 0.14110142311890705 0.9429481498133484 0.3390946098233524 0.9866285257948751 0.06776779361107921 0.279785891209442 0.858259412791849 0.9382160208674499 0.08881070006589342 0.6629050088801316 0.5036347784502412 0.7348672849026302 0.34079757337481664 0.0

# Optimal Walk
0 6 18 17 15 14 2 16 9 19 12 10 7 20 11 1 13 4 8 5 3 0
