# MCW Instance
# Type: UNIFORM
# N: 21
# Optimal cost: 1.6425587790857208
# Optimal tour (permutation): [0, 10, 7, 5, 19, 18, 16, 14, 6, 8, 3, 4, 17, 2, 15, 1, 20, 9, 12, 11, 13, 0]
# Optimal walk (full path): [0, 5, 7, 10, 7, 5, 19, 18, 16, 14, 6, 8, 12, 3, 4, 17, 2, 15, 1, 20, 12, 9, 12, 13, 11, 13, 0]
# Walk size: 27
# Is walk (has repeats): true

# Distance Matrix
0.0000000000 0.9421266338 0.6664620349 0.8449334156 0.7393324137 0.0123314678 0.3143219616 0.5679578335 0.7526379744 0.8234389273 0.5168827295 0.7682749367 0.3753861057 0.1379773684 0.7440197454 0.7137451778 0.6732649987 0.5678834146 0.3318480794 0.5037775984 0.5758988536
0.9421266338 0.0000000000 0.7610193706 0.2393782339 0.7443311419 0.4431124864 0.6839899316 0.4424637897 0.6058516652 0.1543674956 0.1568061898 0.5007159642 0.8381494930 0.4450330849 0.2021713638 0.0918492446 0.9890742758 0.3625689467 0.9606399735 0.5979613883 0.0279456625
0.6664620349 0.7610193706 0.0000000000 0.3963620452 0.8926276579 0.1495396711 0.8100491007 0.0468720900 0.7392265048 0.8855251488 0.3351085513 0.3429061702 0.2460063338 0.5715548677 0.5504990651 0.0902553309 0.9674598984 0.1335417666 0.5290632168 0.4405914881 0.5644754919
0.8449334156 0.2393782339 0.3963620452 0.0000000000 0.1100406276 0.2117482446 0.7064360007 0.8831981052 0.5043874457 0.5468808536 0.2161759038 0.7608657765 0.0263892747 0.7807491282 0.4025177998 0.9426852494 0.2533797503 0.8582624531 0.2484330162 0.7135371632 0.8117453272
0.7393324137 0.7443311419 0.8926276579 0.1100406276 0.0000000000 0.3778114656 0.6765625199 0.8492772559 0.2825658814 0.3110520985 0.4612133168 0.2746275315 0.1688026723 0.7461891272 0.7664924353 0.3781269485 0.9265054212 0.2424362735 0.4697891864 0.2793383906 0.7587996301
0.0123314678 0.4431124864 0.1495396711 0.2117482446 0.3778114656 0.0000000000 0.9936811399 0.0167292827 0.4694849065 0.5989540996 0.8909856264 0.6718897966 0.1539148155 0.4676178659 0.7464030211 0.6789766898 0.3132722059 0.1793545637 0.3946951860 0.0248321596 0.9699751651
0.3143219616 0.6839899316 0.8100491007 0.7064360007 0.6765625199 0.9936811399 0.0000000000 0.1948916428 0.1248848965 0.2135515015 0.3975814758 0.2680405931 0.9101792406 0.7001546641 0.0428474353 0.4200335705 0.2026524256 0.4076709320 0.7437623738 0.6890609120 0.6381773932
0.5679578335 0.4424637897 0.0468720900 0.8831981052 0.8492772559 0.0167292827 0.1948916428 0.0000000000 0.0571593039 0.4215679474 0.0490830270 0.8574469978 0.8771015497 0.8007477387 0.8695289755 0.7905279326 0.6267687658 0.8681991874 0.2962837555 0.1752411276 0.7675760918
0.7526379744 0.6058516652 0.7392265048 0.5043874457 0.2825658814 0.4694849065 0.1248848965 0.0571593039 0.0000000000 0.7212769205 0.9744046640 0.7837646125 0.0471048592 0.1741223835 0.6042965244 0.8172058916 0.7223848847 0.9926719716 0.9256146427 0.1944932526 0.1421942666
0.8234389273 0.1543674956 0.8855251488 0.5468808536 0.3110520985 0.5989540996 0.2135515015 0.4215679474 0.7212769205 0.0000000000 0.9109617056 0.8569534043 0.0097857902 0.4325476035 0.6448237424 0.6844171505 0.2617045138 0.5852080018 0.9637960092 0.3884597658 0.0680381834
0.5168827295 0.1568061898 0.3351085513 0.2161759038 0.4612133168 0.8909856264 0.3975814758 0.0490830270 0.9744046640 0.9109617056 0.0000000000 0.3359720219 0.5080433209 0.4259176677 0.9711786900 0.8376409195 0.4443143297 0.5429503223 0.6123929457 0.2820056723 0.2434357165
0.7682749367 0.5007159642 0.3429061702 0.7608657765 0.2746275315 0.6718897966 0.2680405931 0.8574469978 0.7837646125 0.8569534043 0.3359720219 0.0000000000 0.4846418613 0.0071393053 0.3058371644 0.8315715175 0.7883053565 0.8889886898 0.2277869387 0.1184515637 0.2000717730
0.3753861057 0.8381494930 0.2460063338 0.0263892747 0.1688026723 0.1539148155 0.9101792406 0.8771015497 0.0471048592 0.0097857902 0.5080433209 0.4846418613 0.0000000000 0.1063113099 0.9062683870 0.4380003335 0.6381334495 0.8537422703 0.2828016760 0.7502734407 0.0410517006
0.1379773684 0.4450330849 0.5715548677 0.7807491282 0.7461891272 0.4676178659 0.7001546641 0.8007477387 0.1741223835 0.4325476035 0.4259176677 0.0071393053 0.1063113099 0.0000000000 0.5995404453 0.4809703982 0.5483359401 0.8858270814 0.9303068675 0.6680516019 0.2896928824
0.7440197454 0.2021713638 0.5504990651 0.4025177998 0.7664924353 0.7464030211 0.0428474353 0.8695289755 0.6042965244 0.6448237424 0.9711786900 0.3058371644 0.9062683870 0.5995404453 0.0000000000 0.6379698791 0.1761297735 0.7545449199 0.8291094574 0.9045971316 0.6020761149
0.7137451778 0.0918492446 0.0902553309 0.9426852494 0.3781269485 0.6789766898 0.4200335705 0.7905279326 0.8172058916 0.6844171505 0.8376409195 0.8315715175 0.4380003335 0.4809703982 0.6379698791 0.0000000000 0.4062409035 0.7681343050 0.6016224054 0.1560498306 0.7741323628
0.6732649987 0.9890742758 0.9674598984 0.2533797503 0.9265054212 0.3132722059 0.2026524256 0.6267687658 0.7223848847 0.2617045138 0.4443143297 0.7883053565 0.6381334495 0.5483359401 0.1761297735 0.4062409035 0.0000000000 0.8563663778 0.0173925804 0.2483893683 0.8093868674
0.5678834146 0.3625689467 0.1335417666 0.8582624531 0.2424362735 0.1793545637 0.4076709320 0.8681991874 0.9926719716 0.5852080018 0.5429503223 0.8889886898 0.8537422703 0.8858270814 0.7545449199 0.7681343050 0.8563663778 0.0000000000 0.5804821662 0.2576655357 0.8051784649
0.3318480794 0.9606399735 0.5290632168 0.2484330162 0.4697891864 0.3946951860 0.7437623738 0.2962837555 0.9256146427 0.9637960092 0.6123929457 0.2277869387 0.2828016760 0.9303068675 0.8291094574 0.6016224054 0.0173925804 0.5804821662 0.0000000000 0.0237622372 0.8592665765
0.5037775984 0.5979613883 0.4405914881 0.7135371632 0.2793383906 0.0248321596 0.6890609120 0.1752411276 0.1944932526 0.3884597658 0.2820056723 0.1184515637 0.7502734407 0.6680516019 0.9045971316 0.1560498306 0.2483893683 0.2576655357 0.0237622372 0.0000000000 0.1906119106
0.5758988536 0.0279456625 0.5644754919 0.8117453272 0.7587996301 0.9699751651 0.6381773932 0.7675760918 0.1421942666 0.0680381834 0.2434357165 0.2000717730 0.0410517006 0.2896928824 0.6020761149 0.7741323628 0.8093868674 0.8051784649 0.8592665765 0.1906119106 0.0000000000
