# Graph size: 21
# Optimal cost: 1.7755335674754618

# Distance Matrix
0.0 0.3824793630682053 0.29702135122917817 0.5442492847609293 0.861866132924559 0.2657597435351069 0.8856145297222108 0.8578537286083424 0.32220187521969246 0.6929664105415285 0.08534757369810797 0.6668978427374248 0.6476380559594334 0.08843603326489724 0.954305889950126 0.07875876784522251 0.4911356067792385 0.061814010114067064 0.9041879187302648 0.6947659979715906 0.9881973967329711
0.3824793630682053 0.0 0.6563233212009884 0.024350360679256555 0.3781887914353316 0.13110792063423204 0.8844642037107221 0.40883737284809807 0.974708962727633 0.5159229406140349 0.6432160374558661 0.8570298907008891 0.7302819211953044 0.6302087971289566 0.726789699324071 0.5460900913690182 0.5428918628115843 0.46769464482337464 0.062204952834113314 0.532164773552495 0.8575571658500122
0.29702135122917817 0.6563233212009884 0.0 0.4054148534567201 0.4814440319731482 0.22735149204460148 0.9680446542650695 0.9595832743541803 0.3136594419941381 0.32071895440305 0.7241023464203344 0.24835456311431847 0.8318899418151225 0.9642134854958269 0.15962203038004597 0.7327925345861569 0.12096598785981927 0.42807179236216797 0.35499490424678126 0.08177881989424496 0.246762059513428
0.5442492847609293 0.024350360679256555 0.4054148534567201 0.0 0.84539930554259 0.9260242796842366 0.8122598479730179 0.7016794141290414 0.11186278042684783 0.8921119490421002 0.6931435693518911 0.9772206930457704 0.48398451055916303 0.31803543180129146 0.7693221494259966 0.7717427851084182 0.928315013749177 0.046485535562261315 0.2617102509336343 0.7799521429538894 0.8137996876312682
0.861866132924559 0.3781887914353316 0.4814440319731482 0.84539930554259 0.0 0.04263488280339578 0.5298528105203694 0.23043260128220688 0.11094407980214205 0.35735974235579393 0.7455707364501546 0.33847260098882215 0.8639219298353338 0.48233899342255393 0.9192760000923634 0.6236852670976164 0.3355583920948929 0.9181057125442215 0.4450027986535212 0.605391275220386 0.8901607152731502
0.2657597435351069 0.13110792063423204 0.22735149204460148 0.9260242796842366 0.04263488280339578 0.0 0.10522844195633252 0.3858647627167977 0.7334610644937395 0.3754572610349983 0.47915059679421823 0.30856231131465073 0.5382893718815297 0.49244472919127025 0.3008181307080975 0.5937290257752826 0.89080207804289 0.40073304396400333 0.08807726623938983 0.7983186392427707 0.9518710464028499
0.8856145297222108 0.8844642037107221 0.9680446542650695 0.8122598479730179 0.5298528105203694 0.10522844195633252 0.0 0.597015786809594 0.9269254650504323 0.8268998836605514 0.8602402530775106 0.9255834966004753 0.6770503704338525 0.3806392035766557 0.4590424249167009 0.4323361970228077 0.10269340907099844 0.3959160941552662 0.3932116973953049 0.6575405412569784 0.25772548143564356
0.8578537286083424 0.40883737284809807 0.9595832743541803 0.7016794141290414 0.23043260128220688 0.3858647627167977 0.597015786809594 0.0 0.958929762745655 0.7235753972820588 0.8776157171485356 0.032924770188877184 0.48831960491745063 0.7981335494767926 0.7525220285505776 0.6337973386863921 0.8147364614855033 0.49701178372067123 0.8128643420283251 0.8988834685001426 0.15446560552663713
0.32220187521969246 0.974708962727633 0.3136594419941381 0.11186278042684783 0.11094407980214205 0.7334610644937395 0.9269254650504323 0.958929762745655 0.0 0.12479991868871088 0.22961222368557643 0.7913435111021895 0.8736158381296469 0.16246474747900552 0.3493773086233256 0.10071959341799153 0.37005425829900507 0.8107526169104342 0.5494777504902792 0.37711976671356917 0.3621792970464933
0.6929664105415285 0.5159229406140349 0.32071895440305 0.8921119490421002 0.35735974235579393 0.3754572610349983 0.8268998836605514 0.7235753972820588 0.12479991868871088 0.0 0.7579732716733629 0.06955843275090812 0.3866741747295348 0.36678937235760223 0.887283567036444 0.6103249403533216 0.9249632353015395 0.1727180650799618 0.7020661927530655 0.6549880622465404 0.6542198820387085
0.08534757369810797 0.6432160374558661 0.7241023464203344 0.6931435693518911 0.7455707364501546 0.47915059679421823 0.8602402530775106 0.8776157171485356 0.22961222368557643 0.7579732716733629 0.0 0.6725711965176664 0.0927244811321527 0.6653049690640702 0.7404598257309297 0.5018149824015509 0.6941918993117205 0.5316419345605174 0.4582941832144368 0.5526287966388146 0.4906805670362424
0.6668978427374248 0.8570298907008891 0.24835456311431847 0.9772206930457704 0.33847260098882215 0.30856231131465073 0.9255834966004753 0.032924770188877184 0.7913435111021895 0.06955843275090812 0.6725711965176664 0.0 0.9152729745717956 0.6040321100878652 0.5793494074016217 0.5126700620216046 0.41116717091979826 0.5117808852408641 0.792998932233798 0.44086440007920513 0.7808074567117341
0.6476380559594334 0.7302819211953044 0.8318899418151225 0.48398451055916303 0.8639219298353338 0.5382893718815297 0.6770503704338525 0.48831960491745063 0.8736158381296469 0.3866741747295348 0.0927244811321527 0.9152729745717956 0.0 0.7026036967383761 0.5543012954554694 0.6828215257729107 0.8571215982070016 0.7133965061323988 0.017757188558232384 0.020185996004929097 0.10739617426448245
0.08843603326489724 0.6302087971289566 0.9642134854958269 0.31803543180129146 0.48233899342255393 0.49244472919127025 0.3806392035766557 0.7981335494767926 0.16246474747900552 0.36678937235760223 0.6653049690640702 0.6040321100878652 0.7026036967383761 0.0 0.4499966396910817 0.8537610515668473 0.23793272234231944 0.2550827424455182 0.4881378557958047 0.9814078095844229 0.24175546763417588
0.954305889950126 0.726789699324071 0.15962203038004597 0.7693221494259966 0.9192760000923634 0.3008181307080975 0.4590424249167009 0.7525220285505776 0.3493773086233256 0.887283567036444 0.7404598257309297 0.5793494074016217 0.5543012954554694 0.4499966396910817 0.0 0.8076947733416161 0.10621797343618211 0.5815510304600008 0.0457107719255444 0.8155327520980207 0.4754465219934416
0.07875876784522251 0.5460900913690182 0.7327925345861569 0.7717427851084182 0.6236852670976164 0.5937290257752826 0.4323361970228077 0.6337973386863921 0.10071959341799153 0.6103249403533216 0.5018149824015509 0.5126700620216046 0.6828215257729107 0.8537610515668473 0.8076947733416161 0.0 0.5278385319760798 0.6694546664352435 0.694764429519201 0.3557916598733756 0.7728651574630054
0.4911356067792385 0.5428918628115843 0.12096598785981927 0.928315013749177 0.3355583920948929 0.89080207804289 0.10269340907099844 0.8147364614855033 0.37005425829900507 0.9249632353015395 0.6941918993117205 0.41116717091979826 0.8571215982070016 0.23793272234231944 0.10621797343618211 0.5278385319760798 0.0 0.42288559460540553 0.4884253044946837 0.8502472874904022 0.1572466344990433
0.061814010114067064 0.46769464482337464 0.42807179236216797 0.046485535562261315 0.9181057125442215 0.40073304396400333 0.3959160941552662 0.49701178372067123 0.8107526169104342 0.1727180650799618 0.5316419345605174 0.5117808852408641 0.7133965061323988 0.2550827424455182 0.5815510304600008 0.6694546664352435 0.42288559460540553 0.0 0.27573391586917717 0.5101947749649932 0.255292237666612
0.9041879187302648 0.062204952834113314 0.35499490424678126 0.2617102509336343 0.4450027986535212 0.08807726623938983 0.3932116973953049 0.8128643420283251 0.5494777504902792 0.7020661927530655 0.4582941832144368 0.792998932233798 0.017757188558232384 0.4881378557958047 0.0457107719255444 0.694764429519201 0.4884253044946837 0.27573391586917717 0.0 0.571332879029595 0.010615162837179448
0.6947659979715906 0.532164773552495 0.08177881989424496 0.7799521429538894 0.605391275220386 0.7983186392427707 0.6575405412569784 0.8988834685001426 0.37711976671356917 0.6549880622465404 0.5526287966388146 0.44086440007920513 0.020185996004929097 0.9814078095844229 0.8155327520980207 0.3557916598733756 0.8502472874904022 0.5101947749649932 0.571332879029595 0.0 0.9183410292698769
0.9881973967329711 0.8575571658500122 0.246762059513428 0.8137996876312682 0.8901607152731502 0.9518710464028499 0.25772548143564356 0.15446560552663713 0.3621792970464933 0.6542198820387085 0.4906805670362424 0.7808074567117341 0.10739617426448245 0.24175546763417588 0.4754465219934416 0.7728651574630054 0.1572466344990433 0.255292237666612 0.010615162837179448 0.9183410292698769 0.0

# Optimal Walk
0 15 17 3 1 18 14 20 7 11 9 8 4 5 6 16 2 19 12 10 13 0
