# Graph size: 21
# Optimal cost: 1.443798696059293

# Distance Matrix
0.0 0.8777505186061482 0.8437583456263427 0.08150070683690569 0.046756166688956324 0.1078923556718624 0.5361084632697547 0.35300068541685214 0.04265790592310148 0.3941333247680924 0.10648680401485255 0.9508304587095957 0.24155636631394262 0.10810667506709426 0.06864068320779815 0.8876931435193447 0.46281759338191397 0.9581204186132343 0.8051493410672564 0.8536488157694472 0.9066738623882765
0.8777505186061482 0.0 0.24503058938527478 0.15772551236504806 0.5572278742207217 0.9088247098201249 0.06149050008869017 0.11345749942776395 0.7482164543273941 0.35117457578198197 0.09500616219003755 0.6353623678643172 0.8291269328072998 0.9181903489585792 0.00870587377217158 0.1006593171902791 0.04146797881038489 0.1940270671124691 0.4684577201204333 0.25646202864149437 0.5732801667662578
0.8437583456263427 0.24503058938527478 0.0 0.9324830190288973 0.7609456667024856 0.08012741615646957 0.5760048243741097 0.7000103927207934 0.6045414887562913 0.44028732798593784 0.0016053530516539904 0.4914213350184533 0.19328606545878846 0.9946290825367716 0.3749616380768498 0.8485932002983114 0.734020463681803 0.331779199992428 0.1019099725846987 0.4743911690763588 0.7376837184715036
0.08150070683690569 0.15772551236504806 0.9324830190288973 0.0 0.9671847249614824 0.6799023786609409 0.32719032702762674 0.10802047832837203 0.43667423568647634 0.22611073723754593 0.7057932183331821 0.6344187214940055 0.3964211132955401 0.066902572428725 0.890203122123524 0.8403239703448606 0.3343198636065935 0.7429674651123195 0.49062748955423363 0.26465314595346423 0.2253252690340828
0.046756166688956324 0.5572278742207217 0.7609456667024856 0.9671847249614824 0.0 0.6759737044891605 0.7752495554721103 0.16085759434079006 0.2220938246953752 0.9154872927047666 0.8967208014401798 0.2867617441767898 0.26230561193806246 0.8389863244229975 0.11799062482650469 0.928029877276822 0.2953335272917871 0.4131555589939335 0.8500036177302991 0.5490906943525238 0.6834665540619695
0.1078923556718624 0.9088247098201249 0.08012741615646957 0.6799023786609409 0.6759737044891605 0.0 0.6412477934886232 0.5569592499171658 0.4975752357114318 0.21668221284682876 0.11914952141060964 0.3592424534831753 0.0018009521693911346 0.09500260194056276 0.2018910810531308 0.4697977710544252 0.2955606629368097 0.17875771932063156 0.14269141008928765 0.4366340857337563 0.08045227315803694
0.5361084632697547 0.06149050008869017 0.5760048243741097 0.32719032702762674 0.7752495554721103 0.6412477934886232 0.0 0.784618329450012 0.7082310067572946 0.5323103672411875 0.6932111593437398 0.3140502438919506 0.19669663017910044 0.5306678183521506 0.2839841821040173 0.04088055778183086 0.4892437326019762 0.5417368168471706 0.031210325807204398 0.45595549543513325 0.750873924092285
0.35300068541685214 0.11345749942776395 0.7000103927207934 0.10802047832837203 0.16085759434079006 0.5569592499171658 0.784618329450012 0.0 0.5376621589629631 0.9197501696254053 0.6694089187804942 0.663326326147738 0.6956534464760663 0.8911322455865259 0.5048491541077842 0.6204332513115696 0.7083818224744148 0.23826147423946975 0.08481102632440474 0.1454921766634485 0.7679081008589314
0.04265790592310148 0.7482164543273941 0.6045414887562913 0.43667423568647634 0.2220938246953752 0.4975752357114318 0.7082310067572946 0.5376621589629631 0.0 0.9616610968835355 0.9031092892745337 0.9005577580507793 0.016141888462623988 0.4302963500321755 0.607268379847041 0.04915873523836567 0.8729947335360264 0.0972544054857446 0.9729925562525772 0.40679651081147283 0.8028047661899752
0.3941333247680924 0.35117457578198197 0.44028732798593784 0.22611073723754593 0.9154872927047666 0.21668221284682876 0.5323103672411875 0.9197501696254053 0.9616610968835355 0.0 0.2090316476415417 0.8426796940645315 0.7676838598823846 0.7602743990063497 0.41690661060600576 0.12127090506078209 0.031533375202680736 0.769076503930308 0.949852228688996 0.2752673394222279 0.2708068715504862
0.10648680401485255 0.09500616219003755 0.0016053530516539904 0.7057932183331821 0.8967208014401798 0.11914952141060964 0.6932111593437398 0.6694089187804942 0.9031092892745337 0.2090316476415417 0.0 0.8294486111855331 0.540668830993899 0.16453452480048214 0.6766892579589452 0.6255088637896549 0.6104951531284701 0.4515535798759427 0.40115065427013474 0.3086914092670908 0.31158130326465094
0.9508304587095957 0.6353623678643172 0.4914213350184533 0.6344187214940055 0.2867617441767898 0.3592424534831753 0.3140502438919506 0.663326326147738 0.9005577580507793 0.8426796940645315 0.8294486111855331 0.0 0.2790678388061407 0.6728133542940531 0.9706129163842966 0.9041844800223402 0.3846125532907462 0.20594106176985805 0.28684628209220475 0.6006745508841798 0.3292041326329722
0.24155636631394262 0.8291269328072998 0.19328606545878846 0.3964211132955401 0.26230561193806246 0.0018009521693911346 0.19669663017910044 0.6956534464760663 0.016141888462623988 0.7676838598823846 0.540668830993899 0.2790678388061407 0.0 0.8447195977961173 0.21249097144563667 0.44841300281576724 0.05750452461079547 0.5890998520290459 0.5410944932887108 0.04269586751478105 0.5780658311853794
0.10810667506709426 0.9181903489585792 0.9946290825367716 0.066902572428725 0.8389863244229975 0.09500260194056276 0.5306678183521506 0.8911322455865259 0.4302963500321755 0.7602743990063497 0.16453452480048214 0.6728133542940531 0.8447195977961173 0.0 0.6338251694460381 0.6003926210654044 0.8620272588074435 0.1547984241383148 0.8188674046966202 0.35150057830486214 0.8002169719943694
0.06864068320779815 0.00870587377217158 0.3749616380768498 0.890203122123524 0.11799062482650469 0.2018910810531308 0.2839841821040173 0.5048491541077842 0.607268379847041 0.41690661060600576 0.6766892579589452 0.9706129163842966 0.21249097144563667 0.6338251694460381 0.0 0.03459598470155423 0.9373465700610033 0.6826014657815294 0.03327206683307171 0.4010889701072011 0.6761115247550005
0.8876931435193447 0.1006593171902791 0.8485932002983114 0.8403239703448606 0.928029877276822 0.4697977710544252 0.04088055778183086 0.6204332513115696 0.04915873523836567 0.12127090506078209 0.6255088637896549 0.9041844800223402 0.44841300281576724 0.6003926210654044 0.03459598470155423 0.0 0.7438417567642078 0.7037792472904417 0.9407876744242958 0.5745100158875117 0.7570586503954839
0.46281759338191397 0.04146797881038489 0.734020463681803 0.3343198636065935 0.2953335272917871 0.2955606629368097 0.4892437326019762 0.7083818224744148 0.8729947335360264 0.031533375202680736 0.6104951531284701 0.3846125532907462 0.05750452461079547 0.8620272588074435 0.9373465700610033 0.7438417567642078 0.0 0.03145062738577964 0.13541487217711523 0.2784783415078571 0.8521271579270341
0.9581204186132343 0.1940270671124691 0.331779199992428 0.7429674651123195 0.4131555589939335 0.17875771932063156 0.5417368168471706 0.23826147423946975 0.0972544054857446 0.769076503930308 0.4515535798759427 0.20594106176985805 0.5890998520290459 0.1547984241383148 0.6826014657815294 0.7037792472904417 0.03145062738577964 0.0 0.36573299439637863 0.1530173074553245 0.5399322204391207
0.8051493410672564 0.4684577201204333 0.1019099725846987 0.49062748955423363 0.8500036177302991 0.14269141008928765 0.031210325807204398 0.08481102632440474 0.9729925562525772 0.949852228688996 0.40115065427013474 0.28684628209220475 0.5410944932887108 0.8188674046966202 0.03327206683307171 0.9407876744242958 0.13541487217711523 0.36573299439637863 0.0 0.1311294593464718 0.3848566999601194
0.8536488157694472 0.25646202864149437 0.4743911690763588 0.26465314595346423 0.5490906943525238 0.4366340857337563 0.45595549543513325 0.1454921766634485 0.40679651081147283 0.2752673394222279 0.3086914092670908 0.6006745508841798 0.04269586751478105 0.35150057830486214 0.4010889701072011 0.5745100158875117 0.2784783415078571 0.1530173074553245 0.1311294593464718 0.0 4.8388604230775734E-4
0.9066738623882765 0.5732801667662578 0.7376837184715036 0.2253252690340828 0.6834665540619695 0.08045227315803694 0.750873924092285 0.7679081008589314 0.8028047661899752 0.2708068715504862 0.31158130326465094 0.3292041326329722 0.5780658311853794 0.8002169719943694 0.6761115247550005 0.7570586503954839 0.8521271579270341 0.5399322204391207 0.3848566999601194 4.8388604230775734E-4 0.0

# Optimal Walk
0 8 20 19 12 5 2 10 13 3 7 18 6 15 14 1 16 9 17 11 4 0
