# MCW Instance
# Type: EXPONENTIAL
# N: 20
# Optimal cost: 1.2859716962445387
# Optimal tour (permutation): [0, 11, 7, 12, 13, 3, 10, 2, 17, 6, 19, 9, 1, 15, 4, 14, 18, 16, 8, 5, 0]
# Optimal walk (full path): [0, 11, 7, 12, 13, 16, 3, 10, 2, 10, 17, 19, 6, 19, 9, 1, 15, 4, 15, 14, 18, 16, 8, 0, 5, 0]
# Walk size: 26
# Is walk (has repeats): true

# Distance Matrix
0.0000000000 2.3381537912 0.8534051156 3.4457652142 1.4529488950 0.0426369661 1.0692207553 0.6112205402 0.0376605577 0.1687959334 2.1675246390 0.1099590893 1.9562698728 0.9124548535 0.8207427563 0.3780341347 0.1425136903 0.7556060305 0.2698567962 0.4578401844
2.3381537912 0.0000000000 0.8248890708 0.1492898123 0.3123593288 1.1428059705 0.3245918552 0.0979188953 0.3794726389 0.1699742565 0.2504582847 0.3694294106 2.0823355086 1.5157670123 0.7328813027 0.0246933436 0.3110100380 0.1432482281 0.9691415998 0.5207750514
0.8534051156 0.8248890708 0.0000000000 0.6123115135 1.0460611907 0.8309124582 0.4590442272 0.8024618968 0.6547852767 0.3863328034 0.0771992771 1.5282796832 0.9642529971 1.5723431858 0.9795684842 0.4457738923 0.5967027321 1.3348528307 1.4636446532 0.8414822903
3.4457652142 0.1492898123 0.6123115135 0.0000000000 0.3648621476 0.7907454591 0.0970252354 0.1529843867 1.1478227493 0.8557966260 0.0175785433 4.5411294741 1.1771585478 0.5735616663 0.1333589644 0.0774035791 0.0245128148 0.7051292276 1.4817432638 0.4546906689
1.4529488950 0.3123593288 1.0460611907 0.3648621476 0.0000000000 0.1711748315 1.1020677818 1.2253112006 0.7431204099 1.5817925197 0.2355101823 0.4794157299 0.2663427850 0.8100309529 1.0395681578 0.0135594745 1.7800033902 1.3933876249 0.1845124483 3.2004573443
0.0426369661 1.1428059705 0.8309124582 0.7907454591 0.1711748315 0.0000000000 0.2678773406 1.1324122724 0.4533994887 2.0209383276 3.6505191531 0.2407280307 1.7934749669 0.2425050135 0.7143079823 1.2475039405 0.3880547911 0.2741757942 2.7353825981 0.0622745972
1.0692207553 0.3245918552 0.4590442272 0.0970252354 1.1020677818 0.2678773406 0.0000000000 0.0519651378 4.7649348564 0.8047462389 0.7680339348 4.0966013550 0.2493698159 1.7917360824 0.8908298664 2.0165076080 0.0746893703 1.1982915946 2.7980508392 0.0342125657
0.6112205402 0.0979188953 0.8024618968 0.1529843867 1.2253112006 1.1324122724 0.0519651378 0.0000000000 0.1174855341 0.1477548069 0.6055501754 0.1087211068 0.0376247509 1.2183889377 0.1491912008 2.5598956178 0.7900791399 0.7534761563 0.1560579766 0.3807436666
0.0376605577 0.3794726389 0.6547852767 1.1478227493 0.7431204099 0.4533994887 4.7649348564 0.1174855341 0.0000000000 0.2209389945 0.1080768884 0.1822289483 0.6270519741 1.6947523869 0.2653545142 1.3706045480 0.0376071228 2.3306834203 0.3136717855 4.3759001964
0.1687959334 0.1699742565 0.3863328034 0.8557966260 1.5817925197 2.0209383276 0.8047462389 0.1477548069 0.2209389945 0.0000000000 0.6857654207 1.5440749668 2.0800405301 2.8413507935 0.5093321951 1.3394985564 0.5198914446 0.5806594497 1.7500677187 0.0865589823
2.1675246390 0.2504582847 0.0771992771 0.0175785433 0.2355101823 3.6505191531 0.7680339348 0.6055501754 0.1080768884 0.6857654207 0.0000000000 0.2139388502 0.6562521531 0.8167848893 0.5538603560 2.0054343976 0.4394310831 0.0201092380 0.6026678838 0.1709635397
0.1099590893 0.3694294106 1.5282796832 4.5411294741 0.4794157299 0.2407280307 4.0966013550 0.1087211068 0.1822289483 1.5440749668 0.2139388502 0.0000000000 0.8969474024 0.7130107111 0.5718072671 0.7516331144 0.5784159922 1.3194719639 0.6105641274 0.3984741183
1.9562698728 2.0823355086 0.9642529971 1.1771585478 0.2663427850 1.7934749669 0.2493698159 0.0376247509 0.6270519741 2.0800405301 0.6562521531 0.8969474024 0.0000000000 0.0547022666 0.2215584418 0.9496681452 0.1654167032 1.5076099534 0.9682503018 2.3982935650
0.9124548535 1.5157670123 1.5723431858 0.5735616663 0.8100309529 0.2425050135 1.7917360824 1.2183889377 1.6947523869 2.8413507935 0.8167848893 0.7130107111 0.0547022666 0.0000000000 0.7076359641 2.3386400777 0.0426196637 0.4198969895 2.3311542213 0.0638659162
0.8207427563 0.7328813027 0.9795684842 0.1333589644 1.0395681578 0.7143079823 0.8908298664 0.1491912008 0.2653545142 0.5093321951 0.5538603560 0.5718072671 0.2215584418 0.7076359641 0.0000000000 0.0736395200 1.2609298754 6.4643004276 0.0107703184 0.2823791062
0.3780341347 0.0246933436 0.4457738923 0.0774035791 0.0135594745 1.2475039405 2.0165076080 2.5598956178 1.3706045480 1.3394985564 2.0054343976 0.7516331144 0.9496681452 2.3386400777 0.0736395200 0.0000000000 0.0457551090 0.6854766309 1.9809210654 0.3103911527
0.1425136903 0.3110100380 0.5967027321 0.0245128148 1.7800033902 0.3880547911 0.0746893703 0.7900791399 0.0376071228 0.5198914446 0.4394310831 0.5784159922 0.1654167032 0.0426196637 1.2609298754 0.0457551090 0.0000000000 0.0383649943 0.0612966370 3.4971353307
0.7556060305 0.1432482281 1.3348528307 0.7051292276 1.3933876249 0.2741757942 1.1982915946 0.7534761563 2.3306834203 0.5806594497 0.0201092380 1.3194719639 1.5076099534 0.4198969895 6.4643004276 0.6854766309 0.0383649943 0.0000000000 0.7996628352 0.0327269178
0.2698567962 0.9691415998 1.4636446532 1.4817432638 0.1845124483 2.7353825981 2.7980508392 0.1560579766 0.3136717855 1.7500677187 0.6026678838 0.6105641274 0.9682503018 2.3311542213 0.0107703184 1.9809210654 0.0612966370 0.7996628352 0.0000000000 1.0553916496
0.4578401844 0.5207750514 0.8414822903 0.4546906689 3.2004573443 0.0622745972 0.0342125657 0.3807436666 4.3759001964 0.0865589823 0.1709635397 0.3984741183 2.3982935650 0.0638659162 0.2823791062 0.3103911527 3.4971353307 0.0327269178 1.0553916496 0.0000000000
