# MCW Instance
# Type: EXPONENTIAL
# N: 20
# Optimal cost: 0.9826833623756537
# Optimal tour (permutation): [0, 14, 10, 19, 16, 9, 18, 7, 11, 12, 3, 2, 1, 15, 13, 8, 4, 17, 5, 6, 0]
# Optimal walk (full path): [0, 14, 10, 19, 9, 16, 9, 18, 7, 11, 12, 3, 2, 1, 15, 13, 8, 4, 17, 5, 13, 0, 6, 0]
# Walk size: 24
# Is walk (has repeats): true

# Distance Matrix
0.0000000000 1.1003172023 1.2297070982 0.5341772646 0.7544312152 1.9753446079 0.0237503413 6.1529389804 1.2588344813 0.3230832852 1.2278873714 0.2602348626 0.4502040398 0.0189750771 0.0164884441 0.0820207111 0.7360539562 0.4412594646 0.2251501705 0.9606321395
1.1003172023 0.0000000000 0.0616565637 3.4313135862 1.0673500498 0.1143096298 0.1068889764 1.1659705900 1.4398599638 1.3827160328 0.3422016872 0.2553520799 0.1893153937 0.4365932824 0.6252029556 0.0077095510 0.3735479513 0.2724719373 0.3314684679 2.0121064010
1.2297070982 0.0616565637 0.0000000000 0.0372895124 1.9627493754 1.6675221647 0.7016011033 0.6234378917 0.3335801411 0.1851831568 1.5436095757 0.2112357504 0.5267972201 1.6068165029 1.2823446839 0.3578438632 3.3618149573 0.1060085945 1.0288925274 1.5775959096
0.5341772646 3.4313135862 0.0372895124 0.0000000000 1.2068442886 1.2545999778 0.6347792273 0.3753063399 1.9966889313 2.9984244388 0.2105912503 0.4557895781 0.0082835945 0.6526560152 0.8570016972 0.7413024620 0.5218224306 1.1295655507 4.4650247364 0.6095474958
0.7544312152 1.0673500498 1.9627493754 1.2068442886 0.0000000000 2.0857510013 1.1892665736 0.9195118405 0.0465177926 0.9129606738 1.0819977252 1.2169472357 0.2394883891 0.9716537018 0.1807453818 1.8933913056 0.8557543881 0.0621138428 0.8670439207 0.6391335020
1.9753446079 0.1143096298 1.6675221647 1.2545999778 2.0857510013 0.0000000000 0.6705295077 1.1704785608 0.8569302086 0.3099513953 0.8597828830 0.7271696441 1.0149943656 0.0558554274 0.4408992089 0.1462407982 0.3443540367 0.0943376621 0.1778720624 0.1755973166
0.0237503413 0.1068889764 0.7016011033 0.6347792273 1.1892665736 0.6705295077 0.0000000000 0.2489064373 1.3849850643 0.1833695797 1.5155772874 0.5963652927 0.4098064629 2.5560465590 0.7861369816 0.3393040275 0.3491499678 0.7458400283 1.6782052566 1.5632369054
6.1529389804 1.1659705900 0.6234378917 0.3753063399 0.9195118405 1.1704785608 0.2489064373 0.0000000000 0.6470293897 0.2248202577 2.3731666306 0.0735284588 0.2442878292 1.6772982583 2.2170273613 2.6247590671 2.2962334385 0.8950226355 0.1134686490 2.2232977036
1.2588344813 1.4398599638 0.3335801411 1.9966889313 0.0465177926 0.8569302086 1.3849850643 0.6470293897 0.0000000000 0.4568616698 0.1533050191 0.0033047892 4.0481920063 0.0077625305 0.9882668386 0.8293014023 0.1868440747 0.9253655086 1.9882395653 1.0498293221
0.3230832852 1.3827160328 0.1851831568 2.9984244388 0.9129606738 0.3099513953 0.1833695797 0.2248202577 0.4568616698 0.0000000000 1.5728315668 0.0468735393 3.0363551960 1.9855821549 2.7657509529 1.9143478223 0.0077178608 0.1189869167 0.1278380793 0.0064908928
1.2278873714 0.3422016872 1.5436095757 0.2105912503 1.0819977252 0.8597828830 1.5155772874 2.3731666306 0.1533050191 1.5728315668 0.0000000000 0.5850054118 2.9982732088 0.5353873783 0.0101390689 0.3516280144 1.9065984330 0.8244908206 0.2422644680 0.0725254726
0.2602348626 0.2553520799 0.2112357504 0.4557895781 1.2169472357 0.7271696441 0.5963652927 0.0735284588 0.0033047892 0.0468735393 0.5850054118 0.0000000000 0.0628964627 0.6703388063 0.5421383727 0.8884811663 0.3909402458 0.1006977961 0.5761882824 0.6398398532
0.4502040398 0.1893153937 0.5267972201 0.0082835945 0.2394883891 1.0149943656 0.4098064629 0.2442878292 4.0481920063 3.0363551960 2.9982732088 0.0628964627 0.0000000000 1.6114066089 0.1400900542 2.1405341332 2.3513869537 1.3541489074 0.6197725802 0.9472407083
0.0189750771 0.4365932824 1.6068165029 0.6526560152 0.9716537018 0.0558554274 2.5560465590 1.6772982583 0.0077625305 1.9855821549 0.5353873783 0.6703388063 1.6114066089 0.0000000000 0.7334861253 0.0358698759 0.0979718572 0.5978081542 0.5085184863 0.8534359044
0.0164884441 0.6252029556 1.2823446839 0.8570016972 0.1807453818 0.4408992089 0.7861369816 2.2170273613 0.9882668386 2.7657509529 0.0101390689 0.5421383727 0.1400900542 0.7334861253 0.0000000000 1.6618540980 0.7907131754 0.4355247776 0.7054257394 0.5772713534
0.0820207111 0.0077095510 0.3578438632 0.7413024620 1.8933913056 0.1462407982 0.3393040275 2.6247590671 0.8293014023 1.9143478223 0.3516280144 0.8884811663 2.1405341332 0.0358698759 1.6618540980 0.0000000000 0.5647945333 2.4133324170 1.6599231004 0.3797254001
0.7360539562 0.3735479513 3.3618149573 0.5218224306 0.8557543881 0.3443540367 0.3491499678 2.2962334385 0.1868440747 0.0077178608 1.9065984330 0.3909402458 2.3513869537 0.0979718572 0.7907131754 0.5647945333 0.0000000000 0.2088516556 1.1034286419 0.3864830107
0.4412594646 0.2724719373 0.1060085945 1.1295655507 0.0621138428 0.0943376621 0.7458400283 0.8950226355 0.9253655086 0.1189869167 0.8244908206 0.1006977961 1.3541489074 0.5978081542 0.4355247776 2.4133324170 0.2088516556 0.0000000000 1.2806521312 0.4749349954
0.2251501705 0.3314684679 1.0288925274 4.4650247364 0.8670439207 0.1778720624 1.6782052566 0.1134686490 1.9882395653 0.1278380793 0.2422644680 0.5761882824 0.6197725802 0.5085184863 0.7054257394 1.6599231004 1.1034286419 1.2806521312 0.0000000000 3.8061757356
0.9606321395 2.0121064010 1.5775959096 0.6095474958 0.6391335020 0.1755973166 1.5632369054 2.2232977036 1.0498293221 0.0064908928 0.0725254726 0.6398398532 0.9472407083 0.8534359044 0.5772713534 0.3797254001 0.3864830107 0.4749349954 3.8061757356 0.0000000000
