# MCW Instance
# Type: EXPONENTIAL
# N: 20
# Optimal cost: 1.5234705883548438
# Optimal tour (permutation): [0, 9, 7, 18, 17, 14, 8, 10, 1, 5, 15, 19, 4, 11, 13, 12, 2, 3, 16, 6, 0]
# Optimal walk (full path): [0, 9, 0, 7, 18, 14, 17, 14, 8, 10, 1, 5, 15, 4, 19, 4, 11, 13, 2, 12, 2, 3, 16, 6, 0]
# Walk size: 25
# Is walk (has repeats): true

# Distance Matrix
0.0000000000 0.5715987897 0.4191014125 3.4683358718 0.2424024655 1.4664653704 0.1015057247 0.0602408490 0.5656997010 0.0037141230 0.0140727933 1.3035738106 0.5834180904 0.6779482642 0.7392454884 2.8076513860 1.1476237485 1.2336442234 1.4832918842 0.1032661135
0.5715987897 0.0000000000 2.4669726399 0.7000718855 2.2527106445 0.1123901946 1.4213949170 1.1816923113 1.7377580572 0.5605571079 0.0625586425 0.0687237424 0.4355910273 0.1467477953 0.4137194342 0.8916926571 0.6483673217 0.9284784215 0.9074576161 0.8963737367
0.4191014125 2.4669726399 0.0000000000 0.0800447695 0.0618288610 2.5205575416 3.1287193655 0.6369402660 0.5561473812 0.5037936244 2.5102808015 0.4992508599 0.0134807563 0.0621551651 2.1105920136 0.7054326601 0.5215806920 1.4764389060 1.3977180100 1.0668130923
3.4683358718 0.7000718855 0.0800447695 0.0000000000 0.8451795001 0.1572384338 1.5501407253 1.1289361021 0.8328132882 2.7566849958 0.5539665062 1.2696658208 0.6344266781 0.7846926327 1.4314985688 1.3752590164 0.0866011915 1.0278948562 0.4761355734 0.0651137140
0.2424024655 2.2527106445 0.0618288610 0.8451795001 0.0000000000 1.2449094150 0.3434018567 1.9466458102 0.6199216899 2.3016515785 0.2899780859 0.0433503625 2.2678407789 0.2895679966 1.1282404407 0.3021276697 0.3992551739 0.9542565420 1.3808482151 0.0058019677
1.4664653704 0.1123901946 2.5205575416 0.1572384338 1.2449094150 0.0000000000 1.5946360270 1.3914102023 0.4553244356 0.3209953388 0.8490061521 0.3282454053 0.5760139365 1.0557827723 1.2316356664 0.1376355035 2.6568827515 0.5906684617 0.2091624668 2.7644890826
0.1015057247 1.4213949170 3.1287193655 1.5501407253 0.3434018567 1.5946360270 0.0000000000 0.4167053104 1.0795202774 0.4439851234 1.9588625311 2.5061180528 0.4472418628 0.3703927872 6.0438277111 0.7751389070 0.0372223751 0.5442937383 0.3083550423 1.9093130447
0.0602408490 1.1816923113 0.6369402660 1.1289361021 1.9466458102 1.3914102023 0.4167053104 0.0000000000 2.1961000289 0.3528324303 1.6537001869 3.6101574052 0.8810854809 3.5078602667 0.3044285942 1.4317670630 2.5423219902 0.3262380704 0.0058859258 0.5828947079
0.5656997010 1.7377580572 0.5561473812 0.8328132882 0.6199216899 0.4553244356 1.0795202774 2.1961000289 0.0000000000 3.9909559373 0.0823102871 0.3291020631 0.1692265681 2.1053048046 0.0488642760 0.6948021934 1.7177638246 1.8823169308 0.8692533798 0.4149101118
0.0037141230 0.5605571079 0.5037936244 2.7566849958 2.3016515785 0.3209953388 0.4439851234 0.3528324303 3.9909559373 0.0000000000 0.7917942548 0.7462473676 0.7742437985 0.2223303659 1.3367544980 0.7101515145 0.4325977759 0.6920611784 2.3790391170 2.1944263618
0.0140727933 0.0625586425 2.5102808015 0.5539665062 0.2899780859 0.8490061521 1.9588625311 1.6537001869 0.0823102871 0.7917942548 0.0000000000 0.3580931829 1.6050006326 0.2479965495 0.3836290751 1.0687373348 0.1676457826 1.1812104018 0.3405543692 1.1151632666
1.3035738106 0.0687237424 0.4992508599 1.2696658208 0.0433503625 0.3282454053 2.5061180528 3.6101574052 0.3291020631 0.7462473676 0.3580931829 0.0000000000 0.3066342980 0.0658404997 1.3298826898 0.4925378549 2.2883208153 0.3711885000 1.6125354761 0.9005999732
0.5834180904 0.4355910273 0.0134807563 0.6344266781 2.2678407789 0.5760139365 0.4472418628 0.8810854809 0.1692265681 0.7742437985 1.6050006326 0.3066342980 0.0000000000 1.7340505583 2.6497238290 0.7760180400 0.2949671238 2.7103941068 0.1644253579 1.0646442798
0.6779482642 0.1467477953 0.0621551651 0.7846926327 0.2895679966 1.0557827723 0.3703927872 3.5078602667 2.1053048046 0.2223303659 0.2479965495 0.0658404997 1.7340505583 0.0000000000 0.2930240131 0.8979250421 0.5359693512 2.0230262775 0.2714557236 0.2737135784
0.7392454884 0.4137194342 2.1105920136 1.4314985688 1.1282404407 1.2316356664 6.0438277111 0.3044285942 0.0488642760 1.3367544980 0.3836290751 1.3298826898 2.6497238290 0.2930240131 0.0000000000 0.8837002622 0.4729327654 0.0047872675 0.1791689231 0.9584655252
2.8076513860 0.8916926571 0.7054326601 1.3752590164 0.3021276697 0.1376355035 0.7751389070 1.4317670630 0.6948021934 0.7101515145 1.0687373348 0.4925378549 0.7760180400 0.8979250421 0.8837002622 0.0000000000 3.3291524788 2.1866334217 4.1951894864 0.7515887599
1.1476237485 0.6483673217 0.5215806920 0.0866011915 0.3992551739 2.6568827515 0.0372223751 2.5423219902 1.7177638246 0.4325977759 0.1676457826 2.2883208153 0.2949671238 0.5359693512 0.4729327654 3.3291524788 0.0000000000 1.1774434826 0.2751916035 1.4508210779
1.2336442234 0.9284784215 1.4764389060 1.0278948562 0.9542565420 0.5906684617 0.5442937383 0.3262380704 1.8823169308 0.6920611784 1.1812104018 0.3711885000 2.7103941068 2.0230262775 0.0047872675 2.1866334217 1.1774434826 0.0000000000 2.5876826164 1.6927543950
1.4832918842 0.9074576161 1.3977180100 0.4761355734 1.3808482151 0.2091624668 0.3083550423 0.0058859258 0.8692533798 2.3790391170 0.3405543692 1.6125354761 0.1644253579 0.2714557236 0.1791689231 4.1951894864 0.2751916035 2.5876826164 0.0000000000 0.3234009525
0.1032661135 0.8963737367 1.0668130923 0.0651137140 0.0058019677 2.7644890826 1.9093130447 0.5828947079 0.4149101118 2.1944263618 1.1151632666 0.9005999732 1.0646442798 0.2737135784 0.9584655252 0.7515887599 1.4508210779 1.6927543950 0.3234009525 0.0000000000
