# MCW Instance
# Type: EXPONENTIAL
# N: 20
# Optimal cost: 2.5244225917926477
# Optimal tour (permutation): [0, 17, 6, 5, 7, 18, 12, 11, 14, 2, 1, 15, 4, 19, 9, 8, 13, 10, 3, 16, 0]
# Optimal walk (full path): [0, 17, 6, 5, 7, 18, 12, 11, 2, 14, 2, 1, 2, 15, 4, 18, 19, 9, 8, 13, 3, 10, 3, 16, 0]
# Walk size: 25
# Is walk (has repeats): true

# Distance Matrix
0.0000000000 0.4547266991 0.8405817386 1.9908401470 0.4299904848 0.2232721765 1.6929950423 0.5880118989 4.0435121084 1.6319465687 0.3553360137 1.3077606250 0.9669466586 1.0676451670 0.2821171660 0.2513422083 0.0159441531 0.2673869264 0.2143284600 0.1803690937
0.4547266991 0.0000000000 0.1778631679 3.3124766736 0.7401683164 0.2763019960 1.2765887319 1.0198335504 1.9417497904 0.6579045445 1.6666404899 1.0577853099 0.5674610624 0.3645159474 1.7345818024 0.4741711897 1.5121044962 0.6021530976 0.5906372915 2.8509079962
0.8405817386 0.1778631679 0.0000000000 0.1787505151 1.1521082459 0.2303085677 0.2586194139 0.8055496834 0.7047864497 0.5714801684 0.4212123470 0.0666019347 1.8988409005 1.2897894273 0.0173654237 0.1890005921 0.9382381691 0.9128699143 0.3687118914 0.3190637934
1.9908401470 3.3124766736 0.1787505151 0.0000000000 0.1440646068 0.4690875261 1.6493290541 0.7978376207 0.4420409055 2.2536946674 0.0096007169 0.6223985196 3.0411403065 0.1151842785 1.9962071315 0.9743329126 0.0736538665 0.3185003625 0.9468929840 0.2429612692
0.4299904848 0.7401683164 1.1521082459 0.1440646068 0.0000000000 0.7408227916 2.2199762139 2.0626897756 1.1326717999 2.5400120262 0.4680016093 0.9776912396 1.4632142273 0.2628335705 1.5563451220 0.1492103500 1.5049177914 0.4775654656 0.0332752257 0.1967129195
0.2232721765 0.2763019960 0.2303085677 0.4690875261 0.7408227916 0.0000000000 0.1627543311 0.0446757256 0.1930228588 1.3010357548 0.5348020515 0.7424676117 1.4434073170 0.4258614382 2.9612834459 1.0472167592 0.4475704454 1.5301794462 1.4568323442 4.0173028690
1.6929950423 1.2765887319 0.2586194139 1.6493290541 2.2199762139 0.1627543311 0.0000000000 1.1253973934 1.7301459230 0.2462651991 0.2468268947 0.2408434219 0.6623797487 0.2260690064 0.8047858092 0.7017764850 0.8798968029 0.3387117978 3.1596452137 0.9036084245
0.5880118989 1.0198335504 0.8055496834 0.7978376207 2.0626897756 0.0446757256 1.1253973934 0.0000000000 0.4604375701 2.1427650614 1.5574778475 1.2416612024 0.4770782550 0.6068091217 1.9083486182 1.0815477752 8.6137718364 0.9727391600 0.0791153204 1.7638420209
4.0435121084 1.9417497904 0.7047864497 0.4420409055 1.1326717999 0.1930228588 1.7301459230 0.4604375701 0.0000000000 0.1259946510 1.8733360020 0.3193050872 0.4567055619 0.2088621729 0.4509104562 4.4850014472 0.7001135804 0.7994049445 2.5475139449 0.4365616005
1.6319465687 0.6579045445 0.5714801684 2.2536946674 2.5400120262 1.3010357548 0.2462651991 2.1427650614 0.1259946510 0.0000000000 1.2764337130 0.2948861409 2.3668370241 3.5117952575 2.5689058231 1.5663599989 0.5013052474 0.3332953712 0.9666621469 0.0471389363
0.3553360137 1.6666404899 0.4212123470 0.0096007169 0.4680016093 0.5348020515 0.2468268947 1.5574778475 1.8733360020 1.2764337130 0.0000000000 1.4675541664 0.9363653101 0.8465178881 0.8391453756 0.8278916668 3.0129286435 0.3835806574 1.1308148281 0.3659714535
1.3077606250 1.0577853099 0.0666019347 0.6223985196 0.9776912396 0.7424676117 0.2408434219 1.2416612024 0.3193050872 0.2948861409 1.4675541664 0.0000000000 0.0500037213 0.6860963990 0.3186068220 0.3748605829 0.8646571400 2.0017978418 0.2680209623 0.6230077254
0.9669466586 0.5674610624 1.8988409005 3.0411403065 1.4632142273 1.4434073170 0.6623797487 0.4770782550 0.4567055619 2.3668370241 0.9363653101 0.0500037213 0.0000000000 0.4074992953 0.7941483393 0.1914746246 0.3347128715 0.3138259903 0.0534112052 2.2862670024
1.0676451670 0.3645159474 1.2897894273 0.1151842785 0.2628335705 0.4258614382 0.2260690064 0.6068091217 0.2088621729 3.5117952575 0.8465178881 0.6860963990 0.4074992953 0.0000000000 1.6330023230 1.1924584156 0.2951722736 0.4819588390 3.6315340909 0.9598118705
0.2821171660 1.7345818024 0.0173654237 1.9962071315 1.5563451220 2.9612834459 0.8047858092 1.9083486182 0.4509104562 2.5689058231 0.8391453756 0.3186068220 0.7941483393 1.6330023230 0.0000000000 1.2550308765 0.2341489587 1.1400591479 0.0937995957 0.3639292263
0.2513422083 0.4741711897 0.1890005921 0.9743329126 0.1492103500 1.0472167592 0.7017764850 1.0815477752 4.4850014472 1.5663599989 0.8278916668 0.3748605829 0.1914746246 1.1924584156 1.2550308765 0.0000000000 0.5413084106 1.4034014519 1.6128313932 0.5666724408
0.0159441531 1.5121044962 0.9382381691 0.0736538665 1.5049177914 0.4475704454 0.8798968029 8.6137718364 0.7001135804 0.5013052474 3.0129286435 0.8646571400 0.3347128715 0.2951722736 0.2341489587 0.5413084106 0.0000000000 0.6198904749 1.1190273133 0.7060689438
0.2673869264 0.6021530976 0.9128699143 0.3185003625 0.4775654656 1.5301794462 0.3387117978 0.9727391600 0.7994049445 0.3332953712 0.3835806574 2.0017978418 0.3138259903 0.4819588390 1.1400591479 1.4034014519 0.6198904749 0.0000000000 1.5950048887 0.6555844369
0.2143284600 0.5906372915 0.3687118914 0.9468929840 0.0332752257 1.4568323442 3.1596452137 0.0791153204 2.5475139449 0.9666621469 1.1308148281 0.2680209623 0.0534112052 3.6315340909 0.0937995957 1.6128313932 1.1190273133 1.5950048887 0.0000000000 0.0938387860
0.1803690937 2.8509079962 0.3190637934 0.2429612692 0.1967129195 4.0173028690 0.9036084245 1.7638420209 0.4365616005 0.0471389363 0.3659714535 0.6230077254 2.2862670024 0.9598118705 0.3639292263 0.5666724408 0.7060689438 0.6555844369 0.0938387860 0.0000000000
