# MCW Instance
# Type: EXPONENTIAL
# N: 20
# Optimal cost: 1.8748654681337003
# Optimal tour (permutation): [0, 16, 13, 19, 8, 14, 10, 15, 3, 18, 12, 5, 9, 2, 17, 11, 1, 4, 7, 6, 0]
# Optimal walk (full path): [0, 8, 16, 8, 13, 19, 13, 8, 14, 10, 15, 3, 15, 9, 18, 12, 18, 5, 18, 9, 11, 2, 11, 17, 11, 1, 4, 1, 7, 1, 6, 8, 0]
# Walk size: 33
# Is walk (has repeats): true

# Distance Matrix
0.0000000000 2.7979984294 0.3649916425 1.3522991825 1.3283510787 1.0019042351 0.3795956143 0.4444169575 0.0142481260 0.4623687636 4.0354511513 0.7182012984 0.9610564342 1.4557178375 1.1093280212 1.4361690510 0.4857055910 0.3360847517 2.5750843096 0.3834495141
2.7979984294 0.0000000000 0.5073229328 3.1462474661 0.0352019821 0.5902758188 0.1448360663 0.0280902421 1.8582451636 0.1533211479 1.2163072238 0.0484963326 1.8816295194 0.2796808550 0.4783783241 0.2944648154 0.4458915164 1.2642021778 0.2968826369 0.2837003096
0.3649916425 0.5073229328 0.0000000000 0.2602550558 1.5521446294 2.6594187189 1.6944865145 0.4349587522 1.3214496960 1.6183744650 0.7877882416 0.0248013111 0.9594471394 1.3997328139 0.2203451798 3.8866708617 4.0281214987 1.0738445864 0.2414072749 1.8533780754
1.3522991825 3.1462474661 0.2602550558 0.0000000000 0.7565509110 0.5948272526 1.0196520800 0.8749702773 0.1266662104 0.2448518429 0.9846247650 0.6354030987 3.8866977520 0.1686790604 0.3103477739 0.0107790058 2.7329481830 2.8743978664 1.9006419025 0.3256029446
1.3283510787 0.0352019821 1.5521446294 0.7565509110 0.0000000000 0.7245430022 0.9276475064 1.8279634373 0.0950789152 0.3727808128 1.2220467380 1.4303368420 0.7325941233 0.9118815562 0.2772874068 3.1558704022 0.3198345549 0.2997554768 0.6791433460 0.9712859752
1.0019042351 0.5902758188 2.6594187189 0.5948272526 0.7245430022 0.0000000000 0.9962840300 0.3375774256 0.9745345386 1.7858330001 1.1750386841 1.2348654174 1.8710841763 0.4700303323 2.5499191928 0.9204389613 0.7166850986 3.2531928867 0.1451067556 3.1878282465
0.3795956143 0.1448360663 1.6944865145 1.0196520800 0.9276475064 0.9962840300 0.0000000000 0.8096925432 0.1114594725 0.3339375375 0.9125995635 0.4938672514 0.3689674924 1.2490221464 2.7658859792 0.6019689016 0.5080912065 1.5744748546 0.5592313476 0.3543564958
0.4444169575 0.0280902421 0.4349587522 0.8749702773 1.8279634373 0.3375774256 0.8096925432 0.0000000000 1.8219683516 0.2031789328 1.2027017380 0.4473109395 0.8477201807 0.4137712500 2.6480574241 0.2478762029 0.6905759812 0.2527555093 1.6657385532 0.7233777161
0.0142481260 1.8582451636 1.3214496960 0.1266662104 0.0950789152 0.9745345386 0.1114594725 1.8219683516 0.0000000000 6.8933071203 1.0735782998 0.7527264761 0.5633683249 0.0032598197 0.1401633921 0.7477663265 0.0229762116 6.9207217596 0.5095461418 0.6846181553
0.4623687636 0.1533211479 1.6183744650 0.2448518429 0.3727808128 1.7858330001 0.3339375375 0.2031789328 6.8933071203 0.0000000000 0.7471204632 0.0077643237 1.2870195018 2.7143498900 0.2009356495 0.0121679757 0.1042726215 1.7248779831 0.0481004953 0.7563810098
4.0354511513 1.2163072238 0.7877882416 0.9846247650 1.2220467380 1.1750386841 0.9125995635 1.2027017380 1.0735782998 0.7471204632 0.0000000000 0.5614544610 0.6189675473 1.2746821317 0.0391687696 0.2247078930 0.3214621555 2.3933386911 1.2528123433 1.7340892851
0.7182012984 0.0484963326 0.0248013111 0.6354030987 1.4303368420 1.2348654174 0.4938672514 0.4473109395 0.7527264761 0.0077643237 0.5614544610 0.0000000000 0.5447541874 0.3199274148 0.8193713857 0.6797994269 0.5159181634 0.0747703922 0.3210558070 0.1296474803
0.9610564342 1.8816295194 0.9594471394 3.8866977520 0.7325941233 1.8710841763 0.3689674924 0.8477201807 0.5633683249 1.2870195018 0.6189675473 0.5447541874 0.0000000000 0.6530972361 1.1071113483 0.5356053599 0.8957875706 0.7499315644 0.1557331241 0.2704460374
1.4557178375 0.2796808550 1.3997328139 0.1686790604 0.9118815562 0.4700303323 1.2490221464 0.4137712500 0.0032598197 2.7143498900 1.2746821317 0.3199274148 0.6530972361 0.0000000000 0.4776450086 0.2864538858 1.7842195980 0.4453838738 0.4388918686 0.0099831557
1.1093280212 0.4783783241 0.2203451798 0.3103477739 0.2772874068 2.5499191928 2.7658859792 2.6480574241 0.1401633921 0.2009356495 0.0391687696 0.8193713857 1.1071113483 0.4776450086 0.0000000000 1.9256521880 1.6395578914 0.5145954772 0.4533706382 0.4722829391
1.4361690510 0.2944648154 3.8866708617 0.0107790058 3.1558704022 0.9204389613 0.6019689016 0.2478762029 0.7477663265 0.0121679757 0.2247078930 0.6797994269 0.5356053599 0.2864538858 1.9256521880 0.0000000000 0.3159279255 0.4365841670 0.3954589262 0.8998420299
0.4857055910 0.4458915164 4.0281214987 2.7329481830 0.3198345549 0.7166850986 0.5080912065 0.6905759812 0.0229762116 0.1042726215 0.3214621555 0.5159181634 0.8957875706 1.7842195980 1.6395578914 0.3159279255 0.0000000000 0.6285563856 0.9564098910 1.3755425604
0.3360847517 1.2642021778 1.0738445864 2.8743978664 0.2997554768 3.2531928867 1.5744748546 0.2527555093 6.9207217596 1.7248779831 2.3933386911 0.0747703922 0.7499315644 0.4453838738 0.5145954772 0.4365841670 0.6285563856 0.0000000000 0.2300932124 0.2623970732
2.5750843096 0.2968826369 0.2414072749 1.9006419025 0.6791433460 0.1451067556 0.5592313476 1.6657385532 0.5095461418 0.0481004953 1.2528123433 0.3210558070 0.1557331241 0.4388918686 0.4533706382 0.3954589262 0.9564098910 0.2300932124 0.0000000000 1.4805162049
0.3834495141 0.2837003096 1.8533780754 0.3256029446 0.9712859752 3.1878282465 0.3543564958 0.7233777161 0.6846181553 0.7563810098 1.7340892851 0.1296474803 0.2704460374 0.0099831557 0.4722829391 0.8998420299 1.3755425604 0.2623970732 1.4805162049 0.0000000000
