# MCW Instance
# Type: EXPONENTIAL
# N: 20
# Optimal cost: 1.5744569420800987
# Optimal tour (permutation): [0, 2, 9, 4, 12, 3, 19, 1, 17, 5, 6, 18, 13, 15, 14, 7, 11, 8, 16, 10, 0]
# Optimal walk (full path): [0, 2, 9, 4, 9, 12, 3, 12, 17, 1, 19, 1, 17, 5, 6, 18, 15, 13, 15, 14, 10, 7, 11, 8, 11, 7, 10, 16, 10, 0]
# Walk size: 30
# Is walk (has repeats): true

# Distance Matrix
0.0000000000 0.5042578109 0.0197253663 0.1638637509 1.3120954823 1.6879734152 0.3916769131 0.8165382382 0.4454231561 2.1052340618 0.1259930265 0.4864775553 0.7157496470 0.4823495651 0.2106661915 0.6436881711 0.6102979909 2.9662126754 1.7313031155 0.5666687712
0.5042578109 0.0000000000 1.1330006795 1.6756317273 0.2369794472 0.1577633838 2.0595522791 0.1386858860 0.7941017832 2.2109791013 1.0623454494 0.7292119000 0.4499476678 3.9923625331 0.8026065443 0.2400863686 0.2831238249 0.0476090451 1.0150656287 0.0727514909
0.0197253663 1.1330006795 0.0000000000 0.2926646354 2.3100076001 2.1328314013 1.7560314878 2.1166627551 1.2146607237 0.1135360377 0.7319225313 1.3160379851 0.7600883548 0.2967865232 1.0006070044 1.1994948303 1.5033301958 0.7241439546 1.0166864239 1.1161195197
0.1638637509 1.6756317273 0.2926646354 0.0000000000 1.4747794409 1.3417762421 1.7099900481 1.0742496490 2.3126113938 0.7663343452 2.2509427369 0.5184039702 0.0389851842 0.3617777159 1.6455083126 0.7436091807 0.6729282006 0.6977080594 0.1867040518 0.6095928579
1.3120954823 0.2369794472 2.3100076001 1.4747794409 0.0000000000 1.8539854170 0.5822188242 0.3707372140 0.6816151785 0.0111687351 2.5126970071 0.7396098865 0.8366423716 0.6870939990 0.1090557588 0.1929714716 0.5021129796 0.5366533299 0.1738554749 0.7352778658
1.6879734152 0.1577633838 2.1328314013 1.3417762421 1.8539854170 0.0000000000 0.1638779080 0.0712189950 0.2958183420 1.0890689829 1.5065741644 3.1741048894 1.3839664494 2.7911686274 1.0933638470 2.8415632399 0.7851402986 0.0680975075 0.6485471612 2.1680118024
0.3916769131 2.0595522791 1.7560314878 1.7099900481 0.5822188242 0.1638779080 0.0000000000 1.8889728364 1.8734569414 0.8111647965 0.8164604220 1.6839948596 1.8048399812 0.5749225140 1.2145593432 1.7185440510 0.4742701510 1.3652289912 0.2302042759 0.7134685975
0.8165382382 0.1386858860 2.1166627551 1.0742496490 0.3707372140 0.0712189950 1.8889728364 0.0000000000 0.9946972377 2.2621517015 0.0034604117 0.0110183257 1.2525672457 1.7716985212 2.8474252988 0.2006220676 2.6953606245 0.2489715288 0.0765910109 0.1275607497
0.4454231561 0.7941017832 1.2146607237 2.3126113938 0.6816151785 0.2958183420 1.8734569414 0.9946972377 0.0000000000 0.0725700398 0.6011584910 0.0036655312 0.9827857654 0.1703902634 3.6395553924 1.4127712912 1.5762749018 1.2383462595 0.7187661532 0.3547470250
2.1052340618 2.2109791013 0.1135360377 0.7663343452 0.0111687351 1.0890689829 0.8111647965 2.2621517015 0.0725700398 0.0000000000 0.5098532209 0.5135283179 0.0237896613 0.3368347202 0.3777543033 0.3434553401 0.2131881434 1.7708550421 1.2724439147 0.3021700279
0.1259930265 1.0623454494 0.7319225313 2.2509427369 2.5126970071 1.5065741644 0.8164604220 0.0034604117 0.6011584910 0.5098532209 0.0000000000 1.4317181310 0.0750768820 0.7401350213 0.0551792297 2.9699143450 0.1582496011 6.2840631765 0.4289975238 1.3745687500
0.4864775553 0.7292119000 1.3160379851 0.5184039702 0.7396098865 3.1741048894 1.6839948596 0.0110183257 0.0036655312 0.5135283179 1.4317181310 0.0000000000 1.0716983958 0.4147250340 1.0876244536 3.0187380304 0.1881865431 0.7218304908 0.6076684899 0.4295043504
0.7157496470 0.4499476678 0.7600883548 0.0389851842 0.8366423716 1.3839664494 1.8048399812 1.2525672457 0.9827857654 0.0237896613 0.0750768820 1.0716983958 0.0000000000 0.3776804211 0.7535211210 1.2583909633 0.9870638224 0.0039521271 4.2247638059 0.6652282409
0.4823495651 3.9923625331 0.2967865232 0.3617777159 0.6870939990 2.7911686274 0.5749225140 1.7716985212 0.1703902634 0.3368347202 0.7401350213 0.4147250340 0.3776804211 0.0000000000 0.2104808929 0.0124715264 0.8631496646 0.2431094975 0.3229468118 0.7770325284
0.2106661915 0.8026065443 1.0006070044 1.6455083126 0.1090557588 1.0933638470 1.2145593432 2.8474252988 3.6395553924 0.3777543033 0.0551792297 1.0876244536 0.7535211210 0.2104808929 0.0000000000 0.0343941213 0.9155015377 0.6323761492 1.2761689983 1.6765059499
0.6436881711 0.2400863686 1.1994948303 0.7436091807 0.1929714716 2.8415632399 1.7185440510 0.2006220676 1.4127712912 0.3434553401 2.9699143450 3.0187380304 1.2583909633 0.0124715264 0.0343941213 0.0000000000 0.7788909374 2.6614802635 0.0169479783 1.6329982883
0.6102979909 0.2831238249 1.5033301958 0.6729282006 0.5021129796 0.7851402986 0.4742701510 2.6953606245 1.5762749018 0.2131881434 0.1582496011 0.1881865431 0.9870638224 0.8631496646 0.9155015377 0.7788909374 0.0000000000 0.2307683027 0.6493348733 0.3235806285
2.9662126754 0.0476090451 0.7241439546 0.6977080594 0.5366533299 0.0680975075 1.3652289912 0.2489715288 1.2383462595 1.7708550421 6.2840631765 0.7218304908 0.0039521271 0.2431094975 0.6323761492 2.6614802635 0.2307683027 0.0000000000 0.1563474597 1.1876252135
1.7313031155 1.0150656287 1.0166864239 0.1867040518 0.1738554749 0.6485471612 0.2302042759 0.0765910109 0.7187661532 1.2724439147 0.4289975238 0.6076684899 4.2247638059 0.3229468118 1.2761689983 0.0169479783 0.6493348733 0.1563474597 0.0000000000 2.4620476304
0.5666687712 0.0727514909 1.1161195197 0.6095928579 0.7352778658 2.1680118024 0.7134685975 0.1275607497 0.3547470250 0.3021700279 1.3745687500 0.4295043504 0.6652282409 0.7770325284 1.6765059499 1.6329982883 0.3235806285 1.1876252135 2.4620476304 0.0000000000
