# MCW Instance
# Type: EXPONENTIAL
# N: 20
# Optimal cost: 1.489465903020963
# Optimal tour (permutation): [0, 8, 13, 15, 11, 14, 2, 16, 6, 3, 5, 9, 10, 17, 12, 4, 1, 19, 7, 18, 0]
# Optimal walk (full path): [0, 18, 8, 13, 15, 11, 14, 2, 16, 3, 6, 3, 5, 9, 10, 17, 12, 4, 1, 19, 7, 5, 18, 0]
# Walk size: 24
# Is walk (has repeats): true

# Distance Matrix
0.0000000000 0.3518894632 0.4078331523 0.1957787799 1.6087651760 1.0198772366 0.3602910947 1.0104371856 0.1741761338 0.7722544273 2.7035376708 0.4735821186 0.5840850415 0.7052761403 5.1797536743 3.0861047178 1.0744483539 0.8691835921 0.0515096172 1.5039583596
0.3518894632 0.0000000000 1.0646803011 0.7222295955 0.0158051322 0.5385758651 0.6380602520 0.2212615726 2.1647722950 0.4690587923 0.3435096175 2.1069602038 0.7140478519 0.1144611723 2.3113316219 0.3912779747 2.2283122774 0.1910312954 0.3800523031 0.0152071235
0.4078331523 1.0646803011 0.0000000000 0.8501476369 0.3602892450 3.1314217589 0.8567511815 0.4373577468 2.1848193039 0.8711474011 0.1448918798 1.4509247819 1.8396156348 5.7532307384 0.0473809386 0.5007674914 0.0258763454 0.5012862405 0.4963749684 0.6060168998
0.1957787799 0.7222295955 0.8501476369 0.0000000000 0.6873370595 0.0873126721 0.0107523629 1.3463453993 0.9566560164 0.3269839011 0.4684991024 0.5044191717 1.1004327793 0.8051511477 0.6208647134 1.6749709160 0.0190458588 0.8004192909 3.9980868019 0.3244118543
1.6087651760 0.0158051322 0.3602892450 0.6873370595 0.0000000000 4.7338430812 0.8230074597 1.0298993669 2.9866236179 0.8267510901 0.8744007288 3.1550748570 0.1506027196 1.3646556639 0.9257319864 3.4769825679 1.7784076604 3.4642291745 2.2408603994 0.9811538855
1.0198772366 0.5385758651 3.1314217589 0.0873126721 4.7338430812 0.0000000000 2.2134365390 0.1104558118 0.3137535070 0.0233017595 0.5610998859 1.5830840772 0.5741291648 0.9403567862 0.3989263283 1.0098121712 1.2777116943 0.7168108164 0.0429977225 0.4491518810
0.3602910947 0.6380602520 0.8567511815 0.0107523629 0.8230074597 2.2134365390 0.0000000000 1.2730875716 0.8567941219 0.4942061691 0.8969186148 1.1158826619 0.4426279383 0.2602761321 2.2497113350 1.0004335706 0.3184850039 0.7822283297 2.1710987376 1.8846721694
1.0104371856 0.2212615726 0.4373577468 1.3463453993 1.0298993669 0.1104558118 1.2730875716 0.0000000000 0.4019460831 1.2712516883 1.8426476054 0.1150772130 0.5450061253 0.7628002799 1.7006217788 0.2199558656 2.1399304813 0.9234815910 0.9233386259 0.0119763838
0.1741761338 2.1647722950 2.1848193039 0.9566560164 2.9866236179 0.3137535070 0.8567941219 0.4019460831 0.0000000000 0.2421440929 2.5137689681 2.4830604206 0.4339747290 0.0915027242 0.4681853492 0.1438761805 1.9551020994 0.6989499219 0.0778155040 0.6767172980
0.7722544273 0.4690587923 0.8711474011 0.3269839011 0.8267510901 0.0233017595 0.4942061691 1.2712516883 0.2421440929 0.0000000000 0.0939663440 1.9886419756 1.0350079773 0.1652984379 0.3141097290 2.2277170742 0.9899913305 1.3282644076 1.6319448641 2.0026215715
2.7035376708 0.3435096175 0.1448918798 0.4684991024 0.8744007288 0.5610998859 0.8969186148 1.8426476054 2.5137689681 0.0939663440 0.0000000000 0.8990697140 2.4665402295 0.3214595813 0.4311264429 0.6957411220 0.6545368421 0.2728495807 1.2990303580 0.6165792960
0.4735821186 2.1069602038 1.4509247819 0.5044191717 3.1550748570 1.5830840772 1.1158826619 0.1150772130 2.4830604206 1.9886419756 0.8990697140 0.0000000000 1.5813790835 1.8865079788 0.0659948519 0.0057397540 3.2775075506 3.9323469872 0.8068738111 1.1041246183
0.5840850415 0.7140478519 1.8396156348 1.1004327793 0.1506027196 0.5741291648 0.4426279383 0.5450061253 0.4339747290 1.0350079773 2.4665402295 1.5813790835 0.0000000000 0.1278352971 0.3636243986 0.9212552148 1.1571291112 0.1920760468 0.6507259914 1.7288738357
0.7052761403 0.1144611723 5.7532307384 0.8051511477 1.3646556639 0.9403567862 0.2602761321 0.7628002799 0.0915027242 0.1652984379 0.3214595813 1.8865079788 0.1278352971 0.0000000000 0.4646650914 0.0150346693 0.5735482399 1.0885566693 1.8558368705 1.1236363298
5.1797536743 2.3113316219 0.0473809386 0.6208647134 0.9257319864 0.3989263283 2.2497113350 1.7006217788 0.4681853492 0.3141097290 0.4311264429 0.0659948519 0.3636243986 0.4646650914 0.0000000000 0.8725353872 0.1179377759 0.7057314856 0.2143472634 0.7300655215
3.0861047178 0.3912779747 0.5007674914 1.6749709160 3.4769825679 1.0098121712 1.0004335706 0.2199558656 0.1438761805 2.2277170742 0.6957411220 0.0057397540 0.9212552148 0.0150346693 0.8725353872 0.0000000000 2.9119130190 2.9201529704 2.6817264686 1.9501868734
1.0744483539 2.2283122774 0.0258763454 0.0190458588 1.7784076604 1.2777116943 0.3184850039 2.1399304813 1.9551020994 0.9899913305 0.6545368421 3.2775075506 1.1571291112 0.5735482399 0.1179377759 2.9119130190 0.0000000000 0.3655085328 1.0787716699 2.8845188804
0.8691835921 0.1910312954 0.5012862405 0.8004192909 3.4642291745 0.7168108164 0.7822283297 0.9234815910 0.6989499219 1.3282644076 0.2728495807 3.9323469872 0.1920760468 1.0885566693 0.7057314856 2.9201529704 0.3655085328 0.0000000000 0.8210934870 2.5431228458
0.0515096172 0.3800523031 0.4963749684 3.9980868019 2.2408603994 0.0429977225 2.1710987376 0.9233386259 0.0778155040 1.6319448641 1.2990303580 0.8068738111 0.6507259914 1.8558368705 0.2143472634 2.6817264686 1.0787716699 0.8210934870 0.0000000000 0.4245559781
1.5039583596 0.0152071235 0.6060168998 0.3244118543 0.9811538855 0.4491518810 1.8846721694 0.0119763838 0.6767172980 2.0026215715 0.6165792960 1.1041246183 1.7288738357 1.1236363298 0.7300655215 1.9501868734 2.8845188804 2.5431228458 0.4245559781 0.0000000000
