# MCW Instance
# Type: EXPONENTIAL
# N: 20
# Optimal cost: 3.0853023113176294
# Optimal tour (permutation): [0, 8, 14, 4, 11, 2, 17, 19, 6, 13, 10, 5, 16, 9, 1, 3, 15, 12, 18, 7, 0]
# Optimal walk (full path): [0, 8, 14, 4, 14, 8, 11, 2, 17, 19, 6, 13, 10, 13, 5, 9, 16, 9, 1, 3, 1, 15, 12, 15, 18, 7, 0]
# Walk size: 27
# Is walk (has repeats): true

# Distance Matrix
0.0000000000 0.1836541246 1.7314425834 0.2393368124 0.3714524952 0.2361277170 0.5364586364 0.3453945920 0.1396211962 0.8841385754 1.2342887545 0.7584146531 0.4645249905 1.4485726534 2.4767643756 0.9228964900 0.4462606264 1.5972779207 2.1656410111 1.6527454467
0.1836541246 0.0000000000 0.7350894976 0.0290723382 0.2669559399 0.1181665967 1.8558050584 0.4447986047 0.5851166060 0.1234841554 2.2133367763 1.3025645720 0.4432144429 0.1618564786 0.7640468095 0.0062041639 2.7457191947 0.4703708650 2.3545385599 1.6124133708
1.7314425834 0.7350894976 0.0000000000 0.6325552413 3.2674830604 1.7195546130 1.5019201644 4.3381885052 1.1378853818 0.3722818200 3.5783511727 0.0022260926 2.9281109378 1.2645044016 0.2555660660 0.3191815756 0.3119248714 0.2970348271 0.3753762953 1.6500135325
0.2393368124 0.0290723382 0.6325552413 0.0000000000 0.2377699783 1.8794300991 0.8227482118 2.2291567885 0.8059033210 0.6580810582 1.3515572042 0.7702753037 4.6232274627 0.5315459791 1.7154853986 0.4556899710 2.0207710381 2.6429506345 1.1920288992 1.0140193412
0.3714524952 0.2669559399 3.2674830604 0.2377699783 0.0000000000 1.1850246047 0.9002494527 0.5347055289 1.5291580292 1.7950518390 0.4311529693 0.6127686172 0.8744541988 1.0369509378 0.0718870617 1.0415785912 1.8236402263 0.7495333336 1.2954276851 1.7710666452
0.2361277170 0.1181665967 1.7195546130 1.8794300991 1.1850246047 0.0000000000 0.2500153867 1.4538345910 0.9048993912 0.0600090161 1.4560198756 1.7782295049 0.8095667362 0.1766736614 0.4477591126 1.4604441166 1.8135986541 1.1468935727 0.5644377536 1.0513072071
0.5364586364 1.8558050584 1.5019201644 0.8227482118 0.9002494527 0.2500153867 0.0000000000 0.4100617271 2.7589688148 4.1612200344 0.9635307587 2.2543354404 0.8601943458 0.0691014585 2.2654513431 1.6830002317 0.4890754518 1.2405662743 0.3992154059 0.2464424754
0.3453945920 0.4447986047 4.3381885052 2.2291567885 0.5347055289 1.4538345910 0.4100617271 0.0000000000 0.2399468525 0.5665895389 0.4995752464 1.5716688183 2.0542733000 0.4939976497 0.4165095888 1.8418631723 0.8687307603 0.4769187357 0.1381229647 0.8986261596
0.1396211962 0.5851166060 1.1378853818 0.8059033210 1.5291580292 0.9048993912 2.7589688148 0.2399468525 0.0000000000 4.0704701897 3.1014580415 0.0481788315 0.1518819251 0.1029932014 0.0869365609 0.6921363055 0.6378734300 0.9185672304 2.4643234565 0.2763056262
0.8841385754 0.1234841554 0.3722818200 0.6580810582 1.7950518390 0.0600090161 4.1612200344 0.5665895389 4.0704701897 0.0000000000 0.8021369965 1.1570023912 0.6011983393 0.6220139053 0.8143899652 0.4755406550 0.1184403590 0.7313438468 2.7132994622 0.8913334815
1.2342887545 2.2133367763 3.5783511727 1.3515572042 0.4311529693 1.4560198756 0.9635307587 0.4995752464 3.1014580415 0.8021369965 0.0000000000 0.6065045976 1.4422634859 0.1401567867 0.4623303352 0.9823022774 2.5352191876 0.7582301601 1.6660768041 0.4848851336
0.7584146531 1.3025645720 0.0022260926 0.7702753037 0.6127686172 1.7782295049 2.2543354404 1.5716688183 0.0481788315 1.1570023912 0.6065045976 0.0000000000 0.9968759500 0.3759529956 1.5271008812 3.0878550632 0.4439086493 1.2621087530 0.2628987780 0.3546788390
0.4645249905 0.4432144429 2.9281109378 4.6232274627 0.8744541988 0.8095667362 0.8601943458 2.0542733000 0.1518819251 0.6011983393 1.4422634859 0.9968759500 0.0000000000 0.9718358197 0.6437650276 0.0706479234 1.8784456679 0.9091311662 3.1563688944 1.5641009866
1.4485726534 0.1618564786 1.2645044016 0.5315459791 1.0369509378 0.1766736614 0.0691014585 0.4939976497 0.1029932014 0.6220139053 0.1401567867 0.3759529956 0.9718358197 0.0000000000 0.1657337550 0.7073848538 2.7046652651 1.7819588062 0.5447318951 1.8254207585
2.4767643756 0.7640468095 0.2555660660 1.7154853986 0.0718870617 0.4477591126 2.2654513431 0.4165095888 0.0869365609 0.8143899652 0.4623303352 1.5271008812 0.6437650276 0.1657337550 0.0000000000 1.2062108657 0.3705776705 0.4613691811 0.4650174590 1.4309585845
0.9228964900 0.0062041639 0.3191815756 0.4556899710 1.0415785912 1.4604441166 1.6830002317 1.8418631723 0.6921363055 0.4755406550 0.9823022774 3.0878550632 0.0706479234 0.7073848538 1.2062108657 0.0000000000 0.3269366469 0.5692941872 0.2086012130 0.1249430425
0.4462606264 2.7457191947 0.3119248714 2.0207710381 1.8236402263 1.8135986541 0.4890754518 0.8687307603 0.6378734300 0.1184403590 2.5352191876 0.4439086493 1.8784456679 2.7046652651 0.3705776705 0.3269366469 0.0000000000 1.6222242601 1.9422710177 0.4014377803
1.5972779207 0.4703708650 0.2970348271 2.6429506345 0.7495333336 1.1468935727 1.2405662743 0.4769187357 0.9185672304 0.7313438468 0.7582301601 1.2621087530 0.9091311662 1.7819588062 0.4613691811 0.5692941872 1.6222242601 0.0000000000 1.4363940502 0.1899256037
2.1656410111 2.3545385599 0.3753762953 1.1920288992 1.2954276851 0.5644377536 0.3992154059 0.1381229647 2.4643234565 2.7132994622 1.6660768041 0.2628987780 3.1563688944 0.5447318951 0.4650174590 0.2086012130 1.9422710177 1.4363940502 0.0000000000 1.9955512814
1.6527454467 1.6124133708 1.6500135325 1.0140193412 1.7710666452 1.0513072071 0.2464424754 0.8986261596 0.2763056262 0.8913334815 0.4848851336 0.3546788390 1.5641009866 1.8254207585 1.4309585845 0.1249430425 0.4014377803 0.1899256037 1.9955512814 0.0000000000
