# MCW Instance
# Type: EXPONENTIAL
# N: 20
# Optimal cost: 2.1893241512315806
# Optimal tour (permutation): [0, 7, 2, 13, 6, 4, 17, 3, 9, 19, 14, 18, 15, 5, 8, 11, 16, 10, 12, 1, 0]
# Optimal walk (full path): [0, 7, 2, 6, 13, 6, 4, 6, 17, 3, 19, 9, 19, 14, 18, 15, 5, 8, 11, 16, 10, 12, 1, 0]
# Walk size: 24
# Is walk (has repeats): true

# Distance Matrix
0.0000000000 0.1927291797 3.8188525666 1.5458326134 2.1790714817 1.7233226415 1.8807800925 0.2609534248 0.5388666969 0.8639780705 4.0361529350 1.4353122386 0.4099051586 0.3895759189 0.4873855514 1.1272262944 0.8536479401 0.9992756991 1.1510826390 0.8700114200
0.1927291797 0.0000000000 0.9798000204 1.1556958243 0.3408128976 0.2963049121 1.1692598886 0.1806061684 0.1882570570 1.2813031560 0.1286464580 1.3897214945 0.1012511420 2.7741261860 2.0324990451 0.7060115209 0.2885527040 0.7413752670 0.9142970288 3.7350961655
3.8188525666 0.9798000204 0.0000000000 0.3589512305 0.1944428892 1.0022234020 0.0764075795 0.0430524965 4.0562433748 2.2828608706 2.5162667777 3.2267871441 1.1137124083 0.9750941090 0.9821995297 0.2968300054 3.4063908690 0.9162234998 1.0568627212 0.0682970021
1.5458326134 1.1556958243 0.3589512305 0.0000000000 0.8405529881 0.6180191838 1.4545276292 2.2370646334 4.5554053048 0.8092634513 1.7244558288 0.8484723122 0.5297466053 1.2099188804 0.8068983085 0.4542217459 3.3936793771 0.3680236538 0.3953373078 0.2078666024
2.1790714817 0.3408128976 0.1944428892 0.8405529881 0.0000000000 0.4600334516 0.0692846954 0.3644679795 0.3738420387 0.9423754329 1.3952369497 1.8490074364 0.4002833210 0.7435395840 0.5206730224 3.1276356737 0.9088055122 0.4687818665 0.8439953260 1.0788011407
1.7233226415 0.2963049121 1.0022234020 0.6180191838 0.4600334516 0.0000000000 1.9338065968 0.3069986592 0.0753861979 0.8176028735 0.2821022342 0.1101300810 0.3289209833 0.8198827677 0.6098334341 0.0470430286 1.0807529677 1.5019900704 0.4000958889 1.6671137325
1.8807800925 1.1692598886 0.0764075795 1.4545276292 0.0692846954 1.9338065968 0.0000000000 3.1941738196 1.2032986256 1.8746515769 0.0919490323 0.3386993991 0.6447920888 0.0497186293 0.2505277166 2.9515167087 1.3389895062 0.1220077997 1.4293695494 2.0299724939
0.2609534248 0.1806061684 0.0430524965 2.2370646334 0.3644679795 0.3069986592 3.1941738196 0.0000000000 1.3340634903 0.7238709508 0.0187037151 0.1255343691 1.0669935866 2.1230680346 1.2601862438 0.0800429588 2.6252378668 6.0824366433 2.6846588160 0.7066907436
0.5388666969 0.1882570570 4.0562433748 4.5554053048 0.3738420387 0.0753861979 1.2032986256 1.3340634903 0.0000000000 0.0169010991 0.1306190043 0.0439201533 2.5408128687 1.0220421689 0.9718306688 0.0920489184 0.4949125200 0.9689854065 1.7043261309 3.6865672261
0.8639780705 1.2813031560 2.2828608706 0.8092634513 0.9423754329 0.8176028735 1.8746515769 0.7238709508 0.0169010991 0.0000000000 0.1547279495 0.9611255606 1.5417887057 0.3294819578 0.1198119407 1.5417353736 1.4433530806 2.9943192637 2.0422802674 0.0089963742
4.0361529350 0.1286464580 2.5162667777 1.7244558288 1.3952369497 0.2821022342 0.0919490323 0.0187037151 0.1306190043 0.1547279495 0.0000000000 1.6038377792 0.0735211116 0.2679368368 1.3021114349 0.2384085311 0.0441760453 0.2406820060 0.8006943722 0.6619813648
1.4353122386 1.3897214945 3.2267871441 0.8484723122 1.8490074364 0.1101300810 0.3386993991 0.1255343691 0.0439201533 0.9611255606 1.6038377792 0.0000000000 2.0961068252 1.7179790849 1.4061524799 0.2234032137 0.0689445279 1.4296607931 0.7413879734 1.4484896310
0.4099051586 0.1012511420 1.1137124083 0.5297466053 0.4002833210 0.3289209833 0.6447920888 1.0669935866 2.5408128687 1.5417887057 0.0735211116 2.0961068252 0.0000000000 0.6284481122 2.6097351805 0.2974989720 1.2085770941 2.0148904824 0.1519805501 0.8627363830
0.3895759189 2.7741261860 0.9750941090 1.2099188804 0.7435395840 0.8198827677 0.0497186293 2.1230680346 1.0220421689 0.3294819578 0.2679368368 1.7179790849 0.6284481122 0.0000000000 0.6488759268 0.7074491933 0.9490662015 1.2460855725 3.7501283611 0.9342920401
0.4873855514 2.0324990451 0.9821995297 0.8068983085 0.5206730224 0.6098334341 0.2505277166 1.2601862438 0.9718306688 0.1198119407 1.3021114349 1.4061524799 2.6097351805 0.6488759268 0.0000000000 0.1300238151 1.5368383525 2.4853913519 0.0932106332 0.0408818708
1.1272262944 0.7060115209 0.2968300054 0.4542217459 3.1276356737 0.0470430286 2.9515167087 0.0800429588 0.0920489184 1.5417353736 0.2384085311 0.2234032137 0.2974989720 0.7074491933 0.1300238151 0.0000000000 0.1920955148 1.4078977656 0.0739493062 2.4291893133
0.8536479401 0.2885527040 3.4063908690 3.3936793771 0.9088055122 1.0807529677 1.3389895062 2.6252378668 0.4949125200 1.4433530806 0.0441760453 0.0689445279 1.2085770941 0.9490662015 1.5368383525 0.1920955148 0.0000000000 0.6923101359 2.0696979050 0.4758418703
0.9992756991 0.7413752670 0.9162234998 0.3680236538 0.4687818665 1.5019900704 0.1220077997 6.0824366433 0.9689854065 2.9943192637 0.2406820060 1.4296607931 2.0148904824 1.2460855725 2.4853913519 1.4078977656 0.6923101359 0.0000000000 0.6301142063 3.8234923426
1.1510826390 0.9142970288 1.0568627212 0.3953373078 0.8439953260 0.4000958889 1.4293695494 2.6846588160 1.7043261309 2.0422802674 0.8006943722 0.7413879734 0.1519805501 3.7501283611 0.0932106332 0.0739493062 2.0696979050 0.6301142063 0.0000000000 0.1353990066
0.8700114200 3.7350961655 0.0682970021 0.2078666024 1.0788011407 1.6671137325 2.0299724939 0.7066907436 3.6865672261 0.0089963742 0.6619813648 1.4484896310 0.8627363830 0.9342920401 0.0408818708 2.4291893133 0.4758418703 3.8234923426 0.1353990066 0.0000000000
