# MCW Instance
# Type: EXPONENTIAL
# N: 20
# Optimal cost: 1.8049921585677053
# Optimal tour (permutation): [0, 4, 9, 2, 7, 12, 16, 17, 11, 5, 15, 13, 10, 8, 14, 6, 18, 3, 19, 1, 0]
# Optimal walk (full path): [0, 4, 9, 2, 7, 12, 16, 11, 17, 11, 5, 11, 15, 13, 10, 13, 8, 14, 6, 14, 18, 3, 19, 1, 19, 4, 0]
# Walk size: 27
# Is walk (has repeats): true

# Distance Matrix
0.0000000000 1.5987923793 3.7213950208 1.7136984858 0.0145769252 1.6042129805 0.2319449723 0.5724928904 0.5271665642 2.2080904650 0.5313265641 1.3879878687 0.5362764491 1.5838523693 0.1015572152 0.8661623269 1.0928374510 1.3670427609 1.0042068404 0.5157544851
1.5987923793 0.0000000000 1.5603109673 0.3726744694 1.5543188493 1.6129677253 0.3239193764 0.8606883964 0.3119353553 2.5096257092 0.6326631157 0.2546727615 0.3303922267 2.4488324738 0.9406527214 2.6186801253 0.3567835370 0.5664071712 2.3318758474 0.0875192738
3.7213950208 1.5603109673 0.0000000000 0.5472908404 0.8593279981 0.2129498422 0.4108706313 0.0097742917 0.6381779688 0.0039252017 0.6763577196 0.8484464937 0.7349570611 0.4955839787 0.5767927738 0.1633208343 1.0426447014 0.2269703125 0.5530218244 2.0120630625
1.7136984858 0.3726744694 0.5472908404 0.0000000000 0.4568593463 0.2042896432 0.8085605407 0.9824886127 0.3502034681 0.7877563717 1.2256679650 0.5621945740 1.7154166762 0.6379017586 0.1773808082 0.1751136331 3.8887373564 0.4863987121 0.1124203027 0.2192027187
0.0145769252 1.5543188493 0.8593279981 0.4568593463 0.0000000000 0.3174980520 0.9333832755 1.6788695795 1.3212359758 0.0163431507 0.6997785394 1.5741938581 0.2219876895 0.1043764839 0.1188264016 0.4432732558 1.4166565764 0.5638580930 1.2201120875 0.1138369774
1.6042129805 1.6129677253 0.2129498422 0.2042896432 0.3174980520 0.0000000000 0.6189848690 0.2135538106 1.3693294662 0.8597224557 0.3299398501 0.0065417433 0.2500318838 2.1752449907 2.0948204363 0.6963594425 0.4723804925 0.8192931225 1.1927546453 0.4046750165
0.2319449723 0.3239193764 0.4108706313 0.8085605407 0.9333832755 0.6189848690 0.0000000000 0.6528496956 1.6022816695 1.1794725655 0.9992141331 0.4333363793 0.5696896046 1.2841725522 0.0197692594 0.0563095346 0.5576682185 0.6667252259 1.4877970100 0.3591635761
0.5724928904 0.8606883964 0.0097742917 0.9824886127 1.6788695795 0.2135538106 0.6528496956 0.0000000000 0.3490301046 1.0774617878 0.6557846593 2.0760515030 0.0675138375 1.4402292058 0.7109443425 0.8494808220 0.5389089087 0.1813298877 3.0513031344 4.5147812428
0.5271665642 0.3119353553 0.6381779688 0.3502034681 1.3212359758 1.3693294662 1.6022816695 0.3490301046 0.0000000000 0.5872843054 0.7868718071 0.3071815128 1.2916488272 0.1293290453 0.0775687095 1.0553047225 0.6444855244 2.0920828843 0.8960853657 0.6321141100
2.2080904650 2.5096257092 0.0039252017 0.7877563717 0.0163431507 0.8597224557 1.1794725655 1.0774617878 0.5872843054 0.0000000000 1.6048384656 2.0784406407 4.3927280709 0.2740876187 0.3424700091 0.7500218208 0.1360845083 1.1220999831 0.3189305702 0.6461159737
0.5313265641 0.6326631157 0.6763577196 1.2256679650 0.6997785394 0.3299398501 0.9992141331 0.6557846593 0.7868718071 1.6048384656 0.0000000000 1.0807768544 5.7676080136 0.1526900773 1.5705581870 0.2170072774 0.2237989764 2.5560742361 0.5578913137 0.5644304615
1.3879878687 0.2546727615 0.8484464937 0.5621945740 1.5741938581 0.0065417433 0.4333363793 2.0760515030 0.3071815128 2.0784406407 1.0807768544 0.0000000000 0.4656541007 1.1733182261 6.2967621588 0.0336535815 0.0685097576 0.0090697100 1.8438491720 0.2143470924
0.5362764491 0.3303922267 0.7349570611 1.7154166762 0.2219876895 0.2500318838 0.5696896046 0.0675138375 1.2916488272 4.3927280709 5.7676080136 0.4656541007 0.0000000000 1.6877412381 1.0565252915 2.4278821171 0.0909479346 0.3006995707 0.6897279819 0.6415583430
1.5838523693 2.4488324738 0.4955839787 0.6379017586 0.1043764839 2.1752449907 1.2841725522 1.4402292058 0.1293290453 0.2740876187 0.1526900773 1.1733182261 1.6877412381 0.0000000000 1.1057919555 0.0511690499 0.9497363916 1.4389912836 0.7887628422 0.9764161922
0.1015572152 0.9406527214 0.5767927738 0.1773808082 0.1188264016 2.0948204363 0.0197692594 0.7109443425 0.0775687095 0.3424700091 1.5705581870 6.2967621588 1.0565252915 1.1057919555 0.0000000000 0.2779160329 1.3193043020 4.8347454105 0.2304636215 0.9933703074
0.8661623269 2.6186801253 0.1633208343 0.1751136331 0.4432732558 0.6963594425 0.0563095346 0.8494808220 1.0553047225 0.7500218208 0.2170072774 0.0336535815 2.4278821171 0.0511690499 0.2779160329 0.0000000000 1.4563420749 0.7482095172 2.2191722082 0.3920802396
1.0928374510 0.3567835370 1.0426447014 3.8887373564 1.4166565764 0.4723804925 0.5576682185 0.5389089087 0.6444855244 0.1360845083 0.2237989764 0.0685097576 0.0909479346 0.9497363916 1.3193043020 1.4563420749 0.0000000000 1.4746326858 1.8324296046 0.6146014121
1.3670427609 0.5664071712 0.2269703125 0.4863987121 0.5638580930 0.8192931225 0.6667252259 0.1813298877 2.0920828843 1.1220999831 2.5560742361 0.0090697100 0.3006995707 1.4389912836 4.8347454105 0.7482095172 1.4746326858 0.0000000000 2.5953299893 0.4537513859
1.0042068404 2.3318758474 0.5530218244 0.1124203027 1.2201120875 1.1927546453 1.4877970100 3.0513031344 0.8960853657 0.3189305702 0.5578913137 1.8438491720 0.6897279819 0.7887628422 0.2304636215 2.2191722082 1.8324296046 2.5953299893 0.0000000000 0.3441903216
0.5157544851 0.0875192738 2.0120630625 0.2192027187 0.1138369774 0.4046750165 0.3591635761 4.5147812428 0.6321141100 0.6461159737 0.5644304615 0.2143470924 0.6415583430 0.9764161922 0.9933703074 0.3920802396 0.6146014121 0.4537513859 0.3441903216 0.0000000000
