# MCW Instance
# Type: EXPONENTIAL
# N: 20
# Optimal cost: 2.0974415427162634
# Optimal tour (permutation): [0, 9, 18, 13, 3, 6, 8, 11, 16, 10, 2, 19, 1, 17, 12, 15, 5, 14, 4, 7, 0]
# Optimal walk (full path): [0, 9, 18, 13, 3, 6, 8, 11, 16, 10, 16, 2, 19, 1, 17, 12, 17, 0, 15, 5, 4, 14, 4, 7, 0]
# Walk size: 25
# Is walk (has repeats): true

# Distance Matrix
0.0000000000 0.6998128470 0.6644018288 1.6429460623 2.1298125037 5.0371285916 1.9975765130 0.0738324089 0.4297635053 0.2541909845 0.1612860755 0.9656674414 0.3885722682 1.4059244473 0.2848170543 0.0015027435 2.6677793919 0.0436800066 0.5922177700 1.4616345535
0.6998128470 0.0000000000 0.1782675974 0.9817030831 0.6405247155 0.5900553024 0.1091415164 0.6539907698 0.1846010534 0.7049653352 2.1131865430 1.9200897305 0.4374885888 0.7108772448 0.1372861401 1.7738823288 0.5431153488 0.1092142622 2.1595396738 0.2012448917
0.6644018288 0.1782675974 0.0000000000 1.1047555298 1.9009326620 2.6182689147 0.8709692424 0.6768551121 2.2644003724 1.5925248725 0.1012748525 3.0585046812 0.4609019718 2.1465456988 5.3130498213 0.7232054242 0.0039704980 0.2380063196 0.3209326614 0.2274560779
1.6429460623 0.9817030831 1.1047555298 0.0000000000 2.2083628642 1.6973378916 0.0050783892 1.1637794247 0.5985445592 2.1284158540 0.7688513314 0.5385872811 1.2254213193 0.1514764268 1.8612053034 0.1925638838 1.0509765499 0.5239539346 1.6891014800 0.1791051567
2.1298125037 0.6405247155 1.9009326620 2.2083628642 0.0000000000 0.0734579551 0.5916103030 0.0633825966 3.6432691722 0.6771860212 1.9105946317 2.8783961958 1.0321417792 4.2076041808 0.0326036492 1.7913952928 0.3838121008 0.6591151163 2.0010047335 0.3388776790
5.0371285916 0.5900553024 2.6182689147 1.6973378916 0.0734579551 0.0000000000 2.2618230304 2.1591276357 0.1225938742 1.3499430951 0.5901015916 1.1547764217 0.2698317916 0.7157027129 0.1363824513 0.0686401038 1.3732149986 0.5284683703 1.4976891122 0.5294826943
1.9975765130 0.1091415164 0.8709692424 0.0050783892 0.5916103030 2.2618230304 0.0000000000 4.1569804183 0.0135587746 0.4113757069 3.1786299325 1.1026702275 1.1627697661 1.8425203847 2.3376692360 0.4463829913 1.6827108249 1.1390984527 0.8601896859 0.9818091220
0.0738324089 0.6539907698 0.6768551121 1.1637794247 0.0633825966 2.1591276357 4.1569804183 0.0000000000 0.2826241451 0.7148614060 0.6327036109 0.5202754774 2.6596509388 0.3057119307 1.4712424751 2.1890625182 1.6247556509 0.4186954116 1.5753059203 2.7577463505
0.4297635053 0.1846010534 2.2644003724 0.5985445592 3.6432691722 0.1225938742 0.0135587746 0.2826241451 0.0000000000 0.7435651639 0.3853268844 0.1016463458 3.8057302224 0.4102816490 0.1295359361 0.5212223891 0.0846418051 0.4554375805 2.8241448977 0.5664545823
0.2541909845 0.7049653352 1.5925248725 2.1284158540 0.6771860212 1.3499430951 0.4113757069 0.7148614060 0.7435651639 0.0000000000 1.9896479603 3.8650068497 2.3587858518 0.7389043794 1.4069573274 0.4752473789 1.7114374854 1.0830158805 0.1300550593 0.6693429564
0.1612860755 2.1131865430 0.1012748525 0.7688513314 1.9105946317 0.5901015916 3.1786299325 0.6327036109 0.3853268844 1.9896479603 0.0000000000 0.1451938003 1.2940821926 1.2039943056 0.3911519545 1.1746723851 0.0399516823 1.7415626120 0.6113799541 1.0148147087
0.9656674414 1.9200897305 3.0585046812 0.5385872811 2.8783961958 1.1547764217 1.1026702275 0.5202754774 0.1016463458 3.8650068497 0.1451938003 0.0000000000 0.2574280258 3.3458212464 2.2661810368 0.5302474251 0.0864831327 0.1585725854 1.1402303419 0.8683484083
0.3885722682 0.4374885888 0.4609019718 1.2254213193 1.0321417792 0.2698317916 1.1627697661 2.6596509388 3.8057302224 2.3587858518 1.2940821926 0.2574280258 0.0000000000 1.0780262324 3.1936662927 1.4550185354 2.0187162091 0.0864976727 3.1546444743 0.3869617699
1.4059244473 0.7108772448 2.1465456988 0.1514764268 4.2076041808 0.7157027129 1.8425203847 0.3057119307 0.4102816490 0.7389043794 1.2039943056 3.3458212464 1.0780262324 0.0000000000 1.1942765461 1.0339914692 0.6104812233 0.4470474737 0.1704648770 0.8776646169
0.2848170543 0.1372861401 5.3130498213 1.8612053034 0.0326036492 0.1363824513 2.3376692360 1.4712424751 0.1295359361 1.4069573274 0.3911519545 2.2661810368 3.1936662927 1.1942765461 0.0000000000 2.2633861648 1.6532362342 0.4282192912 0.8850867723 0.1999496858
0.0015027435 1.7738823288 0.7232054242 0.1925638838 1.7913952928 0.0686401038 0.4463829913 2.1890625182 0.5212223891 0.4752473789 1.1746723851 0.5302474251 1.4550185354 1.0339914692 2.2633861648 0.0000000000 0.5229750840 1.3338178820 0.5720049787 1.1507711021
2.6677793919 0.5431153488 0.0039704980 1.0509765499 0.3838121008 1.3732149986 1.6827108249 1.6247556509 0.0846418051 1.7114374854 0.0399516823 0.0864831327 2.0187162091 0.6104812233 1.6532362342 0.5229750840 0.0000000000 0.9465176959 0.2695759935 0.5810592397
0.0436800066 0.1092142622 0.2380063196 0.5239539346 0.6591151163 0.5284683703 1.1390984527 0.4186954116 0.4554375805 1.0830158805 1.7415626120 0.1585725854 0.0864976727 0.4470474737 0.4282192912 1.3338178820 0.9465176959 0.0000000000 1.8658671543 0.7823799820
0.5922177700 2.1595396738 0.3209326614 1.6891014800 2.0010047335 1.4976891122 0.8601896859 1.5753059203 2.8241448977 0.1300550593 0.6113799541 1.1402303419 3.1546444743 0.1704648770 0.8850867723 0.5720049787 0.2695759935 1.8658671543 0.0000000000 0.6359695405
1.4616345535 0.2012448917 0.2274560779 0.1791051567 0.3388776790 0.5294826943 0.9818091220 2.7577463505 0.5664545823 0.6693429564 1.0148147087 0.8683484083 0.3869617699 0.8776646169 0.1999496858 1.1507711021 0.5810592397 0.7823799820 0.6359695405 0.0000000000
