# MCW Instance
# Type: EXPONENTIAL
# N: 20
# Optimal cost: 2.1317819986447804
# Optimal tour (permutation): [0, 18, 16, 19, 12, 14, 2, 4, 15, 9, 5, 6, 11, 3, 7, 1, 10, 17, 13, 8, 0]
# Optimal walk (full path): [0, 16, 18, 16, 19, 12, 14, 2, 4, 15, 9, 15, 5, 6, 11, 17, 3, 7, 1, 10, 17, 13, 8, 0]
# Walk size: 24
# Is walk (has repeats): true

# Distance Matrix
0.0000000000 0.4975717356 1.0670598904 1.3485767869 0.3062774043 1.6357672994 2.2240614282 0.4990027897 0.2685082135 3.9858013026 0.8058997065 0.7600753094 0.7629106087 0.9633856530 0.6844067438 0.2862282578 0.2231469394 0.6907874039 0.2259170338 1.1282843655
0.4975717356 0.0000000000 1.0483624022 0.3388223114 1.1434890936 3.4048792181 0.2584571418 0.1322424007 0.7241139278 0.8213965058 0.1192935317 0.3934133930 2.3991181949 0.9984894492 0.1971389930 0.8904057241 0.4940846052 1.1665463252 2.2635007494 0.6045132713
1.0670598904 1.0483624022 0.0000000000 0.1543487316 0.1879771050 1.5869467112 0.5114055988 1.8716265423 0.8274880397 0.8372663573 2.6628634776 0.2902745424 3.1100102401 0.4659606197 0.1295232032 1.2370443288 0.2754378138 0.7762734496 1.1478058523 0.3183083763
1.3485767869 0.3388223114 0.1543487316 0.0000000000 0.0945802913 0.5238630709 0.3186383825 0.0327668811 1.1229408500 1.2577338114 2.4021044479 1.8812361034 1.0136969274 0.9372914542 0.9526263517 1.1681085364 0.1936802932 0.0134339026 0.0598402715 0.5214733931
0.3062774043 1.1434890936 0.1879771050 0.0945802913 0.0000000000 0.2520302963 2.1420229016 1.9396833301 1.8818067598 0.9252332345 0.7837262212 0.4153264314 2.3597737620 1.4550725262 0.2204089185 0.0854726455 0.2833526832 0.1304065249 0.5622694928 0.2139270839
1.6357672994 3.4048792181 1.5869467112 0.5238630709 0.2520302963 0.0000000000 0.2167229834 0.3521099416 0.5636308308 0.5362086639 0.6491249364 1.0003985562 0.7689048880 0.4312056635 0.3924035842 0.0810930013 0.8959416864 1.2704956338 1.2357529471 0.2404083838
2.2240614282 0.2584571418 0.5114055988 0.3186383825 2.1420229016 0.2167229834 0.0000000000 0.9003260590 0.5635135317 0.4492336999 0.7397975751 0.0500495179 0.4528645644 0.8003692918 0.2058918395 0.6743384563 0.2246504894 0.7585031504 0.9454516329 1.0049880207
0.4990027897 0.1322424007 1.8716265423 0.0327668811 1.9396833301 0.3521099416 0.9003260590 0.0000000000 0.4190849617 4.3277306520 0.9935970936 1.3019018745 2.6741332352 1.3798655283 1.5582247369 1.4174763644 0.3199463222 0.8780404480 0.6289705314 0.3412766530
0.2685082135 0.7241139278 0.8274880397 1.1229408500 1.8818067598 0.5636308308 0.5635135317 0.4190849617 0.0000000000 0.6806002840 1.9384121125 0.8399994232 2.4314084892 0.0857124411 0.5244692782 0.5971145055 0.5655729624 0.1348091355 0.1526356883 0.3579247520
3.9858013026 0.8213965058 0.8372663573 1.2577338114 0.9252332345 0.5362086639 0.4492336999 4.3277306520 0.6806002840 0.0000000000 0.2120806692 0.4742818859 0.4094360326 1.0599408308 0.1709047757 0.0069336460 2.7921399653 1.9285850166 1.2266372093 1.7895282303
0.8058997065 0.1192935317 2.6628634776 2.4021044479 0.7837262212 0.6491249364 0.7397975751 0.9935970936 1.9384121125 0.2120806692 0.0000000000 1.2655253187 0.3905494848 0.4382114454 0.0650159000 0.4929045123 0.1678905619 0.0307621460 0.0896185589 0.8395913393
0.7600753094 0.3934133930 0.2902745424 1.8812361034 0.4153264314 1.0003985562 0.0500495179 1.3019018745 0.8399994232 0.4742818859 1.2655253187 0.0000000000 0.1850204359 2.1646378166 1.0930554921 1.1278950553 1.7095754919 0.0383196873 3.0839576206 1.3181497891
0.7629106087 2.3991181949 3.1100102401 1.0136969274 2.3597737620 0.7689048880 0.4528645644 2.6741332352 2.4314084892 0.4094360326 0.3905494848 0.1850204359 0.0000000000 0.6152601634 0.1003587872 0.1290336481 0.3551452842 0.4487685360 1.5452134357 0.0004860462
0.9633856530 0.9984894492 0.4659606197 0.9372914542 1.4550725262 0.4312056635 0.8003692918 1.3798655283 0.0857124411 1.0599408308 0.4382114454 2.1646378166 0.6152601634 0.0000000000 1.2801971379 0.7196511890 0.7511354663 0.1410577653 0.2243096179 1.1398658236
0.6844067438 0.1971389930 0.1295232032 0.9526263517 0.2204089185 0.3924035842 0.2058918395 1.5582247369 0.5244692782 0.1709047757 0.0650159000 1.0930554921 0.1003587872 1.2801971379 0.0000000000 0.3677528138 1.2957581877 0.1694543109 0.5608290734 1.7385715281
0.2862282578 0.8904057241 1.2370443288 1.1681085364 0.0854726455 0.0810930013 0.6743384563 1.4174763644 0.5971145055 0.0069336460 0.4929045123 1.1278950553 0.1290336481 0.7196511890 0.3677528138 0.0000000000 0.9417283208 1.7330753433 1.6486275960 0.5666539010
0.2231469394 0.4940846052 0.2754378138 0.1936802932 0.2833526832 0.8959416864 0.2246504894 0.3199463222 0.5655729624 2.7921399653 0.1678905619 1.7095754919 0.3551452842 0.7511354663 1.2957581877 0.9417283208 0.0000000000 2.7700351667 0.0015465689 0.1778943704
0.6907874039 1.1665463252 0.7762734496 0.0134339026 0.1304065249 1.2704956338 0.7585031504 0.8780404480 0.1348091355 1.9285850166 0.0307621460 0.0383196873 0.4487685360 0.1410577653 0.1694543109 1.7330753433 2.7700351667 0.0000000000 0.0779643785 0.7678142934
0.2259170338 2.2635007494 1.1478058523 0.0598402715 0.5622694928 1.2357529471 0.9454516329 0.6289705314 0.1526356883 1.2266372093 0.0896185589 3.0839576206 1.5452134357 0.2243096179 0.5608290734 1.6486275960 0.0015465689 0.0779643785 0.0000000000 0.5023210478
1.1282843655 0.6045132713 0.3183083763 0.5214733931 0.2139270839 0.2404083838 1.0049880207 0.3412766530 0.3579247520 1.7895282303 0.8395913393 1.3181497891 0.0004860462 1.1398658236 1.7385715281 0.5666539010 0.1778943704 0.7678142934 0.5023210478 0.0000000000
