# MCW Instance
# Type: EXPONENTIAL
# N: 20
# Optimal cost: 1.2604099919909186
# Optimal tour (permutation): [0, 14, 12, 2, 17, 11, 9, 4, 3, 15, 13, 10, 6, 5, 8, 1, 7, 19, 18, 16, 0]
# Optimal walk (full path): [0, 14, 12, 19, 2, 17, 11, 17, 9, 4, 3, 15, 13, 6, 10, 6, 13, 5, 8, 1, 8, 7, 19, 18, 16, 17, 0]
# Walk size: 27
# Is walk (has repeats): true

# Distance Matrix
0.0000000000 0.6092652459 0.1369039048 0.0836028574 0.0628693072 0.4620814208 0.4958882013 1.2957256039 0.2310812865 0.2815492590 2.3404058350 0.2979448043 0.3307202057 0.4419590160 0.1317562330 0.6779899426 1.0362503272 0.0254627261 0.5295258581 0.1865210211
0.6092652459 0.0000000000 1.3308617420 0.6257350941 0.6822291604 0.7026344320 0.9260764683 2.8849088805 0.0475192616 0.1352152042 0.1961185250 1.3822176333 0.7740283512 2.4790427359 0.6842820876 0.1671962860 1.1524078295 0.5414359675 0.5461882226 0.7460051356
0.1369039048 1.3308617420 0.0000000000 0.6046149029 0.6755344715 1.1880968903 2.7980184493 2.1064093108 0.9351417988 0.7182519685 0.2157113868 0.8565079903 1.3488613016 0.2243303310 2.5626835113 0.2542897413 0.1016289803 0.0071449505 0.8074943490 0.0182444123
0.0836028574 0.6257350941 0.6046149029 0.0000000000 0.0429688737 0.5443554939 0.3017174482 0.5956217008 0.5955286040 3.1149233576 1.0865736891 1.1007383896 0.4217218931 1.7830436039 3.7860921750 0.0410145138 0.2048625312 0.6813764356 0.7113238192 0.6321227476
0.0628693072 0.6822291604 0.6755344715 0.0429688737 0.0000000000 0.3555842034 0.7705588800 2.0059639951 0.6801116428 0.0320370860 0.1764263254 0.0467107581 0.2258242032 2.6210212474 2.7928353385 0.9061152608 0.6493938623 1.7915824465 0.3935360601 0.4463891864
0.4620814208 0.7026344320 1.1880968903 0.5443554939 0.3555842034 0.0000000000 0.2080189059 0.1667460553 0.0674700595 3.1771357164 0.6888237467 0.9589927463 0.4146878890 0.0227462474 0.9356350340 1.7231171525 0.3408499005 0.4906492497 2.0080292704 0.7231042925
0.4958882013 0.9260764683 2.7980184493 0.3017174482 0.7705588800 0.2080189059 0.0000000000 0.3881862553 2.2475825133 0.4957562714 0.0261854571 0.5801456238 0.2096221329 0.0471087540 0.7603554416 1.1135924055 2.7038359576 1.9023596751 2.0075518760 0.8573023217
1.2957256039 2.8849088805 2.1064093108 0.5956217008 2.0059639951 0.1667460553 0.3881862553 0.0000000000 0.1259460092 1.1855035934 0.4684683537 1.2450727935 1.5053487385 0.7250877949 3.3107189149 2.3079775350 0.2639742080 3.0875353475 1.6275293494 0.0859924683
0.2310812865 0.0475192616 0.9351417988 0.5955286040 0.6801116428 0.0674700595 2.2475825133 0.1259460092 0.0000000000 0.1665001556 1.8670477248 0.4291248897 0.9197820888 0.1794295481 1.7628936554 0.3058304806 1.4344727446 0.4647506086 1.4871168358 0.8078582692
0.2815492590 0.1352152042 0.7182519685 3.1149233576 0.0320370860 3.1771357164 0.4957562714 1.1855035934 0.1665001556 0.0000000000 0.8985590727 0.2768253988 1.1733127674 1.2794620876 1.9105389952 0.6450798471 0.3160186767 0.0196717827 0.5643888794 0.1021923145
2.3404058350 0.1961185250 0.2157113868 1.0865736891 0.1764263254 0.6888237467 0.0261854571 0.4684683537 1.8670477248 0.8985590727 0.0000000000 0.2966610399 3.5799050433 0.6904592714 1.6054378854 0.4495216363 0.1688583151 2.3060109934 1.1705745477 0.8627668517
0.2979448043 1.3822176333 0.8565079903 1.1007383896 0.0467107581 0.9589927463 0.5801456238 1.2450727935 0.4291248897 0.2768253988 0.2966610399 0.0000000000 1.9527879525 0.8654575512 4.6466262367 0.3577815485 1.0796880719 0.0217569613 2.2661977726 2.0889929861
0.3307202057 0.7740283512 1.3488613016 0.4217218931 0.2258242032 0.4146878890 0.2096221329 1.5053487385 0.9197820888 1.1733127674 3.5799050433 1.9527879525 0.0000000000 0.1576346247 0.0377073409 1.4734941858 1.7851621081 2.8235814569 0.6817636295 0.0816112783
0.4419590160 2.4790427359 0.2243303310 1.7830436039 2.6210212474 0.0227462474 0.0471087540 0.7250877949 0.1794295481 1.2794620876 0.6904592714 0.8654575512 0.1576346247 0.0000000000 0.3345476142 0.0160875284 4.7248888066 3.7602600880 1.3508581975 1.3125382298
0.1317562330 0.6842820876 2.5626835113 3.7860921750 2.7928353385 0.9356350340 0.7603554416 3.3107189149 1.7628936554 1.9105389952 1.6054378854 4.6466262367 0.0377073409 0.3345476142 0.0000000000 1.7098963281 0.3428123406 1.6686449221 0.5091945015 6.7299156004
0.6779899426 0.1671962860 0.2542897413 0.0410145138 0.9061152608 1.7231171525 1.1135924055 2.3079775350 0.3058304806 0.6450798471 0.4495216363 0.3577815485 1.4734941858 0.0160875284 1.7098963281 0.0000000000 1.0801657747 0.1321951545 0.3039163238 0.9361103362
1.0362503272 1.1524078295 0.1016289803 0.2048625312 0.6493938623 0.3408499005 2.7038359576 0.2639742080 1.4344727446 0.3160186767 0.1688583151 1.0796880719 1.7851621081 4.7248888066 0.3428123406 1.0801657747 0.0000000000 0.0350884183 0.1017528035 0.9837179332
0.0254627261 0.5414359675 0.0071449505 0.6813764356 1.7915824465 0.4906492497 1.9023596751 3.0875353475 0.4647506086 0.0196717827 2.3060109934 0.0217569613 2.8235814569 3.7602600880 1.6686449221 0.1321951545 0.0350884183 0.0000000000 0.1071387561 0.3437549373
0.5295258581 0.5461882226 0.8074943490 0.7113238192 0.3935360601 2.0080292704 2.0075518760 1.6275293494 1.4871168358 0.5643888794 1.1705745477 2.2661977726 0.6817636295 1.3508581975 0.5091945015 0.3039163238 0.1017528035 0.1071387561 0.0000000000 0.0825663919
0.1865210211 0.7460051356 0.0182444123 0.6321227476 0.4463891864 0.7231042925 0.8573023217 0.0859924683 0.8078582692 0.1021923145 0.8627668517 2.0889929861 0.0816112783 1.3125382298 6.7299156004 0.9361103362 0.9837179332 0.3437549373 0.0825663919 0.0000000000
