# MCW Instance
# Type: EXPONENTIAL
# N: 20
# Optimal cost: 1.0380376346402027
# Optimal tour (permutation): [0, 10, 6, 5, 14, 4, 9, 13, 16, 7, 1, 15, 12, 3, 11, 19, 2, 18, 8, 17, 0]
# Optimal walk (full path): [0, 10, 6, 5, 14, 5, 4, 5, 6, 9, 13, 16, 13, 7, 1, 12, 15, 12, 3, 12, 11, 19, 2, 19, 17, 18, 8, 18, 17, 0]
# Walk size: 30
# Is walk (has repeats): true

# Distance Matrix
0.0000000000 0.5769021341 0.7049499319 0.2066783604 1.3704256311 0.8902510656 0.1070235912 0.2994329173 1.6607022094 0.0083730925 0.0182918275 0.6477132152 0.2536816544 2.2105303748 0.4006787017 0.6191211350 2.9340517320 0.0140687431 1.1922676679 1.7128483241
0.5769021341 0.0000000000 0.7225000846 1.9822280727 1.2750585511 0.9035761963 0.2344166187 0.0655437236 2.2625629919 0.0918003812 0.4729955129 0.1433735697 0.0233469385 2.6124087040 1.7852498076 0.9924764777 1.2470469094 0.1857252750 0.5037141870 1.3007739862
0.7049499319 0.7225000846 0.0000000000 0.4248266684 0.4851079344 0.3155574481 2.7484969305 1.0717483876 0.1213752493 0.1487731192 0.1135082332 2.5284051401 2.0037477790 0.8345032442 0.2053008094 0.8527074556 1.4820666960 0.8321963872 0.1486852623 0.0136002079
0.2066783604 1.9822280727 0.4248266684 0.0000000000 0.5163829773 2.4018078379 0.4250042081 0.1936984060 1.2702366297 0.1437450101 0.3844578704 0.6996323963 0.1114715469 3.2717644325 3.6396416130 1.8521722063 0.6723938761 0.3435205143 2.0960836663 1.9441851732
1.3704256311 1.2750585511 0.4851079344 0.5163829773 0.0000000000 0.0137641343 1.3818045575 1.5642665633 0.7734391141 0.5475526640 0.3351843159 0.8504999841 0.7488954634 0.3656223266 0.2172203098 5.3471651751 4.9470640946 1.0007035686 0.7008485966 0.3824764386
0.8902510656 0.9035761963 0.3155574481 2.4018078379 0.0137641343 0.0000000000 0.0140509315 0.6869940599 0.9683839226 0.7363505567 0.7391914085 2.4785626885 1.4614571592 2.9468923925 0.1039951724 0.7812113747 1.4042832720 1.2874928329 0.1238721564 0.9182996394
0.1070235912 0.2344166187 2.7484969305 0.4250042081 1.3818045575 0.0140509315 0.0000000000 0.3220838632 1.3840126374 0.0033612534 0.0169787608 0.1023836120 0.2410670724 1.1068336906 1.0382157558 0.1488488258 0.9027095356 0.6507891155 1.4637876515 1.1469652562
0.2994329173 0.0655437236 1.0717483876 0.1936984060 1.5642665633 0.6869940599 0.3220838632 0.0000000000 1.6604326382 0.6707048477 0.7302025892 1.2229779422 1.4620181379 0.0778725938 1.2415453620 0.8325257464 1.7935894394 0.6093270635 0.9932560367 0.1148281066
1.6607022094 2.2625629919 0.1213752493 1.2702366297 0.7734391141 0.9683839226 1.3840126374 1.6604326382 0.0000000000 1.8947649041 0.1089785469 1.0947081167 0.9161889749 0.2528690413 0.6407659115 0.4673737362 1.2840358259 0.2695769773 0.0329063574 0.5302871119
0.0083730925 0.0918003812 0.1487731192 0.1437450101 0.5475526640 0.7363505567 0.0033612534 0.6707048477 1.8947649041 0.0000000000 0.3926237300 0.2020494861 0.0669344013 0.0431912256 0.6768311819 0.1768245263 0.4073408559 0.4441581240 0.0159085015 0.4183376008
0.0182918275 0.4729955129 0.1135082332 0.3844578704 0.3351843159 0.7391914085 0.0169787608 0.7302025892 0.1089785469 0.3926237300 0.0000000000 0.3259181705 0.1813116650 0.3469057407 0.3653684591 0.0292295302 0.6813047824 0.2656363586 1.0496030192 0.2845514670
0.6477132152 0.1433735697 2.5284051401 0.6996323963 0.8504999841 2.4785626885 0.1023836120 1.2229779422 1.0947081167 0.2020494861 0.3259181705 0.0000000000 0.0511774500 1.6243120475 0.4153805147 0.5561691161 0.7398381259 0.5465361151 0.6483539784 0.0613469155
0.2536816544 0.0233469385 2.0037477790 0.1114715469 0.7488954634 1.4614571592 0.2410670724 1.4620181379 0.9161889749 0.0669344013 0.1813116650 0.0511774500 0.0000000000 0.8097573475 0.7710779040 0.0114857953 1.8004344491 0.4404344539 0.4752979321 1.0284792305
2.2105303748 2.6124087040 0.8345032442 3.2717644325 0.3656223266 2.9468923925 1.1068336906 0.0778725938 0.2528690413 0.0431912256 0.3469057407 1.6243120475 0.8097573475 0.0000000000 1.5776846439 0.5079355203 0.0203736408 0.9465678078 0.2465843885 0.4470799191
0.4006787017 1.7852498076 0.2053008094 3.6396416130 0.2172203098 0.1039951724 1.0382157558 1.2415453620 0.6407659115 0.6768311819 0.3653684591 0.4153805147 0.7710779040 1.5776846439 0.0000000000 1.1067668769 0.4223902767 2.0497458419 0.7203770147 0.3057446005
0.6191211350 0.9924764777 0.8527074556 1.8521722063 5.3471651751 0.7812113747 0.1488488258 0.8325257464 0.4673737362 0.1768245263 0.0292295302 0.5561691161 0.0114857953 0.5079355203 1.1067668769 0.0000000000 2.5936737937 0.0823258441 0.0254727398 0.3395466699
2.9340517320 1.2470469094 1.4820666960 0.6723938761 4.9470640946 1.4042832720 0.9027095356 1.7935894394 1.2840358259 0.4073408559 0.6813047824 0.7398381259 1.8004344491 0.0203736408 0.4223902767 2.5936737937 0.0000000000 0.2429881412 0.0928935454 0.2949798854
0.0140687431 0.1857252750 0.8321963872 0.3435205143 1.0007035686 1.2874928329 0.6507891155 0.6093270635 0.2695769773 0.4441581240 0.2656363586 0.5465361151 0.4404344539 0.9465678078 2.0497458419 0.0823258441 0.2429881412 0.0000000000 0.0068868807 0.0057888681
1.1922676679 0.5037141870 0.1486852623 2.0960836663 0.7008485966 0.1238721564 1.4637876515 0.9932560367 0.0329063574 0.0159085015 1.0496030192 0.6483539784 0.4752979321 0.2465843885 0.7203770147 0.0254727398 0.0928935454 0.0068868807 0.0000000000 0.0504622228
1.7128483241 1.3007739862 0.0136002079 1.9441851732 0.3824764386 0.9182996394 1.1469652562 0.1148281066 0.5302871119 0.4183376008 0.2845514670 0.0613469155 1.0284792305 0.4470799191 0.3057446005 0.3395466699 0.2949798854 0.0057888681 0.0504622228 0.0000000000
