# MCW Instance
# Type: EXPONENTIAL
# N: 20
# Optimal cost: 1.8184909018970434
# Optimal tour (permutation): [0, 18, 4, 13, 14, 1, 15, 17, 16, 5, 9, 12, 10, 19, 6, 11, 8, 7, 2, 3, 0]
# Optimal walk (full path): [0, 18, 4, 13, 14, 1, 15, 17, 16, 5, 16, 9, 12, 10, 19, 6, 11, 8, 7, 2, 3, 4, 18, 0]
# Walk size: 24
# Is walk (has repeats): true

# Distance Matrix
0.0000000000 0.5145954262 0.5459771220 1.8273279981 1.7667449218 2.1520448725 0.2431484992 2.1182237511 0.1658008324 1.4200143210 0.5439739363 1.7934783959 0.1956276929 1.3583998671 0.2175582496 2.1411329589 0.6951531600 2.6283189688 0.0627223943 2.0354226092
0.5145954262 0.0000000000 1.9067660573 2.4923340487 1.7159326729 0.4522951882 0.5861023643 0.3470371380 1.3131731025 2.3909308540 1.8162359087 0.2748277907 1.6810861556 0.5253277959 0.2689357327 0.2707095281 0.4939057348 0.6092300605 1.2234783547 0.8246924378
0.5459771220 1.9067660573 0.0000000000 0.1295825803 0.6699515034 2.2896296906 4.1509007597 0.0642230238 0.0763881146 0.6194028527 0.5652226527 0.6445683724 0.3462177768 0.6585898643 0.8927803158 0.6506000329 0.1405277392 4.4628549505 0.4930710616 2.1859867649
1.8273279981 2.4923340487 0.1295825803 0.0000000000 0.0416636880 1.3380199640 0.0542194685 4.2998826781 0.4174317584 0.3215445306 2.9602341503 0.4024803189 2.6626028527 0.7124925533 1.4326082202 0.1295492061 1.9132758257 2.0282092132 1.0042032903 0.1081795737
1.7667449218 1.7159326729 0.6699515034 0.0416636880 0.0000000000 1.0078718503 0.5479106810 1.4585752816 0.6073375135 2.8297554413 0.2788804647 1.0867332629 0.9874428116 0.0131492628 1.0971206546 0.8906545011 0.9372723488 0.8829669542 0.0291586616 0.1260412004
2.1520448725 0.4522951882 2.2896296906 1.3380199640 1.0078718503 0.0000000000 1.2488057450 0.5667685362 3.3430364953 0.7556605727 0.8063984729 0.6241777427 0.3345702314 1.2562495078 0.6869312475 0.4749391504 0.0211051810 1.2952487423 0.8863207056 0.1533422189
0.2431484992 0.5861023643 4.1509007597 0.0542194685 0.5479106810 1.2488057450 0.0000000000 0.3121957571 0.6981933134 0.9126557898 0.2811648598 0.0264013783 0.5183895039 0.9239427481 0.7222437210 0.4871991647 0.1098810550 0.2606744028 0.6651865725 0.0377775484
2.1182237511 0.3470371380 0.0642230238 4.2998826781 1.4585752816 0.5667685362 0.3121957571 0.0000000000 0.0708814166 0.7635648326 1.4262060333 0.3050508772 0.4188127860 0.3035693756 0.7206692815 0.3459358898 0.8754605928 0.1195173029 0.4443670643 0.1446009268
0.1658008324 1.3131731025 0.0763881146 0.4174317584 0.6073375135 3.3430364953 0.6981933134 0.0708814166 0.0000000000 0.4195087133 0.7182563238 0.0280442483 1.5266007077 0.4905412016 0.3674497874 3.0654673349 4.4706764425 0.6330860675 1.3655033701 1.1034967878
1.4200143210 2.3909308540 0.6194028527 0.3215445306 2.8297554413 0.7556605727 0.9126557898 0.7635648326 0.4195087133 0.0000000000 1.0267868110 0.3573593387 0.0800520554 0.0908650374 0.1716901635 1.1521515889 0.1549277234 0.1765610453 0.1931342125 1.0436561802
0.5439739363 1.8162359087 0.5652226527 2.9602341503 0.2788804647 0.8063984729 0.2811648598 1.4262060333 0.7182563238 1.0267868110 0.0000000000 0.3790936793 0.1135101916 0.3596521498 0.2043877803 0.3078394458 0.4565479594 0.9015861804 1.1459498155 0.1303128174
1.7934783959 0.2748277907 0.6445683724 0.4024803189 1.0867332629 0.6241777427 0.0264013783 0.3050508772 0.0280442483 0.3573593387 0.3790936793 0.0000000000 1.4713405142 3.5154692291 0.5295077052 1.2638649345 2.1089763976 1.4424619630 0.7240269692 1.4655894156
0.1956276929 1.6810861556 0.3462177768 2.6626028527 0.9874428116 0.3345702314 0.5183895039 0.4188127860 1.5266007077 0.0800520554 0.1135101916 1.4713405142 0.0000000000 0.3955019116 0.2034495487 1.4799784692 0.0789327368 0.1161180521 0.7899390966 0.0406536420
1.3583998671 0.5253277959 0.6585898643 0.7124925533 0.0131492628 1.2562495078 0.9239427481 0.3035693756 0.4905412016 0.0908650374 0.3596521498 3.5154692291 0.3955019116 0.0000000000 0.0000663833 0.1374846906 1.3315402984 1.1812166469 1.5334833359 5.1335086013
0.2175582496 0.2689357327 0.8927803158 1.4326082202 1.0971206546 0.6869312475 0.7222437210 0.7206692815 0.3674497874 0.1716901635 0.2043877803 0.5295077052 0.2034495487 0.0000663833 0.0000000000 0.7770451556 0.8214272087 0.7721420827 0.0423396189 0.1522231883
2.1411329589 0.2707095281 0.6506000329 0.1295492061 0.8906545011 0.4749391504 0.4871991647 0.3459358898 3.0654673349 1.1521515889 0.3078394458 1.2638649345 1.4799784692 0.1374846906 0.7770451556 0.0000000000 1.7305815156 0.0505442715 1.3425966944 0.3463211294
0.6951531600 0.4939057348 0.1405277392 1.9132758257 0.9372723488 0.0211051810 0.1098810550 0.8754605928 4.4706764425 0.1549277234 0.4565479594 2.1089763976 0.0789327368 1.3315402984 0.8214272087 1.7305815156 0.0000000000 0.1117365780 2.6449140013 0.2184637018
2.6283189688 0.6092300605 4.4628549505 2.0282092132 0.8829669542 1.2952487423 0.2606744028 0.1195173029 0.6330860675 0.1765610453 0.9015861804 1.4424619630 0.1161180521 1.1812166469 0.7721420827 0.0505442715 0.1117365780 0.0000000000 0.5745327147 0.7110958591
0.0627223943 1.2234783547 0.4930710616 1.0042032903 0.0291586616 0.8863207056 0.6651865725 0.4443670643 1.3655033701 0.1931342125 1.1459498155 0.7240269692 0.7899390966 1.5334833359 0.0423396189 1.3425966944 2.6449140013 0.5745327147 0.0000000000 3.9512392434
2.0354226092 0.8246924378 2.1859867649 0.1081795737 0.1260412004 0.1533422189 0.0377775484 0.1446009268 1.1034967878 1.0436561802 0.1303128174 1.4655894156 0.0406536420 5.1335086013 0.1522231883 0.3463211294 0.2184637018 0.7110958591 3.9512392434 0.0000000000
