# MCW Instance
# Type: EXPONENTIAL
# N: 20
# Optimal cost: 2.075974548560875
# Optimal tour (permutation): [0, 12, 11, 18, 5, 13, 6, 3, 14, 17, 1, 8, 9, 15, 2, 16, 19, 4, 10, 7, 0]
# Optimal walk (full path): [0, 7, 12, 5, 11, 18, 11, 5, 13, 6, 3, 14, 1, 17, 1, 8, 9, 15, 2, 16, 19, 4, 10, 4, 7, 0]
# Walk size: 26
# Is walk (has repeats): true

# Distance Matrix
0.0000000000 0.7317697498 0.6827625690 0.4390709648 0.2575331163 0.9995636573 0.6229417808 0.0370953056 0.3244810348 3.9189992224 0.7323271913 0.6893383596 1.9455480083 1.4677725014 1.1866040288 0.2896347601 0.0884605990 0.9031927883 1.0772252171 1.8134128488
0.7317697498 0.0000000000 0.3215131769 1.9843972039 0.4109764611 0.0997635136 0.6158186912 1.0283219575 0.0913979523 0.2837675958 0.3696356486 3.5741787128 0.3017396637 0.6324110288 0.0609417713 0.3204210114 0.1711006054 0.0291104470 1.1190294757 2.9590353784
0.6827625690 0.3215131769 0.0000000000 1.1786774550 1.3542250550 0.9318267802 0.4869578063 0.4200372184 0.5720128763 0.2549781858 1.0019454654 0.3432611498 0.4575644656 0.1709167025 1.1154615638 0.0119365366 0.0450138732 0.8373618360 1.7395288912 3.3100014513
0.4390709648 1.9843972039 1.1786774550 0.0000000000 1.1988291316 1.0559624514 0.0960647082 0.5370560251 1.3714016574 0.5798455198 0.4355891773 2.7929766072 2.5179328973 0.3841788742 0.2249510486 0.7459380505 0.5188473067 0.8948612277 2.0009453959 1.8068574476
0.2575331163 0.4109764611 1.3542250550 1.1988291316 0.0000000000 0.2796336455 1.3661835568 0.1054215105 0.9021991207 0.6008006293 0.0689716136 0.1743074042 1.3697868414 1.6022568391 1.1510650992 2.8002116213 0.8362287766 3.4455003950 0.1185427967 0.2064352674
0.9995636573 0.0997635136 0.9318267802 1.0559624514 0.2796336455 0.0000000000 0.8505036519 1.8708880933 2.4518325849 0.2655738895 1.2965286086 0.0310398315 0.1376690287 0.0339628380 0.1507848489 0.3030422013 1.2543462219 0.5740124487 0.2260126443 0.4411067392
0.6229417808 0.6158186912 0.4869578063 0.0960647082 1.3661835568 0.8505036519 0.0000000000 0.4706721008 0.7399750494 1.6890435960 0.5454841012 1.4987381602 0.7205175788 0.2392699049 0.7720438632 0.4360711536 0.2868113142 1.0787218898 2.4037787336 0.9450345096
0.0370953056 1.0283219575 0.4200372184 0.5370560251 0.1054215105 1.8708880933 0.4706721008 0.0000000000 0.6336821084 0.2007513947 0.4995131845 0.0734515097 0.1767182997 0.4365266355 1.2711893340 1.5150631025 0.0744173313 0.1060489611 0.2593972999 0.9825010600
0.3244810348 0.0913979523 0.5720128763 1.3714016574 0.9021991207 2.4518325849 0.7399750494 0.6336821084 0.0000000000 0.0399145320 0.5127248188 1.7725763489 0.7027345889 0.2589758180 1.4525037911 0.0392943770 1.6043687861 0.6014454733 0.4661180801 0.4298216668
3.9189992224 0.2837675958 0.2549781858 0.5798455198 0.6008006293 0.2655738895 1.6890435960 0.2007513947 0.0399145320 0.0000000000 0.6495604011 1.3748772527 1.4925018570 2.7265066975 0.9164697684 0.0674993219 0.2029951560 0.9532234231 2.8110382072 0.6033877038
0.7323271913 0.3696356486 1.0019454654 0.4355891773 0.0689716136 1.2965286086 0.5454841012 0.4995131845 0.5127248188 0.6495604011 0.0000000000 0.5172715076 0.4065982375 3.0834961960 0.4661016054 1.1019911061 2.4815354196 0.4149108608 2.1091518821 1.3785668555
0.6893383596 3.5741787128 0.3432611498 2.7929766072 0.1743074042 0.0310398315 1.4987381602 0.0734515097 1.7725763489 1.3748772527 0.5172715076 0.0000000000 1.1962834611 3.7061009681 0.2405512341 2.8833454181 1.4160497399 0.1526403872 0.0073227166 1.4191722695
1.9455480083 0.3017396637 0.4575644656 2.5179328973 1.3697868414 0.1376690287 0.7205175788 0.1767182997 0.7027345889 1.4925018570 0.4065982375 1.1962834611 0.0000000000 1.8816719939 0.7238163451 1.1175913312 0.4106286307 1.6204748475 0.9174126672 1.5492493831
1.4677725014 0.6324110288 0.1709167025 0.3841788742 1.6022568391 0.0339628380 0.2392699049 0.4365266355 0.2589758180 2.7265066975 3.0834961960 3.7061009681 1.8816719939 0.0000000000 0.0443546292 0.1674281466 2.6280115747 0.2268111232 1.8864188602 2.7046222096
1.1866040288 0.0609417713 1.1154615638 0.2249510486 1.1510650992 0.1507848489 0.7720438632 1.2711893340 1.4525037911 0.9164697684 0.4661016054 0.2405512341 0.7238163451 0.0443546292 0.0000000000 0.8365516111 0.4999337351 0.8615686395 0.1318780941 0.2821768874
0.2896347601 0.3204210114 0.0119365366 0.7459380505 2.8002116213 0.3030422013 0.4360711536 1.5150631025 0.0392943770 0.0674993219 1.1019911061 2.8833454181 1.1175913312 0.1674281466 0.8365516111 0.0000000000 0.0793056970 0.5814456552 0.0702977410 1.0241736054
0.0884605990 0.1711006054 0.0450138732 0.5188473067 0.8362287766 1.2543462219 0.2868113142 0.0744173313 1.6043687861 0.2029951560 2.4815354196 1.4160497399 0.4106286307 2.6280115747 0.4999337351 0.0793056970 0.0000000000 0.6009123084 1.1452114048 0.1916981266
0.9031927883 0.0291104470 0.8373618360 0.8948612277 3.4455003950 0.5740124487 1.0787218898 0.1060489611 0.6014454733 0.9532234231 0.4149108608 0.1526403872 1.6204748475 0.2268111232 0.8615686395 0.5814456552 0.6009123084 0.0000000000 0.2286771428 0.7094537459
1.0772252171 1.1190294757 1.7395288912 2.0009453959 0.1185427967 0.2260126443 2.4037787336 0.2593972999 0.4661180801 2.8110382072 2.1091518821 0.0073227166 0.9174126672 1.8864188602 0.1318780941 0.0702977410 1.1452114048 0.2286771428 0.0000000000 0.9924063368
1.8134128488 2.9590353784 3.3100014513 1.8068574476 0.2064352674 0.4411067392 0.9450345096 0.9825010600 0.4298216668 0.6033877038 1.3785668555 1.4191722695 1.5492493831 2.7046222096 0.2821768874 1.0241736054 0.1916981266 0.7094537459 0.9924063368 0.0000000000
