# MCW Instance
# Type: EXPONENTIAL
# N: 20
# Optimal cost: 3.0215066939174586
# Optimal tour (permutation): [0, 13, 6, 4, 8, 17, 7, 19, 14, 16, 10, 3, 12, 15, 9, 18, 5, 11, 1, 2, 0]
# Optimal walk (full path): [0, 13, 0, 6, 4, 8, 17, 7, 19, 14, 16, 10, 3, 12, 15, 9, 18, 5, 18, 9, 11, 1, 2, 0]
# Walk size: 24
# Is walk (has repeats): true

# Distance Matrix
0.0000000000 0.6375095016 0.0872378224 1.7015558338 5.1997055374 0.1462745683 0.0673979611 1.2720748585 1.1839177019 0.2274762769 0.7351944103 0.2451087259 1.9221969249 0.0773212770 1.3576852365 0.7942770198 4.6850374984 0.7027409489 1.0545859387 0.3090752867
0.6375095016 0.0000000000 0.0205033768 0.3765562185 0.4730655809 1.6223724671 0.2862890931 0.3482806310 0.3676342699 3.7777698686 0.2433772627 0.1331589449 0.5517940890 1.3873683134 0.8860313966 2.3104855436 1.0209802448 0.1068475630 0.9554948760 0.6746471242
0.0872378224 0.0205033768 0.0000000000 1.7680067916 1.4455390789 0.7039396437 0.3621667503 0.2173727467 1.2113022199 0.5383227137 0.2404290537 1.0091509536 0.9671380357 1.2004272058 0.3788190835 1.6681516251 0.7408687894 0.5534933445 2.5124301344 1.1821214050
1.7015558338 0.3765562185 1.7680067916 0.0000000000 0.3773675716 0.2387179972 1.1424554942 0.6066599129 1.1361230914 1.8783062071 0.0581569200 1.2990148416 0.0780588305 0.2612051356 0.3860090665 0.4923334271 0.6055041670 1.2897344500 0.2854699605 0.2993225161
5.1997055374 0.4730655809 1.4455390789 0.3773675716 0.0000000000 0.6184091551 0.0842485719 0.1972646558 0.3473676980 0.2873641407 1.2465123251 0.8609801158 0.1557080380 1.2802977156 0.3178070896 0.5399310009 0.2488193254 3.1322365237 0.1442451329 1.0970616868
0.1462745683 1.6223724671 0.7039396437 0.2387179972 0.6184091551 0.0000000000 1.3042299609 1.7244251985 0.9576767250 2.3426730309 0.7111865897 0.3485781139 0.7128185569 1.0357509070 2.0392701038 1.5592956919 1.4575128796 0.2786547509 0.0465327909 2.3306553137
0.0673979611 0.2862890931 0.3621667503 1.1424554942 0.0842485719 1.3042299609 0.0000000000 5.1356445131 0.4360826635 0.4124920448 0.3680874578 1.3358039288 1.6221206065 0.6747897305 0.2415977568 0.5491046976 0.4713112697 0.4196577964 1.1854134565 0.2274544856
1.2720748585 0.3482806310 0.2173727467 0.6066599129 0.1972646558 1.7244251985 5.1356445131 0.0000000000 0.6294749080 0.4433464303 0.5132883113 2.2941632689 1.4181144179 0.2149850998 1.1820687503 1.1331318442 0.0971097275 0.0717158293 2.5797170812 0.1318135171
1.1839177019 0.3676342699 1.2113022199 1.1361230914 0.3473676980 0.9576767250 0.4360826635 0.6294749080 0.0000000000 0.6948750609 0.4238107644 1.3194696347 1.9031302858 2.1044459528 0.4566172966 0.6430079273 2.2535403670 0.2017016074 0.4100692716 0.8165184927
0.2274762769 3.7777698686 0.5383227137 1.8783062071 0.2873641407 2.3426730309 0.4124920448 0.4433464303 0.6948750609 0.0000000000 1.1344474590 0.1438797326 1.2462301897 0.4169052286 0.6677543089 0.3590092002 0.4570216860 0.5173241201 0.0295453370 0.1801887214
0.7351944103 0.2433772627 0.2404290537 0.0581569200 1.2465123251 0.7111865897 0.3680874578 0.5132883113 0.4238107644 1.1344474590 0.0000000000 0.8028358896 0.6715489453 1.7899064628 0.2138192332 0.7524525040 0.1194751957 3.1268348384 0.2770240429 0.8453863238
0.2451087259 0.1331589449 1.0091509536 1.2990148416 0.8609801158 0.3485781139 1.3358039288 2.2941632689 1.3194696347 0.1438797326 0.8028358896 0.0000000000 2.1532132054 1.2481230974 0.9441713064 2.7526251491 1.9691806881 2.4198135797 2.1807988973 0.3913170449
1.9221969249 0.5517940890 0.9671380357 0.0780588305 0.1557080380 0.7128185569 1.6221206065 1.4181144179 1.9031302858 1.2462301897 0.6715489453 2.1532132054 0.0000000000 1.8715312752 0.4882933128 0.4081772766 0.3030027532 0.5128755582 0.6278351127 2.8248291897
0.0773212770 1.3873683134 1.2004272058 0.2612051356 1.2802977156 1.0357509070 0.6747897305 0.2149850998 2.1044459528 0.4169052286 1.7899064628 1.2481230974 1.8715312752 0.0000000000 2.0274938074 0.6429469675 0.4441594159 0.4795147642 0.5634912199 4.4386945978
1.3576852365 0.8860313966 0.3788190835 0.3860090665 0.3178070896 2.0392701038 0.2415977568 1.1820687503 0.4566172966 0.6677543089 0.2138192332 0.9441713064 0.4882933128 2.0274938074 0.0000000000 0.4494836829 0.1475470724 0.3199966144 0.5417045810 0.2552583274
0.7942770198 2.3104855436 1.6681516251 0.4923334271 0.5399310009 1.5592956919 0.5491046976 1.1331318442 0.6430079273 0.3590092002 0.7524525040 2.7526251491 0.4081772766 0.6429469675 0.4494836829 0.0000000000 1.1391157795 0.6632450136 0.4833829874 2.9000712023
4.6850374984 1.0209802448 0.7408687894 0.6055041670 0.2488193254 1.4575128796 0.4713112697 0.0971097275 2.2535403670 0.4570216860 0.1194751957 1.9691806881 0.3030027532 0.4441594159 0.1475470724 1.1391157795 0.0000000000 0.1734485596 0.1557300584 0.7761839013
0.7027409489 0.1068475630 0.5534933445 1.2897344500 3.1322365237 0.2786547509 0.4196577964 0.0717158293 0.2017016074 0.5173241201 3.1268348384 2.4198135797 0.5128755582 0.4795147642 0.3199966144 0.6632450136 0.1734485596 0.0000000000 1.5300253777 0.3805058735
1.0545859387 0.9554948760 2.5124301344 0.2854699605 0.1442451329 0.0465327909 1.1854134565 2.5797170812 0.4100692716 0.0295453370 0.2770240429 2.1807988973 0.6278351127 0.5634912199 0.5417045810 0.4833829874 0.1557300584 1.5300253777 0.0000000000 1.9319013561
0.3090752867 0.6746471242 1.1821214050 0.2993225161 1.0970616868 2.3306553137 0.2274544856 0.1318135171 0.8165184927 0.1801887214 0.8453863238 0.3913170449 2.8248291897 4.4386945978 0.2552583274 2.9000712023 0.7761839013 0.3805058735 1.9319013561 0.0000000000
