# MCW Instance
# Type: EXPONENTIAL
# N: 20
# Optimal cost: 1.3230503680411592
# Optimal tour (permutation): [0, 10, 14, 13, 11, 9, 8, 19, 12, 2, 3, 17, 6, 4, 18, 15, 7, 1, 16, 5, 0]
# Optimal walk (full path): [0, 10, 14, 13, 14, 11, 9, 8, 14, 12, 19, 12, 2, 3, 6, 17, 6, 4, 18, 7, 15, 7, 16, 1, 16, 5, 0]
# Walk size: 27
# Is walk (has repeats): true

# Distance Matrix
0.0000000000 0.8356557007 4.4108353114 0.9876354472 0.3711259139 0.0305210291 0.4659705992 1.9021127911 0.4814631739 0.7549703095 0.0869306022 0.3997753946 0.2581418776 1.2743778044 0.6403178004 1.6107984011 0.0922238018 0.5688749285 2.2218698316 0.1188841655
0.8356557007 0.0000000000 0.1222321959 1.0081543575 1.6005105814 5.4608602178 0.2597345735 0.1695508310 0.3839077035 0.5179899811 0.7417672848 0.3857283043 0.6344528823 3.4738919942 0.3064783943 0.2961815625 0.0527299754 0.8411602061 1.1832087538 0.1849228863
4.4108353114 0.1222321959 0.0000000000 0.0403251118 1.3696213493 0.9205070603 0.0847452693 0.1698271513 1.2636948382 1.7107528916 0.9368174526 0.2009368199 0.0324760396 0.9357574933 0.1237387972 0.6747296720 0.6837317425 0.2171651878 0.2705411257 0.2611868851
0.9876354472 1.0081543575 0.0403251118 0.0000000000 1.9284222289 0.8244271424 0.0639341532 0.8027752485 2.0345862551 2.7487366312 0.7304955183 0.3653887806 1.7082813310 0.4687557494 0.4337331671 1.0311702057 0.2297483047 0.2347864043 2.0339133114 0.0596904464
0.3711259139 1.6005105814 1.3696213493 1.9284222289 0.0000000000 0.4934097268 0.1453917940 0.0950309507 0.6718024496 0.1861771288 0.1921649661 0.2862952935 0.2819547912 1.9584929290 1.6318123004 0.9913289372 1.1189368247 0.2764140877 0.0734349052 0.8962542068
0.0305210291 5.4608602178 0.9205070603 0.8244271424 0.4934097268 0.0000000000 1.1716775061 2.4135934551 0.9533656747 0.2909125726 0.7640176483 2.0104556865 0.1486209025 1.1462057529 0.4054342645 2.7748019749 0.0032805327 1.2220550379 0.4977523926 0.7818915288
0.4659705992 0.2597345735 0.0847452693 0.0639341532 0.1453917940 1.1716775061 0.0000000000 0.3928161497 0.3841289053 0.5371694415 0.7535713684 0.1486539488 0.7375427928 0.2741414308 0.4665474620 3.2694034744 2.0366844164 0.0241355823 1.5218650288 0.4351694438
1.9021127911 0.1695508310 0.1698271513 0.8027752485 0.0950309507 2.4135934551 0.3928161497 0.0000000000 0.4887601823 0.3200658201 1.9883418873 1.9073445423 0.8153242310 0.7211759816 0.4247670358 0.0624636067 0.0010678361 2.2732449951 0.0084299765 0.6143866316
0.4814631739 0.3839077035 1.2636948382 2.0345862551 0.6718024496 0.9533656747 0.3841289053 0.4887601823 0.0000000000 0.0879619838 0.8237849052 0.4675526419 3.2342766159 0.1888034278 0.0711266008 2.9823695132 0.1640261164 0.5636722252 1.8652260753 1.4515984704
0.7549703095 0.5179899811 1.7107528916 2.7487366312 0.1861771288 0.2909125726 0.5371694415 0.3200658201 0.0879619838 0.0000000000 0.9296373102 0.1064973848 0.1443884447 1.3215449556 1.1119408332 2.8000851541 0.9613531806 0.5010070133 1.0296857675 0.0980245513
0.0869306022 0.7417672848 0.9368174526 0.7304955183 0.1921649661 0.7640176483 0.7535713684 1.9883418873 0.8237849052 0.9296373102 0.0000000000 0.7181834866 3.4027898495 0.3427717499 0.0179011857 1.0897258652 0.2149779574 0.3614673603 0.1761310002 2.0006243386
0.3997753946 0.3857283043 0.2009368199 0.3653887806 0.2862952935 2.0104556865 0.1486539488 1.9073445423 0.4675526419 0.1064973848 0.7181834866 0.0000000000 0.4996610041 0.4035636369 0.0750828157 0.5196046486 0.3502429662 2.8713162041 0.2798512367 1.0084813727
0.2581418776 0.6344528823 0.0324760396 1.7082813310 0.2819547912 0.1486209025 0.7375427928 0.8153242310 3.2342766159 0.1443884447 3.4027898495 0.4996610041 0.0000000000 1.1479256334 0.0055385142 0.7084133116 0.1661672391 0.9361463366 1.2615579322 0.0146449676
1.2743778044 3.4738919942 0.9357574933 0.4687557494 1.9584929290 1.1462057529 0.2741414308 0.7211759816 0.1888034278 1.3215449556 0.3427717499 0.4035636369 1.1479256334 0.0000000000 0.0826008193 3.3885171531 1.3514030888 2.2776212246 1.4307791355 0.6959475866
0.6403178004 0.3064783943 0.1237387972 0.4337331671 1.6318123004 0.4054342645 0.4665474620 0.4247670358 0.0711266008 1.1119408332 0.0179011857 0.0750828157 0.0055385142 0.0826008193 0.0000000000 1.1614709217 0.6943054788 0.1832897598 2.3329054278 0.6373205160
1.6107984011 0.2961815625 0.6747296720 1.0311702057 0.9913289372 2.7748019749 3.2694034744 0.0624636067 2.9823695132 2.8000851541 1.0897258652 0.5196046486 0.7084133116 3.3885171531 1.1614709217 0.0000000000 1.1168576031 0.2043023015 0.7231833971 2.9505888782
0.0922238018 0.0527299754 0.6837317425 0.2297483047 1.1189368247 0.0032805327 2.0366844164 0.0010678361 0.1640261164 0.9613531806 0.2149779574 0.3502429662 0.1661672391 1.3514030888 0.6943054788 1.1168576031 0.0000000000 4.4702423073 4.6237067069 0.3753727004
0.5688749285 0.8411602061 0.2171651878 0.2347864043 0.2764140877 1.2220550379 0.0241355823 2.2732449951 0.5636722252 0.5010070133 0.3614673603 2.8713162041 0.9361463366 2.2776212246 0.1832897598 0.2043023015 4.4702423073 0.0000000000 0.7893036835 2.5530241384
2.2218698316 1.1832087538 0.2705411257 2.0339133114 0.0734349052 0.4977523926 1.5218650288 0.0084299765 1.8652260753 1.0296857675 0.1761310002 0.2798512367 1.2615579322 1.4307791355 2.3329054278 0.7231833971 4.6237067069 0.7893036835 0.0000000000 1.2141502232
0.1188841655 0.1849228863 0.2611868851 0.0596904464 0.8962542068 0.7818915288 0.4351694438 0.6143866316 1.4515984704 0.0980245513 2.0006243386 1.0084813727 0.0146449676 0.6959475866 0.6373205160 2.9505888782 0.3753727004 2.5530241384 1.2141502232 0.0000000000
