# MCW Instance
# Type: EXPONENTIAL
# N: 20
# Optimal cost: 1.4538796463790857
# Optimal tour (permutation): [0, 12, 2, 19, 9, 14, 5, 11, 8, 16, 4, 7, 1, 6, 18, 17, 13, 3, 15, 10, 0]
# Optimal walk (full path): [0, 12, 2, 19, 14, 9, 14, 5, 11, 16, 8, 16, 4, 16, 7, 1, 6, 13, 18, 13, 17, 13, 3, 0, 15, 10, 15, 0]
# Walk size: 28
# Is walk (has repeats): true

# Distance Matrix
0.0000000000 0.8831517424 0.8757103911 0.1450408041 0.7592010324 3.5417917625 0.2466667595 0.4085083527 0.1154835687 0.2547743199 1.2784549399 0.5593371127 0.0194181176 0.9494939287 3.6806261994 0.0048349554 1.3128588769 1.0567549043 0.5205841595 0.5160199430
0.8831517424 0.0000000000 0.4661219400 0.3990416857 0.5379944295 0.6429129658 0.0604269303 0.0077874423 0.2435702320 0.6866249407 0.2927656250 0.5104583422 0.1609887714 1.0092520117 0.5589474222 0.4000586031 0.8159109195 0.6531974440 0.9844496747 0.2241670926
0.8757103911 0.4661219400 0.0000000000 0.3191118583 0.9582351187 0.6374319510 5.4074655828 1.7002688354 2.3466973444 0.8120585877 0.4593303468 0.7209203233 0.0954666749 0.1460420815 2.1952428144 1.5093697633 1.1768657709 0.7552068048 1.4893889370 0.0146324068
0.1450408041 0.3990416857 0.3191118583 0.0000000000 0.8869388549 1.0889759403 0.7320796191 1.1317545555 1.0201998810 1.3297074146 1.0807458612 0.3689040530 1.2296932629 0.0959708048 0.8394870295 0.7343243271 2.1791388461 4.4541236865 0.7439767314 0.2362889816
0.7592010324 0.5379944295 0.9582351187 0.8869388549 0.0000000000 0.5212525759 0.1005502952 0.8692169929 0.8052473436 0.9746025221 0.2958365581 0.9465789225 1.0214924778 1.4298822103 0.2726508711 1.5081413270 0.0033771165 0.8437343089 3.2794199485 0.1108366849
3.5417917625 0.6429129658 0.6374319510 1.0889759403 0.5212525759 0.0000000000 0.9871277943 2.0426016228 2.8589787442 0.2428048372 0.6453306873 0.0339463158 0.7299471195 0.4506259927 0.0068676803 1.6526986093 1.3916976894 1.3784378393 0.9926693245 0.7871096274
0.2466667595 0.0604269303 5.4074655828 0.7320796191 0.1005502952 0.9871277943 0.0000000000 1.4634875864 1.6342544919 0.7993823557 1.5266536056 1.1958454851 0.7869676232 0.0213049292 0.4960517367 0.3550008102 0.3402287438 0.7912192659 2.4601903124 1.8567005940
0.4085083527 0.0077874423 1.7002688354 1.1317545555 0.8692169929 2.0426016228 1.4634875864 0.0000000000 0.1127419943 0.2658826015 0.8208985763 1.5511417100 0.0792773918 0.0822022546 0.3541611120 0.3731982496 0.0200034946 1.1299333858 2.2057967582 1.9297346700
0.1154835687 0.2435702320 2.3466973444 1.0201998810 0.8052473436 2.8589787442 1.6342544919 0.1127419943 0.0000000000 1.3625269654 0.7030983865 0.2865763661 0.4542807298 2.4716020037 1.1650299563 0.6107237173 0.0890038196 0.9752352199 2.2496872397 2.3244809302
0.2547743199 0.6866249407 0.8120585877 1.3297074146 0.9746025221 0.2428048372 0.7993823557 0.2658826015 1.3625269654 0.0000000000 0.4597163684 0.4436674004 1.6391008704 0.6676665986 0.2023489607 0.9848545324 0.5565785264 0.8422815862 1.1364270205 1.0093458935
1.2784549399 0.2927656250 0.4593303468 1.0807458612 0.2958365581 0.6453306873 1.5266536056 0.8208985763 0.7030983865 0.4597163684 0.0000000000 0.4367860854 0.3922454929 0.5753950292 0.8188148702 0.0020600429 0.7292286783 1.5885604701 1.1129091670 1.2312792119
0.5593371127 0.5104583422 0.7209203233 0.3689040530 0.9465789225 0.0339463158 1.1958454851 1.5511417100 0.2865763661 0.4436674004 0.4367860854 0.0000000000 0.2825490829 2.8780912540 0.2915172240 0.8487307781 0.0811699796 0.3994776553 0.7708193507 2.1034593816
0.0194181176 0.1609887714 0.0954666749 1.2296932629 1.0214924778 0.7299471195 0.7869676232 0.0792773918 0.4542807298 1.6391008704 0.3922454929 0.2825490829 0.0000000000 0.1675075662 0.3214760943 0.1424184327 2.8568721953 0.2771378671 0.9372694194 0.3314981301
0.9494939287 1.0092520117 0.1460420815 0.0959708048 1.4298822103 0.4506259927 0.0213049292 0.0822022546 2.4716020037 0.6676665986 0.5753950292 2.8780912540 0.1675075662 0.0000000000 0.3301923675 0.5667045594 0.7787332678 0.0561245898 0.0533259003 0.1772303774
3.6806261994 0.5589474222 2.1952428144 0.8394870295 0.2726508711 0.0068676803 0.4960517367 0.3541611120 1.1650299563 0.2023489607 0.8188148702 0.2915172240 0.3214760943 0.3301923675 0.0000000000 4.5805064391 0.0551744884 1.8318411469 0.6989534305 0.0296932961
0.0048349554 0.4000586031 1.5093697633 0.7343243271 1.5081413270 1.6526986093 0.3550008102 0.3731982496 0.6107237173 0.9848545324 0.0020600429 0.8487307781 0.1424184327 0.5667045594 4.5805064391 0.0000000000 0.7263848799 3.8993726773 0.2373504506 0.2102105193
1.3128588769 0.8159109195 1.1768657709 2.1791388461 0.0033771165 1.3916976894 0.3402287438 0.0200034946 0.0890038196 0.5565785264 0.7292286783 0.0811699796 2.8568721953 0.7787332678 0.0551744884 0.7263848799 0.0000000000 1.3309882703 1.5024897512 2.0013815733
1.0567549043 0.6531974440 0.7552068048 4.4541236865 0.8437343089 1.3784378393 0.7912192659 1.1299333858 0.9752352199 0.8422815862 1.5885604701 0.3994776553 0.2771378671 0.0561245898 1.8318411469 3.8993726773 1.3309882703 0.0000000000 2.0126440639 0.8884898905
0.5205841595 0.9844496747 1.4893889370 0.7439767314 3.2794199485 0.9926693245 2.4601903124 2.2057967582 2.2496872397 1.1364270205 1.1129091670 0.7708193507 0.9372694194 0.0533259003 0.6989534305 0.2373504506 1.5024897512 2.0126440639 0.0000000000 0.2099832920
0.5160199430 0.2241670926 0.0146324068 0.2362889816 0.1108366849 0.7871096274 1.8567005940 1.9297346700 2.3244809302 1.0093458935 1.2312792119 2.1034593816 0.3314981301 0.1772303774 0.0296932961 0.2102105193 2.0013815733 0.8884898905 0.2099832920 0.0000000000
