# MCW Instance
# Type: EXPONENTIAL
# N: 20
# Optimal cost: 1.3339142755966433
# Optimal tour (permutation): [0, 14, 17, 11, 2, 12, 16, 19, 1, 6, 18, 15, 13, 9, 4, 3, 7, 5, 8, 10, 0]
# Optimal walk (full path): [0, 14, 17, 11, 2, 12, 16, 1, 19, 1, 6, 18, 15, 18, 13, 9, 4, 9, 7, 3, 7, 5, 8, 10, 0]
# Walk size: 25
# Is walk (has repeats): true

# Distance Matrix
0.0000000000 1.0251249184 0.4780466092 0.1719150980 1.1238146868 0.2136178480 1.5635295063 0.6714074443 2.4935973713 0.2376223413 0.1187341040 0.1476508585 0.6299986573 1.0804998856 0.0296439750 0.3378471056 0.2307910667 0.1101308605 0.7170490750 0.3588519613
1.0251249184 0.0000000000 0.1493697896 0.7714966281 1.2967995344 0.3592595933 0.0066976597 3.1632131549 2.5973990171 0.1950544919 1.1053571785 1.9405576387 0.5123523179 0.4486186488 1.7358368284 0.3543375364 0.0647707402 1.1752091740 0.2777294271 0.0126977273
0.4780466092 0.1493697896 0.0000000000 0.2058153617 0.6063140577 0.3879930783 3.6973142203 0.5120812560 0.3557547544 0.5521126123 0.3423166027 0.0531940983 0.0137517732 0.1978436169 1.5281140211 1.0334994062 0.3865330729 1.0021835615 0.9722671661 0.2316814785
0.1719150980 0.7714966281 0.2058153617 0.0000000000 1.3181417610 2.3420412192 0.5720551311 0.0576803523 0.2239115671 1.5715217103 2.1054541062 0.9789773201 1.4603065002 0.9177954193 0.3546158306 1.2961574008 1.1282572268 0.3404820020 0.2358874930 2.1502173979
1.1238146868 1.2967995344 0.6063140577 1.3181417610 0.0000000000 0.5510346110 3.2726533549 0.7813536455 0.1015082444 0.0672688512 0.9493647351 0.2719874673 1.4577121443 1.0858273998 3.5923246261 0.9804117927 0.3608264241 0.1617239764 0.3830215970 0.1278692963
0.2136178480 0.3592595933 0.3879930783 2.3420412192 0.5510346110 0.0000000000 0.3666884102 0.0459040092 0.0888683805 0.3090781052 0.1733010423 0.4821504408 0.1834437702 1.5256055043 0.2457018339 2.8818688692 2.0868949855 0.3852840081 1.8398499917 0.4871679600
1.5635295063 0.0066976597 3.6973142203 0.5720551311 3.2726533549 0.3666884102 0.0000000000 0.9334289280 1.9113478807 2.4490532045 0.1397787785 0.5581639678 0.2360757921 0.8986256374 3.1888711019 2.7412338045 0.0732730118 0.7854095036 0.0819058367 2.9399176848
0.6714074443 3.1632131549 0.5120812560 0.0576803523 0.7813536455 0.0459040092 0.9334289280 0.0000000000 1.8073278610 0.0180440707 0.0839291968 1.6568395011 0.2615589906 1.3688350915 0.8905621184 0.4624637980 0.1117476030 1.4891440280 0.9590491110 2.9875300250
2.4935973713 2.5973990171 0.3557547544 0.2239115671 0.1015082444 0.0888683805 1.9113478807 1.8073278610 0.0000000000 2.4375683676 0.0479946060 0.8655719286 3.2206167640 0.7271141937 1.3451808839 1.2469563533 0.2128763506 0.8433376431 0.1284358185 0.1384629370
0.2376223413 0.1950544919 0.5521126123 1.5715217103 0.0672688512 0.3090781052 2.4490532045 0.0180440707 2.4375683676 0.0000000000 0.1614047494 0.5656736124 3.1856560234 0.0938080063 0.2859953545 1.2998437332 0.3897256789 0.1613540320 0.1413445951 3.5392195696
0.1187341040 1.1053571785 0.3423166027 2.1054541062 0.9493647351 0.1733010423 0.1397787785 0.0839291968 0.0479946060 0.1614047494 0.0000000000 2.9548918587 1.2739430000 1.7184490162 0.4322385238 0.2378836340 0.2798646110 3.2425280346 1.1091927232 0.1795263756
0.1476508585 1.9405576387 0.0531940983 0.9789773201 0.2719874673 0.4821504408 0.5581639678 1.6568395011 0.8655719286 0.5656736124 2.9548918587 0.0000000000 0.9280748078 2.6340140044 1.0643899996 4.3081817477 1.0281457158 0.1629191953 0.3956235440 1.2423115143
0.6299986573 0.5123523179 0.0137517732 1.4603065002 1.4577121443 0.1834437702 0.2360757921 0.2615589906 3.2206167640 3.1856560234 1.2739430000 0.9280748078 0.0000000000 0.9644071017 0.9145438186 2.2530663248 0.0390658727 0.3172248876 0.0406837518 1.1490921771
1.0804998856 0.4486186488 0.1978436169 0.9177954193 1.0858273998 1.5256055043 0.8986256374 1.3688350915 0.7271141937 0.0938080063 1.7184490162 2.6340140044 0.9644071017 0.0000000000 0.9043955230 1.0780360904 0.3391565616 2.5583255513 0.0556180308 0.4168144658
0.0296439750 1.7358368284 1.5281140211 0.3546158306 3.5923246261 0.2457018339 3.1888711019 0.8905621184 1.3451808839 0.2859953545 0.4322385238 1.0643899996 0.9145438186 0.9043955230 0.0000000000 0.5535502885 1.9939537294 0.1054619054 0.8196721173 1.0561061963
0.3378471056 0.3543375364 1.0334994062 1.2961574008 0.9804117927 2.8818688692 2.7412338045 0.4624637980 1.2469563533 1.2998437332 0.2378836340 4.3081817477 2.2530663248 1.0780360904 0.5535502885 0.0000000000 0.7858422457 0.4554991894 0.0161190750 0.2309865680
0.2307910667 0.0647707402 0.3865330729 1.1282572268 0.3608264241 2.0868949855 0.0732730118 0.1117476030 0.2128763506 0.3897256789 0.2798646110 1.0281457158 0.0390658727 0.3391565616 1.9939537294 0.7858422457 0.0000000000 1.2911150732 0.1009262309 0.6721454484
0.1101308605 1.1752091740 1.0021835615 0.3404820020 0.1617239764 0.3852840081 0.7854095036 1.4891440280 0.8433376431 0.1613540320 3.2425280346 0.1629191953 0.3172248876 2.5583255513 0.1054619054 0.4554991894 1.2911150732 0.0000000000 0.8594046037 3.3211393835
0.7170490750 0.2777294271 0.9722671661 0.2358874930 0.3830215970 1.8398499917 0.0819058367 0.9590491110 0.1284358185 0.1413445951 1.1091927232 0.3956235440 0.0406837518 0.0556180308 0.8196721173 0.0161190750 0.1009262309 0.8594046037 0.0000000000 0.6643898224
0.3588519613 0.0126977273 0.2316814785 2.1502173979 0.1278692963 0.4871679600 2.9399176848 2.9875300250 0.1384629370 3.5392195696 0.1795263756 1.2423115143 1.1490921771 0.4168144658 1.0561061963 0.2309865680 0.6721454484 3.3211393835 0.6643898224 0.0000000000
