# Graph size: 19
# Optimal cost: 1.6567090651506708

# Distance Matrix
0.0 0.6704964220238778 0.6281305321176605 0.08605839745938015 0.5990167739298468 0.7812592752357606 0.5487332847120336 0.30878978400508617 0.9246045189449388 0.9430972197491464 0.854828919474485 0.38191840978543334 0.8332305829116324 0.06810179913678438 0.5688534111543272 0.6610811175585911 0.2500303867802016 0.4276002531526282 0.7073350978896397
0.6704964220238778 0.0 0.9981126205992131 0.6922187974311386 0.7684111411643745 0.7894395288609554 0.20084183180427528 0.3135164423425435 0.8968894694235527 0.004931570273194796 0.839599171165997 0.9338143820223131 0.9224425442706522 0.8711751529805523 0.338698032352554 0.5248102777358448 0.6656736752885802 0.6238296119453569 0.3702549150376955
0.6281305321176605 0.9981126205992131 0.0 0.42801413845785197 0.831038082865208 0.032191898988871204 0.9280641100031645 0.9184352305651547 0.41987131590166216 0.8076713222814424 0.10084481024593106 0.5954258429261918 0.5168777652105814 0.28267422662606734 0.48702953383261616 0.4815722442267123 0.021642277639268293 0.5772137703139499 0.3973649288233051
0.08605839745938015 0.6922187974311386 0.42801413845785197 0.0 0.6411863220417087 0.11645600978302773 0.04184962435853834 0.4769470328527672 0.5918660494545508 0.2627227713769237 0.3681016340600387 0.14491507037959983 0.775757192488011 0.30043932306916366 0.39127004740041293 0.2978788924374036 0.8815617306845513 0.7887199674958978 0.2756343049343457
0.5990167739298468 0.7684111411643745 0.831038082865208 0.6411863220417087 0.0 0.052257610934889565 0.864004068947514 0.07006154643617102 0.46829145423519025 0.9110572609739566 0.09437832566738147 0.6670221039198602 0.5354340432799624 0.6322184619775997 0.19396595766660474 0.5272130583396963 0.7536569939022967 0.2485149172657507 0.7515253952313127
0.7812592752357606 0.7894395288609554 0.032191898988871204 0.11645600978302773 0.052257610934889565 0.0 0.3209806415727997 0.11892105951995524 0.14308670389425981 0.3067206030566815 0.4658800089344829 0.2570907113408065 0.820042744319209 0.6932688763502282 0.8030207026480815 0.5725022038198011 0.026168955003508243 0.07875242272399019 0.8825899659012909
0.5487332847120336 0.20084183180427528 0.9280641100031645 0.04184962435853834 0.864004068947514 0.3209806415727997 0.0 0.8548076285288982 0.17763006946876192 0.8124525950020675 0.6293358817921987 0.4793791015102151 0.6246546603614812 0.4982291187035065 0.753519951697596 0.282846614225873 0.14754416862795083 0.5463815210050234 0.6488238667587731
0.30878978400508617 0.3135164423425435 0.9184352305651547 0.4769470328527672 0.07006154643617102 0.11892105951995524 0.8548076285288982 0.0 0.17288224579739198 0.21894892036468816 0.8265931607055321 0.6759236459263916 0.540132220430277 0.9902051318723781 0.9434731338661553 0.668918980988099 0.5802372947920688 0.6636285888320926 0.08687459422870292
0.9246045189449388 0.8968894694235527 0.41987131590166216 0.5918660494545508 0.46829145423519025 0.14308670389425981 0.17763006946876192 0.17288224579739198 0.0 0.22153351696375123 0.7051718164045658 0.8980125148028619 0.3710830339837987 0.8109779729090778 0.32566949578856375 0.16117831274656336 0.07013104897311107 0.0995941722517335 0.42029428033623806
0.9430972197491464 0.004931570273194796 0.8076713222814424 0.2627227713769237 0.9110572609739566 0.3067206030566815 0.8124525950020675 0.21894892036468816 0.22153351696375123 0.0 0.49127977172877313 0.18091119059017813 0.8178752612763865 0.47175305751990604 0.957662608415862 0.3014217654856889 0.4771835333128961 0.5473362293085892 0.22243296217513753
0.854828919474485 0.839599171165997 0.10084481024593106 0.3681016340600387 0.09437832566738147 0.4658800089344829 0.6293358817921987 0.8265931607055321 0.7051718164045658 0.49127977172877313 0.0 0.8983950576331496 0.7864639091856602 0.5279111623522099 0.995490102340952 0.6567212696023965 0.05447780451803563 0.7486825617410747 0.8486297342040611
0.38191840978543334 0.9338143820223131 0.5954258429261918 0.14491507037959983 0.6670221039198602 0.2570907113408065 0.4793791015102151 0.6759236459263916 0.8980125148028619 0.18091119059017813 0.8983950576331496 0.0 0.7524955392015478 0.04755858823359882 0.6049732528798968 0.8084264562348872 0.5721794157618132 0.7426164169803235 0.997567017300952
0.8332305829116324 0.9224425442706522 0.5168777652105814 0.775757192488011 0.5354340432799624 0.820042744319209 0.6246546603614812 0.540132220430277 0.3710830339837987 0.8178752612763865 0.7864639091856602 0.7524955392015478 0.0 0.3829550686034815 0.6122825497831246 0.16609673841055161 0.844695575457559 0.19401199272135505 0.037133823635446594
0.06810179913678438 0.8711751529805523 0.28267422662606734 0.30043932306916366 0.6322184619775997 0.6932688763502282 0.4982291187035065 0.9902051318723781 0.8109779729090778 0.47175305751990604 0.5279111623522099 0.04755858823359882 0.3829550686034815 0.0 0.04182346049984187 0.27153928257702653 0.18434994389599535 0.6467259497938789 0.2841341926430707
0.5688534111543272 0.338698032352554 0.48702953383261616 0.39127004740041293 0.19396595766660474 0.8030207026480815 0.753519951697596 0.9434731338661553 0.32566949578856375 0.957662608415862 0.995490102340952 0.6049732528798968 0.6122825497831246 0.04182346049984187 0.0 0.5031515033713614 0.44854031018813767 0.8122809150592977 0.4674416284694929
0.6610811175585911 0.5248102777358448 0.4815722442267123 0.2978788924374036 0.5272130583396963 0.5725022038198011 0.282846614225873 0.668918980988099 0.16117831274656336 0.3014217654856889 0.6567212696023965 0.8084264562348872 0.16609673841055161 0.27153928257702653 0.5031515033713614 0.0 0.9330049510142044 0.09642907094463837 0.2740983259962818
0.2500303867802016 0.6656736752885802 0.021642277639268293 0.8815617306845513 0.7536569939022967 0.026168955003508243 0.14754416862795083 0.5802372947920688 0.07013104897311107 0.4771835333128961 0.05447780451803563 0.5721794157618132 0.844695575457559 0.18434994389599535 0.44854031018813767 0.9330049510142044 0.0 0.27933156843153384 0.31689755513054885
0.4276002531526282 0.6238296119453569 0.5772137703139499 0.7887199674958978 0.2485149172657507 0.07875242272399019 0.5463815210050234 0.6636285888320926 0.0995941722517335 0.5473362293085892 0.7486825617410747 0.7426164169803235 0.19401199272135505 0.6467259497938789 0.8122809150592977 0.09642907094463837 0.27933156843153384 0.0 0.19975431310649383
0.7073350978896397 0.3702549150376955 0.3973649288233051 0.2756343049343457 0.7515253952313127 0.8825899659012909 0.6488238667587731 0.08687459422870292 0.42029428033623806 0.22243296217513753 0.8486297342040611 0.997567017300952 0.037133823635446594 0.2841341926430707 0.4674416284694929 0.2740983259962818 0.31689755513054885 0.19975431310649383 0.0

# Optimal Walk
0 14 13 11 9 1 8 17 15 12 18 7 4 10 16 2 5 6 3 0
