# Graph size: 19
# Optimal cost: 1.207897733213879

# Distance Matrix
0.0 0.14750082170404688 0.9234352372869751 0.680101657507787 0.4968081973778614 0.2766920224517716 0.6249642350527169 0.923666653422063 0.13183765230590605 0.7550180498786939 0.08821191036762877 0.06936491363390618 0.4795339953228137 0.20220227971819105 0.13347811858833492 0.4731727142740627 0.17234005490033633 0.15094004863490074 0.4697336333565273
0.14750082170404688 0.0 0.7270666059485177 0.1956483330083174 0.016129122915916838 0.38125154153230056 0.7187580537631907 0.7680437884178509 0.12957657186456517 0.9088911302477243 0.9410018423498754 0.3354773729999406 0.40002692264771633 0.5128815939267898 0.9975299297148524 0.5729555662960863 0.003083491453507392 0.4002413242120395 0.3630149577785048
0.9234352372869751 0.7270666059485177 0.0 0.37424494752342086 0.13157040554141397 0.9275078660544727 0.8460677771142651 0.42825535192197006 0.24411058368603578 0.7482429197908745 0.8771263936393816 0.13017899414732492 0.43817041788603284 0.6648149689679443 0.697193944010084 0.25612671620609273 0.5435492842566513 0.46525249523094914 0.7587361527582436
0.680101657507787 0.1956483330083174 0.37424494752342086 0.0 0.041917348811044586 0.283267938085803 0.37849846189873415 0.16664906197378082 0.04983942549234888 0.3810369397140536 0.16518682858808043 0.7850603474526547 0.48161897466014925 0.8079625025413946 0.2761003665220775 0.7148286227120978 0.401491107537314 0.45587362495191 0.9567581684300577
0.4968081973778614 0.016129122915916838 0.13157040554141397 0.041917348811044586 0.0 0.20695669147147522 0.6701871857135703 0.40063143681044866 0.6541206603951802 0.7187366358006217 0.25881341650764433 0.5760076596907785 0.5901884335370533 0.742295565142062 0.011010697955477822 0.11719592999689432 0.9073108028852916 0.23931309559799363 0.8524497011921618
0.2766920224517716 0.38125154153230056 0.9275078660544727 0.283267938085803 0.20695669147147522 0.0 0.8527464374580301 0.36130867245001463 0.0010326907433706456 0.9086292680419996 0.4246904559798329 0.14105563375124996 0.01929088643963739 0.9851100071588426 0.2988484690421638 0.02695002803579749 0.0021396823658342834 0.38872964045693625 0.4907916315855425
0.6249642350527169 0.7187580537631907 0.8460677771142651 0.37849846189873415 0.6701871857135703 0.8527464374580301 0.0 0.765750003168621 0.49673911494084644 0.12400972414937572 0.17765312726848703 0.23553247086425877 0.6925488127499928 0.08587857075720096 0.4919627396419022 0.7020761231848073 0.8694483420459173 0.9879982980373782 0.7009040025231382
0.923666653422063 0.7680437884178509 0.42825535192197006 0.16664906197378082 0.40063143681044866 0.36130867245001463 0.765750003168621 0.0 0.2267575242143297 0.628268179408363 0.41539865319271896 0.6628703273937536 0.07608830486805074 0.49531463659794395 0.5707839833668059 0.9229227358520334 0.804311207251384 0.2278234411591693 0.9957936830886129
0.13183765230590605 0.12957657186456517 0.24411058368603578 0.04983942549234888 0.6541206603951802 0.0010326907433706456 0.49673911494084644 0.2267575242143297 0.0 0.059728907052823854 0.5330106762559359 0.16387830304557316 0.7916611675553555 0.9287888441809414 0.8354836203585965 0.25818261285022903 0.6381294238354406 0.26023026581827535 0.54865495514925
0.7550180498786939 0.9088911302477243 0.7482429197908745 0.3810369397140536 0.7187366358006217 0.9086292680419996 0.12400972414937572 0.628268179408363 0.059728907052823854 0.0 0.024173586663144064 0.21514632473578343 0.6641823076257225 0.7816110340861582 0.4633199329394202 0.46877627790731025 0.472713374888603 0.36736383460390265 0.20404581239754171
0.08821191036762877 0.9410018423498754 0.8771263936393816 0.16518682858808043 0.25881341650764433 0.4246904559798329 0.17765312726848703 0.41539865319271896 0.5330106762559359 0.024173586663144064 0.0 0.5309289440554218 0.004545066738286474 0.013247255878333641 0.4955751203466726 0.0019200819309314054 0.7772313079433972 0.4453865559778616 0.4060919254420602
0.06936491363390618 0.3354773729999406 0.13017899414732492 0.7850603474526547 0.5760076596907785 0.14105563375124996 0.23553247086425877 0.6628703273937536 0.16387830304557316 0.21514632473578343 0.5309289440554218 0.0 0.7355435425608824 0.9112174173463407 0.913970083888159 0.5599643705200352 0.22824702603652514 0.47117146408949684 0.5285929053886423
0.4795339953228137 0.40002692264771633 0.43817041788603284 0.48161897466014925 0.5901884335370533 0.01929088643963739 0.6925488127499928 0.07608830486805074 0.7916611675553555 0.6641823076257225 0.004545066738286474 0.7355435425608824 0.0 0.015380867298862344 0.20716929375274284 0.7722059649225456 0.026729301664802918 0.4315991463604413 0.03620932729558335
0.20220227971819105 0.5128815939267898 0.6648149689679443 0.8079625025413946 0.742295565142062 0.9851100071588426 0.08587857075720096 0.49531463659794395 0.9287888441809414 0.7816110340861582 0.013247255878333641 0.9112174173463407 0.015380867298862344 0.0 0.7420851406716017 0.7434318135575373 0.5041100012994945 0.11496321057385173 0.2752390441847644
0.13347811858833492 0.9975299297148524 0.697193944010084 0.2761003665220775 0.011010697955477822 0.2988484690421638 0.4919627396419022 0.5707839833668059 0.8354836203585965 0.4633199329394202 0.4955751203466726 0.913970083888159 0.20716929375274284 0.7420851406716017 0.0 0.7466424030029979 0.7563693300145616 0.5322776053223384 0.14038287760173984
0.4731727142740627 0.5729555662960863 0.25612671620609273 0.7148286227120978 0.11719592999689432 0.02695002803579749 0.7020761231848073 0.9229227358520334 0.25818261285022903 0.46877627790731025 0.0019200819309314054 0.5599643705200352 0.7722059649225456 0.7434318135575373 0.7466424030029979 0.0 0.3300407874455388 0.1683538052782022 0.8543333468608233
0.17234005490033633 0.003083491453507392 0.5435492842566513 0.401491107537314 0.9073108028852916 0.0021396823658342834 0.8694483420459173 0.804311207251384 0.6381294238354406 0.472713374888603 0.7772313079433972 0.22824702603652514 0.026729301664802918 0.5041100012994945 0.7563693300145616 0.3300407874455388 0.0 0.410766005092699 0.3141443889808576
0.15094004863490074 0.4002413242120395 0.46525249523094914 0.45587362495191 0.23931309559799363 0.38872964045693625 0.9879982980373782 0.2278234411591693 0.26023026581827535 0.36736383460390265 0.4453865559778616 0.47117146408949684 0.4315991463604413 0.11496321057385173 0.5322776053223384 0.1683538052782022 0.410766005092699 0.0 0.7950465006077232
0.4697336333565273 0.3630149577785048 0.7587361527582436 0.9567581684300577 0.8524497011921618 0.4907916315855425 0.7009040025231382 0.9957936830886129 0.54865495514925 0.20404581239754171 0.4060919254420602 0.5285929053886423 0.03620932729558335 0.2752390441847644 0.14038287760173984 0.8543333468608233 0.3141443889808576 0.7950465006077232 0.0

# Optimal Walk
0 17 13 6 15 10 9 18 12 7 5 16 1 8 3 14 4 2 11 0
