# Graph size: 19
# Optimal cost: 1.317656185871754

# Distance Matrix
0.0 0.19708172302758875 0.3784612502871687 0.18142378754381983 0.9168680216902758 0.5310833790661097 0.5671378614759423 0.9726015065623392 0.26477697223369756 0.8204640592763315 0.5080503186171982 0.5097282462847624 0.2511505920039264 0.44404728665121984 0.9267677410061533 0.040112691620790786 0.01590806721221616 0.035634408087470426 0.5393277928546691
0.19708172302758875 0.0 0.24382679622622927 0.5813087517460365 0.34331788017552656 0.809626340335536 0.8644237335455164 0.4029823102325075 0.9124343418629554 0.7070596782115739 0.013164586601596917 0.821495584533647 0.6983894689349361 0.5718719944360346 0.5073798777309352 0.4833338665767789 0.16968730344461136 0.3763243147392018 0.07331877630795802
0.3784612502871687 0.24382679622622927 0.0 0.6214643663103263 0.19684956025766132 0.38171565041833677 0.49481518914899203 0.9381878383647255 0.039510668686235095 0.43445061358024106 0.8213269629109323 0.7167738380446584 0.04182695696281935 0.9187626448253438 0.5623801881546545 0.7034139496289213 0.22543907990568857 0.6893649107516049 0.39017816046677123
0.18142378754381983 0.5813087517460365 0.6214643663103263 0.0 0.2473165659858415 0.8295791316352567 0.14421632814284047 0.24811022963775609 0.1643057872775927 0.9895148357780617 0.9657528428829053 0.9201227273270515 0.7980759268400035 0.16737494081180015 0.958349652242296 0.05439094659273669 0.7932923963191486 0.6535019465201344 0.8404423848398889
0.9168680216902758 0.34331788017552656 0.19684956025766132 0.2473165659858415 0.0 0.35445717197938653 0.16601868946760734 0.4418289694168447 0.8116512276261979 0.15197678487990351 0.3594881969831052 0.049380005005661975 0.20841428229440417 0.8574406776737042 0.10702885712542343 0.39784388891744127 0.5860517948274969 0.848719121613119 0.08898746331823182
0.5310833790661097 0.809626340335536 0.38171565041833677 0.8295791316352567 0.35445717197938653 0.0 0.7042739536704887 0.12084627994053654 0.20199870019281496 0.5667894661819597 0.4383169183701223 0.3126376540864688 0.29565998649695513 0.4048097853879733 0.7949762629254631 0.5865971474504798 0.724871038310363 0.14951814689085774 0.8047666153674349
0.5671378614759423 0.8644237335455164 0.49481518914899203 0.14421632814284047 0.16601868946760734 0.7042739536704887 0.0 0.5422569455025055 0.15314782639415825 0.12540259818178356 0.1572175636832589 0.27853711993661834 0.6968593513152739 0.8284631794040486 0.04903652564067029 0.43542558455446345 0.18963159321678524 0.2506070876037154 0.8848421826618489
0.9726015065623392 0.4029823102325075 0.9381878383647255 0.24811022963775609 0.4418289694168447 0.12084627994053654 0.5422569455025055 0.0 0.33613043463842684 0.20583162000334032 0.15206587296091922 0.45623149364367277 0.8879383950097924 0.03578905152947054 0.7139937429214182 0.30404451131202537 0.7056769605802657 0.9001388011865399 0.4496958300719287
0.26477697223369756 0.9124343418629554 0.039510668686235095 0.1643057872775927 0.8116512276261979 0.20199870019281496 0.15314782639415825 0.33613043463842684 0.0 0.32904336403988754 0.25859232607246074 0.5666460702459233 0.7304737691793383 0.35782287309855254 0.7096184762588136 0.19010041961208768 0.7908651247986006 0.2936219434727567 0.5154276459671864
0.8204640592763315 0.7070596782115739 0.43445061358024106 0.9895148357780617 0.15197678487990351 0.5667894661819597 0.12540259818178356 0.20583162000334032 0.32904336403988754 0.0 0.6343427426530516 0.6180926960145011 0.6858067678282818 0.7863161823242815 0.7552154276760024 0.7018278153873009 0.037147676870142865 0.8668933655106413 0.12420270426304003
0.5080503186171982 0.013164586601596917 0.8213269629109323 0.9657528428829053 0.3594881969831052 0.4383169183701223 0.1572175636832589 0.15206587296091922 0.25859232607246074 0.6343427426530516 0.0 0.22291223991647602 0.9346140608972647 0.5917058313285943 0.4547541753029387 0.8934707831058242 0.13726224293901457 0.19434338736416534 0.5567620813236449
0.5097282462847624 0.821495584533647 0.7167738380446584 0.9201227273270515 0.049380005005661975 0.3126376540864688 0.27853711993661834 0.45623149364367277 0.5666460702459233 0.6180926960145011 0.22291223991647602 0.0 0.32588695753557984 0.08389395889729478 0.9042363835018529 0.9893881556531902 0.5044026230140017 0.8935132474295923 0.852269343946013
0.2511505920039264 0.6983894689349361 0.04182695696281935 0.7980759268400035 0.20841428229440417 0.29565998649695513 0.6968593513152739 0.8879383950097924 0.7304737691793383 0.6858067678282818 0.9346140608972647 0.32588695753557984 0.0 0.7084139551992952 0.6606415906187271 0.8232126002242309 0.0244985631796788 0.9115134658861626 0.6131462730435493
0.44404728665121984 0.5718719944360346 0.9187626448253438 0.16737494081180015 0.8574406776737042 0.4048097853879733 0.8284631794040486 0.03578905152947054 0.35782287309855254 0.7863161823242815 0.5917058313285943 0.08389395889729478 0.7084139551992952 0.0 0.3209694646943465 0.6526765973459299 0.9733249915201001 0.4210556923310472 0.264936856259375
0.9267677410061533 0.5073798777309352 0.5623801881546545 0.958349652242296 0.10702885712542343 0.7949762629254631 0.04903652564067029 0.7139937429214182 0.7096184762588136 0.7552154276760024 0.4547541753029387 0.9042363835018529 0.6606415906187271 0.3209694646943465 0.0 0.6109498134386242 0.831924492179031 0.023341980458499223 0.716162530449568
0.040112691620790786 0.4833338665767789 0.7034139496289213 0.05439094659273669 0.39784388891744127 0.5865971474504798 0.43542558455446345 0.30404451131202537 0.19010041961208768 0.7018278153873009 0.8934707831058242 0.9893881556531902 0.8232126002242309 0.6526765973459299 0.6109498134386242 0.0 0.10000949087995181 0.4392801565642548 0.38756157710370853
0.01590806721221616 0.16968730344461136 0.22543907990568857 0.7932923963191486 0.5860517948274969 0.724871038310363 0.18963159321678524 0.7056769605802657 0.7908651247986006 0.037147676870142865 0.13726224293901457 0.5044026230140017 0.0244985631796788 0.9733249915201001 0.831924492179031 0.10000949087995181 0.0 0.528273179216839 0.1431414349663812
0.035634408087470426 0.3763243147392018 0.6893649107516049 0.6535019465201344 0.848719121613119 0.14951814689085774 0.2506070876037154 0.9001388011865399 0.2936219434727567 0.8668933655106413 0.19434338736416534 0.8935132474295923 0.9115134658861626 0.4210556923310472 0.023341980458499223 0.4392801565642548 0.528273179216839 0.0 0.9204938550874275
0.5393277928546691 0.07331877630795802 0.39017816046677123 0.8404423848398889 0.08898746331823182 0.8047666153674349 0.8848421826618489 0.4496958300719287 0.5154276459671864 0.12420270426304003 0.5567620813236449 0.852269343946013 0.6131462730435493 0.264936856259375 0.716162530449568 0.38756157710370853 0.1431414349663812 0.9204938550874275 0.0

# Optimal Walk
0 16 9 12 2 8 5 7 13 11 4 18 1 10 6 14 17 15 3 0
