# MCW Instance
# Type: UNIFORM
# N: 19
# Optimal cost: 1.450896287470366
# Optimal tour (permutation): [0, 7, 14, 17, 12, 9, 5, 18, 15, 13, 3, 6, 1, 10, 2, 16, 11, 8, 4, 0]
# Optimal walk (full path): [0, 7, 14, 9, 17, 9, 12, 9, 5, 18, 15, 13, 3, 6, 1, 6, 3, 2, 10, 2, 16, 11, 4, 8, 4, 7, 0]
# Walk size: 27
# Is walk (has repeats): true

# Distance Matrix
0.0000000000 0.8681378441 0.6159090886 0.2695905694 0.8743678875 0.9217672983 0.5725853244 0.0502263092 0.9651717907 0.2714201257 0.5540266607 0.1384447316 0.1407052920 0.9394353521 0.7759904598 0.8891580959 0.6696049144 0.9409585492 0.9458516692
0.8681378441 0.0000000000 0.3395440803 0.8137418116 0.6266926625 0.3810315080 0.0091297715 0.7393298347 0.9733426971 0.7314692283 0.4744887884 0.7726924325 0.3898998704 0.4145657914 0.6817174051 0.8361681244 0.5932628031 0.8329426605 0.4608308686
0.6159090886 0.3395440803 0.0000000000 0.0021733710 0.3732943095 0.9385224133 0.9884488774 0.2372307017 0.6152645844 0.7308527338 0.0086147594 0.5728089991 0.7767323555 0.8332588371 0.4663202034 0.1361119899 0.1262681235 0.3773233714 0.8342835373
0.2695905694 0.8137418116 0.0021733710 0.0000000000 0.7014898649 0.4430239844 0.0443575698 0.8207559036 0.6819382041 0.5490072973 0.2619406529 0.3346072829 0.7701875935 0.0000160316 0.2342689988 0.5536692315 0.7601756785 0.4965458028 0.6969709856
0.8743678875 0.6266926625 0.3732943095 0.7014898649 0.0000000000 0.6932895104 0.4322334704 0.0925800479 0.0302064657 0.6042789049 0.7691059272 0.0780260313 0.6382850024 0.6429081074 0.1849663811 0.4896614144 0.3097003827 0.3503384112 0.8958732688
0.9217672983 0.3810315080 0.9385224133 0.4430239844 0.6932895104 0.0000000000 0.5658072950 0.6083931046 0.3548470419 0.0376567373 0.1015454852 0.2152169728 0.5674340933 0.6460115821 0.5841491734 0.5379991971 0.1798749952 0.1536125616 0.1924975182
0.5725853244 0.0091297715 0.9884488774 0.0443575698 0.4322334704 0.5658072950 0.0000000000 0.8392484472 0.1940084810 0.6303562688 0.2295968491 0.5924786310 0.2120272744 0.5953739532 0.3239321401 0.7712804048 0.9997646955 0.8632476989 0.7832240582
0.0502263092 0.7393298347 0.2372307017 0.8207559036 0.0925800479 0.6083931046 0.8392484472 0.0000000000 0.2996868348 0.8984471100 0.5519021279 0.8132690382 0.9480431225 0.5051088304 0.0759324777 0.9248903978 0.5455047463 0.1678427293 0.6766692918
0.9651717907 0.9733426971 0.6152645844 0.6819382041 0.0302064657 0.3548470419 0.1940084810 0.2996868348 0.0000000000 0.7436309606 0.4984525901 0.7492858025 0.7990685919 0.6096689526 0.2535271004 0.8002164388 0.4155558482 0.8095400103 0.5246479949
0.2714201257 0.7314692283 0.7308527338 0.5490072973 0.6042789049 0.0376567373 0.6303562688 0.8984471100 0.7436309606 0.0000000000 0.7548656127 0.2182409902 0.0166006173 0.8153003492 0.0105218761 0.4534607118 0.5337689623 0.0105312945 0.7862356963
0.5540266607 0.4744887884 0.0086147594 0.2619406529 0.7691059272 0.1015454852 0.2295968491 0.5519021279 0.4984525901 0.7548656127 0.0000000000 0.0563934713 0.2299313360 0.5875160084 0.4689057283 0.6585314924 0.6405035368 0.2992158881 0.7497560718
0.1384447316 0.7726924325 0.5728089991 0.3346072829 0.0780260313 0.2152169728 0.5924786310 0.8132690382 0.7492858025 0.2182409902 0.0563934713 0.0000000000 0.9870834992 0.5629884071 0.0225656477 0.2301901632 0.1529204016 0.6199719342 0.8307898376
0.1407052920 0.3898998704 0.7767323555 0.7701875935 0.6382850024 0.5674340933 0.2120272744 0.9480431225 0.7990685919 0.0166006173 0.2299313360 0.9870834992 0.0000000000 0.3332332292 0.3324659022 0.6848523787 0.2488642652 0.2952523497 0.3889723558
0.9394353521 0.4145657914 0.8332588371 0.0000160316 0.6429081074 0.6460115821 0.5953739532 0.5051088304 0.6096689526 0.8153003492 0.5875160084 0.5629884071 0.3332332292 0.0000000000 0.7696979433 0.0818005980 0.7323691170 0.0499118748 0.9599804221
0.7759904598 0.6817174051 0.4663202034 0.2342689988 0.1849663811 0.5841491734 0.3239321401 0.0759324777 0.2535271004 0.0105218761 0.4689057283 0.0225656477 0.3324659022 0.7696979433 0.0000000000 0.1673478090 0.7769570239 0.3597514050 0.2475337584
0.8891580959 0.8361681244 0.1361119899 0.5536692315 0.4896614144 0.5379991971 0.7712804048 0.9248903978 0.8002164388 0.4534607118 0.6585314924 0.2301901632 0.6848523787 0.0818005980 0.1673478090 0.0000000000 0.8978669989 0.0618415908 0.2611694981
0.6696049144 0.5932628031 0.1262681235 0.7601756785 0.3097003827 0.1798749952 0.9997646955 0.5455047463 0.4155558482 0.5337689623 0.6405035368 0.1529204016 0.2488642652 0.7323691170 0.7769570239 0.8978669989 0.0000000000 0.6609377313 0.3805511774
0.9409585492 0.8329426605 0.3773233714 0.4965458028 0.3503384112 0.1536125616 0.8632476989 0.1678427293 0.8095400103 0.0105312945 0.2992158881 0.6199719342 0.2952523497 0.0499118748 0.3597514050 0.0618415908 0.6609377313 0.0000000000 0.8932986942
0.9458516692 0.4608308686 0.8342835373 0.6969709856 0.8958732688 0.1924975182 0.7832240582 0.6766692918 0.5246479949 0.7862356963 0.7497560718 0.8307898376 0.3889723558 0.9599804221 0.2475337584 0.2611694981 0.3805511774 0.8932986942 0.0000000000
