# Graph size: 19
# Optimal cost: 1.5608057208015036

# Distance Matrix
0.0 0.2523801043715105 0.5729683362576243 0.4576392018514659 0.6869763230495505 0.49841099187975 0.7407674928836225 0.30352965838139645 0.12098620958073747 0.47957716267490635 0.5101691791297923 0.4159253329799111 0.2985138516817716 0.4818242382015008 0.3927218339563614 0.27167188259463537 0.021784205176511695 0.04430126785653965 0.692954871430313
0.2523801043715105 0.0 0.25731282132318734 0.037313190451086053 0.20038926969274318 0.5370367051606936 0.2300075967133136 0.5702040851730044 0.5654867970616815 0.5086647438187214 0.35197968754495623 0.8159113355547523 0.07456138111357091 0.9112610694640708 0.02933588415981625 0.5809078334697557 0.5484526263724403 0.6530861117339636 0.9276991163011294
0.5729683362576243 0.25731282132318734 0.0 0.6318571793237439 0.42513886157294933 0.7606721771137034 0.4599492713697614 0.21230537368412228 0.9306565375315781 0.566017335752061 0.8454676247541709 0.616571045808442 0.6840869781933537 0.6842694732343758 0.8256321990616042 0.6724272309953029 0.23200295148245698 0.0011693128049122814 0.3869129548172867
0.4576392018514659 0.037313190451086053 0.6318571793237439 0.0 0.47733177497908363 0.289993243633334 0.023310187859955644 0.3907673107166809 0.7573775233921188 0.5323599745205442 0.10931157823641147 0.8386378881967985 0.7737974135138931 0.615810588425427 0.29629244006013755 0.610706034872114 0.7887738860525039 0.7489423128213165 0.663569217298522
0.6869763230495505 0.20038926969274318 0.42513886157294933 0.47733177497908363 0.0 0.9086565148518345 0.7204658569951783 0.5265439154227183 0.43429270482821336 0.30555952432178235 0.766580533976597 0.9362159889859302 0.30577707153729283 0.2600789527739584 0.45648180696011986 0.41453723100618245 0.8205630944118004 0.18756616805745807 0.8037404631043643
0.49841099187975 0.5370367051606936 0.7606721771137034 0.289993243633334 0.9086565148518345 0.0 0.580981557930526 0.9427971033953251 0.6972008932436768 0.9741959778446024 0.8100166887850723 0.3882955933249631 0.4021921935307262 0.1590134197227404 0.11529148008905521 0.671705590745194 0.7891540365216712 0.14788316313597716 0.9145465839802924
0.7407674928836225 0.2300075967133136 0.4599492713697614 0.023310187859955644 0.7204658569951783 0.580981557930526 0.0 0.2804586316684331 0.9931212546928275 0.43442546702985807 0.11985840140956094 0.8627561413402037 0.9662740380008548 0.5540251330260063 0.6550540291038001 0.8256129944353319 0.45128957554710203 0.753736875518906 0.9406104376980529
0.30352965838139645 0.5702040851730044 0.21230537368412228 0.3907673107166809 0.5265439154227183 0.9427971033953251 0.2804586316684331 0.0 0.2790246699057557 0.374341918018392 0.024564756813043376 0.10607867112113412 0.8336128016063904 0.7581225521217551 0.9883340691916364 0.6910494751824336 0.36164305056402835 0.02185504126371829 0.12453756821385753
0.12098620958073747 0.5654867970616815 0.9306565375315781 0.7573775233921188 0.43429270482821336 0.6972008932436768 0.9931212546928275 0.2790246699057557 0.0 0.37790394811991623 0.46509802772084685 0.5831295837633 0.34695230210999595 0.8630692330511262 0.059527192434476794 0.005484460897306143 0.99548708487777 0.3182257017790424 0.17868480981707646
0.47957716267490635 0.5086647438187214 0.566017335752061 0.5323599745205442 0.30555952432178235 0.9741959778446024 0.43442546702985807 0.374341918018392 0.37790394811991623 0.0 0.5460126864811107 0.8956351325720318 0.018888764562732585 0.8325059754313662 0.848874353336606 0.25606994380131876 0.6250148746294066 0.5097597218564934 0.7034458902114366
0.5101691791297923 0.35197968754495623 0.8454676247541709 0.10931157823641147 0.766580533976597 0.8100166887850723 0.11985840140956094 0.024564756813043376 0.46509802772084685 0.5460126864811107 0.0 0.824336944737449 0.2867581499319546 0.7067574870048455 0.23994003335010017 0.9012573352994729 0.21823011585145569 0.6847842868765209 0.6706809205772485
0.4159253329799111 0.8159113355547523 0.616571045808442 0.8386378881967985 0.9362159889859302 0.3882955933249631 0.8627561413402037 0.10607867112113412 0.5831295837633 0.8956351325720318 0.824336944737449 0.0 0.52657468184652 0.633092258753783 0.5114584976578741 0.701820759703641 0.39153875997871035 0.9680368830393855 0.3250161210530039
0.2985138516817716 0.07456138111357091 0.6840869781933537 0.7737974135138931 0.30577707153729283 0.4021921935307262 0.9662740380008548 0.8336128016063904 0.34695230210999595 0.018888764562732585 0.2867581499319546 0.52657468184652 0.0 0.03813612975936731 0.8085353612326899 0.13368914890667105 0.6755535489302826 0.9826434559215594 0.3735347031266877
0.4818242382015008 0.9112610694640708 0.6842694732343758 0.615810588425427 0.2600789527739584 0.1590134197227404 0.5540251330260063 0.7581225521217551 0.8630692330511262 0.8325059754313662 0.7067574870048455 0.633092258753783 0.03813612975936731 0.0 0.12718900523830967 0.7435526158394136 0.9931243931220786 0.7940452745022537 0.716688912641473
0.3927218339563614 0.02933588415981625 0.8256321990616042 0.29629244006013755 0.45648180696011986 0.11529148008905521 0.6550540291038001 0.9883340691916364 0.059527192434476794 0.848874353336606 0.23994003335010017 0.5114584976578741 0.8085353612326899 0.12718900523830967 0.0 0.21355009087118038 0.19925407049677768 0.7234239454900132 0.06522916802433965
0.27167188259463537 0.5809078334697557 0.6724272309953029 0.610706034872114 0.41453723100618245 0.671705590745194 0.8256129944353319 0.6910494751824336 0.005484460897306143 0.25606994380131876 0.9012573352994729 0.701820759703641 0.13368914890667105 0.7435526158394136 0.21355009087118038 0.0 0.5896038131335393 0.30687639231630237 0.34180719721229336
0.021784205176511695 0.5484526263724403 0.23200295148245698 0.7887738860525039 0.8205630944118004 0.7891540365216712 0.45128957554710203 0.36164305056402835 0.99548708487777 0.6250148746294066 0.21823011585145569 0.39153875997871035 0.6755535489302826 0.9931243931220786 0.19925407049677768 0.5896038131335393 0.0 0.09992987207299053 0.7792454987986079
0.04430126785653965 0.6530861117339636 0.0011693128049122814 0.7489423128213165 0.18756616805745807 0.14788316313597716 0.753736875518906 0.02185504126371829 0.3182257017790424 0.5097597218564934 0.6847842868765209 0.9680368830393855 0.9826434559215594 0.7940452745022537 0.7234239454900132 0.30687639231630237 0.09992987207299053 0.0 0.02007194860377115
0.692954871430313 0.9276991163011294 0.3869129548172867 0.663569217298522 0.8037404631043643 0.9145465839802924 0.9406104376980529 0.12453756821385753 0.17868480981707646 0.7034458902114366 0.6706809205772485 0.3250161210530039 0.3735347031266877 0.716688912641473 0.06522916802433965 0.34180719721229336 0.7792454987986079 0.02007194860377115 0.0

# Optimal Walk
0 15 8 14 5 13 12 9 1 3 6 10 11 7 17 4 2 18 16 0
