# Graph size: 19
# Optimal cost: 1.8871364182015737

# Distance Matrix
0.0 0.5056940203098621 0.5039006257121579 0.3229897063294458 0.37097647285811397 0.5921961488372274 0.5898933024017515 0.32319214115919126 0.261414184733299 0.9720772665235722 0.5379272282186351 0.22169801572868575 0.10676542943215073 0.018904437957323994 0.45361356539933695 0.8883890053232382 0.31137756140637196 0.34685742506430794 0.08768120189635842
0.5056940203098621 0.0 0.7034434115210668 0.7259333916071707 0.16930676266379607 0.1338374048970694 0.5434743394971878 0.3930814211657957 0.591047500858342 0.7191725431416253 0.8973836243880389 0.9859916583406576 0.546865632656465 0.37131881900668384 0.5321284418534128 0.7635978238136925 0.7094659073585414 0.3334875573211772 0.2545733737641791
0.5039006257121579 0.7034434115210668 0.0 0.5938258983715524 0.5813910645185754 0.21667335311670588 0.22282756624460742 0.3548985541474099 0.15841407597197565 0.6277271939590954 0.9489435008279052 0.814843113676834 0.005986992910650857 0.5926654382289538 0.6045799061731856 0.910620608094143 0.32568073275693266 0.3064948198284344 0.4922081812750061
0.3229897063294458 0.7259333916071707 0.5938258983715524 0.0 0.20083221702695186 0.6051526166716321 0.9839981892013246 0.5766682786869612 0.14974814963619265 0.743029240760672 0.36033965742122787 0.785356680507576 0.815444016186103 0.11919456597120603 0.6960118251779153 0.38005505627493363 0.4611172768278855 0.9413238289492437 0.9775618219725697
0.37097647285811397 0.16930676266379607 0.5813910645185754 0.20083221702695186 0.0 0.07938581957300339 0.5861972652959855 0.34010643603362334 0.37369708682908265 0.7681061055563375 0.8826497005118862 0.10845147117915177 0.9057855942943376 0.5679294133199237 0.6619166877477302 0.6840720280623308 0.7224298201330793 0.7642898247291606 0.36922181559695544
0.5921961488372274 0.1338374048970694 0.21667335311670588 0.6051526166716321 0.07938581957300339 0.0 0.960195362822063 0.3297069743529697 0.5844408863586914 0.9045093703103233 0.7757480456735898 0.6218330938712835 0.10450743507426508 0.6030751567461775 0.48421619969879426 0.5814217430649302 0.6265854251508269 0.8939860810207321 0.8294831313607918
0.5898933024017515 0.5434743394971878 0.22282756624460742 0.9839981892013246 0.5861972652959855 0.960195362822063 0.0 0.07417280450182373 0.7117111027690489 0.8506746661836467 0.4672977359250007 0.24974038271807786 0.6804978941667369 0.07563300908379378 0.8626289689459007 0.6786934410574236 0.8004655173155651 0.619920936831989 0.9660127731707338
0.32319214115919126 0.3930814211657957 0.3548985541474099 0.5766682786869612 0.34010643603362334 0.3297069743529697 0.07417280450182373 0.0 0.5048961207454764 0.5675624944565525 0.9282409784759819 0.026100120472895116 0.5732998817758778 0.4591099722236124 0.12162276163116092 0.13096564815436074 0.7050521566872191 0.28637101097157225 0.2822979538760739
0.261414184733299 0.591047500858342 0.15841407597197565 0.14974814963619265 0.37369708682908265 0.5844408863586914 0.7117111027690489 0.5048961207454764 0.0 0.5873384203571883 0.034991798251438055 0.8071765519019691 0.7891361000968397 0.04476779555610555 0.6010145531336418 0.5725151873969022 0.16705103380006614 0.3508386324988021 0.18045648666145742
0.9720772665235722 0.7191725431416253 0.6277271939590954 0.743029240760672 0.7681061055563375 0.9045093703103233 0.8506746661836467 0.5675624944565525 0.5873384203571883 0.0 0.07572098611055122 0.3600758749252293 0.4839024010176407 0.7055569324418833 0.14886997797522938 0.8153446212812899 0.551391215525014 0.45822699242921106 0.20822230491788496
0.5379272282186351 0.8973836243880389 0.9489435008279052 0.36033965742122787 0.8826497005118862 0.7757480456735898 0.4672977359250007 0.9282409784759819 0.034991798251438055 0.07572098611055122 0.0 0.27400673205434234 0.7646345202473144 0.6437632588534935 0.38902386328283334 0.7051403783772088 0.5051987603092227 0.8738110573046024 0.8297077139556435
0.22169801572868575 0.9859916583406576 0.814843113676834 0.785356680507576 0.10845147117915177 0.6218330938712835 0.24974038271807786 0.026100120472895116 0.8071765519019691 0.3600758749252293 0.27400673205434234 0.0 0.39001909503219345 0.0831227012491812 0.5507948105521423 0.36651216732448877 0.7666257815037186 0.5540220417892987 0.13919786698238146
0.10676542943215073 0.546865632656465 0.005986992910650857 0.815444016186103 0.9057855942943376 0.10450743507426508 0.6804978941667369 0.5732998817758778 0.7891361000968397 0.4839024010176407 0.7646345202473144 0.39001909503219345 0.0 0.6817587111559308 0.27809665455254473 0.009888731564583808 0.8334879267629359 0.5125100620972617 0.1338172936603651
0.018904437957323994 0.37131881900668384 0.5926654382289538 0.11919456597120603 0.5679294133199237 0.6030751567461775 0.07563300908379378 0.4591099722236124 0.04476779555610555 0.7055569324418833 0.6437632588534935 0.0831227012491812 0.6817587111559308 0.0 0.08751230138622912 0.18814815059132284 0.871054738103191 0.5881816761627047 0.04880139108225934
0.45361356539933695 0.5321284418534128 0.6045799061731856 0.6960118251779153 0.6619166877477302 0.48421619969879426 0.8626289689459007 0.12162276163116092 0.6010145531336418 0.14886997797522938 0.38902386328283334 0.5507948105521423 0.27809665455254473 0.08751230138622912 0.0 0.8621883438597512 0.3546411150334672 0.0695642925444655 0.6788857542003892
0.8883890053232382 0.7635978238136925 0.910620608094143 0.38005505627493363 0.6840720280623308 0.5814217430649302 0.6786934410574236 0.13096564815436074 0.5725151873969022 0.8153446212812899 0.7051403783772088 0.36651216732448877 0.009888731564583808 0.18814815059132284 0.8621883438597512 0.0 0.7486744537118011 0.5291108863753269 0.2508443042569224
0.31137756140637196 0.7094659073585414 0.32568073275693266 0.4611172768278855 0.7224298201330793 0.6265854251508269 0.8004655173155651 0.7050521566872191 0.16705103380006614 0.551391215525014 0.5051987603092227 0.7666257815037186 0.8334879267629359 0.871054738103191 0.3546411150334672 0.7486744537118011 0.0 0.42073064604120425 0.40922881734079974
0.34685742506430794 0.3334875573211772 0.3064948198284344 0.9413238289492437 0.7642898247291606 0.8939860810207321 0.619920936831989 0.28637101097157225 0.3508386324988021 0.45822699242921106 0.8738110573046024 0.5540220417892987 0.5125100620972617 0.5881816761627047 0.0695642925444655 0.5291108863753269 0.42073064604120425 0.0 0.05955795371408146
0.08768120189635842 0.2545733737641791 0.4922081812750061 0.9775618219725697 0.36922181559695544 0.8294831313607918 0.9660127731707338 0.2822979538760739 0.18045648666145742 0.20822230491788496 0.8297077139556435 0.13919786698238146 0.1338172936603651 0.04880139108225934 0.6788857542003892 0.2508443042569224 0.40922881734079974 0.05955795371408146 0.0

# Optimal Walk
0 13 6 7 11 4 1 5 15 12 2 18 17 14 9 10 16 8 3 0
