# Graph size: 19
# Optimal cost: 1.0435058441211016

# Distance Matrix
0.0 0.5375592793403046 0.05723396253884272 0.6829981000781525 0.6116622200127412 0.07766894303100469 0.09952136669366463 0.813098045391178 0.5591405011532917 0.16149678660603406 0.1077760634394942 0.7495972861976461 0.4695209684774063 0.301501991685196 0.5188708663204558 0.45204262406906626 0.8257212710057433 0.21655953121976856 0.1547048395397802
0.5375592793403046 0.0 0.12147366713113017 0.06993330586279445 0.08163032408760784 0.2810445871361891 0.19987623723619474 0.8342636253313425 0.37203711763867486 0.2898786919498093 0.032371595168793954 0.3626514524607085 0.4622882163532199 0.25238628690751996 0.7158538247233881 0.8169656568766227 0.5622435954449555 0.489034573228053 0.596263992801046
0.05723396253884272 0.12147366713113017 0.0 0.2002216542608003 0.2775189828825444 0.7339840798322228 0.5964165177493468 0.7011477677608644 0.06637526297834051 0.43289503257817097 0.05726932502343096 0.366869960198961 0.13194215533389753 0.20639162748963402 0.05775648700356617 0.1442726712657415 0.8364764353279862 0.5358555140811401 0.24177813571019824
0.6829981000781525 0.06993330586279445 0.2002216542608003 0.0 0.4956328318978034 0.5534568805544343 0.28388345605677545 0.025669231745961252 0.9904129356598803 0.9836693403618179 0.7486588097138641 0.6854452716876936 0.5026383523681969 0.3530373230310193 0.5696498505407664 0.23034971108849245 0.9020726654043822 0.5828043549001306 0.9514623656366809
0.6116622200127412 0.08163032408760784 0.2775189828825444 0.4956328318978034 0.0 0.1577040410733177 0.41744475754042154 0.47677690422858154 0.35333819611373474 0.15378869254705696 0.17126932276420492 0.20568707998761204 0.0037049188178474024 0.5564586902815448 0.7383423476665465 0.8853371569264459 0.34234655257696356 0.9274253688516509 0.9637821734127456
0.07766894303100469 0.2810445871361891 0.7339840798322228 0.5534568805544343 0.1577040410733177 0.0 0.8430381618967977 0.7671787510732868 0.3956112599982312 0.6915248840644106 0.24595764694067812 0.8682761457759696 0.5277125361466816 0.5004734112085852 0.12534230566305804 0.6687138215228435 0.3580792119752859 0.023037012532546308 0.4721831650260312
0.09952136669366463 0.19987623723619474 0.5964165177493468 0.28388345605677545 0.41744475754042154 0.8430381618967977 0.0 0.2599485396415053 0.8672507198455615 0.9295883488741887 0.0027427379614159975 0.6188797888698436 0.6369600434091266 0.20240370714771927 0.3964644997844974 0.3243942993380535 0.6291472954023034 0.8939407372061017 0.29413737986077915
0.813098045391178 0.8342636253313425 0.7011477677608644 0.025669231745961252 0.47677690422858154 0.7671787510732868 0.2599485396415053 0.0 0.3531125197813372 0.03749903488583306 0.16684819381803606 0.1107889422199898 0.12721876763377526 0.9422570573194743 0.046889726206307825 0.7656327701990476 0.5116711171275607 0.06251659452558211 0.9850044441608401
0.5591405011532917 0.37203711763867486 0.06637526297834051 0.9904129356598803 0.35333819611373474 0.3956112599982312 0.8672507198455615 0.3531125197813372 0.0 0.7604969147225457 0.5137518171275414 0.24496029110580653 0.02101453821486865 0.6485122906873263 0.024831639674901318 0.4539512623528873 0.06903052771499607 0.8264407335605419 0.062387386711525994
0.16149678660603406 0.2898786919498093 0.43289503257817097 0.9836693403618179 0.15378869254705696 0.6915248840644106 0.9295883488741887 0.03749903488583306 0.7604969147225457 0.0 0.9351347344476008 0.6033930460585446 0.7568747409372817 0.6197241206856077 0.9131746363595539 0.8140291440247791 0.18064203922534816 0.4115192700242202 0.6539776834728942
0.1077760634394942 0.032371595168793954 0.05726932502343096 0.7486588097138641 0.17126932276420492 0.24595764694067812 0.0027427379614159975 0.16684819381803606 0.5137518171275414 0.9351347344476008 0.0 0.12139081058325607 0.6150996282553581 0.5152186472365962 0.9727346344641583 0.7936814959451013 0.45060400056445415 0.15147928464730886 0.3013343248987228
0.7495972861976461 0.3626514524607085 0.366869960198961 0.6854452716876936 0.20568707998761204 0.8682761457759696 0.6188797888698436 0.1107889422199898 0.24496029110580653 0.6033930460585446 0.12139081058325607 0.0 0.29286643530895906 0.2552952278484729 0.6212672939751124 0.24218313776812717 0.8910008182547093 0.4774344619690484 0.7228842078448826
0.4695209684774063 0.4622882163532199 0.13194215533389753 0.5026383523681969 0.0037049188178474024 0.5277125361466816 0.6369600434091266 0.12721876763377526 0.02101453821486865 0.7568747409372817 0.6150996282553581 0.29286643530895906 0.0 0.13018882561193534 0.04469971061840605 0.594886009252906 0.8091075464637265 0.5006444069604816 0.993111745278829
0.301501991685196 0.25238628690751996 0.20639162748963402 0.3530373230310193 0.5564586902815448 0.5004734112085852 0.20240370714771927 0.9422570573194743 0.6485122906873263 0.6197241206856077 0.5152186472365962 0.2552952278484729 0.13018882561193534 0.0 0.9029364897293736 0.01279758524668706 0.5179741338140169 0.05354884480262101 0.5544953281688088
0.5188708663204558 0.7158538247233881 0.05775648700356617 0.5696498505407664 0.7383423476665465 0.12534230566305804 0.3964644997844974 0.046889726206307825 0.024831639674901318 0.9131746363595539 0.9727346344641583 0.6212672939751124 0.04469971061840605 0.9029364897293736 0.0 0.06873407488764727 0.3587804141288703 0.12896192846543686 0.1708223452628025
0.45204262406906626 0.8169656568766227 0.1442726712657415 0.23034971108849245 0.8853371569264459 0.6687138215228435 0.3243942993380535 0.7656327701990476 0.4539512623528873 0.8140291440247791 0.7936814959451013 0.24218313776812717 0.594886009252906 0.01279758524668706 0.06873407488764727 0.0 0.5901128355267834 0.26235691152166996 0.012742963801918972
0.8257212710057433 0.5622435954449555 0.8364764353279862 0.9020726654043822 0.34234655257696356 0.3580792119752859 0.6291472954023034 0.5116711171275607 0.06903052771499607 0.18064203922534816 0.45060400056445415 0.8910008182547093 0.8091075464637265 0.5179741338140169 0.3587804141288703 0.5901128355267834 0.0 0.3262797485440493 0.620044634837865
0.21655953121976856 0.489034573228053 0.5358555140811401 0.5828043549001306 0.9274253688516509 0.023037012532546308 0.8939407372061017 0.06251659452558211 0.8264407335605419 0.4115192700242202 0.15147928464730886 0.4774344619690484 0.5006444069604816 0.05354884480262101 0.12896192846543686 0.26235691152166996 0.3262797485440493 0.0 0.4628095041807
0.1547048395397802 0.596263992801046 0.24177813571019824 0.9514623656366809 0.9637821734127456 0.4721831650260312 0.29413737986077915 0.9850044441608401 0.062387386711525994 0.6539776834728942 0.3013343248987228 0.7228842078448826 0.993111745278829 0.5544953281688088 0.1708223452628025 0.012742963801918972 0.620044634837865 0.4628095041807 0.0

# Optimal Walk
0 5 17 13 15 18 16 8 12 4 14 9 7 3 11 10 6 1 2 0
