# Graph size: 19
# Optimal cost: 0.7466027068732651

# Distance Matrix
0.0 0.22044129115538513 0.09293887493195219 0.9358641112101392 0.20833178013059628 0.6677912222907084 0.02721332635735607 0.8246975890026618 0.47605399258498404 0.47227885175763784 0.7639703045555776 0.755387419655856 0.37925120430989523 0.0374089909879316 0.1588869859956995 0.43497846341700774 0.5309905919223812 0.4548682099836847 0.14038732348086946
0.22044129115538513 0.0 0.6182914255213909 0.5291700014148079 0.9117245192200139 0.584211882647198 0.02426689327994469 0.7006639376985511 0.026750853113919115 0.30312393700740914 0.09013974585708673 0.6638678995239441 0.21868620806345995 0.15031744158212268 0.7409650131144581 0.8024452147165172 0.42897463375239464 0.8063813705268587 0.8373672919645344
0.09293887493195219 0.6182914255213909 0.0 0.2049942630884778 0.5224990714695946 0.42221453554086874 0.7309875708796405 0.6185183163539097 0.4720531004181031 0.9240736557988858 0.4049530949847139 0.4879938645941432 0.99577100404245 0.4519765124868067 0.0057971741832199 0.20999811483246889 0.661462297558298 0.09897119372398222 0.18360725067601513
0.9358641112101392 0.5291700014148079 0.2049942630884778 0.0 0.3152693290502818 0.5977742433811707 0.8463215548053892 0.5487819792011958 0.4132388696256871 0.8593314808526411 0.3484480097907158 0.7266282103901135 0.380986933264991 0.1814793911397744 0.011501722911253953 0.9451318053060426 0.4597387351199711 0.32998394408250176 0.6307395247861785
0.20833178013059628 0.9117245192200139 0.5224990714695946 0.3152693290502818 0.0 0.8265867532870913 0.6339314770152379 0.5020171404093785 0.7044057684850475 0.0703690197580984 0.9110467048990196 0.2669842171696726 0.4256166389035567 0.011993008358811563 0.8948168112134439 0.3492248724100522 0.268781241665062 0.622690495836564 0.3500782145371194
0.6677912222907084 0.584211882647198 0.42221453554086874 0.5977742433811707 0.8265867532870913 0.0 0.1493477497024438 0.03338278047223264 0.3741024068165202 0.29445819466481893 0.2769336351758558 0.1854828209532181 0.5342769068083442 0.5202458669309269 0.5245695407189773 0.34609972489492313 0.884017223984324 0.3492126994385012 0.6516524064499063
0.02721332635735607 0.02426689327994469 0.7309875708796405 0.8463215548053892 0.6339314770152379 0.1493477497024438 0.0 0.8156524125122282 0.5467254877478029 0.8538110475700202 0.06612783651650267 0.09494881266552435 0.6102396732109097 0.740093948205492 0.9933053844410267 0.46573792526173163 0.48576254995740553 0.5808633035577222 0.0031192007940819
0.8246975890026618 0.7006639376985511 0.6185183163539097 0.5487819792011958 0.5020171404093785 0.03338278047223264 0.8156524125122282 0.0 0.8276336179213267 0.4968330395777951 0.11196739611585882 0.8306787541734044 0.15325649941823372 0.020392125871478983 0.8603331569249312 0.2696811608538554 0.11973046543526988 0.6123467637624154 0.459232358611811
0.47605399258498404 0.026750853113919115 0.4720531004181031 0.4132388696256871 0.7044057684850475 0.3741024068165202 0.5467254877478029 0.8276336179213267 0.0 0.5442333510836498 0.7022086404012229 0.9416368429285488 0.624444980179301 0.9718586522121264 0.7738928102490021 0.02966216500001151 0.9143973330252481 0.918939021396167 0.047049624346167884
0.47227885175763784 0.30312393700740914 0.9240736557988858 0.8593314808526411 0.0703690197580984 0.29445819466481893 0.8538110475700202 0.4968330395777951 0.5442333510836498 0.0 0.24602732233809788 0.07801613362372928 0.019570636708550415 0.010815900204152018 0.7469146911508799 0.005954375772129317 0.3797874362073571 0.8741240087485781 0.5589964321952031
0.7639703045555776 0.09013974585708673 0.4049530949847139 0.3484480097907158 0.9110467048990196 0.2769336351758558 0.06612783651650267 0.11196739611585882 0.7022086404012229 0.24602732233809788 0.0 0.044008314383660596 0.02133309411304707 0.9058680708487051 0.30964907934314934 0.701959194750973 0.13263935997524 0.9794700689652437 0.6833344449997354
0.755387419655856 0.6638678995239441 0.4879938645941432 0.7266282103901135 0.2669842171696726 0.1854828209532181 0.09494881266552435 0.8306787541734044 0.9416368429285488 0.07801613362372928 0.044008314383660596 0.0 0.5967378158660634 0.7893944419437325 0.5752946533916388 0.044363710078412555 0.8057230242316401 0.683062392737537 0.9718998972392942
0.37925120430989523 0.21868620806345995 0.99577100404245 0.380986933264991 0.4256166389035567 0.5342769068083442 0.6102396732109097 0.15325649941823372 0.624444980179301 0.019570636708550415 0.02133309411304707 0.5967378158660634 0.0 0.3078616301992565 0.674150684842492 0.05294005288206949 0.8659009122379336 0.06360045631399436 0.5200225320597769
0.0374089909879316 0.15031744158212268 0.4519765124868067 0.1814793911397744 0.011993008358811563 0.5202458669309269 0.740093948205492 0.020392125871478983 0.9718586522121264 0.010815900204152018 0.9058680708487051 0.7893944419437325 0.3078616301992565 0.0 0.45581608827505304 0.20026172420486865 0.161474294559393 0.6105689756901899 0.22702161902472817
0.1588869859956995 0.7409650131144581 0.0057971741832199 0.011501722911253953 0.8948168112134439 0.5245695407189773 0.9933053844410267 0.8603331569249312 0.7738928102490021 0.7469146911508799 0.30964907934314934 0.5752946533916388 0.674150684842492 0.45581608827505304 0.0 0.5521203131520783 0.45273597513305575 0.24623411703571385 0.48763990874985363
0.43497846341700774 0.8024452147165172 0.20999811483246889 0.9451318053060426 0.3492248724100522 0.34609972489492313 0.46573792526173163 0.2696811608538554 0.02966216500001151 0.005954375772129317 0.701959194750973 0.044363710078412555 0.05294005288206949 0.20026172420486865 0.5521203131520783 0.0 0.033790624221132104 0.14772061471630848 0.7813145285679036
0.5309905919223812 0.42897463375239464 0.661462297558298 0.4597387351199711 0.268781241665062 0.884017223984324 0.48576254995740553 0.11973046543526988 0.9143973330252481 0.3797874362073571 0.13263935997524 0.8057230242316401 0.8659009122379336 0.161474294559393 0.45273597513305575 0.033790624221132104 0.0 0.33486805471009573 0.294374218207222
0.4548682099836847 0.8063813705268587 0.09897119372398222 0.32998394408250176 0.622690495836564 0.3492126994385012 0.5808633035577222 0.6123467637624154 0.918939021396167 0.8741240087485781 0.9794700689652437 0.683062392737537 0.06360045631399436 0.6105689756901899 0.24623411703571385 0.14772061471630848 0.33486805471009573 0.0 0.298631078792442
0.14038732348086946 0.8373672919645344 0.18360725067601513 0.6307395247861785 0.3500782145371194 0.6516524064499063 0.0031192007940819 0.459232358611811 0.047049624346167884 0.5589964321952031 0.6833344449997354 0.9718998972392942 0.5200225320597769 0.22702161902472817 0.48763990874985363 0.7813145285679036 0.294374218207222 0.298631078792442 0.0

# Optimal Walk
0 18 6 1 8 16 15 9 13 7 5 4 11 10 12 17 14 3 2 0
