# Graph size: 19
# Optimal cost: 1.5351415159095416

# Distance Matrix
0.0 0.7819079659123491 0.7660188022472131 0.8880729082833649 0.9951050427671694 0.08100054599077622 0.3626427429646816 0.20886822717156783 0.5350551898042757 0.7123104699080107 0.9504492019503804 0.21445446367467802 0.644158988719502 0.5854593810553701 0.2205882182732113 0.23578628532208823 0.4861002655090654 0.9463237372928893 0.3954969493145065
0.7819079659123491 0.0 0.7556554214017868 0.37640362989841913 0.811784751115302 0.5248073004227348 0.18975079940341866 0.9948617312590649 0.27563398454461463 0.41129741009436016 0.7349344184148908 0.7283877653097939 0.39831163204949704 0.4510973190778208 0.704929715795158 0.9680546327314579 0.0035062665276549554 0.25927316175062876 0.8995955854818599
0.7660188022472131 0.7556554214017868 0.0 0.9116204355099551 0.5962458894487581 0.07007810746635068 0.4611853722382385 0.1816296435669591 0.7899621259677961 0.5505724357389101 0.3594675861153662 0.35921802296668714 0.08411081926345987 0.8469793286088281 0.11731056655467587 0.35503855429840303 0.5692838207890619 0.3950567741860236 0.6393108693932865
0.8880729082833649 0.37640362989841913 0.9116204355099551 0.0 0.3912647281005017 0.15334832533529985 0.2689302018493259 0.038271057072704506 0.25241632147693815 0.2000016617948529 0.6172444860551458 0.16780940558986168 0.3777925860812048 0.05023121600346614 0.04115804528886491 0.16411063887756017 0.314585687471302 0.7575202965457981 0.6056157763708263
0.9951050427671694 0.811784751115302 0.5962458894487581 0.3912647281005017 0.0 0.6758031623592343 0.02828750610445685 0.5092427629741647 0.5435016362147976 0.6181750480415957 0.575791040792036 0.6295405389713217 0.6116858877362276 0.22641750843246622 0.6866272970576722 0.7630797736758649 0.48864578277524917 0.9023109795150248 0.8690672964481152
0.08100054599077622 0.5248073004227348 0.07007810746635068 0.15334832533529985 0.6758031623592343 0.0 0.824432871140062 0.5652527759141598 0.8497458994272028 0.7603581389482157 0.5644354916525626 0.9734834144659934 0.7766963888745907 0.5741505481442395 0.1527186877349226 0.7222250403060626 0.004741980577024907 0.6632156949712383 0.0047184644587090485
0.3626427429646816 0.18975079940341866 0.4611853722382385 0.2689302018493259 0.02828750610445685 0.824432871140062 0.0 0.3650113090073347 0.17195859457945462 0.41183616006755297 0.19181593864911528 0.7114370408824375 0.3409774535290713 0.8997971075232757 0.1648637606633303 0.7121657110243086 0.7312359113473464 0.03869111712726214 0.19420496457749326
0.20886822717156783 0.9948617312590649 0.1816296435669591 0.038271057072704506 0.5092427629741647 0.5652527759141598 0.3650113090073347 0.0 0.7968566914308857 0.4829219388745214 0.17129008048952987 0.8833927573833731 0.6250041910757702 0.8298396963787193 0.4460265025615966 0.3491711586677919 0.42159286812583385 0.8094008909878793 0.6311652985615386
0.5350551898042757 0.27563398454461463 0.7899621259677961 0.25241632147693815 0.5435016362147976 0.8497458994272028 0.17195859457945462 0.7968566914308857 0.0 0.17687754467767247 0.8126400824020705 0.1701724719867277 0.4170365566971329 0.05828042046942883 0.35010827346339346 0.45088831092970794 0.6697386764857977 0.09796656310235252 0.7213352702421838
0.7123104699080107 0.41129741009436016 0.5505724357389101 0.2000016617948529 0.6181750480415957 0.7603581389482157 0.41183616006755297 0.4829219388745214 0.17687754467767247 0.0 0.2995589095032216 0.5460103869406034 0.13474387878228855 0.9750440910684051 0.977289784997533 0.8565092047122991 0.06612740900034375 0.9641583192904977 0.6486454199749624
0.9504492019503804 0.7349344184148908 0.3594675861153662 0.6172444860551458 0.575791040792036 0.5644354916525626 0.19181593864911528 0.17129008048952987 0.8126400824020705 0.2995589095032216 0.0 0.5735227902387883 0.08682787199488584 0.6050627408036913 0.4988728703510483 0.9191791451138742 0.9562631928578295 0.48361343847264715 0.938025009860385
0.21445446367467802 0.7283877653097939 0.35921802296668714 0.16780940558986168 0.6295405389713217 0.9734834144659934 0.7114370408824375 0.8833927573833731 0.1701724719867277 0.5460103869406034 0.5735227902387883 0.0 0.04151022083371114 0.8954657593718794 0.8001149728310237 0.15300040745040433 0.8882625742133016 0.4803587354775958 0.6386471866542175
0.644158988719502 0.39831163204949704 0.08411081926345987 0.3777925860812048 0.6116858877362276 0.7766963888745907 0.3409774535290713 0.6250041910757702 0.4170365566971329 0.13474387878228855 0.08682787199488584 0.04151022083371114 0.0 0.050743333505624544 0.5221384167028017 0.9462275295285897 0.07053743869047246 0.1993235050622315 0.7861883793885565
0.5854593810553701 0.4510973190778208 0.8469793286088281 0.05023121600346614 0.22641750843246622 0.5741505481442395 0.8997971075232757 0.8298396963787193 0.05828042046942883 0.9750440910684051 0.6050627408036913 0.8954657593718794 0.050743333505624544 0.0 0.6473127265317744 0.6574386494296955 0.7183425782583918 0.924367575950213 0.025803623090298933
0.2205882182732113 0.704929715795158 0.11731056655467587 0.04115804528886491 0.6866272970576722 0.1527186877349226 0.1648637606633303 0.4460265025615966 0.35010827346339346 0.977289784997533 0.4988728703510483 0.8001149728310237 0.5221384167028017 0.6473127265317744 0.0 0.5063872388179638 0.19609012774946788 0.489804368594836 0.33611218239801677
0.23578628532208823 0.9680546327314579 0.35503855429840303 0.16411063887756017 0.7630797736758649 0.7222250403060626 0.7121657110243086 0.3491711586677919 0.45088831092970794 0.8565092047122991 0.9191791451138742 0.15300040745040433 0.9462275295285897 0.6574386494296955 0.5063872388179638 0.0 0.14737964042820717 0.6180989277338995 0.6321217082976657
0.4861002655090654 0.0035062665276549554 0.5692838207890619 0.314585687471302 0.48864578277524917 0.004741980577024907 0.7312359113473464 0.42159286812583385 0.6697386764857977 0.06612740900034375 0.9562631928578295 0.8882625742133016 0.07053743869047246 0.7183425782583918 0.19609012774946788 0.14737964042820717 0.0 0.5431591220385021 0.1534193386985574
0.9463237372928893 0.25927316175062876 0.3950567741860236 0.7575202965457981 0.9023109795150248 0.6632156949712383 0.03869111712726214 0.8094008909878793 0.09796656310235252 0.9641583192904977 0.48361343847264715 0.4803587354775958 0.1993235050622315 0.924367575950213 0.489804368594836 0.6180989277338995 0.5431591220385021 0.0 0.9802257410269973
0.3954969493145065 0.8995955854818599 0.6393108693932865 0.6056157763708263 0.8690672964481152 0.0047184644587090485 0.19420496457749326 0.6311652985615386 0.7213352702421838 0.6486454199749624 0.938025009860385 0.6386471866542175 0.7861883793885565 0.025803623090298933 0.33611218239801677 0.6321217082976657 0.1534193386985574 0.9802257410269973 0.0

# Optimal Walk
0 5 18 13 8 17 6 4 10 12 11 15 7 3 14 2 9 16 1 0
