# MCW Instance
# Type: UNIFORM
# N: 19
# Optimal cost: 1.9304404753068705
# Optimal tour (permutation): [0, 12, 16, 13, 18, 1, 17, 6, 4, 14, 10, 8, 5, 7, 11, 15, 3, 2, 9, 0]
# Optimal walk (full path): [0, 12, 16, 13, 1, 18, 1, 17, 6, 4, 10, 14, 10, 8, 5, 8, 7, 11, 15, 3, 2, 9, 0]
# Walk size: 23
# Is walk (has repeats): true

# Distance Matrix
0.0000000000 0.1766264362 0.2818259296 0.5500999505 0.6576156899 0.1414370638 0.1396765294 0.8797415099 0.7505539320 0.1333822682 0.0573878233 0.3371931620 0.0083927873 0.9207764732 0.3054709396 0.8748593839 0.7810653568 0.9620890087 0.2980548376
0.1766264362 0.0000000000 0.6768618090 0.4194917572 0.1804904317 0.4465812391 0.4435692931 0.2354072903 0.0927853662 0.4530680721 0.1262325005 0.9902514922 0.8867562640 0.1186556155 0.8898299926 0.5674461845 0.2294192190 0.0331883620 0.0363339859
0.2818259296 0.6768618090 0.0000000000 0.1630536090 0.5584200059 0.8328749839 0.8559555389 0.5417201539 0.3597743119 0.0656076069 0.8905305193 0.6479755627 0.4673832466 0.0873107152 0.8910595675 0.1373706792 0.7332315679 0.8277294343 0.8305160502
0.5500999505 0.4194917572 0.1630536090 0.0000000000 0.1976023041 0.5119027098 0.7103551163 0.6933886714 0.3666859494 0.2790210649 0.4887261860 0.4050258620 0.9234030920 0.3604588108 0.2701309735 0.1867013171 0.8246624342 0.1876209981 0.5377775948
0.6576156899 0.1804904317 0.5584200059 0.1976023041 0.0000000000 0.8264216845 0.0950792294 0.7138491164 0.5537863876 0.8408481847 0.0359906727 0.6279599379 0.1278981037 0.2703065966 0.6142894613 0.7831632670 0.3705810099 0.8967106598 0.9158716393
0.1414370638 0.4465812391 0.8328749839 0.5119027098 0.8264216845 0.0000000000 0.8230783394 0.7142587529 0.0033260064 0.6041589751 0.3312954731 0.1826700184 0.4056533565 0.9110699937 0.9569060831 0.6159099083 0.3743107778 0.8059783314 0.8756507965
0.1396765294 0.4435692931 0.8559555389 0.7103551163 0.0950792294 0.8230783394 0.0000000000 0.3174922801 0.2436470782 0.6376103139 0.6348117114 0.3798111691 0.9539191278 0.7244986456 0.8997016774 0.7656685540 0.5102184766 0.0815226427 0.8705800591
0.8797415099 0.2354072903 0.5417201539 0.6933886714 0.7138491164 0.7142587529 0.3174922801 0.0000000000 0.0760746281 0.3579330867 0.7132291627 0.1710506415 0.8183162772 0.9723825380 0.6790436918 0.8224743379 0.9033277122 0.5393660486 0.4411434636
0.7505539320 0.0927853662 0.3597743119 0.3666859494 0.5537863876 0.0033260064 0.2436470782 0.0760746281 0.0000000000 0.5136557186 0.0476871981 0.4637142710 0.8426798322 0.7510388279 0.7331020530 0.5845377197 0.4322007648 0.6318746293 0.3850338569
0.1333822682 0.4530680721 0.0656076069 0.2790210649 0.8408481847 0.6041589751 0.6376103139 0.3579330867 0.5136557186 0.0000000000 0.3987158511 0.7495380313 0.9212986619 0.4721542782 0.2982725351 0.6190883492 0.8339841915 0.2996114215 0.8126353635
0.0573878233 0.1262325005 0.8905305193 0.4887261860 0.0359906727 0.3312954731 0.6348117114 0.7132291627 0.0476871981 0.3987158511 0.0000000000 0.4583312865 0.4220128326 0.3716254058 0.1133777124 0.1025912854 0.7528308919 0.3327210362 0.5868935140
0.3371931620 0.9902514922 0.6479755627 0.4050258620 0.6279599379 0.1826700184 0.3798111691 0.1710506415 0.4637142710 0.7495380313 0.4583312865 0.0000000000 0.6714644874 0.1246365290 0.6619446192 0.1095576153 0.5579961047 0.4112692000 0.4907007517
0.0083927873 0.8867562640 0.4673832466 0.9234030920 0.1278981037 0.4056533565 0.9539191278 0.8183162772 0.8426798322 0.9212986619 0.4220128326 0.6714644874 0.0000000000 0.7702743799 0.7086071736 0.2546494307 0.1423841728 0.1769202294 0.9799342441
0.9207764732 0.1186556155 0.0873107152 0.3604588108 0.2703065966 0.9110699937 0.7244986456 0.9723825380 0.7510388279 0.4721542782 0.3716254058 0.1246365290 0.7702743799 0.0000000000 0.2300437412 0.2507708267 0.1560366993 0.5081593354 0.2979057609
0.3054709396 0.8898299926 0.8910595675 0.2701309735 0.6142894613 0.9569060831 0.8997016774 0.6790436918 0.7331020530 0.2982725351 0.1133777124 0.6619446192 0.7086071736 0.2300437412 0.0000000000 0.6041712738 0.6092321047 0.7070716486 0.8257714223
0.8748593839 0.5674461845 0.1373706792 0.1867013171 0.7831632670 0.6159099083 0.7656685540 0.8224743379 0.5845377197 0.6190883492 0.1025912854 0.1095576153 0.2546494307 0.2507708267 0.6041712738 0.0000000000 0.1836387929 0.5251018220 0.7230165108
0.7810653568 0.2294192190 0.7332315679 0.8246624342 0.3705810099 0.3743107778 0.5102184766 0.9033277122 0.4322007648 0.8339841915 0.7528308919 0.5579961047 0.1423841728 0.1560366993 0.6092321047 0.1836387929 0.0000000000 0.2146626313 0.2160632639
0.9620890087 0.0331883620 0.8277294343 0.1876209981 0.8967106598 0.8059783314 0.0815226427 0.5393660486 0.6318746293 0.2996114215 0.3327210362 0.4112692000 0.1769202294 0.5081593354 0.7070716486 0.5251018220 0.2146626313 0.0000000000 0.6620783635
0.2980548376 0.0363339859 0.8305160502 0.5377775948 0.9158716393 0.8756507965 0.8705800591 0.4411434636 0.3850338569 0.8126353635 0.5868935140 0.4907007517 0.9799342441 0.2979057609 0.8257714223 0.7230165108 0.2160632639 0.6620783635 0.0000000000
