# MCW Instance
# Type: UNIFORM
# N: 19
# Optimal cost: 1.8449841414194594
# Optimal tour (permutation): [0, 5, 10, 15, 8, 18, 1, 17, 12, 13, 4, 16, 7, 14, 11, 3, 6, 2, 9, 0]
# Optimal walk (full path): [0, 5, 10, 15, 8, 18, 1, 18, 17, 12, 13, 4, 13, 2, 16, 7, 14, 7, 11, 3, 11, 6, 2, 13, 9, 0]
# Walk size: 26
# Is walk (has repeats): true

# Distance Matrix
0.0000000000 0.7820971137 0.7210779831 0.3659316446 0.6132835290 0.1666696544 0.1146740831 0.5026034146 0.1548434504 0.0972727672 0.8167006879 0.8719264230 0.8451839768 0.6272735400 0.2085013191 0.5523957663 0.6361514046 0.1969364258 0.8835744146
0.7820971137 0.0000000000 0.7556380588 0.9996226161 0.2116919868 0.4214152410 0.3025420953 0.5034636152 0.1597284752 0.4567612757 0.3496653822 0.3719940863 0.4371498293 0.4129238489 0.9057413634 0.6657535507 0.6124197951 0.9329281979 0.0072149991
0.7210779831 0.7556380588 0.0000000000 0.7710295734 0.2065387577 0.7384726438 0.0320848787 0.4765222292 0.1913766576 0.3742571862 0.5229319454 0.0326832521 0.3158111463 0.0540203222 0.0628668701 0.2386819748 0.0577976718 0.6146627147 0.2022289548
0.3659316446 0.9996226161 0.7710295734 0.0000000000 0.7826149867 0.4702240172 0.4061244290 0.1692215723 0.7724894636 0.4393786978 0.7972224932 0.1142705508 0.6386753429 0.9070892658 0.8614437500 0.9357432512 0.3629344065 0.4210625645 0.7217278211
0.6132835290 0.2116919868 0.2065387577 0.7826149867 0.0000000000 0.3137680875 0.2947994170 0.9726866337 0.9795632913 0.4392453480 0.6529899354 0.4575292084 0.6312599190 0.0667421055 0.1777154986 0.2509953844 0.8830484254 0.9428151922 0.2991313012
0.1666696544 0.4214152410 0.7384726438 0.4702240172 0.3137680875 0.0000000000 0.3300830022 0.3166983230 0.3654082845 0.6178750649 0.0919010860 0.9286340733 0.6153201710 0.4555285251 0.5205931794 0.6680675764 0.2673431124 0.7260100261 0.6365338799
0.1146740831 0.3025420953 0.0320848787 0.4061244290 0.2947994170 0.3300830022 0.0000000000 0.2334556294 0.9365219342 0.4033199617 0.2251438039 0.0516287264 0.8440855613 0.4167238475 0.6873941705 0.5602274762 0.6979547656 0.8913724982 0.4800494080
0.5026034146 0.5034636152 0.4765222292 0.1692215723 0.9726866337 0.3166983230 0.2334556294 0.0000000000 0.1416216020 0.7743311941 0.2705225183 0.0209222726 0.3152755644 0.7597242617 0.0049347283 0.1228926483 0.0855641791 0.8668745533 0.1756916735
0.1548434504 0.1597284752 0.1913766576 0.7724894636 0.9795632913 0.3654082845 0.9365219342 0.1416216020 0.0000000000 0.9901681364 0.6633302109 0.9733827986 0.6285898030 0.5612401729 0.1320154469 0.0484566803 0.9414262637 0.5152173811 0.0129854787
0.0972727672 0.4567612757 0.3742571862 0.4393786978 0.4392453480 0.6178750649 0.4033199617 0.7743311941 0.9901681364 0.0000000000 0.9310377564 0.8199133640 0.5716928762 0.0997077480 0.6016733117 0.3236188773 0.8090300193 0.3767311942 0.4508491088
0.8167006879 0.3496653822 0.5229319454 0.7972224932 0.6529899354 0.0919010860 0.2251438039 0.2705225183 0.6633302109 0.9310377564 0.0000000000 0.6602437169 0.6019270850 0.3169551780 0.6881006374 0.1547129240 0.4363479014 0.3594641378 0.9590722200
0.8719264230 0.3719940863 0.0326832521 0.1142705508 0.4575292084 0.9286340733 0.0516287264 0.0209222726 0.9733827986 0.8199133640 0.6602437169 0.0000000000 0.3989697771 0.2983824590 0.9102439029 0.4417944423 0.5190271043 0.5533273281 0.7793842008
0.8451839768 0.4371498293 0.3158111463 0.6386753429 0.6312599190 0.6153201710 0.8440855613 0.3152755644 0.6285898030 0.5716928762 0.6019270850 0.3989697771 0.0000000000 0.1788024659 0.9577435647 0.2322532877 0.5709110798 0.1683190348 0.1649573376
0.6272735400 0.4129238489 0.0540203222 0.9070892658 0.0667421055 0.4555285251 0.4167238475 0.7597242617 0.5612401729 0.0997077480 0.3169551780 0.2983824590 0.1788024659 0.0000000000 0.4255530328 0.1751824570 0.7855775857 0.1110230281 0.0464392756
0.2085013191 0.9057413634 0.0628668701 0.8614437500 0.1777154986 0.5205931794 0.6873941705 0.0049347283 0.1320154469 0.6016733117 0.6881006374 0.9102439029 0.9577435647 0.4255530328 0.0000000000 0.1788182301 0.4344623540 0.5954622513 0.5720897367
0.5523957663 0.6657535507 0.2386819748 0.9357432512 0.2509953844 0.6680675764 0.5602274762 0.1228926483 0.0484566803 0.3236188773 0.1547129240 0.4417944423 0.2322532877 0.1751824570 0.1788182301 0.0000000000 0.7034265450 0.9399943911 0.9093519045
0.6361514046 0.6124197951 0.0577976718 0.3629344065 0.8830484254 0.2673431124 0.6979547656 0.0855641791 0.9414262637 0.8090300193 0.4363479014 0.5190271043 0.5709110798 0.7855775857 0.4344623540 0.7034265450 0.0000000000 0.4961119078 0.9119255789
0.1969364258 0.9329281979 0.6146627147 0.4210625645 0.9428151922 0.7260100261 0.8913724982 0.8668745533 0.5152173811 0.3767311942 0.3594641378 0.5533273281 0.1683190348 0.1110230281 0.5954622513 0.9399943911 0.4961119078 0.0000000000 0.0837931614
0.8835744146 0.0072149991 0.2022289548 0.7217278211 0.2991313012 0.6365338799 0.4800494080 0.1756916735 0.0129854787 0.4508491088 0.9590722200 0.7793842008 0.1649573376 0.0464392756 0.5720897367 0.9093519045 0.9119255789 0.0837931614 0.0000000000
