# MCW Instance
# Type: UNIFORM
# N: 19
# Optimal cost: 1.4015166173858271
# Optimal tour (permutation): [0, 18, 10, 13, 14, 15, 9, 12, 11, 5, 6, 1, 7, 16, 3, 2, 17, 4, 8, 0]
# Optimal walk (full path): [0, 18, 0, 10, 13, 14, 9, 15, 9, 12, 11, 5, 6, 1, 7, 16, 3, 2, 4, 17, 4, 8, 0]
# Walk size: 23
# Is walk (has repeats): true

# Distance Matrix
0.0000000000 0.6012718172 0.2325013823 0.6592279819 0.3204877649 0.5072870807 0.4549745649 0.3116348438 0.1148122294 0.9387206922 0.0092559754 0.1308228515 0.3087510849 0.2577878529 0.4739086318 0.0900471699 0.3819802967 0.7504201531 0.0125530464
0.6012718172 0.0000000000 0.8308904381 0.3814042626 0.2002199164 0.6497728029 0.1392904933 0.2226280058 0.4994181880 0.1613934008 0.7261650053 0.7421703905 0.9846107158 0.4985984665 0.6844897468 0.4984957021 0.3735234290 0.9553863476 0.9487886914
0.2325013823 0.8308904381 0.0000000000 0.0006052009 0.1487850705 0.6101595488 0.3183457409 0.2548438811 0.9856614435 0.9247781257 0.1220495467 0.2637423338 0.3529318864 0.7681974471 0.4006341752 0.3851270864 0.7295658331 0.5468499097 0.5611804284
0.6592279819 0.3814042626 0.0006052009 0.0000000000 0.2653972874 0.9745833532 0.5702187366 0.8190936152 0.3977794812 0.2634598926 0.2575918032 0.3843754006 0.2245362483 0.6616631893 0.3007718879 0.2718591396 0.1015185833 0.8443851637 0.4375588855
0.3204877649 0.2002199164 0.1487850705 0.2653972874 0.0000000000 0.8191793543 0.3741161640 0.6912598208 0.0621092067 0.4815973968 0.2755732223 0.4858334477 0.5008155502 0.2394077747 0.3518022906 0.2317809598 0.4161403764 0.0014997664 0.6412420957
0.5072870807 0.6497728029 0.6101595488 0.9745833532 0.8191793543 0.0000000000 0.1613380390 0.4658747164 0.7177522863 0.8939693637 0.8561457584 0.0415835672 0.5232895515 0.7011892747 0.5266808396 0.6375376343 0.1292285830 0.5243927073 0.9036709084
0.4549745649 0.1392904933 0.3183457409 0.5702187366 0.3741161640 0.1613380390 0.0000000000 0.1602207834 0.8473996232 0.2628825216 0.8833714371 0.2785411144 0.0906229177 0.1790356285 0.5383066593 0.7361632427 0.9254768056 0.7125811048 0.3560542774
0.3116348438 0.2226280058 0.2548438811 0.8190936152 0.6912598208 0.4658747164 0.1602207834 0.0000000000 0.3999177743 0.2710932604 0.9583391239 0.6008793882 0.7020334193 0.6353689997 0.3562791750 0.5065005289 0.0489763033 0.8590815731 0.4484204014
0.1148122294 0.4994181880 0.9856614435 0.3977794812 0.0621092067 0.7177522863 0.8473996232 0.3999177743 0.0000000000 0.6029966253 0.7159697627 0.1987515954 0.3940108438 0.8568404190 0.7238073322 0.2206934834 0.3025862500 0.4602709082 0.2033604332
0.9387206922 0.1613934008 0.9247781257 0.2634598926 0.4815973968 0.8939693637 0.2628825216 0.2710932604 0.6029966253 0.0000000000 0.4015493109 0.3439234990 0.0446927512 0.7932215275 0.0347012016 0.0245676356 0.8125188981 0.6872123106 0.0273096141
0.0092559754 0.7261650053 0.1220495467 0.2575918032 0.2755732223 0.8561457584 0.8833714371 0.9583391239 0.7159697627 0.4015493109 0.0000000000 0.9825252655 0.5828474665 0.0510260578 0.4393265645 0.1448817413 0.0285917212 0.6610614920 0.1636840510
0.1308228515 0.7421703905 0.2637423338 0.3843754006 0.4858334477 0.0415835672 0.2785411144 0.6008793882 0.1987515954 0.3439234990 0.9825252655 0.0000000000 0.1175130942 0.4461579192 0.7835457150 0.9759597939 0.2317277631 0.2434928413 0.5083315269
0.3087510849 0.9846107158 0.3529318864 0.2245362483 0.5008155502 0.5232895515 0.0906229177 0.7020334193 0.3940108438 0.0446927512 0.5828474665 0.1175130942 0.0000000000 0.2921737780 0.7595877542 0.9582985887 0.9792948599 0.3649707970 0.4278224040
0.2577878529 0.4985984665 0.7681974471 0.6616631893 0.2394077747 0.7011892747 0.1790356285 0.6353689997 0.8568404190 0.7932215275 0.0510260578 0.4461579192 0.2921737780 0.0000000000 0.0254399413 0.2220457173 0.3212955566 0.5096617846 0.7010449520
0.4739086318 0.6844897468 0.4006341752 0.3007718879 0.3518022906 0.5266808396 0.5383066593 0.3562791750 0.7238073322 0.0347012016 0.4393265645 0.7835457150 0.7595877542 0.0254399413 0.0000000000 0.5597065285 0.3987688440 0.4545819506 0.5205268444
0.0900471699 0.4984957021 0.3851270864 0.2718591396 0.2317809598 0.6375376343 0.7361632427 0.5065005289 0.2206934834 0.0245676356 0.1448817413 0.9759597939 0.9582985887 0.2220457173 0.5597065285 0.0000000000 0.9287995598 0.9733242597 0.2278667628
0.3819802967 0.3735234290 0.7295658331 0.1015185833 0.4161403764 0.1292285830 0.9254768056 0.0489763033 0.3025862500 0.8125188981 0.0285917212 0.2317277631 0.9792948599 0.3212955566 0.3987688440 0.9287995598 0.0000000000 0.4187315565 0.7598249655
0.7504201531 0.9553863476 0.5468499097 0.8443851637 0.0014997664 0.5243927073 0.7125811048 0.8590815731 0.4602709082 0.6872123106 0.6610614920 0.2434928413 0.3649707970 0.5096617846 0.4545819506 0.9733242597 0.4187315565 0.0000000000 0.4872671311
0.0125530464 0.9487886914 0.5611804284 0.4375588855 0.6412420957 0.9036709084 0.3560542774 0.4484204014 0.2033604332 0.0273096141 0.1636840510 0.5083315269 0.4278224040 0.7010449520 0.5205268444 0.2278667628 0.7598249655 0.4872671311 0.0000000000
