# Graph size: 19
# Optimal cost: 1.9954821270043033

# Distance Matrix
0.0 0.5229696092006918 0.44460643775615694 0.49243400960321715 0.046279689050258144 0.8025422436484317 0.104332818441222 0.22777056719559685 0.2943241531556433 0.12780825462927914 0.30285659758490124 0.15867984169149085 0.5681698270891274 0.9101147191511743 0.5630968198300971 0.78740505404632 0.23360318815110503 0.8651769842192476 0.6801612124704017
0.5229696092006918 0.0 0.7393932510637755 0.7189884481902393 0.5622336358322552 0.9069923847056757 0.6976169488009415 0.1700225675939273 0.5340087587651863 0.6912766618095322 0.452405607411122 0.938605615969915 0.303224864762593 0.019798805512268314 0.7941129312058812 0.2281219504594516 0.24488633865241294 0.09146427859161155 0.30504627426221553
0.44460643775615694 0.7393932510637755 0.0 0.27309299037341295 0.54828009863262 0.73650022709202 0.7174371422122003 0.018075661540122745 0.6686164945132597 0.7268850108078796 0.39583287671618494 0.3788445923096505 0.5654600657758594 0.8818456551026561 0.6751410127864551 0.8183109400799723 0.713576366818783 0.6623011770509007 0.23965988312526965
0.49243400960321715 0.7189884481902393 0.27309299037341295 0.0 0.15029382400163438 0.3415478632082376 0.7694191146199759 0.46377984101602476 0.19617525285348658 0.6044878223655815 0.1149915819617564 0.6516420387970594 0.16263288870720638 0.42940863848506927 0.41512623389617687 0.41089211354888466 0.38305942070313836 0.585276434203081 0.573786290710498
0.046279689050258144 0.5622336358322552 0.54828009863262 0.15029382400163438 0.0 0.9747687762787953 0.37094108501554335 0.12451173469366095 0.9690037256854842 0.14711807777257546 0.9703824172054757 0.7186710298185203 0.7321273207171448 0.6865260434359013 0.7571277095920826 0.568271953066567 0.11925791444830158 0.3686138364438216 0.7428442979074024
0.8025422436484317 0.9069923847056757 0.73650022709202 0.3415478632082376 0.9747687762787953 0.0 0.5052004713779001 0.1140613039295344 0.6696414578203966 0.8660964980627286 0.6258656079491852 0.4724382528541322 0.9999168229730369 0.715353394474028 0.29424332226748406 0.5220707876472455 0.6821095489163231 0.4225372708547862 0.6361781403654377
0.104332818441222 0.6976169488009415 0.7174371422122003 0.7694191146199759 0.37094108501554335 0.5052004713779001 0.0 0.16365256449035492 0.4174195027698786 0.6900341353321744 0.7097873245044349 0.6856499068329349 0.8116526167782289 0.4697513486070293 0.3815393001913505 0.2007300530546524 0.6436069427872485 0.8997216346014939 0.5635543189094361
0.22777056719559685 0.1700225675939273 0.018075661540122745 0.46377984101602476 0.12451173469366095 0.1140613039295344 0.16365256449035492 0.0 0.7395310735485652 0.9497743784317738 0.7219169329575701 0.8749020596832472 0.2962381518365018 0.6722150127135161 0.5543493587432256 0.9781473165430401 0.41046881133863844 0.5705616697821795 0.07120068204581098
0.2943241531556433 0.5340087587651863 0.6686164945132597 0.19617525285348658 0.9690037256854842 0.6696414578203966 0.4174195027698786 0.7395310735485652 0.0 0.8121217377569506 0.19125981255907087 0.334465180325329 0.3566361095760908 0.6928757034758852 0.0414868363055273 0.3493912626408765 0.4411216243830828 0.7869914754129647 0.7248371509247367
0.12780825462927914 0.6912766618095322 0.7268850108078796 0.6044878223655815 0.14711807777257546 0.8660964980627286 0.6900341353321744 0.9497743784317738 0.8121217377569506 0.0 0.36653215036072406 0.30347865544109653 0.774914952118394 0.8324949671844367 0.4066975489038144 0.42757391609972994 0.6166901915267415 0.15298786167105538 0.588400734107997
0.30285659758490124 0.452405607411122 0.39583287671618494 0.1149915819617564 0.9703824172054757 0.6258656079491852 0.7097873245044349 0.7219169329575701 0.19125981255907087 0.36653215036072406 0.0 0.33945595859210465 0.2084570968515762 0.9261816904916038 0.21195763740172424 0.4189144138598948 0.37529959898326304 0.47120081966930005 0.3542681022124995
0.15867984169149085 0.938605615969915 0.3788445923096505 0.6516420387970594 0.7186710298185203 0.4724382528541322 0.6856499068329349 0.8749020596832472 0.334465180325329 0.30347865544109653 0.33945595859210465 0.0 0.6788517552770282 0.08450804171074744 0.21808908971314145 0.43304983152263554 0.13652154610002043 0.9830459856919461 0.7443166316718832
0.5681698270891274 0.303224864762593 0.5654600657758594 0.16263288870720638 0.7321273207171448 0.9999168229730369 0.8116526167782289 0.2962381518365018 0.3566361095760908 0.774914952118394 0.2084570968515762 0.6788517552770282 0.0 0.6846477110392706 0.8626012354208403 0.36398826333758805 0.01977588265174368 0.2661419958740361 0.7872314772340626
0.9101147191511743 0.019798805512268314 0.8818456551026561 0.42940863848506927 0.6865260434359013 0.715353394474028 0.4697513486070293 0.6722150127135161 0.6928757034758852 0.8324949671844367 0.9261816904916038 0.08450804171074744 0.6846477110392706 0.0 0.4489237502430351 0.6976999799238744 0.7403311519512196 0.8665683474072535 0.4367928800948083
0.5630968198300971 0.7941129312058812 0.6751410127864551 0.41512623389617687 0.7571277095920826 0.29424332226748406 0.3815393001913505 0.5543493587432256 0.0414868363055273 0.4066975489038144 0.21195763740172424 0.21808908971314145 0.8626012354208403 0.4489237502430351 0.0 0.9539753578550484 0.031265996151813136 0.2690581890424656 0.1143562104769752
0.78740505404632 0.2281219504594516 0.8183109400799723 0.41089211354888466 0.568271953066567 0.5220707876472455 0.2007300530546524 0.9781473165430401 0.3493912626408765 0.42757391609972994 0.4189144138598948 0.43304983152263554 0.36398826333758805 0.6976999799238744 0.9539753578550484 0.0 0.07360952969551138 0.5483641169832213 0.8275600187626424
0.23360318815110503 0.24488633865241294 0.713576366818783 0.38305942070313836 0.11925791444830158 0.6821095489163231 0.6436069427872485 0.41046881133863844 0.4411216243830828 0.6166901915267415 0.37529959898326304 0.13652154610002043 0.01977588265174368 0.7403311519512196 0.031265996151813136 0.07360952969551138 0.0 0.9494674791954881 0.7106540212980983
0.8651769842192476 0.09146427859161155 0.6623011770509007 0.585276434203081 0.3686138364438216 0.4225372708547862 0.8997216346014939 0.5705616697821795 0.7869914754129647 0.15298786167105538 0.47120081966930005 0.9830459856919461 0.2661419958740361 0.8665683474072535 0.2690581890424656 0.5483641169832213 0.9494674791954881 0.0 0.06873425109678699
0.6801612124704017 0.30504627426221553 0.23965988312526965 0.573786290710498 0.7428442979074024 0.6361781403654377 0.5635543189094361 0.07120068204581098 0.7248371509247367 0.588400734107997 0.3542681022124995 0.7443166316718832 0.7872314772340626 0.4367928800948083 0.1143562104769752 0.8275600187626424 0.7106540212980983 0.06873425109678699 0.0

# Optimal Walk
0 9 4 3 10 8 14 16 15 12 11 13 1 17 18 7 5 2 6 0
