# MCW Instance
# Type: UNIFORM
# N: 19
# Optimal cost: 1.6382607516493715
# Optimal tour (permutation): [0, 12, 15, 11, 4, 1, 18, 8, 5, 9, 16, 6, 3, 13, 7, 14, 17, 10, 2, 0]
# Optimal walk (full path): [0, 2, 12, 15, 11, 4, 1, 18, 8, 5, 9, 16, 6, 16, 3, 13, 7, 14, 17, 2, 10, 2, 0]
# Walk size: 23
# Is walk (has repeats): true

# Distance Matrix
0.0000000000 0.5993953622 0.0662094493 0.4062461260 0.8488011970 0.4739005076 0.7657190265 0.6435969190 0.4976070168 0.9961194764 0.4348828383 0.7678313233 0.9440251340 0.9027088271 0.6693380566 0.9951182284 0.7573754997 0.4646284031 0.5513983807
0.5993953622 0.0000000000 0.2120551863 0.3614383652 0.1111607920 0.3492926745 0.6345889854 0.7452368989 0.8529276185 0.5432099805 0.4051084402 0.4031069077 0.7551540841 0.7626535378 0.8286680628 0.5577950918 0.6821593343 0.5408964386 0.1846517595
0.0662094493 0.2120551863 0.0000000000 0.9322415253 0.2850271553 0.1448699490 0.5667886569 0.0788657369 0.7366378818 0.1226050666 0.0022834198 0.5495902538 0.0317189080 0.6253865841 0.1799259249 0.9954990289 0.7642978451 0.0080682046 0.4773961805
0.4062461260 0.3614383652 0.9322415253 0.0000000000 0.6219428054 0.1709191235 0.6885362801 0.6195821099 0.2930671807 0.8852108661 0.7560987007 0.2225795657 0.9791529677 0.2878659621 0.3586147239 0.6821450465 0.1708233520 0.5558276628 0.4694704614
0.8488011970 0.1111607920 0.2850271553 0.6219428054 0.0000000000 0.3507237290 0.3460853414 0.5154464105 0.2380436811 0.7137765104 0.5693379162 0.1866013537 0.7610909422 0.3239813605 0.8258927623 0.4682565428 0.7775289009 0.5809865824 0.7512182567
0.4739005076 0.3492926745 0.1448699490 0.1709191235 0.3507237290 0.0000000000 0.7606483546 0.4853708891 0.0547435910 0.0010302820 0.4452772117 0.4071186122 0.9420503768 0.6265188702 0.0511031869 0.9886983740 0.4187864483 0.4684125371 0.6238219233
0.7657190265 0.6345889854 0.5667886569 0.6885362801 0.3460853414 0.7606483546 0.0000000000 0.4070695574 0.1044231786 0.7642472753 0.2848233651 0.8829231115 0.5907438724 0.8751201362 0.2174128618 0.6474260264 0.0033104074 0.2813726015 0.3501005634
0.6435969190 0.7452368989 0.0788657369 0.6195821099 0.5154464105 0.4853708891 0.4070695574 0.0000000000 0.5957571377 0.8620637934 0.7710618121 0.8202413195 0.5752188146 0.0865487556 0.0507428263 0.8960344888 0.2019981914 0.8516030763 0.8449983334
0.4976070168 0.8529276185 0.7366378818 0.2930671807 0.2380436811 0.0547435910 0.1044231786 0.5957571377 0.0000000000 0.4108689226 0.0781898422 0.1409543333 0.9193169004 0.9212254882 0.2894824052 0.2690182917 0.3603344391 0.7378257966 0.1039490241
0.9961194764 0.5432099805 0.1226050666 0.8852108661 0.7137765104 0.0010302820 0.7642472753 0.8620637934 0.4108689226 0.0000000000 0.3452946636 0.8781180668 0.6994423554 0.8636718948 0.6411076931 0.8570851101 0.0597620534 0.1634694632 0.0850401469
0.4348828383 0.4051084402 0.0022834198 0.7560987007 0.5693379162 0.4452772117 0.2848233651 0.7710618121 0.0781898422 0.3452946636 0.0000000000 0.3753146785 0.1399214337 0.5447840859 0.6612614684 0.4364225237 0.4628085889 0.0978273696 0.3140518594
0.7678313233 0.4031069077 0.5495902538 0.2225795657 0.1866013537 0.4071186122 0.8829231115 0.8202413195 0.1409543333 0.8781180668 0.3753146785 0.0000000000 0.2138347399 0.9299533350 0.5613687157 0.0721760004 0.1942095504 0.2278036843 0.7370926811
0.9440251340 0.7551540841 0.0317189080 0.9791529677 0.7610909422 0.9420503768 0.5907438724 0.5752188146 0.9193169004 0.6994423554 0.1399214337 0.2138347399 0.0000000000 0.4983614601 0.7249201860 0.0574134260 0.2942387467 0.2419885083 0.6199266684
0.9027088271 0.7626535378 0.6253865841 0.2878659621 0.3239813605 0.6265188702 0.8751201362 0.0865487556 0.9212254882 0.8636718948 0.5447840859 0.9299533350 0.4983614601 0.0000000000 0.9700416596 0.3302770051 0.4271996041 0.1590276223 0.5608925893
0.6693380566 0.8286680628 0.1799259249 0.3586147239 0.8258927623 0.0511031869 0.2174128618 0.0507428263 0.2894824052 0.6411076931 0.6612614684 0.5613687157 0.7249201860 0.9700416596 0.0000000000 0.3746617905 0.8439883636 0.0273979081 0.5241995163
0.9951182284 0.5577950918 0.9954990289 0.6821450465 0.4682565428 0.9886983740 0.6474260264 0.8960344888 0.2690182917 0.8570851101 0.4364225237 0.0721760004 0.0574134260 0.3302770051 0.3746617905 0.0000000000 0.8752447891 0.4264293123 0.4854813259
0.7573754997 0.6821593343 0.7642978451 0.1708233520 0.7775289009 0.4187864483 0.0033104074 0.2019981914 0.3603344391 0.0597620534 0.4628085889 0.1942095504 0.2942387467 0.4271996041 0.8439883636 0.8752447891 0.0000000000 0.6050841454 0.5907177083
0.4646284031 0.5408964386 0.0080682046 0.5558276628 0.5809865824 0.4684125371 0.2813726015 0.8516030763 0.7378257966 0.1634694632 0.0978273696 0.2278036843 0.2419885083 0.1590276223 0.0273979081 0.4264293123 0.6050841454 0.0000000000 0.3000614626
0.5513983807 0.1846517595 0.4773961805 0.4694704614 0.7512182567 0.6238219233 0.3501005634 0.8449983334 0.1039490241 0.0850401469 0.3140518594 0.7370926811 0.6199266684 0.5608925893 0.5241995163 0.4854813259 0.5907177083 0.3000614626 0.0000000000
