# MCW Instance
# Type: UNIFORM
# N: 19
# Optimal cost: 1.350958477913573
# Optimal tour (permutation): [0, 15, 17, 8, 12, 3, 13, 2, 7, 5, 4, 16, 14, 11, 10, 1, 18, 9, 6, 0]
# Optimal walk (full path): [0, 15, 0, 17, 8, 3, 12, 3, 13, 2, 13, 7, 5, 4, 5, 16, 11, 14, 11, 10, 1, 18, 9, 0, 6, 0]
# Walk size: 26
# Is walk (has repeats): true

# Distance Matrix
0.0000000000 0.3089145486 0.8888112567 0.7277863508 0.8096481610 0.5488358623 0.0900543025 0.3039988585 0.7517296338 0.1081165396 0.7343192623 0.2097463886 0.8121737914 0.7726861137 0.9553882057 0.0037506750 0.5486577035 0.2061517809 0.9350506642
0.3089145486 0.0000000000 0.0809978678 0.2941919098 0.0760593615 0.0762369306 0.2607575868 0.9156881952 0.8246866446 0.8544743645 0.1048429449 0.6643177771 0.0607175128 0.3174233804 0.3687297261 0.0957172718 0.0959979610 0.2266646228 0.0516299210
0.8888112567 0.0809978678 0.0000000000 0.2031398546 0.9806753355 0.3915721622 0.3563407200 0.1029372613 0.5003748152 0.8320222824 0.4956675199 0.8392979208 0.9906680169 0.0248512492 0.6894455663 0.1339551526 0.4969406439 0.6383889294 0.8846608382
0.7277863508 0.2941919098 0.2031398546 0.0000000000 0.1966186218 0.7618670884 0.8400603498 0.7008989845 0.0331714006 0.7580521768 0.4739604032 0.8543256636 0.0412139598 0.0000011784 0.1484712464 0.8456298326 0.0663251386 0.6674311305 0.5484060938
0.8096481610 0.0760593615 0.9806753355 0.1966186218 0.0000000000 0.0108372682 0.5074498683 0.6510378834 0.0918271918 0.1286281803 0.5061121490 0.9921851138 0.3885996761 0.6537699028 0.7316903280 0.8295827214 0.8259070203 0.3035013205 0.7837820248
0.5488358623 0.0762369306 0.3915721622 0.7618670884 0.0108372682 0.0000000000 0.8888739891 0.0053682309 0.1621832550 0.7727237775 0.7551519547 0.6870605186 0.6892547361 0.2106203466 0.6537778148 0.3576655154 0.0165121210 0.9477778143 0.2314747473
0.0900543025 0.2607575868 0.3563407200 0.8400603498 0.5074498683 0.8888739891 0.0000000000 0.5331212867 0.7029545512 0.5232224915 0.8775227818 0.4305758783 0.6789155749 0.9630286817 0.4539818556 0.7001032234 0.4559275204 0.7564651452 0.9142212650
0.3039988585 0.9156881952 0.1029372613 0.7008989845 0.6510378834 0.0053682309 0.5331212867 0.0000000000 0.4935549462 0.8047418180 0.4675113806 0.1806361590 0.2660870251 0.0111548081 0.1980818732 0.8252821988 0.3553133164 0.5077651504 0.9093372047
0.7517296338 0.8246866446 0.5003748152 0.0331714006 0.0918271918 0.1621832550 0.7029545512 0.4935549462 0.0000000000 0.5512620437 0.5637026884 0.1495159935 0.4287489045 0.2080483082 0.6817497935 0.6518508659 0.8231243553 0.0905293717 0.1326148017
0.1081165396 0.8544743645 0.8320222824 0.7580521768 0.1286281803 0.7727237775 0.5232224915 0.8047418180 0.5512620437 0.0000000000 0.7425393220 0.7015873860 0.5694160856 0.6933399038 0.3917049508 0.9275484398 0.6797486517 0.5534161471 0.0793145852
0.7343192623 0.1048429449 0.4956675199 0.4739604032 0.5061121490 0.7551519547 0.8775227818 0.4675113806 0.5637026884 0.7425393220 0.0000000000 0.1649885221 0.1545950059 0.8083864275 0.4353643093 0.6619187107 0.5326332725 0.8543364936 0.7452247929
0.2097463886 0.6643177771 0.8392979208 0.8543256636 0.9921851138 0.6870605186 0.4305758783 0.1806361590 0.1495159935 0.7015873860 0.1649885221 0.0000000000 0.6826675532 0.3911621308 0.0485378692 0.7510839980 0.0406864259 0.4601855407 0.4321725127
0.8121737914 0.0607175128 0.9906680169 0.0412139598 0.3885996761 0.6892547361 0.6789155749 0.2660870251 0.4287489045 0.5694160856 0.1545950059 0.6826675532 0.0000000000 0.9001531454 0.2548530683 0.3585683500 0.2729814329 0.6912776625 0.9547916858
0.7726861137 0.3174233804 0.0248512492 0.0000011784 0.6537699028 0.2106203466 0.9630286817 0.0111548081 0.2080483082 0.6933399038 0.8083864275 0.3911621308 0.9001531454 0.0000000000 0.9598623171 0.6788450955 0.0538210603 0.2945178664 0.9432525514
0.9553882057 0.3687297261 0.6894455663 0.1484712464 0.7316903280 0.6537778148 0.4539818556 0.1980818732 0.6817497935 0.3917049508 0.4353643093 0.0485378692 0.2548530683 0.9598623171 0.0000000000 0.5577162394 0.7561675474 0.2987548371 0.9141766880
0.0037506750 0.0957172718 0.1339551526 0.8456298326 0.8295827214 0.3576655154 0.7001032234 0.8252821988 0.6518508659 0.9275484398 0.6619187107 0.7510839980 0.3585683500 0.6788450955 0.5577162394 0.0000000000 0.7549904401 0.6859140078 0.2625574675
0.5486577035 0.0959979610 0.4969406439 0.0663251386 0.8259070203 0.0165121210 0.4559275204 0.3553133164 0.8231243553 0.6797486517 0.5326332725 0.0406864259 0.2729814329 0.0538210603 0.7561675474 0.7549904401 0.0000000000 0.5895200346 0.2863137893
0.2061517809 0.2266646228 0.6383889294 0.6674311305 0.3035013205 0.9477778143 0.7564651452 0.5077651504 0.0905293717 0.5534161471 0.8543364936 0.4601855407 0.6912776625 0.2945178664 0.2987548371 0.6859140078 0.5895200346 0.0000000000 0.4698001307
0.9350506642 0.0516299210 0.8846608382 0.5484060938 0.7837820248 0.2314747473 0.9142212650 0.9093372047 0.1326148017 0.0793145852 0.7452247929 0.4321725127 0.9547916858 0.9432525514 0.9141766880 0.2625574675 0.2863137893 0.4698001307 0.0000000000
