# Graph size: 19
# Optimal cost: 1.326359114147945

# Distance Matrix
0.0 0.8412912995782711 0.769497917252507 0.7588672745101898 0.9750589718284878 0.9444725137631124 0.535608882898224 8.115929114671516E-4 0.20860046415046662 0.8300235684109992 0.34836756565627214 0.3674284221281302 0.40866808023841683 0.03622631212712113 0.37809334245118564 0.6350865379355121 0.9609530291144952 0.7614979505485682 0.1553289344303962
0.8412912995782711 0.0 0.03427772952245256 0.6825160678127733 0.1066064255843917 0.7624474060474935 0.06984722146882716 0.42297124290791543 0.41732014665298567 0.6826774180919475 0.3608628015111456 0.0036454855300414035 0.3317705458074568 0.7089211163217893 0.8275463959284798 0.07726346861199207 0.028407754660280893 0.43290259887696847 0.459917061553591
0.769497917252507 0.03427772952245256 0.0 0.24949728849953912 0.343280866265811 0.4846000452984155 0.5912723049263642 0.593758934155985 0.8794760012906424 0.8725771205249686 0.06935991563936417 0.5119028233179239 0.966897491577711 0.48774480642501983 0.9690700447628309 0.7460447240158058 0.3471777947242609 0.07624805642863408 0.5227032705826444
0.7588672745101898 0.6825160678127733 0.24949728849953912 0.0 0.23049238027991703 0.75635474579597 0.7615857598039892 0.7573472420243325 0.3878223759292272 0.1570552213831673 0.5017369642321324 0.9236207147552742 0.41942655933730133 0.2322765582069476 0.7039798868786953 0.17602075206154155 0.11839054945118221 0.8944581084673657 0.5882547928843557
0.9750589718284878 0.1066064255843917 0.343280866265811 0.23049238027991703 0.0 0.12233537499356972 0.7413564491057953 0.9863873473658036 0.7893354436499985 0.7980599990649201 0.5160594769387586 0.054586171688524976 0.1187380800996416 0.34148319729617815 0.4325193222992768 0.0611745595954748 0.3692111228108377 0.14608375937173912 0.06840414807716644
0.9444725137631124 0.7624474060474935 0.4846000452984155 0.75635474579597 0.12233537499356972 0.0 0.16681095844539595 0.5378125093747687 0.5491071360568617 0.332875615922959 0.26515906660560673 0.8679957734586022 0.17866640360230257 0.1782618416787335 0.7784338302127339 0.6667903017676651 0.9264393496267912 0.525193772945123 0.33392967531644546
0.535608882898224 0.06984722146882716 0.5912723049263642 0.7615857598039892 0.7413564491057953 0.16681095844539595 0.0 0.9400747605726049 0.13900967655305685 0.8743807845028546 0.33303623164079865 0.5071072955197927 0.028126968906616145 0.3369890043516539 0.09709833452353356 0.40488960151221975 0.48863670844717033 0.10562576689578862 0.22857843798314526
8.115929114671516E-4 0.42297124290791543 0.593758934155985 0.7573472420243325 0.9863873473658036 0.5378125093747687 0.9400747605726049 0.0 0.07360652400377332 0.4825581269809611 0.7092224961489165 0.06133149427609197 0.02629677545848641 0.898764075699948 0.7476471746232591 0.5904031699108113 0.4490739886160223 0.32994421137638796 0.18566684454774018
0.20860046415046662 0.41732014665298567 0.8794760012906424 0.3878223759292272 0.7893354436499985 0.5491071360568617 0.13900967655305685 0.07360652400377332 0.0 0.06961495511356908 0.4526322163948764 0.5220083887328261 0.7009196168720437 0.5443001853742271 0.5014332210291235 0.3458148406909569 0.026844474862045553 0.9469073873617594 0.8838874973087314
0.8300235684109992 0.6826774180919475 0.8725771205249686 0.1570552213831673 0.7980599990649201 0.332875615922959 0.8743807845028546 0.4825581269809611 0.06961495511356908 0.0 0.01708353046711597 0.7090566172440885 0.024788245021531763 0.9550048008102857 0.947581594231653 0.20244495401475182 0.29233961176381373 0.28240416405500457 0.04914507518530653
0.34836756565627214 0.3608628015111456 0.06935991563936417 0.5017369642321324 0.5160594769387586 0.26515906660560673 0.33303623164079865 0.7092224961489165 0.4526322163948764 0.01708353046711597 0.0 0.7763071528385596 0.40377038947127375 0.7572370875444889 0.5318268250444569 0.26612751260024337 0.8281152612317961 0.19349238302600835 0.23843766121380794
0.3674284221281302 0.0036454855300414035 0.5119028233179239 0.9236207147552742 0.054586171688524976 0.8679957734586022 0.5071072955197927 0.06133149427609197 0.5220083887328261 0.7090566172440885 0.7763071528385596 0.0 0.3131407839168515 0.4747193794335901 0.9323142813145958 0.3399739649529363 0.36661533459654594 0.9652695797179845 0.4923801599031228
0.40866808023841683 0.3317705458074568 0.966897491577711 0.41942655933730133 0.1187380800996416 0.17866640360230257 0.028126968906616145 0.02629677545848641 0.7009196168720437 0.024788245021531763 0.40377038947127375 0.3131407839168515 0.0 0.7799020035771361 0.3888273306093176 0.5775487377889449 0.3630482569415512 0.1999951975047214 0.8989871185632063
0.03622631212712113 0.7089211163217893 0.48774480642501983 0.2322765582069476 0.34148319729617815 0.1782618416787335 0.3369890043516539 0.898764075699948 0.5443001853742271 0.9550048008102857 0.7572370875444889 0.4747193794335901 0.7799020035771361 0.0 0.4964422387618904 0.6238992414801029 0.20639758084774262 0.7199174591791316 0.8993264010807147
0.37809334245118564 0.8275463959284798 0.9690700447628309 0.7039798868786953 0.4325193222992768 0.7784338302127339 0.09709833452353356 0.7476471746232591 0.5014332210291235 0.947581594231653 0.5318268250444569 0.9323142813145958 0.3888273306093176 0.4964422387618904 0.0 0.19246038269449506 0.7418131980143833 0.550073206025504 0.575820681843035
0.6350865379355121 0.07726346861199207 0.7460447240158058 0.17602075206154155 0.0611745595954748 0.6667903017676651 0.40488960151221975 0.5904031699108113 0.3458148406909569 0.20244495401475182 0.26612751260024337 0.3399739649529363 0.5775487377889449 0.6238992414801029 0.19246038269449506 0.0 0.15131432291239133 0.018197361966525216 0.2735303056653998
0.9609530291144952 0.028407754660280893 0.3471777947242609 0.11839054945118221 0.3692111228108377 0.9264393496267912 0.48863670844717033 0.4490739886160223 0.026844474862045553 0.29233961176381373 0.8281152612317961 0.36661533459654594 0.3630482569415512 0.20639758084774262 0.7418131980143833 0.15131432291239133 0.0 0.23598682931263226 0.7864593888942975
0.7614979505485682 0.43290259887696847 0.07624805642863408 0.8944581084673657 0.14608375937173912 0.525193772945123 0.10562576689578862 0.32994421137638796 0.9469073873617594 0.28240416405500457 0.19349238302600835 0.9652695797179845 0.1999951975047214 0.7199174591791316 0.550073206025504 0.018197361966525216 0.23598682931263226 0.0 0.9340529283607878
0.1553289344303962 0.459917061553591 0.5227032705826444 0.5882547928843557 0.06840414807716644 0.33392967531644546 0.22857843798314526 0.18566684454774018 0.8838874973087314 0.04914507518530653 0.23843766121380794 0.4923801599031228 0.8989871185632063 0.8993264010807147 0.575820681843035 0.2735303056653998 0.7864593888942975 0.9340529283607878 0.0

# Optimal Walk
0 13 5 4 15 17 2 11 1 16 8 3 10 9 18 12 6 14 7 0
