# MCW Instance
# Type: UNIFORM
# N: 19
# Optimal cost: 1.5766496953692086
# Optimal tour (permutation): [0, 13, 12, 4, 7, 11, 8, 17, 18, 14, 5, 10, 9, 2, 3, 16, 6, 15, 1, 0]
# Optimal walk (full path): [0, 13, 12, 4, 7, 11, 8, 17, 18, 14, 5, 2, 10, 9, 10, 2, 3, 16, 6, 15, 1, 0]
# Walk size: 22
# Is walk (has repeats): true

# Distance Matrix
0.0000000000 0.0303297295 0.5691987610 0.5470459193 0.5449987706 0.4328352703 0.6294761891 0.9989633065 0.5486445350 0.1112391683 0.6357200052 0.3514594687 0.4597096167 0.1950580732 0.2368485719 0.8256440148 0.6424197553 0.8117885416 0.1103103514
0.0303297295 0.0000000000 0.9468656259 0.7639692392 0.6155594944 0.5083881990 0.6330535553 0.9121301174 0.4027607151 0.5956803555 0.7692203289 0.3325443823 0.1835744323 0.7682185372 0.8445723442 0.0157106197 0.6886884556 0.7315972965 0.3546510794
0.5691987610 0.9468656259 0.0000000000 0.0912149026 0.1820711449 0.2336528912 0.5781551605 0.7455449559 0.6235397516 0.9966441765 0.0265688399 0.1698662062 0.6789555100 0.5745520130 0.3344501291 0.8654262810 0.8112300622 0.5730275484 0.6092080023
0.5470459193 0.7639692392 0.0912149026 0.0000000000 0.4867949725 0.7019300647 0.9126841417 0.2914239188 0.2869344487 0.5511172679 0.5908413236 0.3902511024 0.1431345092 0.3821641729 0.7024938749 0.5531496753 0.0891361497 0.3386359182 0.3181922378
0.5449987706 0.6155594944 0.1820711449 0.4867949725 0.0000000000 0.8051939843 0.2563061010 0.1019312841 0.1846857995 0.9504137590 0.1355139317 0.9812267960 0.1135932713 0.5661080802 0.1114023606 0.9313698777 0.3540294695 0.2407975017 0.2920305109
0.4328352703 0.5083881990 0.2336528912 0.7019300647 0.8051939843 0.0000000000 0.7397181909 0.2070315889 0.2074558463 0.7594089813 0.8895241852 0.6327916936 0.8058904938 0.5002345560 0.1553151182 0.6261169593 0.2716157728 0.4411712656 0.8148208572
0.6294761891 0.6330535553 0.5781551605 0.9126841417 0.2563061010 0.7397181909 0.0000000000 0.6912026104 0.1932912329 0.2093142871 0.4723526018 0.8337168996 0.6067729285 0.4660112260 0.8801380186 0.1063616407 0.1010518787 0.9210050648 0.8169693662
0.9989633065 0.9121301174 0.7455449559 0.2914239188 0.1019312841 0.2070315889 0.6912026104 0.0000000000 0.8934851238 0.4998317476 0.4239021596 0.0376227535 0.8009897407 0.6522227726 0.8512571372 0.5418584239 0.2296889656 0.6170067575 0.8601063682
0.5486445350 0.4027607151 0.6235397516 0.2869344487 0.1846857995 0.2074558463 0.1932912329 0.8934851238 0.0000000000 0.9284135128 0.4534339216 0.0571537292 0.9625700595 0.3972501637 0.2977427353 0.9747479950 0.7911826331 0.0424234067 0.3203306282
0.1112391683 0.5956803555 0.9966441765 0.5511172679 0.9504137590 0.7594089813 0.2093142871 0.4998317476 0.9284135128 0.0000000000 0.0112074948 0.8708997198 0.4382850014 0.7318525553 0.4136570235 0.6912694231 0.1633408663 0.1633339364 0.4255424344
0.6357200052 0.7692203289 0.0265688399 0.5908413236 0.1355139317 0.8895241852 0.4723526018 0.4239021596 0.4534339216 0.0112074948 0.0000000000 0.3810443894 0.8289311604 0.7861796094 0.2980499192 0.8275504225 0.3840038816 0.2213150196 0.3386199836
0.3514594687 0.3325443823 0.1698662062 0.3902511024 0.9812267960 0.6327916936 0.8337168996 0.0376227535 0.0571537292 0.8708997198 0.3810443894 0.0000000000 0.6544162181 0.9526042782 0.1359273448 0.4138236240 0.0738082887 0.2273038924 0.4194390307
0.4597096167 0.1835744323 0.6789555100 0.1431345092 0.1135932713 0.8058904938 0.6067729285 0.8009897407 0.9625700595 0.4382850014 0.8289311604 0.6544162181 0.0000000000 0.1060936938 0.2631038359 0.4896448174 0.3547595101 0.2872815922 0.5809731469
0.1950580732 0.7682185372 0.5745520130 0.3821641729 0.5661080802 0.5002345560 0.4660112260 0.6522227726 0.3972501637 0.7318525553 0.7861796094 0.9526042782 0.1060936938 0.0000000000 0.6577758732 0.2565256631 0.2167357912 0.6341331786 0.3718097148
0.2368485719 0.8445723442 0.3344501291 0.7024938749 0.1114023606 0.1553151182 0.8801380186 0.8512571372 0.2977427353 0.4136570235 0.2980499192 0.1359273448 0.2631038359 0.6577758732 0.0000000000 0.6349549017 0.3975752417 0.9335717969 0.0190305318
0.8256440148 0.0157106197 0.8654262810 0.5531496753 0.9313698777 0.6261169593 0.1063616407 0.5418584239 0.9747479950 0.6912694231 0.8275504225 0.4138236240 0.4896448174 0.2565256631 0.6349549017 0.0000000000 0.0620996791 0.3320574701 0.6378319655
0.6424197553 0.6886884556 0.8112300622 0.0891361497 0.3540294695 0.2716157728 0.1010518787 0.2296889656 0.7911826331 0.1633408663 0.3840038816 0.0738082887 0.3547595101 0.2167357912 0.3975752417 0.0620996791 0.0000000000 0.7739343756 0.5667052038
0.8117885416 0.7315972965 0.5730275484 0.3386359182 0.2407975017 0.4411712656 0.9210050648 0.6170067575 0.0424234067 0.1633339364 0.2213150196 0.2273038924 0.2872815922 0.6341331786 0.9335717969 0.3320574701 0.7739343756 0.0000000000 0.0054173522
0.1103103514 0.3546510794 0.6092080023 0.3181922378 0.2920305109 0.8148208572 0.8169693662 0.8601063682 0.3203306282 0.4255424344 0.3386199836 0.4194390307 0.5809731469 0.3718097148 0.0190305318 0.6378319655 0.5667052038 0.0054173522 0.0000000000
