# Graph size: 19
# Optimal cost: 1.6809744237030926

# Distance Matrix
0.0 0.990501103979466 0.19943044384325437 0.7533537836604585 0.03577757016852279 0.6250201984357966 0.577252559304818 0.17760666936878988 0.7459309060252198 0.4761736817257659 0.6345900366019301 0.44526276616149574 0.8687877086595726 0.48558504771877953 0.24415691232957515 0.8863660466635389 0.8812747146915679 0.416064203507459 0.33989870019871793
0.990501103979466 0.0 0.9716205439450132 0.8128659990869853 0.3719066184065387 0.20192961645122398 0.8580921484590933 0.22830533978291923 0.9413553740034721 0.8053825825506965 0.2614342314197672 0.3962044061542599 0.698317094252747 0.58085805292278 0.2398725184011472 0.2963794052183917 0.9420243855379005 0.3023230391020062 0.6324115367681021
0.19943044384325437 0.9716205439450132 0.0 0.12757776959092282 0.9761890326326151 0.7177248333581037 0.8322013560647283 0.017285606188353397 0.9332914944530099 0.9682488831352217 0.29572990224502527 0.706595557094017 0.13500428138976117 0.8040630538326888 0.6894824671988872 0.08565400520436406 0.24634800921906452 0.09755637189331978 0.8579373166967206
0.7533537836604585 0.8128659990869853 0.12757776959092282 0.0 0.5889952335793803 0.02903046050510072 0.17949230400262328 0.8602417063281997 0.6251099026648539 0.3285207089131418 0.07916271826426646 0.16764051228509158 0.41088328702051335 0.039761947126178865 0.8365412601092923 0.7397051098480608 0.8090787189577566 0.1880281498024614 0.6725995473543097
0.03577757016852279 0.3719066184065387 0.9761890326326151 0.5889952335793803 0.0 0.10463717010104645 0.025830282703668717 0.9342810396219552 0.9533636779393291 0.7573990555864799 0.3151477477013127 0.2684859159172951 0.5639525570885794 0.15914800311530763 0.15872623204612224 0.3896959039253336 0.5207533091335802 0.37242869912342025 0.7418916418273526
0.6250201984357966 0.20192961645122398 0.7177248333581037 0.02903046050510072 0.10463717010104645 0.0 0.2883162787995629 0.3930537053075338 0.8988054082046858 0.9303024466405809 0.8438113578080592 0.379864758080265 0.5990905981573007 0.36706717173331227 0.8302191062453463 0.6933319217275334 0.6710546078566639 0.7562259923093334 0.5821888504811156
0.577252559304818 0.8580921484590933 0.8322013560647283 0.17949230400262328 0.025830282703668717 0.2883162787995629 0.0 0.23704579533551662 0.5354765128171792 0.8760841246578698 0.7158601334279366 0.43572895780672405 0.13862371251990968 0.3746734428223234 0.22175187942975771 0.4721881075535812 0.6177237344166934 0.9396582197825831 0.45093243039126596
0.17760666936878988 0.22830533978291923 0.017285606188353397 0.8602417063281997 0.9342810396219552 0.3930537053075338 0.23704579533551662 0.0 0.11808624622463915 0.495718691258788 0.006289563775010554 0.001092970908316504 0.8070020371227649 0.5725689976035 0.7695523941243565 0.27574805101827227 0.591409286159158 0.4626000020544587 0.9004377678412294
0.7459309060252198 0.9413553740034721 0.9332914944530099 0.6251099026648539 0.9533636779393291 0.8988054082046858 0.5354765128171792 0.11808624622463915 0.0 0.5376387267742314 0.1496220456202455 0.2908615146648078 0.031312713700725525 0.6065154515948831 0.06441580604883779 0.4061964745298581 0.7716481432602688 0.9618288629207697 0.18194910248235308
0.4761736817257659 0.8053825825506965 0.9682488831352217 0.3285207089131418 0.7573990555864799 0.9303024466405809 0.8760841246578698 0.495718691258788 0.5376387267742314 0.0 0.09469210498635616 0.7429053171868529 0.9024592691933998 0.9777736761318737 0.1844132932986957 0.8801696211018963 0.5884657494384707 0.5061358314831796 0.12079402548065876
0.6345900366019301 0.2614342314197672 0.29572990224502527 0.07916271826426646 0.3151477477013127 0.8438113578080592 0.7158601334279366 0.006289563775010554 0.1496220456202455 0.09469210498635616 0.0 0.038160192060808895 0.24393874089996193 0.6894351279235097 0.5617900546953798 0.7605322396307439 0.5353906087327713 0.41662127951979766 0.7928720651999345
0.44526276616149574 0.3962044061542599 0.706595557094017 0.16764051228509158 0.2684859159172951 0.379864758080265 0.43572895780672405 0.001092970908316504 0.2908615146648078 0.7429053171868529 0.038160192060808895 0.0 0.9239286598426049 0.15672069100819952 0.1624734689899895 0.2941649776761972 0.852026108566684 0.9496426358586921 0.6141211030440469
0.8687877086595726 0.698317094252747 0.13500428138976117 0.41088328702051335 0.5639525570885794 0.5990905981573007 0.13862371251990968 0.8070020371227649 0.031312713700725525 0.9024592691933998 0.24393874089996193 0.9239286598426049 0.0 0.6055162624581829 0.4098601841590408 0.4675637620845262 0.09682835099197418 0.2300019494538197 0.5350029198039006
0.48558504771877953 0.58085805292278 0.8040630538326888 0.039761947126178865 0.15914800311530763 0.36706717173331227 0.3746734428223234 0.5725689976035 0.6065154515948831 0.9777736761318737 0.6894351279235097 0.15672069100819952 0.6055162624581829 0.0 0.7512572047506201 0.4279795523514258 0.6923561594773163 0.6397053558880917 0.22626980957659892
0.24415691232957515 0.2398725184011472 0.6894824671988872 0.8365412601092923 0.15872623204612224 0.8302191062453463 0.22175187942975771 0.7695523941243565 0.06441580604883779 0.1844132932986957 0.5617900546953798 0.1624734689899895 0.4098601841590408 0.7512572047506201 0.0 0.19636608482931706 0.026036255687465037 0.3269066595393495 0.054859566169098484
0.8863660466635389 0.2963794052183917 0.08565400520436406 0.7397051098480608 0.3896959039253336 0.6933319217275334 0.4721881075535812 0.27574805101827227 0.4061964745298581 0.8801696211018963 0.7605322396307439 0.2941649776761972 0.4675637620845262 0.4279795523514258 0.19636608482931706 0.0 0.3632896376629171 0.9011121838498023 0.9030506914666364
0.8812747146915679 0.9420243855379005 0.24634800921906452 0.8090787189577566 0.5207533091335802 0.6710546078566639 0.6177237344166934 0.591409286159158 0.7716481432602688 0.5884657494384707 0.5353906087327713 0.852026108566684 0.09682835099197418 0.6923561594773163 0.026036255687465037 0.3632896376629171 0.0 0.9793588452977546 0.5126610832118649
0.416064203507459 0.3023230391020062 0.09755637189331978 0.1880281498024614 0.37242869912342025 0.7562259923093334 0.9396582197825831 0.4626000020544587 0.9618288629207697 0.5061358314831796 0.41662127951979766 0.9496426358586921 0.2300019494538197 0.6397053558880917 0.3269066595393495 0.9011121838498023 0.9793588452977546 0.0 0.32489551932858807
0.33989870019871793 0.6324115367681021 0.8579373166967206 0.6725995473543097 0.7418916418273526 0.5821888504811156 0.45093243039126596 0.9004377678412294 0.18194910248235308 0.12079402548065876 0.7928720651999345 0.6141211030440469 0.5350029198039006 0.22626980957659892 0.054859566169098484 0.9030506914666364 0.5126610832118649 0.32489551932858807 0.0

# Optimal Walk
0 13 3 5 1 17 15 2 7 11 10 9 18 16 14 8 12 6 4 0
