# Graph size: 19
# Optimal cost: 1.8736112314937117

# Distance Matrix
0.0 0.07682999006433655 0.7497704438801734 0.6045853645884471 0.9809064131643875 0.7202111198770323 0.5377059165958604 0.8538004961395831 0.39486674919709996 0.3293246202025285 0.9699664481375457 0.7914487929815667 0.6256947942124971 0.5515904905686733 0.04555328037034012 0.5675561103456772 0.6901507054587791 0.5549099741459819 0.41430435245685826
0.07682999006433655 0.0 0.4896474319057563 0.502498598425681 0.37673680919965546 0.3393929664051366 0.26926831575735777 0.5411759416220138 0.78552440584307 0.14141771207747866 0.7091197162141486 0.751097749335179 0.10892499294551372 0.03671187053971681 0.9848901518632206 0.3134621044945327 0.9528436659050615 0.10378917510462193 0.4112194214516992
0.7497704438801734 0.4896474319057563 0.0 0.626837324608154 0.9864264985327943 0.9643829064624942 0.5978306644701125 0.08647557844901155 2.889516232306155E-4 0.6493229277921255 0.19971846963757667 0.023211509417907172 0.2587666009429326 0.03453571761852392 0.04438270859477478 0.4689685259928551 0.7616976538835506 0.17874026370391527 0.2794489662289713
0.6045853645884471 0.502498598425681 0.626837324608154 0.0 0.25280952275984414 0.4072225337404419 0.8719531899424167 0.3256182688012308 0.299632986615208 0.20431285941755783 0.7127037694142849 0.8427405611638472 0.903029274800247 0.6222184991725838 0.07190028066878607 0.6209070713691208 0.17447600992773404 0.8837479387741678 0.37257705364387905
0.9809064131643875 0.37673680919965546 0.9864264985327943 0.25280952275984414 0.0 0.293809618035642 0.8329656495584521 0.5102739622443299 0.21729102654673327 0.03821510086850355 0.9923223839862815 0.7085826733318012 0.028725817965306488 0.9712560980329219 0.6278792231635574 0.25316145298262316 0.034100224358941555 0.7863391904070987 0.9598509571617155
0.7202111198770323 0.3393929664051366 0.9643829064624942 0.4072225337404419 0.293809618035642 0.0 0.3622466780408946 0.6202668159956642 0.2788247991591898 0.07765175319270845 0.6919299558176216 0.3139261760631108 0.8042337393319455 0.7475709728860044 0.9798469531957649 0.9001705811662847 0.38458683501411306 0.4956347932244739 0.058450445571058496
0.5377059165958604 0.26926831575735777 0.5978306644701125 0.8719531899424167 0.8329656495584521 0.3622466780408946 0.0 0.4826102687499815 0.13258619703803054 0.7381444975982264 0.9275953144753224 0.609624730757307 0.8986978967938188 0.944297701059135 0.32713950741837106 0.9438201766164533 0.5627971207966969 0.5584613835683271 0.7824923631882469
0.8538004961395831 0.5411759416220138 0.08647557844901155 0.3256182688012308 0.5102739622443299 0.6202668159956642 0.4826102687499815 0.0 0.3355635251217113 0.18988933925371831 0.6840810296609469 0.40951744385254074 0.5765025073021113 0.34852133449768186 0.3368728990773564 0.8599239024243134 0.5552702141149314 0.25084855233512005 0.4118619045503269
0.39486674919709996 0.78552440584307 2.889516232306155E-4 0.299632986615208 0.21729102654673327 0.2788247991591898 0.13258619703803054 0.3355635251217113 0.0 0.6642572306993892 0.015111553127793331 0.014926435801850713 0.3769902664663404 0.8868262747829686 0.6219585723610044 0.2726445772427074 0.10543736925044567 0.44538033033150126 0.59151991743045
0.3293246202025285 0.14141771207747866 0.6493229277921255 0.20431285941755783 0.03821510086850355 0.07765175319270845 0.7381444975982264 0.18988933925371831 0.6642572306993892 0.0 0.5508248135200209 0.18945442679703184 0.6680767583488431 0.6952394177638944 0.33835546592704335 0.5404321013504992 0.6612557017787788 0.06751760947770291 0.5188353854620453
0.9699664481375457 0.7091197162141486 0.19971846963757667 0.7127037694142849 0.9923223839862815 0.6919299558176216 0.9275953144753224 0.6840810296609469 0.015111553127793331 0.5508248135200209 0.0 0.07308321948262964 0.8437653997277516 0.8703788352699131 0.8960536035294979 0.796036607450009 0.5670583511589223 0.5368059965545435 0.8687313899349007
0.7914487929815667 0.751097749335179 0.023211509417907172 0.8427405611638472 0.7085826733318012 0.3139261760631108 0.609624730757307 0.40951744385254074 0.014926435801850713 0.18945442679703184 0.07308321948262964 0.0 0.6868022881811318 0.08500427925183451 0.010254056752066476 0.9213051127641524 0.3159823815028149 0.2633436205648143 0.12539214127255227
0.6256947942124971 0.10892499294551372 0.2587666009429326 0.903029274800247 0.028725817965306488 0.8042337393319455 0.8986978967938188 0.5765025073021113 0.3769902664663404 0.6680767583488431 0.8437653997277516 0.6868022881811318 0.0 0.48913055289265883 0.30376589385882957 0.3259308032342332 0.03391341354844746 0.9293396566516221 0.3411599932640754
0.5515904905686733 0.03671187053971681 0.03453571761852392 0.6222184991725838 0.9712560980329219 0.7475709728860044 0.944297701059135 0.34852133449768186 0.8868262747829686 0.6952394177638944 0.8703788352699131 0.08500427925183451 0.48913055289265883 0.0 0.6233934619745511 0.3692908589178173 0.7826836733444436 0.6890739388660293 0.8795609662278847
0.04555328037034012 0.9848901518632206 0.04438270859477478 0.07190028066878607 0.6278792231635574 0.9798469531957649 0.32713950741837106 0.3368728990773564 0.6219585723610044 0.33835546592704335 0.8960536035294979 0.010254056752066476 0.30376589385882957 0.6233934619745511 0.0 0.6656464540865357 0.24704695974502877 0.7802865690072006 0.6219907527600681
0.5675561103456772 0.3134621044945327 0.4689685259928551 0.6209070713691208 0.25316145298262316 0.9001705811662847 0.9438201766164533 0.8599239024243134 0.2726445772427074 0.5404321013504992 0.796036607450009 0.9213051127641524 0.3259308032342332 0.3692908589178173 0.6656464540865357 0.0 0.39843961310599807 0.7999181054854447 0.7924914499877327
0.6901507054587791 0.9528436659050615 0.7616976538835506 0.17447600992773404 0.034100224358941555 0.38458683501411306 0.5627971207966969 0.5552702141149314 0.10543736925044567 0.6612557017787788 0.5670583511589223 0.3159823815028149 0.03391341354844746 0.7826836733444436 0.24704695974502877 0.39843961310599807 0.0 0.5351490813112822 0.8984706505761015
0.5549099741459819 0.10378917510462193 0.17874026370391527 0.8837479387741678 0.7863391904070987 0.4956347932244739 0.5584613835683271 0.25084855233512005 0.44538033033150126 0.06751760947770291 0.5368059965545435 0.2633436205648143 0.9293396566516221 0.6890739388660293 0.7802865690072006 0.7999181054854447 0.5351490813112822 0.0 0.204956252504354
0.41430435245685826 0.4112194214516992 0.2794489662289713 0.37257705364387905 0.9598509571617155 0.058450445571058496 0.7824923631882469 0.4118619045503269 0.59151991743045 0.5188353854620453 0.8687313899349007 0.12539214127255227 0.3411599932640754 0.8795609662278847 0.6219907527600681 0.7924914499877327 0.8984706505761015 0.204956252504354 0.0

# Optimal Walk
0 1 13 7 2 10 8 6 15 16 12 4 17 9 5 18 11 3 14 0
