# Graph size: 19
# Optimal cost: 1.2742642672577862

# Distance Matrix
0.0 0.7611639094872249 0.7561776849032209 0.26195366658741137 0.020076288598365077 0.9871572285126232 0.22924036751911336 0.4460692244230404 0.9124345295641778 0.20485197054900117 0.6278970198840399 0.39196429704643776 0.4680605557078503 0.1757382421783663 0.4323273661917514 0.44974155774251445 0.14291001957590155 0.13307675755834003 0.45983979246950313
0.7611639094872249 0.0 0.59500449999921 0.014717371238818222 0.8722193165373485 0.2561801180479971 0.4543475096161832 0.4015467441994447 0.37600999338628216 0.47746476047018993 0.3449460190218755 0.05704191435474859 0.34370608216736565 0.1519292428715454 0.02139245067251172 0.17580474516018774 0.7115839445828308 0.781971224930168 0.8082753962798992
0.7561776849032209 0.59500449999921 0.0 0.40424451205616807 0.7543716490460819 0.3495074435579807 0.06360066202294168 0.5454058321128349 0.6388765879116047 0.42145191055509457 0.4660050163636875 0.670695887064579 0.3646535586995414 0.7171627528155048 0.44781405420579645 0.9070963768631317 0.8712841592278737 0.695993292249005 0.20634838340110728
0.26195366658741137 0.014717371238818222 0.40424451205616807 0.0 0.2553593453573575 0.7178162610690507 0.9506227001330071 0.11748286177902256 0.41285025923189966 0.14713766467920764 0.4506301121174514 0.048315634937457386 0.7241158104522861 0.5365356010807587 0.9708155864422388 0.019905294941027107 0.06291779156631627 0.20541949089842426 0.36006001545608146
0.020076288598365077 0.8722193165373485 0.7543716490460819 0.2553593453573575 0.0 0.9063859256475073 0.6613884795330356 0.3021616099124562 0.6590552066377593 0.3733715090575904 0.6451273765006512 0.024236358891936316 0.45902480421316016 0.05641248320448433 0.307472732842778 0.7393156761599896 0.30859508072154895 0.0593690150351458 0.9618455387068747
0.9871572285126232 0.2561801180479971 0.3495074435579807 0.7178162610690507 0.9063859256475073 0.0 0.669704795546087 0.42226439290731765 0.21291712583281774 0.5479780341843408 0.6784785185576797 0.42145867529698566 0.17500515218872426 0.036002122490250366 0.35290562822489724 0.3479496749163833 0.3779299023084879 0.07178799784647127 0.019224968399916387
0.22924036751911336 0.4543475096161832 0.06360066202294168 0.9506227001330071 0.6613884795330356 0.669704795546087 0.0 0.7294516538273389 0.030803098344346247 0.23758663124645507 0.5425633262045227 0.048500913109808974 0.8715305321750815 0.763944428472044 0.7667622589898012 0.5682626597352199 0.12902774662931493 0.5220218673359899 0.23110695518816748
0.4460692244230404 0.4015467441994447 0.5454058321128349 0.11748286177902256 0.3021616099124562 0.42226439290731765 0.7294516538273389 0.0 0.10269727414467822 0.2042477465236563 0.6498623362022269 0.36442749498588156 0.9835585440982718 0.907697618216387 0.2218215561975776 0.7017685462950085 0.17298442587160534 0.7014728271249042 0.9572814877432796
0.9124345295641778 0.37600999338628216 0.6388765879116047 0.41285025923189966 0.6590552066377593 0.21291712583281774 0.030803098344346247 0.10269727414467822 0.0 0.7948010362257526 0.19798060907276316 0.2854390138154064 0.08293755446276896 0.39437531049075236 0.34188594383039317 0.04004340700881481 0.11236108590806715 0.17209177437137402 0.31794789055907846
0.20485197054900117 0.47746476047018993 0.42145191055509457 0.14713766467920764 0.3733715090575904 0.5479780341843408 0.23758663124645507 0.2042477465236563 0.7948010362257526 0.0 0.29233862533244126 0.48720360156493436 0.7174921778562126 0.471425125906788 0.10715410595180985 0.7363238013806355 0.7984506122717839 0.40917387987741505 0.3219511755684593
0.6278970198840399 0.3449460190218755 0.4660050163636875 0.4506301121174514 0.6451273765006512 0.6784785185576797 0.5425633262045227 0.6498623362022269 0.19798060907276316 0.29233862533244126 0.0 0.05228116245079806 0.9045703252517263 0.8394630877900685 0.8417499969113251 0.959055428880965 0.9068685341699906 0.31980286442987227 0.7896177783863576
0.39196429704643776 0.05704191435474859 0.670695887064579 0.048315634937457386 0.024236358891936316 0.42145867529698566 0.048500913109808974 0.36442749498588156 0.2854390138154064 0.48720360156493436 0.05228116245079806 0.0 0.05051429853595235 0.26175864116037817 0.5568598947650031 0.968559201196329 0.616066235016058 0.5633152264724351 0.8800721008527274
0.4680605557078503 0.34370608216736565 0.3646535586995414 0.7241158104522861 0.45902480421316016 0.17500515218872426 0.8715305321750815 0.9835585440982718 0.08293755446276896 0.7174921778562126 0.9045703252517263 0.05051429853595235 0.0 0.23225187779102674 0.33809925607353675 0.405033828520751 0.5193644460157165 0.7849209436898785 0.14522041155550658
0.1757382421783663 0.1519292428715454 0.7171627528155048 0.5365356010807587 0.05641248320448433 0.036002122490250366 0.763944428472044 0.907697618216387 0.39437531049075236 0.471425125906788 0.8394630877900685 0.26175864116037817 0.23225187779102674 0.0 0.4507747787688383 0.35740620180076055 0.13474849560416835 0.7359752396909441 0.3343056547479173
0.4323273661917514 0.02139245067251172 0.44781405420579645 0.9708155864422388 0.307472732842778 0.35290562822489724 0.7667622589898012 0.2218215561975776 0.34188594383039317 0.10715410595180985 0.8417499969113251 0.5568598947650031 0.33809925607353675 0.4507747787688383 0.0 0.8981397999197764 0.4105652690546584 0.2496398578798894 0.5078347004923054
0.44974155774251445 0.17580474516018774 0.9070963768631317 0.019905294941027107 0.7393156761599896 0.3479496749163833 0.5682626597352199 0.7017685462950085 0.04004340700881481 0.7363238013806355 0.959055428880965 0.968559201196329 0.405033828520751 0.35740620180076055 0.8981397999197764 0.0 0.2958497934052309 0.01817338540822433 0.05384290217934684
0.14291001957590155 0.7115839445828308 0.8712841592278737 0.06291779156631627 0.30859508072154895 0.3779299023084879 0.12902774662931493 0.17298442587160534 0.11236108590806715 0.7984506122717839 0.9068685341699906 0.616066235016058 0.5193644460157165 0.13474849560416835 0.4105652690546584 0.2958497934052309 0.0 0.4421535489422922 0.42282988747804073
0.13307675755834003 0.781971224930168 0.695993292249005 0.20541949089842426 0.0593690150351458 0.07178799784647127 0.5220218673359899 0.7014728271249042 0.17209177437137402 0.40917387987741505 0.31980286442987227 0.5633152264724351 0.7849209436898785 0.7359752396909441 0.2496398578798894 0.01817338540822433 0.4421535489422922 0.0 0.16050063847889162
0.45983979246950313 0.8082753962798992 0.20634838340110728 0.36006001545608146 0.9618455387068747 0.019224968399916387 0.23110695518816748 0.9572814877432796 0.31794789055907846 0.3219511755684593 0.7896177783863576 0.8800721008527274 0.14522041155550658 0.3343056547479173 0.5078347004923054 0.05384290217934684 0.42282988747804073 0.16050063847889162 0.0

# Optimal Walk
0 13 5 18 17 15 16 3 1 14 9 7 8 6 2 11 12 10 4 0
