# MCW Instance
# Type: UNIFORM
# N: 19
# Optimal cost: 1.2762376015028105
# Optimal tour (permutation): [0, 8, 10, 3, 17, 6, 7, 9, 2, 1, 11, 16, 5, 15, 18, 14, 4, 12, 13, 0]
# Optimal walk (full path): [0, 8, 10, 3, 17, 6, 17, 7, 9, 1, 2, 1, 11, 16, 5, 15, 18, 14, 4, 14, 18, 12, 13, 0]
# Walk size: 24
# Is walk (has repeats): true

# Distance Matrix
0.0000000000 0.6903467807 0.9718357205 0.6602409198 0.7459174157 0.6414686161 0.4479963865 0.4813242025 0.1169524005 0.2287587720 0.9103244021 0.9636051016 0.1509382326 0.0807071565 0.7879663571 0.8795671047 0.6557419403 0.5126411230 0.6253532077
0.6903467807 0.0000000000 0.0372525072 0.4904779051 0.5607238520 0.3751184614 0.0948587957 0.1525321933 0.5890583470 0.0180056636 0.8014835617 0.0501116969 0.8207580263 0.5532524838 0.5583353193 0.8167940954 0.8010706955 0.9117282118 0.1175797872
0.9718357205 0.0372525072 0.0000000000 0.4239684576 0.2391200173 0.8841401968 0.4400918043 0.7777205173 0.8945542784 0.7279141203 0.2187359370 0.9486305037 0.1763699038 0.7188916428 0.3403989175 0.1761157386 0.9034024576 0.5477787181 0.6078499282
0.6602409198 0.4904779051 0.4239684576 0.0000000000 0.3133641183 0.2394557425 0.1263159663 0.3716054139 0.4345684905 0.1607649543 0.0644326052 0.3323270042 0.9130866785 0.9394674822 0.8071834276 0.6658828971 0.3973148527 0.0339806992 0.1790586445
0.7459174157 0.5607238520 0.2391200173 0.3133641183 0.0000000000 0.7960541157 0.7604771512 0.4656629668 0.8732941296 0.5939691024 0.2811976661 0.2308609056 0.2450994671 0.5187012731 0.0236356008 0.5484219494 0.6202604989 0.2300661345 0.6291279934
0.6414686161 0.3751184614 0.8841401968 0.2394557425 0.7960541157 0.0000000000 0.7749783258 0.2143611420 0.5025055968 0.5056985158 0.6337848177 0.6729092235 0.8480494427 0.7074555355 0.9976192982 0.1889399132 0.1166944690 0.6328156962 0.8422318426
0.4479963865 0.0948587957 0.4400918043 0.1263159663 0.7604771512 0.7749783258 0.0000000000 0.1322089802 0.4841443768 0.0386539757 0.1440543742 0.1328778106 0.6597043407 0.7668954855 0.4343595534 0.6026305414 0.8512261135 0.0107273027 0.4417843924
0.4813242025 0.1525321933 0.7777205173 0.3716054139 0.4656629668 0.2143611420 0.1322089802 0.0000000000 0.7474534948 0.0093509931 0.9095241110 0.7561102215 0.2288450349 0.1398994005 0.7547438655 0.7284176037 0.7640145971 0.0211077410 0.1134656415
0.1169524005 0.5890583470 0.8945542784 0.4345684905 0.8732941296 0.5025055968 0.4841443768 0.7474534948 0.0000000000 0.8862109164 0.1206668807 0.4915143196 0.7319038782 0.9868344983 0.1582579205 0.5846479206 0.1681488995 0.4584781369 0.7951477205
0.2287587720 0.0180056636 0.7279141203 0.1607649543 0.5939691024 0.5056985158 0.0386539757 0.0093509931 0.8862109164 0.0000000000 0.1782744037 0.7215469998 0.3852965714 0.0398635486 0.4988076060 0.3755471435 0.3816445935 0.5147273654 0.7755932109
0.9103244021 0.8014835617 0.2187359370 0.0644326052 0.2811976661 0.6337848177 0.1440543742 0.9095241110 0.1206668807 0.1782744037 0.0000000000 0.1515061152 0.6701550164 0.2213891758 0.5751251270 0.4828573875 0.4293641516 0.6503481303 0.8618557598
0.9636051016 0.0501116969 0.9486305037 0.3323270042 0.2308609056 0.6729092235 0.1328778106 0.7561102215 0.4915143196 0.7215469998 0.1515061152 0.0000000000 0.9622134325 0.0088158566 0.7203310994 0.6301134152 0.0883850612 0.9230511329 0.4484388552
0.1509382326 0.8207580263 0.1763699038 0.9130866785 0.2450994671 0.8480494427 0.6597043407 0.2288450349 0.7319038782 0.3852965714 0.6701550164 0.9622134325 0.0000000000 0.0307408600 0.4459654286 0.6306177661 0.6982577487 0.2764215793 0.0870406309
0.0807071565 0.5532524838 0.7188916428 0.9394674822 0.5187012731 0.7074555355 0.7668954855 0.1398994005 0.9868344983 0.0398635486 0.2213891758 0.0088158566 0.0307408600 0.0000000000 0.9802104387 0.8306747520 0.2512609449 0.7527525882 0.8632784722
0.7879663571 0.5583353193 0.3403989175 0.8071834276 0.0236356008 0.9976192982 0.4343595534 0.7547438655 0.1582579205 0.4988076060 0.5751251270 0.7203310994 0.4459654286 0.9802104387 0.0000000000 0.5909224221 0.6730418333 0.9718541774 0.0509147732
0.8795671047 0.8167940954 0.1761157386 0.6658828971 0.5484219494 0.1889399132 0.6026305414 0.7284176037 0.5846479206 0.3755471435 0.4828573875 0.6301134152 0.6306177661 0.8306747520 0.5909224221 0.0000000000 0.1054193682 0.8606751938 0.0040604626
0.6557419403 0.8010706955 0.9034024576 0.3973148527 0.6202604989 0.1166944690 0.8512261135 0.7640145971 0.1681488995 0.3816445935 0.4293641516 0.0883850612 0.6982577487 0.2512609449 0.6730418333 0.1054193682 0.0000000000 0.4125666080 0.4332611450
0.5126411230 0.9117282118 0.5477787181 0.0339806992 0.2300661345 0.6328156962 0.0107273027 0.0211077410 0.4584781369 0.5147273654 0.6503481303 0.9230511329 0.2764215793 0.7527525882 0.9718541774 0.8606751938 0.4125666080 0.0000000000 0.6447180676
0.6253532077 0.1175797872 0.6078499282 0.1790586445 0.6291279934 0.8422318426 0.4417843924 0.1134656415 0.7951477205 0.7755932109 0.8618557598 0.4484388552 0.0870406309 0.8632784722 0.0509147732 0.0040604626 0.4332611450 0.6447180676 0.0000000000
