# MCW Instance
# Type: UNIFORM
# N: 19
# Optimal cost: 1.808597275645119
# Optimal tour (permutation): [0, 14, 1, 17, 12, 15, 2, 9, 3, 11, 6, 18, 4, 7, 16, 10, 13, 8, 5, 0]
# Optimal walk (full path): [0, 14, 1, 17, 12, 15, 2, 9, 3, 11, 6, 18, 4, 7, 16, 10, 13, 5, 8, 5, 0]
# Walk size: 21
# Is walk (has repeats): true

# Distance Matrix
0.0000000000 0.4887758200 0.4616357664 0.5206132102 0.3630183772 0.0851794648 0.4314517427 0.8124147860 0.4035101886 0.6182004629 0.5843263732 0.7939347704 0.0419016978 0.6773900098 0.0095646346 0.8821040660 0.3763515900 0.1839010534 0.5207293208
0.4887758200 0.0000000000 0.2562187773 0.8077483765 0.7929699028 0.9572025295 0.7065322013 0.2250842732 0.1026278516 0.0876078793 0.4424120782 0.4319874802 0.5497760776 0.3372925134 0.0190290812 0.4589747381 0.7507349996 0.0396059462 0.1831441375
0.4616357664 0.2562187773 0.0000000000 0.2741499177 0.7006047460 0.4195026420 0.3614137519 0.8044887022 0.6842511674 0.0580338681 0.7187341666 0.1105130538 0.9714566781 0.1575836030 0.1994966420 0.0190737771 0.3697538116 0.5302424177 0.7312277638
0.5206132102 0.8077483765 0.2741499177 0.0000000000 0.5121229609 0.4906840836 0.8655018742 0.8179399736 0.6937727732 0.1487026330 0.4984917329 0.0796198325 0.2136003531 0.6566749102 0.5962706720 0.9046320474 0.6110737297 0.9078887276 0.4072207900
0.3630183772 0.7929699028 0.7006047460 0.5121229609 0.0000000000 0.2734196962 0.1641363070 0.0417310648 0.9773847940 0.9847322543 0.4744030823 0.1786560346 0.5276242534 0.9697146462 0.2020843741 0.1797967840 0.5067658796 0.1145423422 0.0756681049
0.0851794648 0.9572025295 0.4195026420 0.4906840836 0.2734196962 0.0000000000 0.6375505891 0.1884425676 0.0288884308 0.5445549415 0.3356931734 0.5631239769 0.4953610695 0.2172549409 0.2310545461 0.1918717210 0.9141506620 0.5334185285 0.6035155839
0.4314517427 0.7065322013 0.3614137519 0.8655018742 0.1641363070 0.6375505891 0.0000000000 0.6346420367 0.9174776166 0.9548884704 0.3970608180 0.0434989738 0.4700336543 0.3291237207 0.9318496430 0.5198893485 0.1944605945 0.9777601295 0.1057446608
0.8124147860 0.2250842732 0.8044887022 0.8179399736 0.0417310648 0.1884425676 0.6346420367 0.0000000000 0.8751704952 0.3650125601 0.4937365825 0.9234624511 0.5048701737 0.9978987174 0.1923302475 0.6924885939 0.1896976549 0.7334055786 0.6546072898
0.4035101886 0.1026278516 0.6842511674 0.6937727732 0.9773847940 0.0288884308 0.9174776166 0.8751704952 0.0000000000 0.5071252169 0.7701139418 0.7527493139 0.8262107724 0.7055165641 0.8063077007 0.8017099439 0.6900705916 0.8292232685 0.5317132576
0.6182004629 0.0876078793 0.0580338681 0.1487026330 0.9847322543 0.5445549415 0.9548884704 0.3650125601 0.5071252169 0.0000000000 0.5034510935 0.6185348689 0.2408942085 0.6357454683 0.5345303447 0.1285861331 0.9628101524 0.6702157629 0.9109571282
0.5843263732 0.4424120782 0.7187341666 0.4984917329 0.4744030823 0.3356931734 0.3970608180 0.4937365825 0.7701139418 0.5034510935 0.0000000000 0.9132196237 0.4875506424 0.1639322059 0.5852558899 0.7027251070 0.2817616760 0.8512763794 0.7908448446
0.7939347704 0.4319874802 0.1105130538 0.0796198325 0.1786560346 0.5631239769 0.0434989738 0.9234624511 0.7527493139 0.6185348689 0.9132196237 0.0000000000 0.7215280083 0.4549787982 0.7730876759 0.0866416836 0.2494090652 0.5976863455 0.3919760109
0.0419016978 0.5497760776 0.9714566781 0.2136003531 0.5276242534 0.4953610695 0.4700336543 0.5048701737 0.8262107724 0.2408942085 0.4875506424 0.7215280083 0.0000000000 0.8526585472 0.0703364592 0.1062701808 0.2792219507 0.0664517138 0.3978078110
0.6773900098 0.3372925134 0.1575836030 0.6566749102 0.9697146462 0.2172549409 0.3291237207 0.9978987174 0.7055165641 0.6357454683 0.1639322059 0.4549787982 0.8526585472 0.0000000000 0.4072484478 0.3767129421 0.5506412918 0.2025142336 0.3691401945
0.0095646346 0.0190290812 0.1994966420 0.5962706720 0.2020843741 0.2310545461 0.9318496430 0.1923302475 0.8063077007 0.5345303447 0.5852558899 0.7730876759 0.0703364592 0.4072484478 0.0000000000 0.3149031625 0.5233188407 0.7363018254 0.8475598804
0.8821040660 0.4589747381 0.0190737771 0.9046320474 0.1797967840 0.1918717210 0.5198893485 0.6924885939 0.8017099439 0.1285861331 0.7027251070 0.0866416836 0.1062701808 0.3767129421 0.3149031625 0.0000000000 0.7765734222 0.2060122009 0.4458208499
0.3763515900 0.7507349996 0.3697538116 0.6110737297 0.5067658796 0.9141506620 0.1944605945 0.1896976549 0.6900705916 0.9628101524 0.2817616760 0.2494090652 0.2792219507 0.5506412918 0.5233188407 0.7765734222 0.0000000000 0.7476005988 0.4362072585
0.1839010534 0.0396059462 0.5302424177 0.9078887276 0.1145423422 0.5334185285 0.9777601295 0.7334055786 0.8292232685 0.6702157629 0.8512763794 0.5976863455 0.0664517138 0.2025142336 0.7363018254 0.2060122009 0.7476005988 0.0000000000 0.4479782114
0.5207293208 0.1831441375 0.7312277638 0.4072207900 0.0756681049 0.6035155839 0.1057446608 0.6546072898 0.5317132576 0.9109571282 0.7908448446 0.3919760109 0.3978078110 0.3691401945 0.8475598804 0.4458208499 0.4362072585 0.4479782114 0.0000000000
