# Graph size: 19
# Optimal cost: 1.1726415523677365

# Distance Matrix
0.0 0.27793974476515837 0.36839491439203365 0.7584550313135686 0.5139930823800173 0.7471508007744055 0.41453273586507755 0.3514259866056575 0.007512247717169185 0.16075237169174117 0.8651443457893945 0.820779023217141 0.6572297349195134 0.4253054238967071 0.3279311675014589 0.29737069836815355 0.8606077451335705 0.2934541240548555 0.22816852556209977
0.27793974476515837 0.0 0.36177107340771664 0.10123320030602401 0.9991041526645252 0.24652798268091902 0.028384368735031695 0.3178157963128516 0.8248073004995796 0.08629983949088682 0.580736347216586 0.6325085865335974 0.26373608866728515 0.8234641743168561 0.6981443848348052 0.6143629373639993 0.3146093261716304 0.5705977664954391 0.955588143709781
0.36839491439203365 0.36177107340771664 0.0 0.12189368708978321 0.10515541287195518 0.694393964329052 0.7014496559366746 0.16814422376892635 0.47817755236842496 0.36661092633021986 0.5218939155693539 0.18230557233550804 0.39401072938581116 0.7995527979983409 0.9860120336431472 0.5038575817780798 0.004137488711385751 0.11972797304564775 0.13245108115675153
0.7584550313135686 0.10123320030602401 0.12189368708978321 0.0 0.9383641385755356 0.032956007398493914 0.4671171227347932 0.20610570715227183 0.7284685986402053 0.6681702748209807 0.5725228287373836 0.4825489768381951 0.3492997158737192 0.5049989674004027 0.7617619468337289 0.6282306180582394 0.12441219148145122 0.21537612607327605 0.06300081381423084
0.5139930823800173 0.9991041526645252 0.10515541287195518 0.9383641385755356 0.0 0.9360729884528795 0.7765503492764299 0.5205433426450413 0.8523221626180042 0.9489464048203834 0.6769371811417702 0.7339095231665932 0.26265211453115767 0.4376071876521579 0.7374553553094689 0.6107812568331288 0.40246444165416917 0.43503295862223434 0.6020004864552833
0.7471508007744055 0.24652798268091902 0.694393964329052 0.032956007398493914 0.9360729884528795 0.0 0.4925428130218179 0.28321836170697823 0.04569195157478145 0.0364515060193259 0.7650919925239015 0.23827530646133155 0.04613388468382784 0.19111661510527767 0.4648141025036644 0.5310789774400387 0.8723923327928169 0.7151775558050008 0.4601032198880647
0.41453273586507755 0.028384368735031695 0.7014496559366746 0.4671171227347932 0.7765503492764299 0.4925428130218179 0.0 0.7966722534555492 0.4500391370134319 0.5395690398806314 0.012416090134701352 0.9381634586222185 0.4643339932694358 0.5128939923024731 0.6780712210781387 0.10854365820845424 0.09076305360666859 0.9743897548625272 0.45048159062957016
0.3514259866056575 0.3178157963128516 0.16814422376892635 0.20610570715227183 0.5205433426450413 0.28321836170697823 0.7966722534555492 0.0 0.44829560586407824 0.9103624618126197 0.7786239128325525 0.7622361872812413 0.32052406209145423 0.7195740526286166 0.24851302667354114 0.4674226134880419 0.8878763360180452 0.21098226799565378 0.026421214770196655
0.007512247717169185 0.8248073004995796 0.47817755236842496 0.7284685986402053 0.8523221626180042 0.04569195157478145 0.4500391370134319 0.44829560586407824 0.0 0.2068087288492788 0.009310906660335516 0.04913231344441593 0.8175096874720343 0.6219785940121495 0.5998109900549178 0.6947321665138686 0.5751726197442218 0.7292441300570023 0.7924290689824557
0.16075237169174117 0.08629983949088682 0.36661092633021986 0.6681702748209807 0.9489464048203834 0.0364515060193259 0.5395690398806314 0.9103624618126197 0.2068087288492788 0.0 0.44089141246131847 0.7653083946058655 0.3901305858319777 0.46958752861142083 0.516652475957282 0.9643396678714278 0.222460481432324 0.9893493164154171 0.785920617627316
0.8651443457893945 0.580736347216586 0.5218939155693539 0.5725228287373836 0.6769371811417702 0.7650919925239015 0.012416090134701352 0.7786239128325525 0.009310906660335516 0.44089141246131847 0.0 0.195309793826418 0.48453730387799054 0.22241193674602588 0.5240011706516925 0.0870466878439996 0.4346567220204478 0.33686707129230753 0.9893036997905815
0.820779023217141 0.6325085865335974 0.18230557233550804 0.4825489768381951 0.7339095231665932 0.23827530646133155 0.9381634586222185 0.7622361872812413 0.04913231344441593 0.7653083946058655 0.195309793826418 0.0 0.15330010783451054 0.4191494320037078 0.1203068949446423 0.0243745483822021 0.2319214825712389 0.4743871343081424 0.012647745583433512
0.6572297349195134 0.26373608866728515 0.39401072938581116 0.3492997158737192 0.26265211453115767 0.04613388468382784 0.4643339932694358 0.32052406209145423 0.8175096874720343 0.3901305858319777 0.48453730387799054 0.15330010783451054 0.0 0.7182706741922104 0.3985702733236961 0.5416583300657695 0.4380802241779076 0.24138913500346038 0.47509447542416383
0.4253054238967071 0.8234641743168561 0.7995527979983409 0.5049989674004027 0.4376071876521579 0.19111661510527767 0.5128939923024731 0.7195740526286166 0.6219785940121495 0.46958752861142083 0.22241193674602588 0.4191494320037078 0.7182706741922104 0.0 0.48854858494003184 0.47084468581234407 0.32421869537494674 0.589646827917556 0.006435621720424556
0.3279311675014589 0.6981443848348052 0.9860120336431472 0.7617619468337289 0.7374553553094689 0.4648141025036644 0.6780712210781387 0.24851302667354114 0.5998109900549178 0.516652475957282 0.5240011706516925 0.1203068949446423 0.3985702733236961 0.48854858494003184 0.0 0.34706906519413405 0.4930806413000284 0.11376293012416139 0.11093633124691482
0.29737069836815355 0.6143629373639993 0.5038575817780798 0.6282306180582394 0.6107812568331288 0.5310789774400387 0.10854365820845424 0.4674226134880419 0.6947321665138686 0.9643396678714278 0.0870466878439996 0.0243745483822021 0.5416583300657695 0.47084468581234407 0.34706906519413405 0.0 0.8436962341652298 0.0987784368239979 0.7010409011344899
0.8606077451335705 0.3146093261716304 0.004137488711385751 0.12441219148145122 0.40246444165416917 0.8723923327928169 0.09076305360666859 0.8878763360180452 0.5751726197442218 0.222460481432324 0.4346567220204478 0.2319214825712389 0.4380802241779076 0.32421869537494674 0.4930806413000284 0.8436962341652298 0.0 0.4106196114789692 0.08556620299209439
0.2934541240548555 0.5705977664954391 0.11972797304564775 0.21537612607327605 0.43503295862223434 0.7151775558050008 0.9743897548625272 0.21098226799565378 0.7292441300570023 0.9893493164154171 0.33686707129230753 0.4743871343081424 0.24138913500346038 0.589646827917556 0.11376293012416139 0.0987784368239979 0.4106196114789692 0.0 0.37817671505753925
0.22816852556209977 0.955588143709781 0.13245108115675153 0.06300081381423084 0.6020004864552833 0.4601032198880647 0.45048159062957016 0.026421214770196655 0.7924290689824557 0.785920617627316 0.9893036997905815 0.012647745583433512 0.47509447542416383 0.006435621720424556 0.11093633124691482 0.7010409011344899 0.08556620299209439 0.37817671505753925 0.0

# Optimal Walk
0 10 6 1 9 12 5 3 16 4 2 17 14 18 13 7 15 11 8 0
