# MCW Instance
# Type: UNIFORM
# N: 19
# Optimal cost: 1.5573676112441075
# Optimal tour (permutation): [0, 15, 10, 6, 12, 14, 11, 2, 9, 1, 16, 4, 18, 17, 13, 3, 7, 8, 5, 0]
# Optimal walk (full path): [0, 5, 15, 5, 10, 6, 12, 14, 11, 2, 11, 9, 1, 4, 16, 4, 18, 17, 18, 13, 3, 7, 8, 5, 0]
# Walk size: 25
# Is walk (has repeats): true

# Distance Matrix
0.0000000000 0.3278944806 0.5700401800 0.5041357301 0.7871126361 0.1119413489 0.9221568166 0.2390913513 0.5780250206 0.6126293315 0.9757898153 0.4416161394 0.4929488600 0.6922570707 0.5708603219 0.2058071654 0.2192510868 0.3597016716 0.3099085216
0.3278944806 0.0000000000 0.7458615338 0.2354277504 0.0668119613 0.1334340176 0.8654779653 0.4539419320 0.0592612355 0.0299950703 0.5598582784 0.2426105647 0.5594780024 0.2341246399 0.6495091220 0.1937107039 0.6227496708 0.4301601141 0.1741459406
0.5700401800 0.7458615338 0.0000000000 0.5656409788 0.3523206398 0.6763729567 0.3853528919 0.4088872088 0.7852832086 0.9913228989 0.5682535088 0.0062056190 0.1682854510 0.8031511551 0.5952993359 0.4063509544 0.5305577170 0.7525655841 0.0693841363
0.5041357301 0.2354277504 0.5656409788 0.0000000000 0.5113410287 0.4314852266 0.6615602656 0.1488439889 0.3891633150 0.5109315242 0.8324505716 0.6635045763 0.2269928841 0.0027430824 0.2255942282 0.9287882489 0.6144055697 0.6853431289 0.4792077244
0.7871126361 0.0668119613 0.3523206398 0.5113410287 0.0000000000 0.7439958660 0.6517340554 0.8380483443 0.1809766383 0.4212291225 0.7156284790 0.6477192658 0.2786973013 0.3330210726 0.5820475581 0.1675812927 0.0259765317 0.3895942291 0.0063200644
0.1119413489 0.1334340176 0.6763729567 0.4314852266 0.7439958660 0.0000000000 0.3685302739 0.3990550774 0.0607666388 0.7905806104 0.0429628890 0.4921093887 0.0428786209 0.8307976840 0.3221484661 0.0009258118 0.4377136540 0.6287762075 0.3503859671
0.9221568166 0.8654779653 0.3853528919 0.6615602656 0.6517340554 0.3685302739 0.0000000000 0.5386296928 0.3582393550 0.2789305982 0.2226659774 0.1921915116 0.2050949396 0.9952884658 0.6372839595 0.4247212033 0.4681043251 0.8310995287 0.8408284839
0.2390913513 0.4539419320 0.4088872088 0.1488439889 0.8380483443 0.3990550774 0.5386296928 0.0000000000 0.1561002727 0.7986945382 0.3615877374 0.3501934401 0.6132912389 0.2719514440 0.7497991439 0.6247408157 0.3317024510 0.2111457822 0.7961620537
0.5780250206 0.0592612355 0.7852832086 0.3891633150 0.1809766383 0.0607666388 0.3582393550 0.1561002727 0.0000000000 0.3314668729 0.5102752442 0.6829145735 0.2842898168 0.0970007286 0.7755002521 0.7878840497 0.1787209212 0.6724916344 0.2933577638
0.6126293315 0.0299950703 0.9913228989 0.5109315242 0.4212291225 0.7905806104 0.2789305982 0.7986945382 0.3314668729 0.0000000000 0.1693722560 0.0047050749 0.2509172082 0.0832168282 0.7419106131 0.0458078713 0.2710716003 0.3340163725 0.5016756797
0.9757898153 0.5598582784 0.5682535088 0.8324505716 0.7156284790 0.0429628890 0.2226659774 0.3615877374 0.5102752442 0.1693722560 0.0000000000 0.8320208688 0.4184695036 0.5005912759 0.4225236963 0.7592279443 0.6906276699 0.9667943661 0.8641720309
0.4416161394 0.2426105647 0.0062056190 0.6635045763 0.6477192658 0.4921093887 0.1921915116 0.3501934401 0.6829145735 0.0047050749 0.8320208688 0.0000000000 0.5802927468 0.3326631688 0.1021057967 0.6231732728 0.9386963074 0.1688733044 0.6097088267
0.4929488600 0.5594780024 0.1682854510 0.2269928841 0.2786973013 0.0428786209 0.2050949396 0.6132912389 0.2842898168 0.2509172082 0.4184695036 0.5802927468 0.0000000000 0.7426794929 0.0775675608 0.3569392262 0.1665512698 0.4635953089 0.3501143733
0.6922570707 0.2341246399 0.8031511551 0.0027430824 0.3330210726 0.8307976840 0.9952884658 0.2719514440 0.0970007286 0.0832168282 0.5005912759 0.3326631688 0.7426794929 0.0000000000 0.8736214875 0.4897002639 0.2475702161 0.1818755275 0.1042928118
0.5708603219 0.6495091220 0.5952993359 0.2255942282 0.5820475581 0.3221484661 0.6372839595 0.7497991439 0.7755002521 0.7419106131 0.4225236963 0.1021057967 0.0775675608 0.8736214875 0.0000000000 0.1283373595 0.6313823971 0.6908795983 0.7533791935
0.2058071654 0.1937107039 0.4063509544 0.9287882489 0.1675812927 0.0009258118 0.4247212033 0.6247408157 0.7878840497 0.0458078713 0.7592279443 0.6231732728 0.3569392262 0.4897002639 0.1283373595 0.0000000000 0.4770298716 0.7826173180 0.2587093108
0.2192510868 0.6227496708 0.5305577170 0.6144055697 0.0259765317 0.4377136540 0.4681043251 0.3317024510 0.1787209212 0.2710716003 0.6906276699 0.9386963074 0.1665512698 0.2475702161 0.6313823971 0.4770298716 0.0000000000 0.9187577224 0.7334535627
0.3597016716 0.4301601141 0.7525655841 0.6853431289 0.3895942291 0.6287762075 0.8310995287 0.2111457822 0.6724916344 0.3340163725 0.9667943661 0.1688733044 0.4635953089 0.1818755275 0.6908795983 0.7826173180 0.9187577224 0.0000000000 0.0181464296
0.3099085216 0.1741459406 0.0693841363 0.4792077244 0.0063200644 0.3503859671 0.8408284839 0.7961620537 0.2933577638 0.5016756797 0.8641720309 0.6097088267 0.3501143733 0.1042928118 0.7533791935 0.2587093108 0.7334535627 0.0181464296 0.0000000000
