# Graph size: 19
# Optimal cost: 1.2823797559400905

# Distance Matrix
0.0 0.5919373375438954 0.1971556249503036 0.8765397353636735 0.6061021572570904 0.8453523125408783 0.20386038232610215 0.5043542319494044 0.4165572300248225 0.9212926978441505 0.8315121889491073 0.344859048998451 0.9945606147449291 0.3742422880998172 0.05749042426301232 0.024344019584399357 0.4567770948721246 0.04469873984658479 0.3106345240691799
0.5919373375438954 0.0 0.894214423320943 0.671141097103205 0.3345825175039878 0.12376373294638976 0.18357884373064137 0.5905293075784508 0.6320914981724022 0.05854428090568076 0.9577916343156337 0.45633007396171044 0.011763945667648601 0.06093773182728579 0.5756080477348501 0.8040691387053129 0.41461457556681713 0.21112793102584515 0.43233562910851486
0.1971556249503036 0.894214423320943 0.0 0.6495402985730329 0.873559485599177 0.1687387752793661 0.6523427072465017 0.7114281495766825 0.9909479205404094 0.48231815431964864 0.051511158631500575 0.03520009203049046 0.7978698532787643 0.3314783400876664 0.12869682824021877 0.9230827207681997 0.3290100714644083 0.20074647624541586 0.06498848436626103
0.8765397353636735 0.671141097103205 0.6495402985730329 0.0 0.6462277532235964 0.7321713703898793 0.4460934469243205 0.7105315938545017 0.01771102775566291 0.4981903008814925 0.7082731049098837 0.3209105379810294 0.538797548316071 0.44482147762473623 0.6515178224069593 0.36855936109796683 0.49594453939085315 0.417266769693434 0.5618008455195073
0.6061021572570904 0.3345825175039878 0.873559485599177 0.6462277532235964 0.0 0.09939745446322679 0.08230339453000735 0.27837855437547987 0.925789675310838 0.6308631734263909 0.34502056563287553 0.6531668344145294 0.22977857275594327 0.2947452524422327 0.5184266547683081 0.06509194399351637 0.8673027986960644 0.6166882294714049 0.09324169923507586
0.8453523125408783 0.12376373294638976 0.1687387752793661 0.7321713703898793 0.09939745446322679 0.0 0.5557261312422089 0.22480108645843577 0.7939743513371484 0.7932140461002855 0.614718892187412 0.7266066703553102 0.7841617668281331 0.48314889388254956 0.26360222995647775 0.8637114942677098 0.14938455746284685 0.9160721755000948 0.4348241412795947
0.20386038232610215 0.18357884373064137 0.6523427072465017 0.4460934469243205 0.08230339453000735 0.5557261312422089 0.0 0.005162449607893471 0.6145972274879135 0.14231394152391408 0.3664993994431922 0.09661204509384747 0.8927726781157349 0.3495847878192786 0.593718984749828 0.1874605204938714 0.7060392457797825 0.8806579796336559 0.2588607174370825
0.5043542319494044 0.5905293075784508 0.7114281495766825 0.7105315938545017 0.27837855437547987 0.22480108645843577 0.005162449607893471 0.0 0.09619008605397306 0.08896889658362406 0.18405888920580094 0.8861953385211794 0.4229062484260344 0.9987055265725374 0.4932020966225258 0.470183581991786 0.5487651635997712 0.9763482980691307 0.10070643444788152
0.4165572300248225 0.6320914981724022 0.9909479205404094 0.01771102775566291 0.925789675310838 0.7939743513371484 0.6145972274879135 0.09619008605397306 0.0 0.71221186438445 0.2238800250365336 0.10498213224931596 0.1971562563503595 0.5071151776477658 0.8384635615010521 0.791973716723905 0.37736718266146174 0.32868781377549583 0.4963778584940999
0.9212926978441505 0.05854428090568076 0.48231815431964864 0.4981903008814925 0.6308631734263909 0.7932140461002855 0.14231394152391408 0.08896889658362406 0.71221186438445 0.0 0.9666279258315406 0.0822529154326046 0.992483827145511 0.565926542274549 0.12902621182672647 0.44067944705251594 0.3845609194962517 0.4696387851942635 0.31184508364494024
0.8315121889491073 0.9577916343156337 0.051511158631500575 0.7082731049098837 0.34502056563287553 0.614718892187412 0.3664993994431922 0.18405888920580094 0.2238800250365336 0.9666279258315406 0.0 0.20323145743738158 0.1364226698961839 0.09295844316313051 0.42417935075334234 0.7186050062747136 0.8992659796199463 0.3411653824502744 0.6348713280469492
0.344859048998451 0.45633007396171044 0.03520009203049046 0.3209105379810294 0.6531668344145294 0.7266066703553102 0.09661204509384747 0.8861953385211794 0.10498213224931596 0.0822529154326046 0.20323145743738158 0.0 0.19337989962074553 0.8247419333332363 0.0545211391237721 0.42257367382631283 0.7972138823841028 0.09478987257545202 0.7035435314272596
0.9945606147449291 0.011763945667648601 0.7978698532787643 0.538797548316071 0.22977857275594327 0.7841617668281331 0.8927726781157349 0.4229062484260344 0.1971562563503595 0.992483827145511 0.1364226698961839 0.19337989962074553 0.0 0.6707504881343886 0.5280397653289803 0.8597059924880015 0.02948077806031013 0.7180473324282267 0.13563609482692984
0.3742422880998172 0.06093773182728579 0.3314783400876664 0.44482147762473623 0.2947452524422327 0.48314889388254956 0.3495847878192786 0.9987055265725374 0.5071151776477658 0.565926542274549 0.09295844316313051 0.8247419333332363 0.6707504881343886 0.0 0.7414595656948721 0.06946782170603016 0.5879375828431178 0.8169807341777824 0.138371267845947
0.05749042426301232 0.5756080477348501 0.12869682824021877 0.6515178224069593 0.5184266547683081 0.26360222995647775 0.593718984749828 0.4932020966225258 0.8384635615010521 0.12902621182672647 0.42417935075334234 0.0545211391237721 0.5280397653289803 0.7414595656948721 0.0 0.8115133231110631 0.7162795511380303 0.8430857303838141 0.9276193107047237
0.024344019584399357 0.8040691387053129 0.9230827207681997 0.36855936109796683 0.06509194399351637 0.8637114942677098 0.1874605204938714 0.470183581991786 0.791973716723905 0.44067944705251594 0.7186050062747136 0.42257367382631283 0.8597059924880015 0.06946782170603016 0.8115133231110631 0.0 0.06137867966384736 0.3713944308615298 0.7545511345005192
0.4567770948721246 0.41461457556681713 0.3290100714644083 0.49594453939085315 0.8673027986960644 0.14938455746284685 0.7060392457797825 0.5487651635997712 0.37736718266146174 0.3845609194962517 0.8992659796199463 0.7972138823841028 0.02948077806031013 0.5879375828431178 0.7162795511380303 0.06137867966384736 0.0 0.8036417156201381 0.9715749487883779
0.04469873984658479 0.21112793102584515 0.20074647624541586 0.417266769693434 0.6166882294714049 0.9160721755000948 0.8806579796336559 0.9763482980691307 0.32868781377549583 0.4696387851942635 0.3411653824502744 0.09478987257545202 0.7180473324282267 0.8169807341777824 0.8430857303838141 0.3713944308615298 0.8036417156201381 0.0 0.6185027488116426
0.3106345240691799 0.43233562910851486 0.06498848436626103 0.5618008455195073 0.09324169923507586 0.4348241412795947 0.2588607174370825 0.10070643444788152 0.4963778584940999 0.31184508364494024 0.6348713280469492 0.7035435314272596 0.13563609482692984 0.138371267845947 0.9276193107047237 0.7545511345005192 0.9715749487883779 0.6185027488116426 0.0

# Optimal Walk
0 17 15 13 10 2 18 4 5 16 12 1 9 7 6 8 3 11 14 0
