# MCW Instance
# Type: UNIFORM
# N: 19
# Optimal cost: 2.470807237207999
# Optimal tour (permutation): [0, 1, 15, 12, 18, 17, 6, 8, 16, 5, 4, 2, 11, 7, 14, 9, 13, 3, 10, 0]
# Optimal walk (full path): [0, 1, 15, 12, 15, 18, 17, 6, 8, 16, 5, 16, 4, 2, 11, 7, 14, 9, 13, 9, 3, 10, 0]
# Walk size: 23
# Is walk (has repeats): true

# Distance Matrix
0.0000000000 0.4276694960 0.5634093050 0.6305513452 0.9678418541 0.2690782752 0.4737670665 0.4856849060 0.3769752665 0.1621281854 0.0196300481 0.6959699454 0.5595525802 0.6959348961 0.1363854267 0.7050691639 0.2200385392 0.5494589322 0.6704454818
0.4276694960 0.0000000000 0.6726015435 0.6548799620 0.7117044804 0.8968148070 0.9781972591 0.7460866422 0.5621793171 0.6321250709 0.6466196125 0.5990010678 0.7147223163 0.7224647459 0.6014556952 0.3150101481 0.4819068454 0.3659952065 0.6246030104
0.5634093050 0.6726015435 0.0000000000 0.7112413728 0.0525799237 0.9422587909 0.6497568916 0.1518243940 0.9916984440 0.7632484723 0.5503292804 0.0390887349 0.4694754889 0.4357223946 0.8957065907 0.9281066988 0.7059510727 0.3299116378 0.2444804568
0.6305513452 0.6548799620 0.7112413728 0.0000000000 0.6742802730 0.4774535985 0.9866824363 0.4192621427 0.5012093414 0.1730194884 0.1633786894 0.8649177590 0.3848680313 0.8116902460 0.6179851878 0.6305377487 0.6901546197 0.6357076663 0.6619147903
0.9678418541 0.7117044804 0.0525799237 0.6742802730 0.0000000000 0.7351814322 0.5671700272 0.3799796086 0.9736382152 0.6784128105 0.2171184066 0.0847899553 0.1585379944 0.6388718001 0.7715128527 0.3665786377 0.0647831156 0.4675999526 0.1934082490
0.2690782752 0.8968148070 0.9422587909 0.4774535985 0.7351814322 0.0000000000 0.3907181799 0.9206844331 0.9275681343 0.3056718715 0.4005659213 0.9459049172 0.7568285424 0.7788423704 0.5486712957 0.2070635398 0.0399410878 0.6699155460 0.9488708555
0.4737670665 0.9781972591 0.6497568916 0.9866824363 0.5671700272 0.3907181799 0.0000000000 0.1376845714 0.0608003576 0.8934358268 0.3221032220 0.3231094253 0.2797155436 0.8275599867 0.3441295903 0.8629008807 0.3285734270 0.1103000193 0.8199457342
0.4856849060 0.7460866422 0.1518243940 0.4192621427 0.3799796086 0.9206844331 0.1376845714 0.0000000000 0.8664347688 0.9501394966 0.5649399857 0.1075236600 0.4117877454 0.6210303146 0.1086617607 0.7926222550 0.6036932847 0.1926157705 0.4447027956
0.3769752665 0.5621793171 0.9916984440 0.5012093414 0.9736382152 0.9275681343 0.0608003576 0.8664347688 0.0000000000 0.4767581142 0.2032535435 0.2600870741 0.3159084655 0.6820290483 0.6702571527 0.1271524617 0.1063310129 0.2993347091 0.3583683107
0.1621281854 0.6321250709 0.7632484723 0.1730194884 0.6784128105 0.3056718715 0.8934358268 0.9501394966 0.4767581142 0.0000000000 0.1722993893 0.6175651147 0.7106397507 0.0341158357 0.1422885773 0.9178005229 0.7012770422 0.8525253925 0.3995216278
0.0196300481 0.6466196125 0.5503292804 0.1633786894 0.2171184066 0.4005659213 0.3221032220 0.5649399857 0.2032535435 0.1722993893 0.0000000000 0.2641098875 0.5448898864 0.4154019513 0.4321508117 0.2322801688 0.1914634057 0.5626835274 0.9992756602
0.6959699454 0.5990010678 0.0390887349 0.8649177590 0.0847899553 0.9459049172 0.3231094253 0.1075236600 0.2600870741 0.6175651147 0.2641098875 0.0000000000 0.3535342820 0.3179973528 0.1029513141 0.1282982774 0.7537790076 0.1117238783 0.7760959193
0.5595525802 0.7147223163 0.4694754889 0.3848680313 0.1585379944 0.7568285424 0.2797155436 0.4117877454 0.3159084655 0.7106397507 0.5448898864 0.3535342820 0.0000000000 0.8074852088 0.5185542057 0.0473751416 0.3593024340 0.6240106830 0.7656476115
0.6959348961 0.7224647459 0.4357223946 0.8116902460 0.6388718001 0.7788423704 0.8275599867 0.6210303146 0.6820290483 0.0341158357 0.4154019513 0.3179973528 0.8074852088 0.0000000000 0.5928578385 0.9769322525 0.7862322565 0.6973780607 0.7317926048
0.1363854267 0.6014556952 0.8957065907 0.6179851878 0.7715128527 0.5486712957 0.3441295903 0.1086617607 0.6702571527 0.1422885773 0.4321508117 0.1029513141 0.5185542057 0.5928578385 0.0000000000 0.3555426251 0.9386768980 0.2258397039 0.4267281590
0.7050691639 0.3150101481 0.9281066988 0.6305377487 0.3665786377 0.2070635398 0.8629008807 0.7926222550 0.1271524617 0.9178005229 0.2322801688 0.1282982774 0.0473751416 0.9769322525 0.3555426251 0.0000000000 0.9772000207 0.9291916318 0.1169383268
0.2200385392 0.4819068454 0.7059510727 0.6901546197 0.0647831156 0.0399410878 0.3285734270 0.6036932847 0.1063310129 0.7012770422 0.1914634057 0.7537790076 0.3593024340 0.7862322565 0.9386768980 0.9772000207 0.0000000000 0.6634416408 0.8274062428
0.5494589322 0.3659952065 0.3299116378 0.6357076663 0.4675999526 0.6699155460 0.1103000193 0.1926157705 0.2993347091 0.8525253925 0.5626835274 0.1117238783 0.6240106830 0.6973780607 0.2258397039 0.9291916318 0.6634416408 0.0000000000 0.2199397481
0.6704454818 0.6246030104 0.2444804568 0.6619147903 0.1934082490 0.9488708555 0.8199457342 0.4447027956 0.3583683107 0.3995216278 0.9992756602 0.7760959193 0.7656476115 0.7317926048 0.4267281590 0.1169383268 0.8274062428 0.2199397481 0.0000000000
