# Graph size: 19
# Optimal cost: 2.01223954857224

# Distance Matrix
0.0 0.4472037408376103 0.5314861239982559 0.49218206204825976 0.676143352226375 0.9213267325405621 0.9567906541361397 0.35935577784477757 0.5011623753446819 0.5901346113454957 0.12565624896740113 0.5187403631502469 0.6177029142650329 0.6765801544594969 0.8504765639569327 0.25926369641607294 0.7819279235649851 0.7271570651845948 0.5923644989597244
0.4472037408376103 0.0 0.9782838564522339 0.22228383252053963 0.039096789403233356 0.6280467611145792 0.14284010950463244 0.06104944373476273 0.27561552238408393 0.3707280027920329 0.5803269674850366 0.6480484973073789 0.9975134794881212 0.769760143554372 0.7844126557452457 0.5209121091234996 0.9497801641344437 0.8008656978265506 0.5480002151108807
0.5314861239982559 0.9782838564522339 0.0 0.933815688283937 0.33346032068802 0.6768288400531117 0.6422556660888676 0.1554051442379426 0.9658878929431861 0.5579813278770931 0.4492050011778931 0.026664678858696722 0.18649550787681413 0.22247495353136726 0.42512698068859 0.5907693170973918 0.6007599698388774 0.3682457733148665 0.022946780308940595
0.49218206204825976 0.22228383252053963 0.933815688283937 0.0 0.9595026776268166 0.2714447669292268 0.9617399714912884 0.23406117001698046 0.964610908353227 0.7641524736750437 0.3228848663417213 0.22350243170747142 0.5575019507260535 0.5333019603784227 0.4414526929366436 0.6270754980501505 0.36698855515833584 0.4949959250259316 0.35687910144372115
0.676143352226375 0.039096789403233356 0.33346032068802 0.9595026776268166 0.0 0.9550785824602963 0.3023128833193066 0.2748469204123718 0.30176213580465183 0.2044445220443657 0.5974789839872088 0.5416804804960331 0.7086814461469195 0.21961677127518964 0.2329589888166158 0.04213676043133685 0.1106418181586617 0.5621999275108814 0.24212796325714248
0.9213267325405621 0.6280467611145792 0.6768288400531117 0.2714447669292268 0.9550785824602963 0.0 0.4365424960429639 0.42735926720743267 0.6504019860664116 0.012320504023502377 0.8030271585327141 0.12277112466260609 0.7115116344758472 0.3241929891402169 0.7247093047198593 0.24356707654660215 0.6541304419742886 0.5381124223662913 0.20387937985784998
0.9567906541361397 0.14284010950463244 0.6422556660888676 0.9617399714912884 0.3023128833193066 0.4365424960429639 0.0 0.4042006805775088 0.3116065873664494 0.032583476622942587 0.2574580297886172 0.3707559854034652 0.6340932896941451 0.727263595930725 0.9396098962455123 0.014207571460843171 0.31388133166536125 0.28190506606079124 0.7102446304096428
0.35935577784477757 0.06104944373476273 0.1554051442379426 0.23406117001698046 0.2748469204123718 0.42735926720743267 0.4042006805775088 0.0 0.05302614633223224 0.01713223245943396 0.3526027510139246 0.5222382881702526 0.18574665280618174 0.8648646332124749 0.10801410785714927 0.7355599768854816 0.9260286452116957 0.05702328706894255 0.06075815968471965
0.5011623753446819 0.27561552238408393 0.9658878929431861 0.964610908353227 0.30176213580465183 0.6504019860664116 0.3116065873664494 0.05302614633223224 0.0 0.9830901756516294 0.6959044509056124 0.5656866083744364 0.15298882375519895 0.4107685193646431 0.5073228770251095 0.6369451515906595 0.9501766704913696 0.2938108705631082 0.867761712907844
0.5901346113454957 0.3707280027920329 0.5579813278770931 0.7641524736750437 0.2044445220443657 0.012320504023502377 0.032583476622942587 0.01713223245943396 0.9830901756516294 0.0 0.4357102558825078 0.7434230062065901 0.8910862501254574 0.382595726016432 0.5436881692630189 0.3381686694483439 0.5413466981922869 0.8950707571771894 0.1779820597249533
0.12565624896740113 0.5803269674850366 0.4492050011778931 0.3228848663417213 0.5974789839872088 0.8030271585327141 0.2574580297886172 0.3526027510139246 0.6959044509056124 0.4357102558825078 0.0 0.3159488958664385 0.42785405233748597 0.9041489639610834 0.9362604033801736 0.5958854269498269 0.14204944951326093 0.4311542407198944 0.5941574123334428
0.5187403631502469 0.6480484973073789 0.026664678858696722 0.22350243170747142 0.5416804804960331 0.12277112466260609 0.3707559854034652 0.5222382881702526 0.5656866083744364 0.7434230062065901 0.3159488958664385 0.0 0.19389519553606205 0.16226275544072066 0.46806068796820854 0.981546745626787 0.18013448532019838 0.6300609790780038 0.6334312489138376
0.6177029142650329 0.9975134794881212 0.18649550787681413 0.5575019507260535 0.7086814461469195 0.7115116344758472 0.6340932896941451 0.18574665280618174 0.15298882375519895 0.8910862501254574 0.42785405233748597 0.19389519553606205 0.0 0.24655763920837814 0.9689866147338309 0.3546860123918337 0.6864276660380139 0.8796776993088647 0.2409397736171538
0.6765801544594969 0.769760143554372 0.22247495353136726 0.5333019603784227 0.21961677127518964 0.3241929891402169 0.727263595930725 0.8648646332124749 0.4107685193646431 0.382595726016432 0.9041489639610834 0.16226275544072066 0.24655763920837814 0.0 0.8051335962520924 0.10497701883426958 0.7150145455859904 0.9919912384916687 0.9597773859729363
0.8504765639569327 0.7844126557452457 0.42512698068859 0.4414526929366436 0.2329589888166158 0.7247093047198593 0.9396098962455123 0.10801410785714927 0.5073228770251095 0.5436881692630189 0.9362604033801736 0.46806068796820854 0.9689866147338309 0.8051335962520924 0.0 0.021094076515041582 0.7517637822978593 0.43375281220287587 0.2750428400185573
0.25926369641607294 0.5209121091234996 0.5907693170973918 0.6270754980501505 0.04213676043133685 0.24356707654660215 0.014207571460843171 0.7355599768854816 0.6369451515906595 0.3381686694483439 0.5958854269498269 0.981546745626787 0.3546860123918337 0.10497701883426958 0.021094076515041582 0.0 0.4245227155016752 0.046158632992760684 0.7262218388861013
0.7819279235649851 0.9497801641344437 0.6007599698388774 0.36698855515833584 0.1106418181586617 0.6541304419742886 0.31388133166536125 0.9260286452116957 0.9501766704913696 0.5413466981922869 0.14204944951326093 0.18013448532019838 0.6864276660380139 0.7150145455859904 0.7517637822978593 0.4245227155016752 0.0 0.7074879009731422 0.6952738598382393
0.7271570651845948 0.8008656978265506 0.3682457733148665 0.4949959250259316 0.5621999275108814 0.5381124223662913 0.28190506606079124 0.05702328706894255 0.2938108705631082 0.8950707571771894 0.4311542407198944 0.6300609790780038 0.8796776993088647 0.9919912384916687 0.43375281220287587 0.046158632992760684 0.7074879009731422 0.0 0.11265181115495737
0.5923644989597244 0.5480002151108807 0.022946780308940595 0.35687910144372115 0.24212796325714248 0.20387937985784998 0.7102446304096428 0.06075815968471965 0.867761712907844 0.1779820597249533 0.5941574123334428 0.6334312489138376 0.2409397736171538 0.9597773859729363 0.2750428400185573 0.7262218388861013 0.6952738598382393 0.11265181115495737 0.0

# Optimal Walk
0 17 15 14 6 13 12 8 7 9 5 18 2 11 3 1 4 16 10 0
