# Graph size: 19
# Optimal cost: 1.8508779337288361

# Distance Matrix
0.0 0.8209585508909945 0.5193039586989321 0.4104706223944312 0.24539756585558392 0.6166335513791716 0.9576857846401213 0.13968564048136256 0.5873850661719562 0.45235153370478853 0.22472340448071249 0.42351932361299405 0.348968651468612 0.0836823028656819 0.4556495208414778 0.25307804880822127 0.8654031695230557 0.04807736379160632 0.6625523351181033
0.8209585508909945 0.0 0.4608229528862203 0.9382342372310751 0.4129933764197443 0.17083559436421514 0.07409768366882818 0.674422876786225 0.23074262183463168 0.48320799223922184 0.03433418917986697 0.8568967017658086 0.24477871347083513 0.21869324310281102 0.8466638620435517 0.8460696956913668 0.6274774564694945 0.9860667263977394 0.47563878836292406
0.5193039586989321 0.4608229528862203 0.0 0.36441197016235594 0.046074168930610115 0.7942876552069403 0.3349938840572012 0.8999398826180854 0.15127040784886236 0.8769111773053133 0.5328573635119643 0.8795358927929896 0.6621245472350948 0.6131273345351745 0.6285434111808617 0.20929660159853514 0.5811924684420491 0.5649893175793669 0.03303809994862772
0.4104706223944312 0.9382342372310751 0.36441197016235594 0.0 0.25664668060199813 0.7154857148513822 0.5185564149555081 0.8425153003496912 0.8577451045187422 0.6016665186706465 0.8160916545350766 0.33269630884927937 0.4737494352833942 0.13800038319790164 0.19711821243363525 0.5615939247360398 0.19079306965374443 0.7109384426192485 0.8280525455490101
0.24539756585558392 0.4129933764197443 0.046074168930610115 0.25664668060199813 0.0 0.5291572038283319 0.8610689207956123 0.3708036679143023 0.19329614366242143 0.12456070434034539 0.3162025970250536 0.6589061433786644 0.04508234620637086 0.6553582141162052 0.24913712871841176 0.017514608648084296 0.6650383076240732 0.09744713953169082 0.057039811451270905
0.6166335513791716 0.17083559436421514 0.7942876552069403 0.7154857148513822 0.5291572038283319 0.0 0.32446271110662217 0.27733616049477616 0.3307670324688965 0.665281672141847 0.9857700756689829 0.5714721494110939 0.5328817636044717 0.11132846002165186 0.1925100155174243 0.9421256961896869 0.5910714953632978 0.45742124021755204 0.4022570612137266
0.9576857846401213 0.07409768366882818 0.3349938840572012 0.5185564149555081 0.8610689207956123 0.32446271110662217 0.0 0.23421515252024083 0.8632873149336369 0.4222140136569946 0.8407989833361394 0.49318056838912394 0.8692979182983294 0.9740745280418136 0.8363999830378505 0.4636881205066036 0.5255840605072174 0.012543877176685148 0.09675269086775795
0.13968564048136256 0.674422876786225 0.8999398826180854 0.8425153003496912 0.3708036679143023 0.27733616049477616 0.23421515252024083 0.0 0.35436499554924183 0.3510136037764132 0.1794887920442927 0.6178587820103467 0.6918370314649213 0.6650557725842777 0.787770761428659 0.774428778086056 0.9242564321440735 0.17627045025916122 0.8327940953745808
0.5873850661719562 0.23074262183463168 0.15127040784886236 0.8577451045187422 0.19329614366242143 0.3307670324688965 0.8632873149336369 0.35436499554924183 0.0 0.282994433777255 0.8026698548619042 0.5160346851377792 0.06108468034007908 0.15177705362227556 0.467992208960885 0.21094508909915854 0.11009002675980228 0.43545805121074455 0.6020146643639672
0.45235153370478853 0.48320799223922184 0.8769111773053133 0.6016665186706465 0.12456070434034539 0.665281672141847 0.4222140136569946 0.3510136037764132 0.282994433777255 0.0 0.30706132833345956 0.804680514686782 0.5983489833228793 0.9627904792852939 0.36013266400623056 0.7983704730377086 0.5560596239750861 0.11790504130336665 0.788175902980347
0.22472340448071249 0.03433418917986697 0.5328573635119643 0.8160916545350766 0.3162025970250536 0.9857700756689829 0.8407989833361394 0.1794887920442927 0.8026698548619042 0.30706132833345956 0.0 0.8810669258142579 0.013614969009390632 0.21355184746139821 0.6462497769076241 0.44019317668441293 0.5470728624987083 0.1729992886916657 0.7279971602592361
0.42351932361299405 0.8568967017658086 0.8795358927929896 0.33269630884927937 0.6589061433786644 0.5714721494110939 0.49318056838912394 0.6178587820103467 0.5160346851377792 0.804680514686782 0.8810669258142579 0.0 0.758322942710025 0.9860458046357746 0.8049476130026151 0.5245033794843617 0.05800020243359438 0.04613236404708898 0.9204394578740981
0.348968651468612 0.24477871347083513 0.6621245472350948 0.4737494352833942 0.04508234620637086 0.5328817636044717 0.8692979182983294 0.6918370314649213 0.06108468034007908 0.5983489833228793 0.013614969009390632 0.758322942710025 0.0 0.9782451282897795 0.4632088475757742 0.8331144772466884 0.706401237706479 0.15838142481584505 0.33699539610580787
0.0836823028656819 0.21869324310281102 0.6131273345351745 0.13800038319790164 0.6553582141162052 0.11132846002165186 0.9740745280418136 0.6650557725842777 0.15177705362227556 0.9627904792852939 0.21355184746139821 0.9860458046357746 0.9782451282897795 0.0 0.7948792627118747 0.2845568194924655 0.9533639861186505 0.7760369307905025 0.9323748265919303
0.4556495208414778 0.8466638620435517 0.6285434111808617 0.19711821243363525 0.24913712871841176 0.1925100155174243 0.8363999830378505 0.787770761428659 0.467992208960885 0.36013266400623056 0.6462497769076241 0.8049476130026151 0.4632088475757742 0.7948792627118747 0.0 0.5963691403124505 0.6278219466562571 0.3954853993289853 0.597511737473169
0.25307804880822127 0.8460696956913668 0.20929660159853514 0.5615939247360398 0.017514608648084296 0.9421256961896869 0.4636881205066036 0.774428778086056 0.21094508909915854 0.7983704730377086 0.44019317668441293 0.5245033794843617 0.8331144772466884 0.2845568194924655 0.5963691403124505 0.0 0.4978293710682048 0.6229012106225907 0.9212090607879764
0.8654031695230557 0.6274774564694945 0.5811924684420491 0.19079306965374443 0.6650383076240732 0.5910714953632978 0.5255840605072174 0.9242564321440735 0.11009002675980228 0.5560596239750861 0.5470728624987083 0.05800020243359438 0.706401237706479 0.9533639861186505 0.6278219466562571 0.4978293710682048 0.0 0.0037728657219638917 0.2223269269670849
0.04807736379160632 0.9860667263977394 0.5649893175793669 0.7109384426192485 0.09744713953169082 0.45742124021755204 0.012543877176685148 0.17627045025916122 0.43545805121074455 0.11790504130336665 0.1729992886916657 0.04613236404708898 0.15838142481584505 0.7760369307905025 0.3954853993289853 0.6229012106225907 0.0037728657219638917 0.0 0.2927164329289007
0.6625523351181033 0.47563878836292406 0.03303809994862772 0.8280525455490101 0.057039811451270905 0.4022570612137266 0.09675269086775795 0.8327940953745808 0.6020146643639672 0.788175902980347 0.7279971602592361 0.9204394578740981 0.33699539610580787 0.9323748265919303 0.597511737473169 0.9212090607879764 0.2223269269670849 0.2927164329289007 0.0

# Optimal Walk
0 13 3 14 5 1 10 12 8 2 18 15 4 9 17 16 11 6 7 0
