# MCW Instance
# Type: UNIFORM
# N: 10
# Optimal cost: 1.86655728710027
# Optimal tour (permutation): [0, 5, 1, 4, 9, 8, 7, 3, 2, 6, 0]
# Optimal walk (full path): [0, 5, 1, 4, 9, 8, 7, 3, 0, 2, 6, 2, 0]
# Walk size: 13
# Is walk (has repeats): true

# Distance Matrix
0.0000000000 0.9492698541 0.0022202155 0.0014427111 0.6506601563 0.4423625576 0.4792038536 0.1804804160 0.9632023940 0.3161868117
0.9492698541 0.0000000000 0.8451731221 0.4688744310 0.1377469731 0.6216717555 0.3132734793 0.7529670035 0.3835542028 0.5035211106
0.0022202155 0.8451731221 0.0000000000 0.4179966743 0.5784114944 0.4797902764 0.0208577706 0.7206646360 0.4523810482 0.8491909884
0.0014427111 0.4688744310 0.4179966743 0.0000000000 0.6485946221 0.6498403067 0.7256884961 0.0951588081 0.8284581622 0.6671252678
0.6506601563 0.1377469731 0.5784114944 0.6485946221 0.0000000000 0.6312640571 0.2323040625 0.5489439627 0.5357188510 0.1814139049
0.4423625576 0.6216717555 0.4797902764 0.6498403067 0.6312640571 0.0000000000 0.5679805573 0.8250836967 0.5872766909 0.5335092098
0.4792038536 0.3132734793 0.0208577706 0.7256884961 0.2323040625 0.5679805573 0.0000000000 0.9511544822 0.1217557994 0.5320213527
0.1804804160 0.7529670035 0.7206646360 0.0951588081 0.5489439627 0.8250836967 0.9511544822 0.0000000000 0.1222319965 0.8949850371
0.9632023940 0.3835542028 0.4523810482 0.8284581622 0.5357188510 0.5872766909 0.1217557994 0.1222319965 0.0000000000 0.2183726080
0.3161868117 0.5035211106 0.8491909884 0.6671252678 0.1814139049 0.5335092098 0.5320213527 0.8949850371 0.2183726080 0.0000000000
