# MCW Instance
# Type: UNIFORM
# N: 10
# Optimal cost: 2.229795569616183
# Optimal tour (permutation): [0, 9, 4, 8, 1, 7, 6, 5, 3, 2, 0]
# Optimal walk (full path): [0, 9, 4, 8, 1, 8, 7, 6, 7, 5, 3, 2, 0]
# Walk size: 13
# Is walk (has repeats): true

# Distance Matrix
0.0000000000 0.8858665466 0.2290554658 0.8635469420 0.9040367606 0.9030361564 0.4317038283 0.6929532598 0.5989151513 0.4262806527
0.8858665466 0.0000000000 0.8112681595 0.6857270136 0.8413894894 0.5026344472 0.6662239225 0.9411453522 0.2146668191 0.5910248733
0.2290554658 0.8112681595 0.0000000000 0.2769112576 0.3745123052 0.3941768664 0.9139475413 0.8077143235 0.2124157846 0.6954273853
0.8635469420 0.6857270136 0.2769112576 0.0000000000 0.6796260129 0.0500389666 0.2156621799 0.8819847277 0.5377233617 0.5813145769
0.9040367606 0.8413894894 0.3745123052 0.6796260129 0.0000000000 0.6067253589 0.5046062271 0.5545250335 0.3146599652 0.1170239107
0.9030361564 0.5026344472 0.3941768664 0.0500389666 0.6067253589 0.0000000000 0.5825899213 0.1976135923 0.3445174689 0.7890668923
0.4317038283 0.6662239225 0.9139475413 0.2156621799 0.5046062271 0.5825899213 0.0000000000 0.0096965837 0.3054075813 0.4554729880
0.6929532598 0.9411453522 0.8077143235 0.8819847277 0.5545250335 0.1976135923 0.0096965837 0.0000000000 0.1694849531 0.6695375923
0.5989151513 0.2146668191 0.2124157846 0.5377233617 0.3146599652 0.3445174689 0.3054075813 0.1694849531 0.0000000000 0.7835386617
0.4262806527 0.5910248733 0.6954273853 0.5813145769 0.1170239107 0.7890668923 0.4554729880 0.6695375923 0.7835386617 0.0000000000
