# Graph size: 10
# Optimal cost: 2.0405237612569724

# Distance Matrix
0.0 0.03149861749014282 0.5220210031129908 0.38765226303908706 0.018260054986542595 0.6439595691899033 0.8587889715055782 0.9934839565029014 0.3195104820101198 0.40902034179608293
0.03149861749014282 0.0 0.346856702630859 0.7826298238365622 0.7982609369570429 0.7731907848972593 0.14074877425950316 0.8856029945106035 0.5978621312556328 0.2009749635686704
0.5220210031129908 0.346856702630859 0.0 0.7615922297133232 0.6998350319617316 0.7051975075987426 0.28672969881069954 0.8878817894641687 0.46674122300099463 0.5170990455151308
0.38765226303908706 0.7826298238365622 0.7615922297133232 0.0 0.44031579196544535 0.303144724926273 0.9858259996657822 0.6187314077436464 0.4685934511573844 0.26909017591983775
0.018260054986542595 0.7982609369570429 0.6998350319617316 0.44031579196544535 0.0 0.24539987987039935 0.3320806653250499 0.48516597675220163 0.6797425898557643 0.37545651245811706
0.6439595691899033 0.7731907848972593 0.7051975075987426 0.303144724926273 0.24539987987039935 0.0 0.8202224443868366 0.9723764042061792 0.9702222763434968 0.7354837213865896
0.8587889715055782 0.14074877425950316 0.28672969881069954 0.9858259996657822 0.3320806653250499 0.8202224443868366 0.0 0.7918334553500549 0.4924140929634725 0.9032506815800355
0.9934839565029014 0.8856029945106035 0.8878817894641687 0.6187314077436464 0.48516597675220163 0.9723764042061792 0.7918334553500549 0.0 0.13846058645645065 0.14045002553612917
0.3195104820101198 0.5978621312556328 0.46674122300099463 0.4685934511573844 0.6797425898557643 0.9702222763434968 0.4924140929634725 0.13846058645645065 0.0 0.4984894623376551
0.40902034179608293 0.2009749635686704 0.5170990455151308 0.26909017591983775 0.37545651245811706 0.7354837213865896 0.9032506815800355 0.14045002553612917 0.4984894623376551 0.0

# Optimal Walk
0 4 5 3 9 7 8 2 6 1 0
