# Graph size: 10
# Optimal cost: 1.523847192229244

# Distance Matrix
0.0 0.597223311477236 0.4156242364800409 0.7782416201610032 0.10207988174025873 0.34160263409061953 0.5572162086308622 0.1779970464423174 0.9691708763901034 0.07825175950426877
0.597223311477236 0.0 0.5903986044991388 0.3371581249487099 0.5712199781126893 0.40139766603583726 0.9061584895372929 0.4414936889579888 0.0033902303114736743 0.3631584940675687
0.4156242364800409 0.5903986044991388 0.0 0.8374336192344394 0.4967986554964946 0.4861827806340778 0.40688570594810447 0.7037038062325682 0.35262600877744044 0.29865489162784375
0.7782416201610032 0.3371581249487099 0.8374336192344394 0.0 0.5807197547335724 0.6241763338114595 0.028464146183159955 0.7286601121131784 0.11512981334348449 0.34861875158416755
0.10207988174025873 0.5712199781126893 0.4967986554964946 0.5807197547335724 0.0 0.07114998339245848 0.26621529631410645 0.9335598034261968 0.8168077905938704 0.6732846079770733
0.34160263409061953 0.40139766603583726 0.4861827806340778 0.6241763338114595 0.07114998339245848 0.0 0.8686383421286457 0.4319049587500339 0.15072585274584538 0.06464477015048464
0.5572162086308622 0.9061584895372929 0.40688570594810447 0.028464146183159955 0.26621529631410645 0.8686383421286457 0.0 0.7598893526905258 0.9103939562423433 0.30805161513893264
0.1779970464423174 0.4414936889579888 0.7037038062325682 0.7286601121131784 0.9335598034261968 0.4319049587500339 0.7598893526905258 0.0 0.25206049277818476 0.8915874496497024
0.9691708763901034 0.0033902303114736743 0.35262600877744044 0.11512981334348449 0.8168077905938704 0.15072585274584538 0.9103939562423433 0.25206049277818476 0.0 0.370553767185998
0.07825175950426877 0.3631584940675687 0.29865489162784375 0.34861875158416755 0.6732846079770733 0.06464477015048464 0.30805161513893264 0.8915874496497024 0.370553767185998 0.0

# Optimal Walk
0 7 8 1 3 6 2 9 5 4 0
