# Graph size: 10
# Optimal cost: 1.9250733657242374

# Distance Matrix
0.0 0.2832013414171848 0.6899149365114146 0.5996282869072466 0.17804889852175876 0.5765195435354331 0.7242902923617635 0.1401652425898957 0.7656911304899545 0.717057945416065
0.2832013414171848 0.0 0.6286098009547028 0.9200574118232924 0.1639934449720304 0.1912361438805934 0.5300792355077769 0.6597673457746545 0.15739065749733816 0.6596839688971019
0.6899149365114146 0.6286098009547028 0.0 0.8633732357889166 0.38066072675214047 0.567813328613282 0.4492557288824983 0.27597695247544984 0.3280168291888551 0.7654832645206215
0.5996282869072466 0.9200574118232924 0.8633732357889166 0.0 0.01086568612826222 0.4472019490076331 0.8361941261002178 0.022475969009136176 0.3507435983268946 0.07188377862517281
0.17804889852175876 0.1639934449720304 0.38066072675214047 0.01086568612826222 0.0 0.0698190910465305 0.4683576816944748 0.990560996113148 0.28418192941472986 0.638343172003216
0.5765195435354331 0.1912361438805934 0.567813328613282 0.4472019490076331 0.0698190910465305 0.0 0.5722438116556525 0.840979890686014 0.3525676685608642 0.9260397379320198
0.7242902923617635 0.5300792355077769 0.4492557288824983 0.8361941261002178 0.4683576816944748 0.5722438116556525 0.0 0.27191521766088644 0.4835277421941564 0.5639988277570104
0.1401652425898957 0.6597673457746545 0.27597695247544984 0.022475969009136176 0.990560996113148 0.840979890686014 0.27191521766088644 0.0 0.6054887612982426 0.09816667597427042
0.7656911304899545 0.15739065749733816 0.3280168291888551 0.3507435983268946 0.28418192941472986 0.3525676685608642 0.4835277421941564 0.6054887612982426 0.0 0.7473036228817923
0.717057945416065 0.6596839688971019 0.7654832645206215 0.07188377862517281 0.638343172003216 0.9260397379320198 0.5639988277570104 0.09816667597427042 0.7473036228817923 0.0

# Optimal Walk
0 7 6 2 8 1 5 4 9 3 0
