# MCW Instance
# Type: UNIFORM
# N: 10
# Optimal cost: 1.114794164345264
# Optimal tour (permutation): [0, 6, 7, 8, 3, 9, 5, 2, 1, 4, 0]
# Optimal walk (full path): [0, 6, 7, 8, 3, 9, 5, 2, 6, 1, 6, 0, 4, 0]
# Walk size: 14
# Is walk (has repeats): true

# Distance Matrix
0.0000000000 0.7166133246 0.3008260536 0.3337900942 0.0511404160 0.7762758584 0.0881046160 0.9565104621 0.7424543109 0.4600505033
0.7166133246 0.0000000000 0.9259108114 0.2591512849 0.8332559883 0.3575931643 0.0038163642 0.6048502182 0.7745470411 0.9674473930
0.3008260536 0.9259108114 0.0000000000 0.7339056557 0.2494572470 0.2265366975 0.0666524246 0.4441117681 0.2695806815 0.9887794001
0.3337900942 0.2591512849 0.7339056557 0.0000000000 0.7151181206 0.7244846887 0.5548584442 0.0904621221 0.0586150439 0.0836487549
0.0511404160 0.8332559883 0.2494572470 0.7151181206 0.0000000000 0.4545727508 0.7063990338 0.6420807538 0.5971204966 0.7322036761
0.7762758584 0.3575931643 0.2265366975 0.7244846887 0.4545727508 0.0000000000 0.7293304785 0.7740436266 0.7848221009 0.3262425043
0.0881046160 0.0038163642 0.0666524246 0.5548584442 0.7063990338 0.7293304785 0.0000000000 0.0254124179 0.5933184822 0.0420397071
0.9565104621 0.6048502182 0.4441117681 0.0904621221 0.6420807538 0.7740436266 0.0254124179 0.0000000000 0.0415635288 0.6273211958
0.7424543109 0.7745470411 0.2695806815 0.0586150439 0.5971204966 0.7848221009 0.5933184822 0.0415635288 0.0000000000 0.8807286063
0.4600505033 0.9674473930 0.9887794001 0.0836487549 0.7322036761 0.3262425043 0.0420397071 0.6273211958 0.8807286063 0.0000000000
