# MCW Instance
# Type: UNIFORM
# N: 10
# Optimal cost: 0.9415919969276398
# Optimal tour (permutation): [0, 8, 5, 1, 7, 9, 4, 2, 6, 3, 0]
# Optimal walk (full path): [0, 8, 5, 8, 1, 7, 4, 9, 4, 2, 6, 3, 0]
# Walk size: 13
# Is walk (has repeats): true

# Distance Matrix
0.0000000000 0.9246694029 0.7693508000 0.0130155415 0.5990610232 0.7669671751 0.5724433554 0.3994313884 0.2195573980 0.8747864808
0.9246694029 0.0000000000 0.4816575857 0.6924591696 0.2007003146 0.2882296237 0.4464762476 0.0509751794 0.0823024765 0.9451832270
0.7693508000 0.4816575857 0.0000000000 0.2986736956 0.0874767348 0.6850035209 0.1777078630 0.3182525386 0.2766083662 0.5201250477
0.0130155415 0.6924591696 0.2986736956 0.0000000000 0.1628964690 0.4585379129 0.0190997260 0.8717600376 0.8787690323 0.4931554079
0.5990610232 0.2007003146 0.0874767348 0.1628964690 0.0000000000 0.5254524187 0.5096233522 0.0386229806 0.7470325684 0.1221894356
0.7669671751 0.2882296237 0.6850035209 0.4585379129 0.5254524187 0.0000000000 0.5312293480 0.6813596315 0.0042276130 0.8032074427
0.5724433554 0.4464762476 0.1777078630 0.0190997260 0.5096233522 0.5312293480 0.0000000000 0.4032506925 0.5806594585 0.6473038003
0.3994313884 0.0509751794 0.3182525386 0.8717600376 0.0386229806 0.6813596315 0.4032506925 0.0000000000 0.8497487463 0.8744527463
0.2195573980 0.0823024765 0.2766083662 0.8787690323 0.7470325684 0.0042276130 0.5806594585 0.8497487463 0.0000000000 0.4024797313
0.8747864808 0.9451832270 0.5201250477 0.4931554079 0.1221894356 0.8032074427 0.6473038003 0.8744527463 0.4024797313 0.0000000000
