# Graph size: 10
# Optimal cost: 1.5174602822765801

# Distance Matrix
0.0 0.5130520582791072 0.035666676783302154 0.24246337829995745 0.3947381813026035 0.2834780024615723 0.5224687373049883 0.6321631888348028 0.9566544749156389 0.6991477761938826
0.5130520582791072 0.0 0.17472955244594357 0.9515767362515726 0.4399288106938116 0.8332706737719846 0.15734648509659865 0.401304047167518 0.07909966473845731 0.1705636929479808
0.035666676783302154 0.17472955244594357 0.0 0.8716677483875421 0.0012991234104039462 0.849102135234014 0.37420003070548347 0.5607218741612171 0.7147410327556015 0.2692969668949533
0.24246337829995745 0.9515767362515726 0.8716677483875421 0.0 0.2106412551508714 0.674358587061603 0.736151566111947 0.9245796557576698 0.4929792919711439 0.5631795792585145
0.3947381813026035 0.4399288106938116 0.0012991234104039462 0.2106412551508714 0.0 0.004092802489631953 0.49168616690486244 0.37314107095324667 0.8914259985706832 0.7341291227895843
0.2834780024615723 0.8332706737719846 0.849102135234014 0.674358587061603 0.004092802489631953 0.0 0.7707257275692417 0.5642851341124802 0.011529366075999303 0.7843404064155348
0.5224687373049883 0.15734648509659865 0.37420003070548347 0.736151566111947 0.49168616690486244 0.7707257275692417 0.0 0.4651353100431155 0.10694626338187307 0.4268209542508544
0.6321631888348028 0.401304047167518 0.5607218741612171 0.9245796557576698 0.37314107095324667 0.5642851341124802 0.4651353100431155 0.0 0.9635240212472247 0.2276643756880603
0.9566544749156389 0.07909966473845731 0.7147410327556015 0.4929792919711439 0.8914259985706832 0.011529366075999303 0.10694626338187307 0.9635240212472247 0.0 0.10596031869820999
0.6991477761938826 0.1705636929479808 0.2692969668949533 0.5631795792585145 0.7341291227895843 0.7843404064155348 0.4268209542508544 0.2276643756880603 0.10596031869820999 0.0

# Optimal Walk
0 3 4 6 1 9 7 8 5 2 0
