# MCW Instance
# Type: UNIFORM
# N: 10
# Optimal cost: 1.7696422931182174
# Optimal tour (permutation): [0, 4, 2, 8, 9, 7, 5, 3, 6, 1, 0]
# Optimal walk (full path): [0, 2, 4, 2, 8, 9, 5, 7, 5, 3, 5, 1, 6, 1, 0]
# Walk size: 15
# Is walk (has repeats): true

# Distance Matrix
0.0000000000 0.3020853087 0.2403838592 0.6453837175 0.5279265187 0.2508975093 0.3729411605 0.5853207838 0.7114060150 0.8765558333
0.3020853087 0.0000000000 0.5760932378 0.3235257885 0.7842503833 0.1635110852 0.0203133533 0.3424134923 0.3140535667 0.3611137026
0.2403838592 0.5760932378 0.0000000000 0.9019012698 0.1295762916 0.3289105856 0.4755453928 0.1284813850 0.2181667865 0.6246889913
0.6453837175 0.3235257885 0.9019012698 0.0000000000 0.3358943720 0.0966880582 0.9054432197 0.3755622241 0.8528124809 0.7012282629
0.5279265187 0.7842503833 0.1295762916 0.3358943720 0.0000000000 0.5926227829 0.5312335617 0.8079198936 0.7858018824 0.6745409987
0.2508975093 0.1635110852 0.3289105856 0.0966880582 0.5926227829 0.0000000000 0.4461937405 0.0130991165 0.3488978315 0.1742153818
0.3729411605 0.0203133533 0.4755453928 0.9054432197 0.5312335617 0.4461937405 0.0000000000 0.6795196659 0.9610464261 0.9512744270
0.5853207838 0.3424134923 0.1284813850 0.3755622241 0.8079198936 0.0130991165 0.6795196659 0.0000000000 0.8652640403 0.9281346363
0.7114060150 0.3140535667 0.2181667865 0.8528124809 0.7858018824 0.3488978315 0.9610464261 0.8652640403 0.0000000000 0.1519262324
0.8765558333 0.3611137026 0.6246889913 0.7012282629 0.6745409987 0.1742153818 0.9512744270 0.9281346363 0.1519262324 0.0000000000
