# Graph size: 10
# Optimal cost: 1.7402116435167156

# Distance Matrix
0.0 0.6886094934175108 0.28556111590791733 0.18102298733930555 0.7299616923811681 0.884400348117152 0.10126456429043462 0.19641017383902726 0.6229507153056648 0.41507277657030717
0.6886094934175108 0.0 0.7179645118129301 0.3648093237037998 0.5291409625224194 0.7940482433658523 0.7337100523886648 0.3319296563675376 0.9477748574536371 0.06899610906993281
0.28556111590791733 0.7179645118129301 0.0 0.14792016812484066 0.6344398198782597 0.009737864888182624 0.20021983941931643 0.4483435553245789 0.63551799285836 0.4058197716723837
0.18102298733930555 0.3648093237037998 0.14792016812484066 0.0 0.06454779218990647 0.6674942734560395 0.11326531782970273 0.1962101494068883 0.948284509307134 0.7850584753733303
0.7299616923811681 0.5291409625224194 0.6344398198782597 0.06454779218990647 0.0 0.8621209209172267 0.26883669337835947 0.20625461935224376 0.7678066772495249 0.2465177337666984
0.884400348117152 0.7940482433658523 0.009737864888182624 0.6674942734560395 0.8621209209172267 0.0 0.5198190278208115 0.35869891703394463 0.4848349199869897 0.5063704664036764
0.10126456429043462 0.7337100523886648 0.20021983941931643 0.11326531782970273 0.26883669337835947 0.5198190278208115 0.0 0.6662247302913237 0.2737577276888674 0.7134977884844375
0.19641017383902726 0.3319296563675376 0.4483435553245789 0.1962101494068883 0.20625461935224376 0.35869891703394463 0.6662247302913237 0.0 0.7555880750416475 0.9694785786447929
0.6229507153056648 0.9477748574536371 0.63551799285836 0.948284509307134 0.7678066772495249 0.4848349199869897 0.2737577276888674 0.7555880750416475 0.0 0.24050416074866976
0.41507277657030717 0.06899610906993281 0.4058197716723837 0.7850584753733303 0.2465177337666984 0.5063704664036764 0.7134977884844375 0.9694785786447929 0.24050416074866976 0.0

# Optimal Walk
0 6 8 9 1 7 4 3 2 5 0
