# Graph size: 10
# Optimal cost: 1.6195519589922784

# Distance Matrix
0.0 0.49953594440405613 0.623039145747986 0.6066262075509435 0.6370408289139793 0.66114461283139 0.229871739996806 0.023150312677681528 0.3039536965858425 0.4040995930732306
0.49953594440405613 0.0 0.05758696257105078 0.34527378013456456 0.5639485117853809 0.9259987686899019 0.3379685242445475 0.5110661338643985 0.4696243617880145 0.8441456843317763
0.623039145747986 0.05758696257105078 0.0 0.41803329087712493 0.5140757069982642 0.618133156818082 0.8115823854744953 0.17512624565308188 0.8186909719924238 0.7762662349572228
0.6066262075509435 0.34527378013456456 0.41803329087712493 0.0 0.5609492562375957 0.5906543116536216 0.5483145085535029 0.0517688418287513 0.6445126540676195 0.6113958448243295
0.6370408289139793 0.5639485117853809 0.5140757069982642 0.5609492562375957 0.0 0.0628354266175356 0.5449942495656598 0.2803032380336197 0.7954868282963677 0.6991125591450487
0.66114461283139 0.9259987686899019 0.618133156818082 0.5906543116536216 0.0628354266175356 0.0 0.4237996601969163 0.1371588776415874 0.1395983926719052 0.38665673267978606
0.229871739996806 0.3379685242445475 0.8115823854744953 0.5483145085535029 0.5449942495656598 0.4237996601969163 0.0 0.4046245030175595 0.5955683403140258 0.9144847583076708
0.023150312677681528 0.5110661338643985 0.17512624565308188 0.0517688418287513 0.2803032380336197 0.1371588776415874 0.4046245030175595 0.0 0.5704278794461947 0.6939804891145906
0.3039536965858425 0.4696243617880145 0.8186909719924238 0.6445126540676195 0.7954868282963677 0.1395983926719052 0.5955683403140258 0.5704278794461947 0.0 0.006562548164775972
0.4040995930732306 0.8441456843317763 0.7762662349572228 0.6113958448243295 0.6991125591450487 0.38665673267978606 0.9144847583076708 0.6939804891145906 0.006562548164775972 0.0

# Optimal Walk
0 6 1 2 9 8 4 5 7 3 0
