# Graph size: 10
# Optimal cost: 3.009889484368561

# Distance Matrix
0.0 0.5651102933771951 0.21231548670778955 0.19972134788959428 0.7867217321968404 0.8298045277068599 0.8159498409257868 0.6044819429978219 0.3133096743096828 0.7980967071461632
0.5651102933771951 0.0 0.8658796695628546 0.9885225205772493 0.4916352855317372 0.8260857237051284 0.5724439164762951 0.8300772734327665 0.9082963539507907 0.624811931299069
0.21231548670778955 0.8658796695628546 0.0 0.2582481726435263 0.10086470659635771 0.072750403246715 0.9729586724420407 0.39539914830561107 0.6830935101130889 0.42529074168571723
0.19972134788959428 0.9885225205772493 0.2582481726435263 0.0 0.16061874341515425 0.9304213930915421 0.46041945347347024 0.42483464715386954 0.13217355370423123 0.7450317897580954
0.7867217321968404 0.4916352855317372 0.10086470659635771 0.16061874341515425 0.0 0.4693586156688043 0.7526868281495279 0.7035601009905287 0.35973580928259785 0.17051364616024056
0.8298045277068599 0.8260857237051284 0.072750403246715 0.9304213930915421 0.4693586156688043 0.0 0.8178557622987296 0.4176764328541248 0.2772483557311106 0.8530710984417559
0.8159498409257868 0.5724439164762951 0.9729586724420407 0.46041945347347024 0.7526868281495279 0.8178557622987296 0.0 0.43016416954245706 0.5714038600128296 0.6840319936503707
0.6044819429978219 0.8300772734327665 0.39539914830561107 0.42483464715386954 0.7035601009905287 0.4176764328541248 0.43016416954245706 0.0 0.4213799194990968 0.7193092912916841
0.3133096743096828 0.9082963539507907 0.6830935101130889 0.13217355370423123 0.35973580928259785 0.2772483557311106 0.5714038600128296 0.4213799194990968 0.0 0.6987000086728692
0.7980967071461632 0.624811931299069 0.42529074168571723 0.7450317897580954 0.17051364616024056 0.8530710984417559 0.6840319936503707 0.7193092912916841 0.6987000086728692 0.0

# Optimal Walk
0 3 8 7 6 1 9 4 5 2 0
