# Graph size: 10
# Optimal cost: 1.2818026733261116

# Distance Matrix
0.0 0.3278545286255775 0.6444867722783753 0.035061106824508026 0.43600566155393183 0.06479083484060966 0.8044126038997651 0.0625098837919783 0.6063348110159864 0.7425471892248497
0.3278545286255775 0.0 0.3645092135863678 0.3586451834627621 0.04122294258852388 0.2877785381693907 0.26512839775758446 0.20145408561748468 0.2887714392050271 0.43097164285249756
0.6444867722783753 0.3645092135863678 0.0 0.4457212824512774 0.11506301303403266 0.7393842475370794 0.12903579454146685 0.7360846096086366 0.22875686492734337 0.09909164579995111
0.035061106824508026 0.3586451834627621 0.4457212824512774 0.0 0.16086773413496336 0.7248801762208169 0.06850937812842095 0.5055676145675786 0.5011465644312948 0.6103403813894218
0.43600566155393183 0.04122294258852388 0.11506301303403266 0.16086773413496336 0.0 0.8750495294841885 0.8625549636440359 0.7504649904571704 0.18748765562526404 0.7309651325972056
0.06479083484060966 0.2877785381693907 0.7393842475370794 0.7248801762208169 0.8750495294841885 0.0 0.25845094050285555 0.8540051209239522 0.8068589340737233 0.7490713922109066
0.8044126038997651 0.26512839775758446 0.12903579454146685 0.06850937812842095 0.8625549636440359 0.25845094050285555 0.0 0.6560962783522988 0.57631892668629 0.3516409432171518
0.0625098837919783 0.20145408561748468 0.7360846096086366 0.5055676145675786 0.7504649904571704 0.8540051209239522 0.6560962783522988 0.0 0.32524895597371684 0.3933481833748411
0.6063348110159864 0.2887714392050271 0.22875686492734337 0.5011465644312948 0.18748765562526404 0.8068589340737233 0.57631892668629 0.32524895597371684 0.0 0.7163743709904695
0.7425471892248497 0.43097164285249756 0.09909164579995111 0.6103403813894218 0.7309651325972056 0.7490713922109066 0.3516409432171518 0.3933481833748411 0.7163743709904695 0.0

# Optimal Walk
0 5 7 1 4 8 9 2 6 3 0
