# MCW Instance
# Type: UNIFORM
# N: 10
# Optimal cost: 1.7402116435167156
# Optimal tour (permutation): [0, 6, 8, 9, 1, 7, 4, 3, 2, 5, 0]
# Optimal walk (full path): [0, 6, 8, 9, 1, 7, 4, 3, 2, 5, 2, 0]
# Walk size: 12
# Is walk (has repeats): true

# Distance Matrix
0.0000000000 0.6886094934 0.2855611159 0.1810229873 0.7299616924 0.8844003481 0.1012645643 0.1964101738 0.6229507153 0.4150727766
0.6886094934 0.0000000000 0.7179645118 0.3648093237 0.5291409625 0.7940482434 0.7337100524 0.3319296564 0.9477748575 0.0689961091
0.2855611159 0.7179645118 0.0000000000 0.1479201681 0.6344398199 0.0097378649 0.2002198394 0.4483435553 0.6355179929 0.4058197717
0.1810229873 0.3648093237 0.1479201681 0.0000000000 0.0645477922 0.6674942735 0.1132653178 0.1962101494 0.9482845093 0.7850584754
0.7299616924 0.5291409625 0.6344398199 0.0645477922 0.0000000000 0.8621209209 0.2688366934 0.2062546194 0.7678066772 0.2465177338
0.8844003481 0.7940482434 0.0097378649 0.6674942735 0.8621209209 0.0000000000 0.5198190278 0.3586989170 0.4848349200 0.5063704664
0.1012645643 0.7337100524 0.2002198394 0.1132653178 0.2688366934 0.5198190278 0.0000000000 0.6662247303 0.2737577277 0.7134977885
0.1964101738 0.3319296564 0.4483435553 0.1962101494 0.2062546194 0.3586989170 0.6662247303 0.0000000000 0.7555880750 0.9694785786
0.6229507153 0.9477748575 0.6355179929 0.9482845093 0.7678066772 0.4848349200 0.2737577277 0.7555880750 0.0000000000 0.2405041607
0.4150727766 0.0689961091 0.4058197717 0.7850584754 0.2465177338 0.5063704664 0.7134977885 0.9694785786 0.2405041607 0.0000000000
