# MCW Instance
# Type: UNIFORM
# N: 10
# Optimal cost: 1.1427605128267018
# Optimal tour (permutation): [0, 4, 7, 8, 6, 2, 1, 9, 5, 3, 0]
# Optimal walk (full path): [0, 4, 7, 8, 2, 6, 2, 8, 1, 9, 5, 3, 5, 0]
# Walk size: 14
# Is walk (has repeats): true

# Distance Matrix
0.0000000000 0.7522676723 0.4916993889 0.8035790471 0.2666951984 0.1407237237 0.7083230348 0.1283880609 0.7358037326 0.9044476894
0.7522676723 0.0000000000 0.1386523234 0.5496326870 0.7711574371 0.2716112165 0.2662247882 0.5379212194 0.0229544932 0.0537311182
0.4916993889 0.1386523234 0.0000000000 0.7575130439 0.7633127337 0.8400611763 0.0343370294 0.9492493220 0.0032612436 0.6282554097
0.8035790471 0.5496326870 0.7575130439 0.0000000000 0.8753863193 0.1313064752 0.2074819493 0.4065073157 0.7926769422 0.2096378813
0.2666951984 0.7711574371 0.7633127337 0.8753863193 0.0000000000 0.4206981132 0.6150385748 0.2212363447 0.6550691073 0.4995784948
0.1407237237 0.2716112165 0.8400611763 0.1313064752 0.4206981132 0.0000000000 0.4408156929 0.4426404988 0.9962720902 0.0767764506
0.7083230348 0.2662247882 0.0343370294 0.2074819493 0.6150385748 0.4408156929 0.0000000000 0.6692971008 0.6784443453 0.4990427040
0.1283880609 0.5379212194 0.9492493220 0.4065073157 0.2212363447 0.4426404988 0.6692971008 0.0000000000 0.0228336875 0.3456676210
0.7358037326 0.0229544932 0.0032612436 0.7926769422 0.6550691073 0.9962720902 0.6784443453 0.0228336875 0.0000000000 0.4673806362
0.9044476894 0.0537311182 0.6282554097 0.2096378813 0.4995784948 0.0767764506 0.4990427040 0.3456676210 0.4673806362 0.0000000000
