# MCW Instance
# Type: UNIFORM
# N: 10
# Optimal cost: 1.890403829146996
# Optimal tour (permutation): [0, 8, 4, 5, 9, 2, 6, 1, 7, 3, 0]
# Optimal walk (full path): [0, 8, 4, 1, 6, 5, 6, 9, 2, 6, 1, 7, 3, 7, 0]
# Walk size: 15
# Is walk (has repeats): true

# Distance Matrix
0.0000000000 0.1760130198 0.8996130323 0.6808529383 0.1506296404 0.3478279334 0.6892153536 0.1197375092 0.1756164470 0.7476547538
0.1760130198 0.0000000000 0.9992087271 0.4558436688 0.0702274237 0.5486405741 0.0397452548 0.1421728087 0.8044719261 0.2888743151
0.8996130323 0.9992087271 0.0000000000 0.9093302467 0.5207576863 0.5292191554 0.2692900139 0.6944402022 0.4921002156 0.3151064353
0.6808529383 0.4558436688 0.9093302467 0.0000000000 0.9318412728 0.9922603687 0.7981964519 0.1018137235 0.8637298172 0.8668262065
0.1506296404 0.0702274237 0.5207576863 0.9318412728 0.0000000000 0.3271385569 0.1497272440 0.6681965300 0.1951423709 0.7076346003
0.3478279334 0.5486405741 0.5292191554 0.9922603687 0.3271385569 0.0000000000 0.1229286624 0.3183612876 0.3373916303 0.6033892152
0.6892153536 0.0397452548 0.2692900139 0.7981964519 0.1497272440 0.1229286624 0.0000000000 0.3006108653 0.7678231222 0.0741355392
0.1197375092 0.1421728087 0.6944402022 0.1018137235 0.6681965300 0.3183612876 0.3006108653 0.0000000000 0.5401385613 0.3134352966
0.1756164470 0.8044719261 0.4921002156 0.8637298172 0.1951423709 0.3373916303 0.7678231222 0.5401385613 0.0000000000 0.5302098216
0.7476547538 0.2888743151 0.3151064353 0.8668262065 0.7076346003 0.6033892152 0.0741355392 0.3134352966 0.5302098216 0.0000000000
