# MCW Instance
# Type: UNIFORM
# N: 10
# Optimal cost: 1.6295685233839396
# Optimal tour (permutation): [0, 8, 1, 6, 9, 4, 5, 3, 2, 7, 0]
# Optimal walk (full path): [0, 8, 1, 6, 9, 4, 5, 3, 5, 4, 9, 2, 7, 0]
# Walk size: 14
# Is walk (has repeats): true

# Distance Matrix
0.0000000000 0.2992941697 0.5481613647 0.4370296566 0.5000422207 0.1219044135 0.8464072340 0.2600570827 0.1404188920 0.5440433849
0.2992941697 0.0000000000 0.8288246671 0.6847547407 0.1960550333 0.9233101971 0.0308720412 0.4832155492 0.1985916890 0.2209263894
0.5481613647 0.8288246671 0.0000000000 0.5539526111 0.4421847275 0.7338632781 0.4387212482 0.3186966457 0.5473561650 0.2793018548
0.4370296566 0.6847547407 0.5539526111 0.0000000000 0.4890403919 0.0588831668 0.9724335983 0.7393938959 0.3743172121 0.5667742478
0.5000422207 0.1960550333 0.4421847275 0.4890403919 0.0000000000 0.0822154790 0.3545127408 0.4133981032 0.5375481594 0.0349393746
0.1219044135 0.9233101971 0.7338632781 0.0588831668 0.0822154790 0.0000000000 0.6359897335 0.3933144259 0.7286829113 0.7263477035
0.8464072340 0.0308720412 0.4387212482 0.9724335983 0.3545127408 0.6359897335 0.0000000000 0.9890752047 0.9480448522 0.0495542772
0.2600570827 0.4832155492 0.3186966457 0.7393938959 0.4133981032 0.3933144259 0.9890752047 0.0000000000 0.7564138963 0.7254803699
0.1404188920 0.1985916890 0.5473561650 0.3743172121 0.5375481594 0.7286829113 0.9480448522 0.7564138963 0.0000000000 0.1699144566
0.5440433849 0.2209263894 0.2793018548 0.5667742478 0.0349393746 0.7263477035 0.0495542772 0.7254803699 0.1699144566 0.0000000000
