# Graph size: 10
# Optimal cost: 1.2225076176173353

# Distance Matrix
0.0 0.11901814293481128 0.8015310145137234 0.6609247475725567 0.5031563548136295 0.3737381943922944 0.7682544604759458 0.3763079033167509 0.10146763782317925 0.30591576027820955
0.11901814293481128 0.0 0.14800212197118257 0.7245932146045572 0.2219423216812909 0.878752529404682 0.010594225881573327 0.9213928911497075 0.13488401435181852 0.36441055972561465
0.8015310145137234 0.14800212197118257 0.0 0.5299897955160798 0.796245096771197 0.04157170019647172 0.012586968344854732 0.4230994572463501 0.4161259511209917 0.4213984362885992
0.6609247475725567 0.7245932146045572 0.5299897955160798 0.0 0.3619422548250911 0.5938069332951003 0.5903560268311905 0.29504914308730135 0.796707750527444 0.1794955316703647
0.5031563548136295 0.2219423216812909 0.796245096771197 0.3619422548250911 0.0 0.05112116737603145 0.9999398683079169 0.2798993739652762 0.25303977677504985 0.4485541188727512
0.3737381943922944 0.878752529404682 0.04157170019647172 0.5938069332951003 0.05112116737603145 0.0 0.7704294794801383 0.8049160923510534 0.020136244767294587 0.4253002734126945
0.7682544604759458 0.010594225881573327 0.012586968344854732 0.5903560268311905 0.9999398683079169 0.7704294794801383 0.0 0.14285384493444986 0.9989031218206191 0.47001246606473135
0.3763079033167509 0.9213928911497075 0.4230994572463501 0.29504914308730135 0.2798993739652762 0.8049160923510534 0.14285384493444986 0.0 0.9427169278551796 0.964221330533924
0.10146763782317925 0.13488401435181852 0.4161259511209917 0.796707750527444 0.25303977677504985 0.020136244767294587 0.9989031218206191 0.9427169278551796 0.0 0.4841118538280583
0.30591576027820955 0.36441055972561465 0.4213984362885992 0.1794955316703647 0.4485541188727512 0.4253002734126945 0.47001246606473135 0.964221330533924 0.4841118538280583 0.0

# Optimal Walk
0 9 3 7 6 1 2 5 4 8 0
