# MCW Instance
# Type: UNIFORM
# N: 10
# Optimal cost: 1.5175105227220604
# Optimal tour (permutation): [0, 6, 2, 4, 8, 7, 5, 3, 9, 1, 0]
# Optimal walk (full path): [0, 6, 2, 4, 8, 7, 5, 3, 9, 3, 1, 8, 0]
# Walk size: 13
# Is walk (has repeats): true

# Distance Matrix
0.0000000000 0.8263394709 0.4751878158 0.8784229749 0.4262219978 0.7721233146 0.1027637797 0.3783140234 0.2467666562 0.6605057808
0.8263394709 0.0000000000 0.6719259738 0.0530071191 0.5679260552 0.3944940168 0.5627055145 0.3243368816 0.1274829436 0.9786643754
0.4751878158 0.6719259738 0.0000000000 0.3739795753 0.2352564268 0.5749262995 0.3550561679 0.2682126865 0.3730998337 0.6532141216
0.8784229749 0.0530071191 0.3739795753 0.0000000000 0.9883342378 0.1168353934 0.4911027780 0.2391719872 0.7156311137 0.0175797412
0.4262219978 0.5679260552 0.2352564268 0.9883342378 0.0000000000 0.3948628205 0.4471480985 0.1743324586 0.0295050644 0.9738961438
0.7721233146 0.3944940168 0.5749262995 0.1168353934 0.3948628205 0.0000000000 0.4155836195 0.2001693656 0.7771122244 0.3531752406
0.1027637797 0.5627055145 0.3550561679 0.4911027780 0.4471480985 0.4155836195 0.0000000000 0.8424476998 0.9483344282 0.9118575173
0.3783140234 0.3243368816 0.2682126865 0.2391719872 0.1743324586 0.2001693656 0.8424476998 0.0000000000 0.0155081237 0.8130237194
0.2467666562 0.1274829436 0.3730998337 0.7156311137 0.0295050644 0.7771122244 0.9483344282 0.0155081237 0.0000000000 0.1319387422
0.6605057808 0.9786643754 0.6532141216 0.0175797412 0.9738961438 0.3531752406 0.9118575173 0.8130237194 0.1319387422 0.0000000000
