# Graph size: 10
# Optimal cost: 1.128767891867135

# Distance Matrix
0.0 3.6225210746176906E-4 0.7727751449470897 0.03662091236118903 0.27162586286357593 0.3205224998516881 0.5082052184522693 0.8661911716541831 0.2112629951300491 0.08134920460600414
3.6225210746176906E-4 0.0 0.5118893928789174 0.19030453038915918 0.023460613315959278 0.21687442338945406 0.7455739078507816 0.24250923511976186 0.4694793208456225 0.9974736835452888
0.7727751449470897 0.5118893928789174 0.0 0.37591727800692376 0.5566924852631207 0.6571737752188658 0.41962241257563804 0.16298541441201986 0.49375062117897517 0.3047019894667249
0.03662091236118903 0.19030453038915918 0.37591727800692376 0.0 0.17814241356365867 0.18450947132415785 0.5765947154715846 0.2178200545422444 0.844748080192356 0.3490624304801111
0.27162586286357593 0.023460613315959278 0.5566924852631207 0.17814241356365867 0.0 0.2929457575361567 0.42659440316158836 0.3933037689444254 0.8944735365059333 0.5576004597321839
0.3205224998516881 0.21687442338945406 0.6571737752188658 0.18450947132415785 0.2929457575361567 0.0 0.8111513427590725 0.01005527080523827 0.3422146299544183 0.33932495820859554
0.5082052184522693 0.7455739078507816 0.41962241257563804 0.5765947154715846 0.42659440316158836 0.8111513427590725 0.0 0.46112368691565364 0.20619984440660577 0.18415588075273914
0.8661911716541831 0.24250923511976186 0.16298541441201986 0.2178200545422444 0.3933037689444254 0.01005527080523827 0.46112368691565364 0.0 0.05226074794031932 0.45974261932942273
0.2112629951300491 0.4694793208456225 0.49375062117897517 0.844748080192356 0.8944735365059333 0.3422146299544183 0.20619984440660577 0.05226074794031932 0.0 0.6105110850654072
0.08134920460600414 0.9974736835452888 0.3047019894667249 0.3490624304801111 0.5576004597321839 0.33932495820859554 0.18415588075273914 0.45974261932942273 0.6105110850654072 0.0

# Optimal Walk
0 4 1 9 6 8 7 2 5 3 0
