# MCW Instance
# Type: UNIFORM
# N: 10
# Optimal cost: 2.2555158089113583
# Optimal tour (permutation): [0, 4, 1, 8, 5, 7, 6, 3, 9, 2, 0]
# Optimal walk (full path): [0, 4, 1, 8, 5, 6, 7, 6, 3, 9, 2, 3, 6, 0]
# Walk size: 14
# Is walk (has repeats): true

# Distance Matrix
0.0000000000 0.2560308357 0.7128859867 0.1424879170 0.0259989707 0.9069978057 0.0566913432 0.7950361982 0.1996243091 0.7146565038
0.2560308357 0.0000000000 0.7190223490 0.3949580957 0.0724912811 0.9765464556 0.0868146269 0.4676401232 0.1763657929 0.6156332423
0.7128859867 0.7190223490 0.0000000000 0.3444303806 0.5769340687 0.6837180249 0.7718709703 0.6753258713 0.9561143086 0.5966795252
0.1424879170 0.3949580957 0.3444303806 0.0000000000 0.5607579648 0.5004398532 0.0009120413 0.3705643004 0.9439844943 0.4418105025
0.0259989707 0.0724912811 0.5769340687 0.5607579648 0.0000000000 0.4959945248 0.1687610275 0.2051229331 0.7243417336 0.5097346378
0.9069978057 0.9765464556 0.6837180249 0.5004398532 0.4959945248 0.0000000000 0.1108439077 0.3524123547 0.2843042385 0.7368418848
0.0566913432 0.0868146269 0.7718709703 0.0009120413 0.1687610275 0.1108439077 0.0000000000 0.0720378919 0.8810411072 0.9400703139
0.7950361982 0.4676401232 0.6753258713 0.3705643004 0.2051229331 0.3524123547 0.0720378919 0.0000000000 0.6944033993 0.8197133758
0.1996243091 0.1763657929 0.9561143086 0.9439844943 0.7243417336 0.2843042385 0.8810411072 0.6944033993 0.0000000000 0.7189327547
0.7146565038 0.6156332423 0.5966795252 0.4418105025 0.5097346378 0.7368418848 0.9400703139 0.8197133758 0.7189327547 0.0000000000
