# Graph size: 10
# Optimal cost: 1.3271385116208987

# Distance Matrix
0.0 0.38900268793492165 0.352420127220367 0.6156171754044334 0.17437682130382315 0.11041904295759852 0.14646990584561104 0.706553324520685 0.8142984147087955 0.09316300743685824
0.38900268793492165 0.0 0.12844234042770464 0.05130645144350987 0.29492887519475974 0.6869327541563862 0.3794666808990902 0.7989619522563971 0.0593785304740303 0.7077149406822878
0.352420127220367 0.12844234042770464 0.0 0.8015360186441827 0.722213721201729 0.7232714550779881 0.5858257481940938 0.3343780798779856 0.36558494191098445 0.7706969387573681
0.6156171754044334 0.05130645144350987 0.8015360186441827 0.0 0.2641359400819895 0.41284368959153983 0.17309630856912595 0.4773881905566528 0.6568132779182388 0.20292927101367497
0.17437682130382315 0.29492887519475974 0.722213721201729 0.2641359400819895 0.0 0.6757342952653325 0.20129551973512194 0.21426708543671646 0.8664638691129297 0.0700489650674967
0.11041904295759852 0.6869327541563862 0.7232714550779881 0.41284368959153983 0.6757342952653325 0.0 0.0332601694558422 0.15658125866277517 0.3476555025559994 0.5514372687389496
0.14646990584561104 0.3794666808990902 0.5858257481940938 0.17309630856912595 0.20129551973512194 0.0332601694558422 0.0 0.6842844117045341 0.23557380584377363 0.9491052030753703
0.706553324520685 0.7989619522563971 0.3343780798779856 0.4773881905566528 0.21426708543671646 0.15658125866277517 0.6842844117045341 0.0 0.5791440202078109 0.4009319670178635
0.8142984147087955 0.0593785304740303 0.36558494191098445 0.6568132779182388 0.8664638691129297 0.3476555025559994 0.23557380584377363 0.5791440202078109 0.0 0.46472217026881024
0.09316300743685824 0.7077149406822878 0.7706969387573681 0.20292927101367497 0.0700489650674967 0.5514372687389496 0.9491052030753703 0.4009319670178635 0.46472217026881024 0.0

# Optimal Walk
0 9 4 7 2 8 1 3 6 5 0
