# Graph size: 10
# Optimal cost: 1.8883599264671687

# Distance Matrix
0.0 0.27880146563660657 0.771983586031524 0.9923522727205717 0.36176164786507703 0.7422664524694397 0.8679948781499485 0.17759611548298382 0.9409534633742703 0.48836178104140704
0.27880146563660657 0.0 0.10571335664122994 0.50059410717011 0.553730873337337 0.3378924030019991 0.29631748256481283 0.8908338505674656 0.33311613389483374 0.10894625582182882
0.771983586031524 0.10571335664122994 0.0 0.5471251170801406 0.8858218078758927 0.4132162265858099 0.7503955206572643 0.7301142767943654 0.42617186758802117 0.5277334815177419
0.9923522727205717 0.50059410717011 0.5471251170801406 0.0 0.5606039562501103 0.024518371210415224 0.059889748846689184 0.11554978924949477 0.756751750661073 0.8548161776847376
0.36176164786507703 0.553730873337337 0.8858218078758927 0.5606039562501103 0.0 0.872534325684423 0.8880046301024688 0.4580405593502962 0.8198492984073075 0.7734131236797871
0.7422664524694397 0.3378924030019991 0.4132162265858099 0.024518371210415224 0.872534325684423 0.0 0.22752605921811286 0.2251434392744064 0.014465788692170078 0.8626962633976163
0.8679948781499485 0.29631748256481283 0.7503955206572643 0.059889748846689184 0.8880046301024688 0.22752605921811286 0.0 0.23356361030744732 0.6586158286569285 0.48200074474590326
0.17759611548298382 0.8908338505674656 0.7301142767943654 0.11554978924949477 0.4580405593502962 0.2251434392744064 0.23356361030744732 0.0 0.4803090911572121 0.7093102874927174
0.9409534633742703 0.33311613389483374 0.42617186758802117 0.756751750661073 0.8198492984073075 0.014465788692170078 0.6586158286569285 0.4803090911572121 0.0 0.20058487383202372
0.48836178104140704 0.10894625582182882 0.5277334815177419 0.8548161776847376 0.7734131236797871 0.8626962633976163 0.48200074474590326 0.7093102874927174 0.20058487383202372 0.0

# Optimal Walk
0 7 6 3 5 8 9 2 1 4 0
