# MCW Instance
# Type: UNIFORM
# N: 10
# Optimal cost: 1.6475752697815365
# Optimal tour (permutation): [0, 8, 7, 4, 6, 3, 2, 9, 5, 1, 0]
# Optimal walk (full path): [0, 8, 7, 4, 6, 3, 6, 2, 6, 5, 9, 5, 0, 1, 0]
# Walk size: 15
# Is walk (has repeats): true

# Distance Matrix
0.0000000000 0.2481626848 0.5780614355 0.2361414340 0.2603674787 0.1050199678 0.4164342191 0.7022122454 0.3592792395 0.5877591214
0.2481626848 0.0000000000 0.9785292431 0.6681243727 0.5319053996 0.5884325320 0.7769578318 0.7325629342 0.6341943446 0.7330096900
0.5780614355 0.9785292431 0.0000000000 0.4693897515 0.9400884209 0.6294653813 0.0001486275 0.5716860236 0.4677833594 0.1894435532
0.2361414340 0.6681243727 0.4693897515 0.0000000000 0.6660942386 0.2996262761 0.0159710514 0.6471704275 0.9998065105 0.7731476398
0.2603674787 0.5319053996 0.9400884209 0.6660942386 0.0000000000 0.2924412101 0.1455719602 0.3833980309 0.6695515618 0.9962185230
0.1050199678 0.5884325320 0.6294653813 0.2996262761 0.2924412101 0.0000000000 0.0686273927 0.5651863685 0.2959240153 0.0047626560
0.4164342191 0.7769578318 0.0001486275 0.0159710514 0.1455719602 0.0686273927 0.0000000000 0.6164984569 0.5661442237 0.9660533482
0.7022122454 0.7325629342 0.5716860236 0.6471704275 0.3833980309 0.5651863685 0.6164984569 0.0000000000 0.0475886393 0.6916410363
0.3592792395 0.6341943446 0.4677833594 0.9998065105 0.6695515618 0.2959240153 0.5661442237 0.0475886393 0.0000000000 0.3552560345
0.5877591214 0.7330096900 0.1894435532 0.7731476398 0.9962185230 0.0047626560 0.9660533482 0.6916410363 0.3552560345 0.0000000000
