# Graph size: 10
# Optimal cost: 1.6717769097331352

# Distance Matrix
0.0 0.21658630292038583 0.46401960674481935 0.6502646898451873 0.5351193449993075 0.7098426356748386 0.722488690607231 0.9837629180303039 0.5276638118500662 0.6608478667001163
0.21658630292038583 0.0 0.6574318943022416 0.20262670399480964 0.28197378001968854 0.4085959431139098 0.053588455504831045 0.7759025441781733 0.8555067468621264 0.3908194083926744
0.46401960674481935 0.6574318943022416 0.0 0.3712468914971715 0.9077462625259192 0.0028649055980647375 0.17641657161676338 0.8519725802132582 0.4892497965448922 0.4818256703212057
0.6502646898451873 0.20262670399480964 0.3712468914971715 0.0 0.2237095713755407 0.9640352995225647 0.35008897101625014 0.3820702115990914 0.12994499219804223 0.008855855124370482
0.5351193449993075 0.28197378001968854 0.9077462625259192 0.2237095713755407 0.0 0.6266730511926356 0.9312310285957462 0.9352996349672482 0.9842060391320481 0.37695354408217796
0.7098426356748386 0.4085959431139098 0.0028649055980647375 0.9640352995225647 0.6266730511926356 0.0 0.6479175544732925 0.12375644156005028 0.6055588279468205 0.6667763657241444
0.722488690607231 0.053588455504831045 0.17641657161676338 0.35008897101625014 0.9312310285957462 0.6479175544732925 0.0 0.15766851214901767 0.32356600066345265 0.7239014031782931
0.9837629180303039 0.7759025441781733 0.8519725802132582 0.3820702115990914 0.9352996349672482 0.12375644156005028 0.15766851214901767 0.0 0.22863787577064176 0.46531845057834
0.5276638118500662 0.8555067468621264 0.4892497965448922 0.12994499219804223 0.9842060391320481 0.6055588279468205 0.32356600066345265 0.22863787577064176 0.0 0.35161174828024844
0.6608478667001163 0.3908194083926744 0.4818256703212057 0.008855855124370482 0.37695354408217796 0.6667763657241444 0.7239014031782931 0.46531845057834 0.35161174828024844 0.0

# Optimal Walk
0 6 2 5 7 8 9 3 4 1 0
