# Graph size: 10
# Optimal cost: 1.3362913911461243

# Distance Matrix
0.0 0.36106472106258836 0.006779404151618262 0.38195515839314087 0.2245583037427762 0.2397612667881852 0.7895942103171871 0.36002773364396945 0.6919633426975912 0.03208750168242691
0.36106472106258836 0.0 0.2167464631520667 0.08538383001415828 0.5356352249096306 0.822987641408669 0.3176275525296751 0.17136330382267928 0.7357980103958979 0.21350892478610473
0.006779404151618262 0.2167464631520667 0.0 0.7607739501826656 0.1369807727784409 0.21410239371152762 0.13435763304345627 0.6680690681869644 0.442386752607141 0.02526940520203791
0.38195515839314087 0.08538383001415828 0.7607739501826656 0.0 0.7639786411072133 0.9844957541379137 0.06661194848339436 0.7330842209529981 0.7394217300939 0.12417289210006877
0.2245583037427762 0.5356352249096306 0.1369807727784409 0.7639786411072133 0.0 0.38275206742529977 0.46539931847548954 0.9273589180530343 0.41907397346712105 0.1804771373084626
0.2397612667881852 0.822987641408669 0.21410239371152762 0.9844957541379137 0.38275206742529977 0.0 0.5890955778571952 0.38296893812854504 0.23373943359035432 0.5617261187985797
0.7895942103171871 0.3176275525296751 0.13435763304345627 0.06661194848339436 0.46539931847548954 0.5890955778571952 0.0 0.42348895412730236 0.7660065920843402 0.4774583462485452
0.36002773364396945 0.17136330382267928 0.6680690681869644 0.7330842209529981 0.9273589180530343 0.38296893812854504 0.42348895412730236 0.0 0.09267368421636002 0.9194590657309637
0.6919633426975912 0.7357980103958979 0.442386752607141 0.7394217300939 0.41907397346712105 0.23373943359035432 0.7660065920843402 0.09267368421636002 0.0 0.4062259878709771
0.03208750168242691 0.21350892478610473 0.02526940520203791 0.12417289210006877 0.1804771373084626 0.5617261187985797 0.4774583462485452 0.9194590657309637 0.4062259878709771 0.0

# Optimal Walk
0 9 6 3 1 7 8 5 4 2 0
