# MCW Instance
# Type: UNIFORM
# N: 10
# Optimal cost: 1.6431457116741246
# Optimal tour (permutation): [0, 1, 9, 4, 6, 3, 5, 7, 8, 2, 0]
# Optimal walk (full path): [0, 1, 9, 4, 3, 6, 3, 5, 7, 8, 2, 0]
# Walk size: 12
# Is walk (has repeats): true

# Distance Matrix
0.0000000000 0.1905429696 0.1742822356 0.0441599249 0.6637353061 0.7437535065 0.7136876267 0.5660299814 0.9113181040 0.9075781463
0.1905429696 0.0000000000 0.3075766138 0.6296496667 0.7940629864 0.8369404643 0.1862776297 0.9812844867 0.7919675843 0.0870586565
0.1742822356 0.3075766138 0.0000000000 0.4337538927 0.4817107170 0.2180777583 0.8081361000 0.5252745084 0.1872472645 0.8564475881
0.0441599249 0.6296496667 0.4337538927 0.0000000000 0.0962264748 0.0705538562 0.0034817308 0.8291422922 0.7437123179 0.5265497077
0.6637353061 0.7940629864 0.4817107170 0.0962264748 0.0000000000 0.4798358414 0.8007133446 0.3525621928 0.7153999183 0.2984677048
0.7437535065 0.8369404643 0.2180777583 0.0705538562 0.4798358414 0.0000000000 0.5904881904 0.2745084710 0.0855165637 0.2776100911
0.7136876267 0.1862776297 0.8081361000 0.0034817308 0.8007133446 0.5904881904 0.0000000000 0.7561824532 0.1245138607 0.7876453951
0.5660299814 0.9812844867 0.5252745084 0.8291422922 0.3525621928 0.2745084710 0.7561824532 0.0000000000 0.2572946171 0.7367550015
0.9113181040 0.7919675843 0.1872472645 0.7437123179 0.7153999183 0.0855165637 0.1245138607 0.2572946171 0.0000000000 0.6773719784
0.9075781463 0.0870586565 0.8564475881 0.5265497077 0.2984677048 0.2776100911 0.7876453951 0.7367550015 0.6773719784 0.0000000000
