# Graph size: 10
# Optimal cost: 1.2038370913894783

# Distance Matrix
0.0 0.05879591294370334 0.42370260124438586 0.6141686238607534 0.45978289538117967 0.502996341647282 0.6584260904424701 0.32144613442233205 0.46372319779197246 0.6963549325191328
0.05879591294370334 0.0 0.4677246565792774 0.8137117673330213 0.8208056794919258 0.6578713194303845 0.3359213614937424 0.810071493557499 0.23117306190680798 0.19090237004451116
0.42370260124438586 0.4677246565792774 0.0 0.09656133789029309 0.6030576098725001 0.7073331550967069 0.29209238355837064 0.4186098334374211 0.9637410602230894 0.38529329248855837
0.6141686238607534 0.8137117673330213 0.09656133789029309 0.0 0.011964201481694303 0.9695080977215934 0.873275480922489 0.7775825357951865 0.9466453614973384 0.5529694121655001
0.45978289538117967 0.8208056794919258 0.6030576098725001 0.011964201481694303 0.0 0.9366172786425853 0.024344536345943135 0.588054833698385 0.04381108402831535 0.8976411213183091
0.502996341647282 0.6578713194303845 0.7073331550967069 0.9695080977215934 0.9366172786425853 0.0 0.36372326961486323 0.08897695480414214 0.9977831012230167 0.019597545668803895
0.6584260904424701 0.3359213614937424 0.29209238355837064 0.873275480922489 0.024344536345943135 0.36372326961486323 0.0 0.7390520936607563 0.6098015584429642 0.40126711155755823
0.32144613442233205 0.810071493557499 0.4186098334374211 0.7775825357951865 0.588054833698385 0.08897695480414214 0.7390520936607563 0.0 0.22083601059174285 0.1878966997220537
0.46372319779197246 0.23117306190680798 0.9637410602230894 0.9466453614973384 0.04381108402831535 0.9977831012230167 0.6098015584429642 0.22083601059174285 0.0 0.3053100378256781
0.6963549325191328 0.19090237004451116 0.38529329248855837 0.5529694121655001 0.8976411213183091 0.019597545668803895 0.40126711155755823 0.1878966997220537 0.3053100378256781 0.0

# Optimal Walk
0 2 3 6 4 8 7 5 9 1 0
