# Graph size: 10
# Optimal cost: 1.4921113300894382

# Distance Matrix
0.0 0.8775123837801649 0.3403804397573109 0.39593764274088994 0.20007547658374525 0.37385216453081926 0.9339970792991643 0.7348590474930902 0.8829365674979197 0.114292893624661
0.8775123837801649 0.0 0.44565906758324836 0.38509006902629495 0.12241019757628047 0.5626188821602669 0.5809661951937848 0.6305883738716808 0.9905255485990424 0.5088685499759098
0.3403804397573109 0.44565906758324836 0.0 0.6435555927330731 0.2649794672984547 0.5487665482331366 0.7238666529391681 0.5509784116945593 0.09072826366765918 0.8276865649148076
0.39593764274088994 0.38509006902629495 0.6435555927330731 0.0 0.8200715071336556 0.6801599569571235 0.25745335102965217 0.12208358277473286 0.0807307407699841 0.25487560624837
0.20007547658374525 0.12241019757628047 0.2649794672984547 0.8200715071336556 0.0 0.07295958285927329 0.08028174524422571 0.5828154275216826 0.6527147189273385 0.2496659445472399
0.37385216453081926 0.5626188821602669 0.5487665482331366 0.6801599569571235 0.07295958285927329 0.0 0.12172958456362026 0.28392916761890763 0.705293611115485 0.15945707107787865
0.9339970792991643 0.5809661951937848 0.7238666529391681 0.25745335102965217 0.08028174524422571 0.12172958456362026 0.0 0.3040394282797384 0.8693651744757765 0.7930173761228742
0.7348590474930902 0.6305883738716808 0.5509784116945593 0.12208358277473286 0.5828154275216826 0.28392916761890763 0.3040394282797384 0.0 0.5615888120590203 0.8787556777126891
0.8829365674979197 0.9905255485990424 0.09072826366765918 0.0807307407699841 0.6527147189273385 0.705293611115485 0.8693651744757765 0.5615888120590203 0.0 0.06271121642168209
0.114292893624661 0.5088685499759098 0.8276865649148076 0.25487560624837 0.2496659445472399 0.15945707107787865 0.7930173761228742 0.8787556777126891 0.06271121642168209 0.0

# Optimal Walk
0 9 8 2 3 7 5 6 4 1 0
