# Graph size: 10
# Optimal cost: 1.6602387776549548

# Distance Matrix
0.0 0.6422785943208186 0.754627319771248 0.32995595601327565 0.944657382953491 0.2637797902626008 0.05676270462593824 0.33527260197259334 0.9471544036351388 0.7747680132201976
0.6422785943208186 0.0 0.265529344746827 0.8674072624258752 0.7786380317380117 0.5646591450546247 0.8585336314434667 0.31406475287535185 0.6329708595245728 0.3625894969013994
0.754627319771248 0.265529344746827 0.0 0.893053610378105 0.47170821499723303 0.3635184430814863 0.900505015380256 0.8259017306492529 0.6676141057813654 0.44681128114726887
0.32995595601327565 0.8674072624258752 0.893053610378105 0.0 0.26036369211283217 0.4957719495729662 0.9022373328879184 0.07342822024674323 0.26558965507942733 0.035679589367401565
0.944657382953491 0.7786380317380117 0.47170821499723303 0.26036369211283217 0.0 0.6889194460378159 0.6576351932496511 0.8560181278481527 0.7887666848470601 0.8626986165413559
0.2637797902626008 0.5646591450546247 0.3635184430814863 0.4957719495729662 0.6889194460378159 0.0 0.0036030901534612747 0.2459223818861147 0.13765966431842747 0.005957183580718839
0.05676270462593824 0.8585336314434667 0.900505015380256 0.9022373328879184 0.6576351932496511 0.0036030901534612747 0.0 0.343567220830307 0.8063152345768516 0.5257300542372795
0.33527260197259334 0.31406475287535185 0.8259017306492529 0.07342822024674323 0.8560181278481527 0.2459223818861147 0.343567220830307 0.0 0.2958688496435572 0.47207971998890585
0.9471544036351388 0.6329708595245728 0.6676141057813654 0.26558965507942733 0.7887666848470601 0.13765966431842747 0.8063152345768516 0.2958688496435572 0.0 0.035569708610463935
0.7747680132201976 0.3625894969013994 0.44681128114726887 0.035679589367401565 0.8626986165413559 0.005957183580718839 0.5257300542372795 0.47207971998890585 0.035569708610463935 0.0

# Optimal Walk
0 6 5 9 8 7 1 2 4 3 0
