# MCW Instance
# Type: UNIFORM
# N: 10
# Optimal cost: 1.5775516957942635
# Optimal tour (permutation): [0, 4, 5, 8, 6, 3, 7, 9, 2, 1, 0]
# Optimal walk (full path): [0, 4, 5, 8, 6, 3, 8, 7, 9, 2, 1, 2, 0]
# Walk size: 13
# Is walk (has repeats): true

# Distance Matrix
0.0000000000 0.2567964792 0.1060820789 0.2862790353 0.4082197440 0.4962474482 0.8934345350 0.2295913118 0.1607784438 0.5966522198
0.2567964792 0.0000000000 0.0244240370 0.2630930714 0.8786430778 0.9208926448 0.1853861856 0.8345631064 0.5248647301 0.6320968385
0.1060820789 0.0244240370 0.0000000000 0.4434548478 0.3032435093 0.9304459686 0.9118505554 0.4675557803 0.0751466933 0.0752713938
0.2862790353 0.2630930714 0.4434548478 0.0000000000 0.8276100540 0.8711127810 0.1026671287 0.2406440603 0.0297667949 0.5768878367
0.4082197440 0.8786430778 0.3032435093 0.8276100540 0.0000000000 0.3708424479 0.5827747143 0.2879158778 0.6600401162 0.8373356455
0.4962474482 0.9208926448 0.9304459686 0.8711127810 0.3708424479 0.0000000000 0.8728598095 0.9862319895 0.2124034778 0.9191864222
0.8934345350 0.1853861856 0.9118505554 0.1026671287 0.5827747143 0.8728598095 0.0000000000 0.3769232852 0.0894578142 0.3891454163
0.2295913118 0.8345631064 0.4675557803 0.2406440603 0.2879158778 0.9862319895 0.3769232852 0.0000000000 0.0266063860 0.1073863555
0.1607784438 0.5248647301 0.0751466933 0.0297667949 0.6600401162 0.2124034778 0.0894578142 0.0266063860 0.0000000000 0.7638616994
0.5966522198 0.6320968385 0.0752713938 0.5768878367 0.8373356455 0.9191864222 0.3891454163 0.1073863555 0.7638616994 0.0000000000
