# Graph size: 10
# Optimal cost: 1.5696001216476483

# Distance Matrix
0.0 0.08797746650341365 0.016961468340298547 0.2922457653030004 0.8408985332341854 0.9803583141479847 0.058195050459427966 0.6099229897127861 0.9742635562595843 0.9204399028736454
0.08797746650341365 0.0 0.3995108252956884 0.9173561589264797 0.2544856611241464 0.05010189112433372 0.22990705846633264 0.4898131581433487 0.704695967454154 0.33041818117847166
0.016961468340298547 0.3995108252956884 0.0 0.5220188655353591 0.23507179619383145 0.21160605595191684 0.748290339715628 0.39752054059934794 0.6779200062985478 0.9060397417741785
0.2922457653030004 0.9173561589264797 0.5220188655353591 0.0 0.6212416898871854 0.09090968292565493 0.6326757896019797 0.116105315132212 0.988928071375605 0.01316894058380269
0.8408985332341854 0.2544856611241464 0.23507179619383145 0.6212416898871854 0.0 0.04886489758682899 0.7856168483474852 0.8933976660315882 0.3318392875006505 0.09429564243068933
0.9803583141479847 0.05010189112433372 0.21160605595191684 0.09090968292565493 0.04886489758682899 0.0 0.5560373028813745 0.944859107343964 0.4303287314595694 0.4001220145313893
0.058195050459427966 0.22990705846633264 0.748290339715628 0.6326757896019797 0.7856168483474852 0.5560373028813745 0.0 0.5471300047217981 0.9456932295375532 0.5868187730851763
0.6099229897127861 0.4898131581433487 0.39752054059934794 0.116105315132212 0.8933976660315882 0.944859107343964 0.5471300047217981 0.0 0.5340876095338023 0.2396697691455516
0.9742635562595843 0.704695967454154 0.6779200062985478 0.988928071375605 0.3318392875006505 0.4303287314595694 0.9456932295375532 0.5340876095338023 0.0 0.5026707268233603
0.9204399028736454 0.33041818117847166 0.9060397417741785 0.01316894058380269 0.09429564243068933 0.4001220145313893 0.5868187730851763 0.2396697691455516 0.5026707268233603 0.0

# Optimal Walk
0 6 2 7 3 9 8 4 5 1 0
