# MCW Instance
# Type: UNIFORM
# N: 10
# Optimal cost: 0.9900287450938303
# Optimal tour (permutation): [0, 5, 3, 4, 7, 6, 9, 8, 2, 1, 0]
# Optimal walk (full path): [0, 3, 5, 3, 4, 7, 6, 8, 9, 8, 2, 1, 2, 3, 0]
# Walk size: 15
# Is walk (has repeats): true

# Distance Matrix
0.0000000000 0.5808406344 0.1462866101 0.0725650513 0.8159256489 0.3535755568 0.5113481322 0.8066864923 0.7124552340 0.4063227966
0.5808406344 0.0000000000 0.0083673954 0.1859360498 0.6422925555 0.8019375073 0.8675828831 0.2589827685 0.3998104773 0.3694424445
0.1462866101 0.0083673954 0.0000000000 0.0681470783 0.7017815862 0.5023994190 0.3949500620 0.3328942177 0.0609824600 0.5628143291
0.0725650513 0.1859360498 0.0681470783 0.0000000000 0.1136719880 0.0209740569 0.8108929971 0.7824254727 0.4110052783 0.2103750076
0.8159256489 0.6422925555 0.7017815862 0.1136719880 0.0000000000 0.4645041209 0.5219468261 0.0010367226 0.0992725499 0.3550640529
0.3535755568 0.8019375073 0.5023994190 0.0209740569 0.4645041209 0.0000000000 0.8837544352 0.4924076225 0.2233045751 0.8619130437
0.5113481322 0.8675828831 0.3949500620 0.8108929971 0.5219468261 0.8837544352 0.0000000000 0.2486962908 0.1743334506 0.8852878368
0.8066864923 0.2589827685 0.3328942177 0.7824254727 0.0010367226 0.4924076225 0.2486962908 0.0000000000 0.7927672521 0.7503346095
0.7124552340 0.3998104773 0.0609824600 0.4110052783 0.0992725499 0.2233045751 0.1743334506 0.7927672521 0.0000000000 0.0596738737
0.4063227966 0.3694424445 0.5628143291 0.2103750076 0.3550640529 0.8619130437 0.8852878368 0.7503346095 0.0596738737 0.0000000000
