# Graph size: 10
# Optimal cost: 1.1361793821495976

# Distance Matrix
0.0 0.4339389332545751 0.6432960841912624 0.2619281578322774 0.17068011081686507 0.9969139851618024 0.6677205251461397 0.010020190656158445 0.7153503311707454 0.34264890905936296
0.4339389332545751 0.0 0.07171249000427093 0.1770634571449562 0.3431625030524311 0.736064835817376 0.7847737274103966 0.6510312860871428 0.3815162227991148 0.16895315880636608
0.6432960841912624 0.07171249000427093 0.0 0.44548217394318046 0.9669261520678651 0.18404706169430274 0.3547164918249184 0.07310235361398187 0.33595630355488193 0.5735081926701232
0.2619281578322774 0.1770634571449562 0.44548217394318046 0.0 0.19536969870980492 0.31336200443434603 0.8278961033069746 0.5198442787728366 0.03601776361495579 0.30920695794729214
0.17068011081686507 0.3431625030524311 0.9669261520678651 0.19536969870980492 0.0 0.11999113469351741 0.6594452556589923 0.6636276925318387 0.11550960209367045 0.8829947085890789
0.9969139851618024 0.736064835817376 0.18404706169430274 0.31336200443434603 0.11999113469351741 0.0 0.7703565085488451 0.9297638263259124 0.9761214682126864 0.3134000303694904
0.6677205251461397 0.7847737274103966 0.3547164918249184 0.8278961033069746 0.6594452556589923 0.7703565085488451 0.0 0.858261339817057 0.0810572360739672 0.7123233227219129
0.010020190656158445 0.6510312860871428 0.07310235361398187 0.5198442787728366 0.6636276925318387 0.9297638263259124 0.858261339817057 0.0 0.5406580063780699 0.07933999702759598
0.7153503311707454 0.3815162227991148 0.33595630355488193 0.03601776361495579 0.11550960209367045 0.9761214682126864 0.0810572360739672 0.5406580063780699 0.0 0.36653154430523915
0.34264890905936296 0.16895315880636608 0.5735081926701232 0.30920695794729214 0.8829947085890789 0.3134000303694904 0.7123233227219129 0.07933999702759598 0.36653154430523915 0.0

# Optimal Walk
0 2 5 4 8 6 3 1 9 7 0
