# MCW Instance
# Type: UNIFORM
# N: 10
# Optimal cost: 2.2045813611637204
# Optimal tour (permutation): [0, 7, 2, 5, 8, 4, 3, 6, 9, 1, 0]
# Optimal walk (full path): [0, 2, 7, 2, 5, 8, 4, 3, 6, 9, 1, 0]
# Walk size: 12
# Is walk (has repeats): true

# Distance Matrix
0.0000000000 0.3970468144 0.2257866203 0.7128860472 0.4979819466 0.8131481194 0.5387658517 0.8960210309 0.7620258294 0.4141606347
0.3970468144 0.0000000000 0.9948481480 0.8363711360 0.8616309874 0.4238844917 0.6685480966 0.7853994725 0.7758153165 0.2699051933
0.2257866203 0.9948481480 0.0000000000 0.2595158406 0.3774117229 0.3897502266 0.5191426753 0.0182569420 0.8602372143 0.9476872646
0.7128860472 0.8363711360 0.2595158406 0.0000000000 0.1149149907 0.2083291691 0.0373522671 0.4987981132 0.7278029482 0.8482109727
0.4979819466 0.8616309874 0.3774117229 0.1149149907 0.0000000000 0.5350011929 0.4624229972 0.3304537925 0.2504504752 0.8213478332
0.8131481194 0.4238844917 0.3897502266 0.2083291691 0.5350011929 0.0000000000 0.3542623682 0.6855631671 0.1813671866 0.9994164265
0.5387658517 0.6685480966 0.5191426753 0.0373522671 0.4624229972 0.3542623682 0.0000000000 0.6613348743 0.2966268264 0.3014937031
0.8960210309 0.7853994725 0.0182569420 0.4987981132 0.3304537925 0.6855631671 0.6613348743 0.0000000000 0.7715574898 0.8310645011
0.7620258294 0.7758153165 0.8602372143 0.7278029482 0.2504504752 0.1813671866 0.2966268264 0.7715574898 0.0000000000 0.5126542552
0.4141606347 0.2699051933 0.9476872646 0.8482109727 0.8213478332 0.9994164265 0.3014937031 0.8310645011 0.5126542552 0.0000000000
