# Graph size: 10
# Optimal cost: 1.4681505371108856

# Distance Matrix
0.0 0.008312919212700831 0.8632379783478705 0.09018425785476614 0.1441332612577183 0.13976799410272378 0.03576640890111382 0.1963988019036138 0.6764066895730023 0.6932564305409905
0.008312919212700831 0.0 0.6222581205137947 0.9684729490469431 0.9851571082177201 0.12580253621481674 0.248508697602567 0.2447130505401961 0.8859482722063715 0.19818510679010892
0.8632379783478705 0.6222581205137947 0.0 0.6142819656824586 0.6662812571275286 0.9673338091830209 0.7106511282300849 0.8579539108436836 0.6411699505936235 0.2697793738472287
0.09018425785476614 0.9684729490469431 0.6142819656824586 0.0 0.018095193966857215 0.1971816736212142 0.9143169439445368 0.3305908350836355 0.9509558566344699 0.8051004354350711
0.1441332612577183 0.9851571082177201 0.6662812571275286 0.018095193966857215 0.0 0.819820219260731 0.023589668193729207 0.7378066548516409 0.2028404734656417 0.5265618515966842
0.13976799410272378 0.12580253621481674 0.9673338091830209 0.1971816736212142 0.819820219260731 0.0 0.8341913175892931 0.2765960339469431 0.8016958702485609 0.10515232696384458
0.03576640890111382 0.248508697602567 0.7106511282300849 0.9143169439445368 0.023589668193729207 0.8341913175892931 0.0 0.953705948097858 0.6337174264960728 0.6120650890091841
0.1963988019036138 0.2447130505401961 0.8579539108436836 0.3305908350836355 0.7378066548516409 0.2765960339469431 0.953705948097858 0.0 0.04195846400863168 0.8510953249765809
0.6764066895730023 0.8859482722063715 0.6411699505936235 0.9509558566344699 0.2028404734656417 0.8016958702485609 0.6337174264960728 0.04195846400863168 0.0 0.9635665263462074
0.6932564305409905 0.19818510679010892 0.2697793738472287 0.8051004354350711 0.5265618515966842 0.10515232696384458 0.6120650890091841 0.8510953249765809 0.9635665263462074 0.0

# Optimal Walk
0 6 4 3 8 7 5 9 2 1 0
