# Graph size: 10
# Optimal cost: 1.0972226517208743

# Distance Matrix
0.0 0.1253358760368367 0.09194536039072987 0.9194550725642479 0.2007965281843468 0.47091589236190967 0.06482018360974662 0.4760673691228171 0.20068540093466491 0.23482974902687404
0.1253358760368367 0.0 0.04890779417273983 0.7302244474283954 0.3334528161021453 0.24291546859597657 0.32022077317979303 0.3288833507561154 0.41800765990773847 0.8388211291825703
0.09194536039072987 0.04890779417273983 0.0 0.06190796776121299 0.4898152035737111 0.02991521808340669 0.2518311321726464 0.30871914093231456 0.18756623904603165 0.7750630565189108
0.9194550725642479 0.7302244474283954 0.06190796776121299 0.0 0.10408239057381308 0.3657977502452472 0.4236483608401872 0.034862601997121434 0.5603749404701798 0.7413831072947665
0.2007965281843468 0.3334528161021453 0.4898152035737111 0.10408239057381308 0.0 0.0651204700854987 0.47305606142596546 0.15600779488361904 0.016792103486608978 0.5335735067952937
0.47091589236190967 0.24291546859597657 0.02991521808340669 0.3657977502452472 0.0651204700854987 0.0 0.8686122226887062 0.6515474765134235 0.4920901037196348 0.7056340621032943
0.06482018360974662 0.32022077317979303 0.2518311321726464 0.4236483608401872 0.47305606142596546 0.8686122226887062 0.0 0.6448588368705908 0.35816327042506746 0.8921495997953334
0.4760673691228171 0.3288833507561154 0.30871914093231456 0.034862601997121434 0.15600779488361904 0.6515474765134235 0.6448588368705908 0.0 0.7464520231897344 0.8019133176499684
0.20068540093466491 0.41800765990773847 0.18756623904603165 0.5603749404701798 0.016792103486608978 0.4920901037196348 0.35816327042506746 0.7464520231897344 0.0 0.25313993409274727
0.23482974902687404 0.8388211291825703 0.7750630565189108 0.7413831072947665 0.5335735067952937 0.7056340621032943 0.8921495997953334 0.8019133176499684 0.25313993409274727 0.0

# Optimal Walk
0 6 9 8 4 5 7 3 2 1 0
