# MCW Instance
# Type: UNIFORM
# N: 10
# Optimal cost: 2.1427209745588884
# Optimal tour (permutation): [0, 8, 6, 9, 4, 1, 7, 5, 3, 2, 0]
# Optimal walk (full path): [0, 8, 6, 8, 9, 4, 1, 5, 7, 5, 3, 5, 2, 0]
# Walk size: 14
# Is walk (has repeats): true

# Distance Matrix
0.0000000000 0.8322905956 0.3617339212 0.9223826183 0.7224814257 0.3891535045 0.7342559276 0.9176095590 0.2046142672 0.5982699489
0.8322905956 0.0000000000 0.4396812816 0.8787053539 0.4134168938 0.0879259327 0.1733518685 0.4935717099 0.2589936084 0.9688674025
0.3617339212 0.4396812816 0.0000000000 0.7359814200 0.9750913038 0.1690749837 0.3787274051 0.6196069316 0.8089970411 0.8481570955
0.9223826183 0.8787053539 0.7359814200 0.0000000000 0.7752030947 0.0115782916 0.5739927199 0.5864079670 0.3596046266 0.2400544706
0.7224814257 0.4134168938 0.9750913038 0.7752030947 0.0000000000 0.3763917201 0.2594854985 0.7790000329 0.6776380559 0.2237673723
0.3891535045 0.0879259327 0.1690749837 0.0115782916 0.3763917201 0.0000000000 0.7941995127 0.3030315686 0.6441944642 0.2255849089
0.7342559276 0.1733518685 0.3787274051 0.5739927199 0.2594854985 0.7941995127 0.0000000000 0.5399898487 0.0005802417 0.9055659072
0.9176095590 0.4935717099 0.6196069316 0.5864079670 0.7790000329 0.3030315686 0.5399898487 0.0000000000 0.8535113017 0.6824815463
0.2046142672 0.2589936084 0.8089970411 0.3596046266 0.6776380559 0.6441944642 0.0005802417 0.8535113017 0.0000000000 0.0518073997
0.5982699489 0.9688674025 0.8481570955 0.2400544706 0.2237673723 0.2255849089 0.9055659072 0.6824815463 0.0518073997 0.0000000000
