# Graph size: 10
# Optimal cost: 1.9291016076505225

# Distance Matrix
0.0 0.8373902664708485 0.3958406786909153 0.32980123853915055 0.5435823471807852 0.8897779210290748 0.7849325384179786 0.4696210736241214 0.9771234500234679 0.9158876844097563
0.8373902664708485 0.0 0.5574257578076558 0.4592316581161713 0.06783218825294335 0.45491220697454615 0.8038808911269097 0.7999391743909473 0.2934277158849139 0.5075141701802678
0.3958406786909153 0.5574257578076558 0.0 0.0635296956963104 0.9419535956938705 0.1848258441698899 0.42736572671967843 0.9641829238932976 0.8263534459664297 0.34982876270324836
0.32980123853915055 0.4592316581161713 0.0635296956963104 0.0 0.2419032934816725 0.7212624124534814 0.993000112052268 0.752072473450089 0.234603738053341 0.5912027324769044
0.5435823471807852 0.06783218825294335 0.9419535956938705 0.2419032934816725 0.0 0.08328939844960026 0.2315903911667866 0.4345641770735904 0.28950667000676267 0.14573001867974333
0.8897779210290748 0.45491220697454615 0.1848258441698899 0.7212624124534814 0.08328939844960026 0.0 0.5590159811077975 0.2538949022507132 0.33002823679476845 0.012690179680712399
0.7849325384179786 0.8038808911269097 0.42736572671967843 0.993000112052268 0.2315903911667866 0.5590159811077975 0.0 0.15236094605557537 0.8894105956584027 0.2195958400281366
0.4696210736241214 0.7999391743909473 0.9641829238932976 0.752072473450089 0.4345641770735904 0.2538949022507132 0.15236094605557537 0.0 0.15825438111340673 0.9534702618531706
0.9771234500234679 0.2934277158849139 0.8263534459664297 0.234603738053341 0.28950667000676267 0.33002823679476845 0.8894105956584027 0.15825438111340673 0.0 0.2623320596654206
0.9158876844097563 0.5075141701802678 0.34982876270324836 0.5912027324769044 0.14573001867974333 0.012690179680712399 0.2195958400281366 0.9534702618531706 0.2623320596654206 0.0

# Optimal Walk
0 8 7 6 4 1 9 5 2 3 0
