# Graph size: 10
# Optimal cost: 1.8310001636942759

# Distance Matrix
0.0 0.2843567688654248 0.2550217033338583 0.49326065930476914 0.19698021246664432 0.2995183166867489 0.3383049141652882 0.8589546624282333 0.3600328699801484 0.4310643316634709
0.2843567688654248 0.0 0.9577258277121311 0.06899136458865107 0.29944883655938614 0.6539818029411534 0.5977774596128195 0.6597730674529683 0.5572682797866549 0.37064498037589666
0.2550217033338583 0.9577258277121311 0.0 0.9234616243876667 0.5263110812753521 0.15572305543266596 0.34095475615987814 0.2891113413683376 0.12161071475037166 0.6456487302571187
0.49326065930476914 0.06899136458865107 0.9234616243876667 0.0 0.8874881303803152 0.14915371020606594 0.3270776613093038 0.4270911729178364 0.49995577009173986 0.6252381301332935
0.19698021246664432 0.29944883655938614 0.5263110812753521 0.8874881303803152 0.0 0.03670110375241553 0.2845216096076616 0.3704925899358741 0.7429438996105102 0.170619882796316
0.2995183166867489 0.6539818029411534 0.15572305543266596 0.14915371020606594 0.03670110375241553 0.0 0.22848710197364297 0.5797823239575833 0.14132081873329094 0.7877803453769674
0.3383049141652882 0.5977774596128195 0.34095475615987814 0.3270776613093038 0.2845216096076616 0.22848710197364297 0.0 0.41618802903331653 0.6237440111787266 0.37980428003664013
0.8589546624282333 0.6597730674529683 0.2891113413683376 0.4270911729178364 0.3704925899358741 0.5797823239575833 0.41618802903331653 0.0 0.2027455764964382 0.13538828582785334
0.3600328699801484 0.5572682797866549 0.12161071475037166 0.49995577009173986 0.7429438996105102 0.14132081873329094 0.6237440111787266 0.2027455764964382 0.0 0.7214846319834256
0.4310643316634709 0.37064498037589666 0.6456487302571187 0.6252381301332935 0.170619882796316 0.7877803453769674 0.37980428003664013 0.13538828582785334 0.7214846319834256 0.0

# Optimal Walk
0 2 8 7 9 4 5 6 3 1 0
