# MCW Instance
# Type: UNIFORM
# N: 8
# Optimal cost: 1.770925377005006
# Optimal tour (permutation): [0, 4, 5, 1, 7, 6, 3, 2, 0]
# Optimal walk (full path): [0, 4, 1, 5, 1, 7, 6, 7, 3, 2, 0]
# Walk size: 11
# Is walk (has repeats): true

# Distance Matrix
0.0000000000 0.5081710696 0.2438041923 0.5700760809 0.2842528693 0.3820580311 0.5645340924 0.3170132832
0.5081710696 0.0000000000 0.6636590245 0.6322167950 0.1432081607 0.0025671375 0.3700593487 0.1750126822
0.2438041923 0.6636590245 0.0000000000 0.3803005580 0.2235786262 0.9384849463 0.7357371073 0.7199801840
0.5700760809 0.6322167950 0.3803005580 0.0000000000 0.8886130769 0.4989711359 0.9349233332 0.3694844412
0.2842528693 0.1432081607 0.2235786262 0.8886130769 0.0000000000 0.5364581151 0.2610303043 0.5958090313
0.3820580311 0.0025671375 0.9384849463 0.4989711359 0.5364581151 0.0000000000 0.3741381035 0.4490255993
0.5645340924 0.3700593487 0.7357371073 0.9349233332 0.2610303043 0.3741381035 0.0000000000 0.0848640991
0.3170132832 0.1750126822 0.7199801840 0.3694844412 0.5958090313 0.4490255993 0.0848640991 0.0000000000
