# MCW Instance
# Type: UNIFORM
# N: 8
# Optimal cost: 1.7323420403608627
# Optimal tour (permutation): [0, 7, 5, 2, 3, 4, 6, 1, 0]
# Optimal walk (full path): [0, 7, 2, 5, 2, 3, 4, 6, 1, 0]
# Walk size: 10
# Is walk (has repeats): true

# Distance Matrix
0.0000000000 0.2354323839 0.4007392984 0.9868534952 0.6615496374 0.8122719062 0.5469133770 0.0885769570
0.2354323839 0.0000000000 0.7773670080 0.3885596774 0.2065644036 0.7610731095 0.2354901352 0.2557842486
0.4007392984 0.7773670080 0.0000000000 0.1573773040 0.6197755687 0.0753041528 0.5259968294 0.2947307552
0.9868534952 0.3885596774 0.1573773040 0.0000000000 0.3617238255 0.7280993370 0.5097253817 0.4605937224
0.6615496374 0.2065644036 0.6197755687 0.3617238255 0.0000000000 0.9623753073 0.2084023742 0.8016993812
0.8122719062 0.7610731095 0.0753041528 0.7280993370 0.9623753073 0.0000000000 0.5871431760 0.6041685998
0.5469133770 0.2354901352 0.5259968294 0.5097253817 0.2084023742 0.5871431760 0.0000000000 0.4229006851
0.0885769570 0.2557842486 0.2947307552 0.4605937224 0.8016993812 0.6041685998 0.4229006851 0.0000000000
