# Graph size: 8
# Optimal cost: 2.1443257228202715

# Distance Matrix
0.0 0.6302644652297867 0.578712462007445 0.762831881241921 0.3158612118793481 0.8223997953809036 0.43182821181835773 0.6361013601004832
0.6302644652297867 0.0 0.9572628159582164 0.2701423500665008 0.5813474234562979 0.33309160699586193 0.8010904618562761 0.33231486753517736
0.578712462007445 0.9572628159582164 0.0 0.29247551304718955 0.620433253304511 0.7906162474614341 0.6856707770322481 0.02788060913863244
0.762831881241921 0.2701423500665008 0.29247551304718955 0.0 0.2745782883735852 0.049124386710928114 0.3544851137131232 0.9948752973270958
0.3158612118793481 0.5813474234562979 0.620433253304511 0.2745782883735852 0.0 0.5083604447880798 0.35032634402029394 0.5544163736882093
0.8223997953809036 0.33309160699586193 0.7906162474614341 0.049124386710928114 0.5083604447880798 0.0 0.7247418365492689 0.06023007444598616
0.43182821181835773 0.8010904618562761 0.6856707770322481 0.3544851137131232 0.35032634402029394 0.7247418365492689 0.0 0.617394780455803
0.6361013601004832 0.33231486753517736 0.02788060913863244 0.9948752973270958 0.5544163736882093 0.06023007444598616 0.617394780455803 0.0

# Optimal Walk
0 6 3 5 7 2 1 4 0
