# Graph size: 8
# Optimal cost: 1.5615610508328372

# Distance Matrix
0.0 0.6695793820358252 0.5669791291212879 0.7487095443032767 0.04856881871796115 0.9191893014827451 0.39347218630153213 0.21397345564444237
0.6695793820358252 0.0 0.33848744616471205 0.35808245357473967 0.596876400609755 0.5429151150153477 0.25121558866300975 0.5831968335781704
0.5669791291212879 0.33848744616471205 0.0 0.9638932930712274 0.9446961763862383 0.3789391000137693 0.016100283087930767 0.3006978744411689
0.7487095443032767 0.35808245357473967 0.9638932930712274 0.0 0.5155940607170936 0.45211931458336374 0.9164667272175951 0.03441347954897034
0.04856881871796115 0.596876400609755 0.9446961763862383 0.5155940607170936 0.0 0.3568221068935774 0.01743769430666664 0.2921748851480742
0.9191893014827451 0.5429151150153477 0.3789391000137693 0.45211931458336374 0.3568221068935774 0.0 0.31396946784884794 0.5479718660114012
0.39347218630153213 0.25121558866300975 0.016100283087930767 0.9164667272175951 0.01743769430666664 0.31396946784884794 0.0 0.3491475885975115
0.21397345564444237 0.5831968335781704 0.3006978744411689 0.03441347954897034 0.2921748851480742 0.5479718660114012 0.3491475885975115 0.0

# Optimal Walk
0 7 3 1 5 6 2 4 0
