# MCW Instance
# Type: UNIFORM
# N: 8
# Optimal cost: 1.378257155119466
# Optimal tour (permutation): [0, 7, 6, 5, 3, 2, 1, 4, 0]
# Optimal walk (full path): [0, 7, 6, 7, 5, 3, 2, 1, 4, 7, 0]
# Walk size: 11
# Is walk (has repeats): true

# Distance Matrix
0.0000000000 0.4326344882 0.2323787488 0.8616742334 0.5654045145 0.6969743708 0.8577607055 0.0066873173
0.4326344882 0.0000000000 0.2446958670 0.8626788021 0.1464251250 0.5592248506 0.7266070227 0.6940510414
0.2323787488 0.2446958670 0.0000000000 0.0863577636 0.8003583884 0.9317888620 0.7621247492 0.2641842471
0.8616742334 0.8626788021 0.0863577636 0.0000000000 0.9078156954 0.1254883083 0.3512881107 0.7059192973
0.5654045145 0.1464251250 0.8003583884 0.9078156954 0.0000000000 0.7403480626 0.9440430671 0.2559845589
0.6969743708 0.5592248506 0.9317888620 0.1254883083 0.7403480626 0.0000000000 0.7719544016 0.1672188452
0.8577607055 0.7266070227 0.7621247492 0.3512881107 0.9440430671 0.7719544016 0.0000000000 0.1693560263
0.0066873173 0.6940510414 0.2641842471 0.7059192973 0.2559845589 0.1672188452 0.1693560263 0.0000000000
