# Graph size: 8
# Optimal cost: 1.9075625858226894

# Distance Matrix
0.0 0.9784580024022335 0.8494449225528944 0.8242520749236572 0.6777214279421861 0.29125879848153025 0.7363241895836015 0.3525522118793857
0.9784580024022335 0.0 0.5756653103504932 0.018585499241493886 0.9733266945980233 0.8724565259780849 0.6099933633269522 0.7354688569686225
0.8494449225528944 0.5756653103504932 0.0 0.5767244749077223 0.19047424678661062 0.9634720507871558 0.47472690266039064 0.7904503870543291
0.8242520749236572 0.018585499241493886 0.5767244749077223 0.0 0.4132857700221091 0.09330943392915003 0.08371859242256696 0.5219888945406388
0.6777214279421861 0.9733266945980233 0.19047424678661062 0.4132857700221091 0.0 0.7839698060287422 0.9641654671134746 0.3843514011800675
0.29125879848153025 0.8724565259780849 0.9634720507871558 0.09330943392915003 0.7839698060287422 0.0 0.4505164572402357 0.06393167598769645
0.7363241895836015 0.6099933633269522 0.47472690266039064 0.08371859242256696 0.9641654671134746 0.4505164572402357 0.0 0.5743990931563558
0.3525522118793857 0.7354688569686225 0.7904503870543291 0.5219888945406388 0.3843514011800675 0.06393167598769645 0.5743990931563558 0.0

# Optimal Walk
0 7 4 2 6 3 1 5 0
