# MCW Instance
# Type: UNIFORM
# N: 8
# Optimal cost: 1.3179473167270779
# Optimal tour (permutation): [0, 3, 5, 7, 6, 2, 4, 1, 0]
# Optimal walk (full path): [0, 1, 3, 5, 7, 6, 7, 2, 4, 3, 1, 0]
# Walk size: 12
# Is walk (has repeats): true

# Distance Matrix
0.0000000000 0.0145258308 0.8672099751 0.3721984736 0.4973262923 0.9646852526 0.6732882005 0.9923669096
0.0145258308 0.0000000000 0.2593748874 0.0293272855 0.6894058849 0.7414157283 0.4214009011 0.4829790156
0.8672099751 0.2593748874 0.0000000000 0.6402482345 0.1790547139 0.8088622085 0.2756151419 0.1680406869
0.3721984736 0.0293272855 0.6402482345 0.0000000000 0.3186533422 0.1937144132 0.8263603793 0.7369282899
0.4973262923 0.6894058849 0.1790547139 0.3186533422 0.0000000000 0.9858354877 0.6367485129 0.5407951306
0.9646852526 0.7414157283 0.8088622085 0.1937144132 0.9858354877 0.0000000000 0.9400126063 0.2593352346
0.6732882005 0.4214009011 0.2756151419 0.8263603793 0.6367485129 0.9400126063 0.0000000000 0.0557213467
0.9923669096 0.4829790156 0.1680406869 0.7369282899 0.5407951306 0.2593352346 0.0557213467 0.0000000000
