# MCW Instance
# Type: UNIFORM
# N: 8
# Optimal cost: 1.4229851450717736
# Optimal tour (permutation): [0, 7, 4, 5, 1, 6, 3, 2, 0]
# Optimal walk (full path): [0, 7, 4, 5, 1, 6, 3, 0, 2, 0]
# Walk size: 10
# Is walk (has repeats): true

# Distance Matrix
0.0000000000 0.3488612862 0.0752095989 0.3197084717 0.5731637017 0.8356156289 0.3284093486 0.1497802602
0.3488612862 0.0000000000 0.3186120327 0.5880672496 0.2253176067 0.0103490557 0.0363384161 0.9096052822
0.0752095989 0.3186120327 0.0000000000 0.8708555531 0.3935177561 0.7485606097 0.8750268220 0.3343142448
0.3197084717 0.5880672496 0.8708555531 0.0000000000 0.8586212802 0.9067516671 0.3896192152 0.7911827636
0.5731637017 0.2253176067 0.3935177561 0.8586212802 0.0000000000 0.1915862763 0.7728025265 0.1751842521
0.8356156289 0.0103490557 0.7485606097 0.9067516671 0.1915862763 0.0000000000 0.9650641236 0.2986211436
0.3284093486 0.0363384161 0.8750268220 0.3896192152 0.7728025265 0.9650641236 0.0000000000 0.7901072620
0.1497802602 0.9096052822 0.3343142448 0.7911827636 0.1751842521 0.2986211436 0.7901072620 0.0000000000
