# Graph size: 8
# Optimal cost: 2.4255452415750893

# Distance Matrix
0.0 0.6025165370808861 0.6176913928764997 0.4152609433703367 0.8568899265966816 0.2246896714927219 0.33257310013208685 0.2399354065283772
0.6025165370808861 0.0 0.8249228304153544 0.37990941343026174 0.26422927756992076 0.511238447125797 0.1823384780927293 0.26581675672061866
0.6176913928764997 0.8249228304153544 0.0 0.9321746171996369 0.6197704904376015 0.6650499448804904 0.32139740400214767 0.9206236332138071
0.4152609433703367 0.37990941343026174 0.9321746171996369 0.0 0.8714319041278936 0.7580734419674341 0.17952211097238324 0.08559447028038991
0.8568899265966816 0.26422927756992076 0.6197704904376015 0.8714319041278936 0.0 0.6064410186342718 0.5656498466788509 0.7282675879138315
0.2246896714927219 0.511238447125797 0.6650499448804904 0.7580734419674341 0.6064410186342718 0.0 0.6630068711583421 0.4681635196387447
0.33257310013208685 0.1823384780927293 0.32139740400214767 0.17952211097238324 0.5656498466788509 0.6630068711583421 0.0 0.9296658268253096
0.2399354065283772 0.26581675672061866 0.9206236332138071 0.08559447028038991 0.7282675879138315 0.4681635196387447 0.9296658268253096 0.0

# Optimal Walk
0 7 3 6 2 1 4 5 0
