# Graph size: 8
# Optimal cost: 2.6872451871750886

# Distance Matrix
0.0 0.576049160627025 0.2972639100631397 0.5828029220054592 0.26613722799583794 0.43684515670431745 0.9590831698990492 0.3549949196086706
0.576049160627025 0.0 0.8395771783334757 0.8259943003595726 0.8529934707691255 0.2720234603824878 0.6824352281765009 0.26377753781284174
0.2972639100631397 0.8395771783334757 0.0 0.8408868575865556 0.8779652457217453 0.41104633892672326 0.9655974815408737 0.6335727686200336
0.5828029220054592 0.8259943003595726 0.8408868575865556 0.0 0.7907212971689752 0.8269895561327879 0.37517521181448177 0.44753016719255434
0.26613722799583794 0.8529934707691255 0.8779652457217453 0.7907212971689752 0.0 0.13396822069912928 0.7548404394167351 0.9621216167636866
0.43684515670431745 0.2720234603824878 0.41104633892672326 0.8269895561327879 0.13396822069912928 0.0 0.22032311228789303 0.8069860328282913
0.9590831698990492 0.6824352281765009 0.9655974815408737 0.37517521181448177 0.7548404394167351 0.22032311228789303 0.0 0.820315905582228
0.3549949196086706 0.26377753781284174 0.6335727686200336 0.44753016719255434 0.9621216167636866 0.8069860328282913 0.820315905582228 0.0

# Optimal Walk
0 4 5 6 3 7 1 2 0
