# MCW Instance
# Type: UNIFORM
# N: 8
# Optimal cost: 2.0822387566598097
# Optimal tour (permutation): [0, 5, 6, 7, 1, 2, 3, 4, 0]
# Optimal walk (full path): [0, 5, 0, 6, 7, 1, 2, 3, 4, 0]
# Walk size: 10
# Is walk (has repeats): true

# Distance Matrix
0.0000000000 0.3840496887 0.4824660390 0.4472528856 0.4489669275 0.0964733275 0.0591668538 0.4708411674
0.3840496887 0.0000000000 0.2599297014 0.5273213363 0.5046911785 0.7519490320 0.7331210299 0.3558474104
0.4824660390 0.2599297014 0.0000000000 0.3891882586 0.6594388206 0.5688525715 0.2741487183 0.5790690945
0.4472528856 0.5273213363 0.3891882586 0.0000000000 0.2775135493 0.5126424171 0.9709189476 0.6262401457
0.4489669275 0.5046911785 0.6594388206 0.2775135493 0.0000000000 0.9008115847 0.4697375648 0.5213758856
0.0964733275 0.7519490320 0.5688525715 0.5126424171 0.9008115847 0.0000000000 0.6128049648 0.3521949903
0.0591668538 0.7331210299 0.2741487183 0.9709189476 0.4697375648 0.6128049648 0.0000000000 0.0986794006
0.4708411674 0.3558474104 0.5790690945 0.6262401457 0.5213758856 0.3521949903 0.0986794006 0.0000000000
