# Graph size: 8
# Optimal cost: 1.927261791426768

# Distance Matrix
0.0 0.9764305082295263 0.7771892088803233 0.7234696833055742 0.6693881794930037 0.41663759879703754 0.4248925948569092 0.36307788267011243
0.9764305082295263 0.0 0.6131619006893769 0.4903583524479723 0.2031006398938323 0.9420851126688656 0.2870394646219109 0.7584778355955031
0.7771892088803233 0.6131619006893769 0.0 0.3194040834263271 0.04461216182256478 0.5825876726253838 0.979113065103297 0.5478980374371073
0.7234696833055742 0.4903583524479723 0.3194040834263271 0.0 0.04141566124104712 0.3129747926087506 0.37477700039116857 0.9087996997277977
0.6693881794930037 0.2031006398938323 0.04461216182256478 0.04141566124104712 0.0 0.4591224142895214 0.9100221059284527 0.46227245479949053
0.41663759879703754 0.9420851126688656 0.5825876726253838 0.3129747926087506 0.4591224142895214 0.0 0.023078104517160858 0.25547057187652267
0.4248925948569092 0.2870394646219109 0.979113065103297 0.37477700039116857 0.9100221059284527 0.023078104517160858 0.0 0.6294122517018499
0.36307788267011243 0.7584778355955031 0.5478980374371073 0.9087996997277977 0.46227245479949053 0.25547057187652267 0.6294122517018499 0.0

# Optimal Walk
0 5 6 1 2 4 3 7 0
