# MCW Instance
# Type: UNIFORM
# N: 8
# Optimal cost: 0.8873437867120618
# Optimal tour (permutation): [0, 7, 6, 4, 2, 5, 3, 1, 0]
# Optimal walk (full path): [0, 7, 6, 7, 4, 2, 4, 5, 3, 1, 0]
# Walk size: 11
# Is walk (has repeats): true

# Distance Matrix
0.0000000000 0.2207375428 0.6996134062 0.2652423091 0.6193874536 0.2479978213 0.5118801072 0.0538161910
0.2207375428 0.0000000000 0.8988904619 0.0065916919 0.6283226400 0.5229477641 0.5057659809 0.7950265970
0.6996134062 0.8988904619 0.0000000000 0.6843071323 0.0047060991 0.9027438923 0.8726812604 0.2305207960
0.2652423091 0.0065916919 0.6843071323 0.0000000000 0.4644412694 0.0337095840 0.4246893387 0.8352544253
0.6193874536 0.6283226400 0.0047060991 0.4644412694 0.0000000000 0.2712906444 0.4101558498 0.1441181663
0.2479978213 0.5229477641 0.9027438923 0.0337095840 0.2712906444 0.0000000000 0.2785666729 0.8335541290
0.5118801072 0.5057659809 0.8726812604 0.4246893387 0.4101558498 0.2785666729 0.0000000000 0.0738338841
0.0538161910 0.7950265970 0.2305207960 0.8352544253 0.1441181663 0.8335541290 0.0738338841 0.0000000000
