# MCW Instance
# Type: UNIFORM
# N: 8
# Optimal cost: 1.9163950525803086
# Optimal tour (permutation): [0, 7, 6, 5, 3, 4, 1, 2, 0]
# Optimal walk (full path): [0, 7, 6, 7, 5, 3, 4, 1, 2, 0]
# Walk size: 10
# Is walk (has repeats): true

# Distance Matrix
0.0000000000 0.3980523023 0.4808286260 0.5477483717 0.8668873952 0.6935478839 0.6965467807 0.3819281835
0.3980523023 0.0000000000 0.1716714241 0.5014297428 0.1161039240 0.9488038756 0.5466195173 0.3695443573
0.4808286260 0.1716714241 0.0000000000 0.5703258641 0.7187249893 0.9915097135 0.8413164838 0.9245405351
0.5477483717 0.5014297428 0.5703258641 0.0000000000 0.0379444313 0.2007473534 0.9133524081 0.2787285598
0.8668873952 0.1161039240 0.7187249893 0.0379444313 0.0000000000 0.7172532790 0.9624982404 0.9130117751
0.6935478839 0.9488038756 0.9915097135 0.2007473534 0.7172532790 0.0000000000 0.3840061435 0.1465563846
0.6965467807 0.5466195173 0.8413164838 0.9133524081 0.9624982404 0.3840061435 0.0000000000 0.1903073628
0.3819281835 0.3695443573 0.9245405351 0.2787285598 0.9130117751 0.1465563846 0.1903073628 0.0000000000
