# MCW Instance
# Type: UNIFORM
# N: 8
# Optimal cost: 1.6971269258255568
# Optimal tour (permutation): [0, 2, 7, 3, 6, 1, 5, 4, 0]
# Optimal walk (full path): [0, 2, 7, 3, 6, 1, 5, 4, 0]
# Walk size: 9
# Is walk (has repeats): false

# Distance Matrix
0.0000000000 0.6843336345 0.2876076978 0.4167227449 0.1241659707 0.5127204642 0.6740803253 0.8047563982
0.6843336345 0.0000000000 0.8688700842 0.5947303308 0.7820804813 0.0695587754 0.0360097093 0.5630368514
0.2876076978 0.8688700842 0.0000000000 0.7314532707 0.5019246972 0.4304469962 0.9378933817 0.5478309766
0.4167227449 0.5947303308 0.7314532707 0.0000000000 0.4305547660 0.9754470149 0.2424825447 0.2567129813
0.1241659707 0.7820804813 0.5019246972 0.4305547660 0.0000000000 0.1327582701 0.4236025605 0.8046223237
0.5127204642 0.0695587754 0.4304469962 0.9754470149 0.1327582701 0.0000000000 0.1177368181 0.3543795319
0.6740803253 0.0360097093 0.9378933817 0.2424825447 0.4236025605 0.1177368181 0.0000000000 0.6480284626
0.8047563982 0.5630368514 0.5478309766 0.2567129813 0.8046223237 0.3543795319 0.6480284626 0.0000000000
