# Graph size: 8
# Optimal cost: 1.0060058483192416

# Distance Matrix
0.0 0.4403188618228189 0.4581161244724056 0.5528012475857227 0.6887415292568962 0.13427666911564473 0.527517115862985 0.06823765093017742
0.4403188618228189 0.0 0.6340194276489562 0.2072767044899615 0.4016788289484957 0.7136980174788264 0.9125221476775439 0.03262069297318504
0.4581161244724056 0.6340194276489562 0.0 0.575788663300458 0.23120507290617742 0.0780268621984529 0.7782133013209761 0.9179440756955668
0.5528012475857227 0.2072767044899615 0.575788663300458 0.0 0.5332488529361993 0.3292829846479639 0.17193244653305573 0.0681298632573869
0.6887415292568962 0.4016788289484957 0.23120507290617742 0.5332488529361993 0.0 0.16481645204890183 0.5067300948843375 0.9424916580640295
0.13427666911564473 0.7136980174788264 0.0780268621984529 0.3292829846479639 0.16481645204890183 0.0 0.024139445383074554 0.971202644359099
0.527517115862985 0.9125221476775439 0.7782133013209761 0.17193244653305573 0.5067300948843375 0.024139445383074554 0.0 0.4955355300136448
0.06823765093017742 0.03262069297318504 0.9179440756955668 0.0681298632573869 0.9424916580640295 0.971202644359099 0.4955355300136448 0.0

# Optimal Walk
0 5 4 2 6 3 7 1 0
