# MCW Instance
# Type: UNIFORM
# N: 8
# Optimal cost: 1.649778144343475
# Optimal tour (permutation): [0, 6, 5, 7, 2, 4, 3, 1, 0]
# Optimal walk (full path): [0, 6, 0, 5, 7, 2, 4, 1, 3, 1, 0]
# Walk size: 11
# Is walk (has repeats): true

# Distance Matrix
0.0000000000 0.0012013712 0.6582914294 0.7922538274 0.9626878187 0.2389118139 0.1062539953 0.4898615310
0.0012013712 0.0000000000 0.5177711585 0.1512227731 0.0307553654 0.5169755697 0.3823644138 0.4278199566
0.6582914294 0.5177711585 0.0000000000 0.5806462343 0.1028257538 0.3509341556 0.2422125748 0.2377086272
0.7922538274 0.1512227731 0.5806462343 0.0000000000 0.7913395223 0.4244233118 0.4239571111 0.4806792373
0.9626878187 0.0307553654 0.1028257538 0.7913395223 0.0000000000 0.2510807183 0.9843840946 0.7102126753
0.2389118139 0.5169755697 0.3509341556 0.4244233118 0.2510807183 0.0000000000 0.8674487050 0.5234216759
0.1062539953 0.3823644138 0.2422125748 0.4239571111 0.9843840946 0.8674487050 0.0000000000 0.8590566307
0.4898615310 0.4278199566 0.2377086272 0.4806792373 0.7102126753 0.5234216759 0.8590566307 0.0000000000
