# MCW Instance
# Type: UNIFORM
# N: 8
# Optimal cost: 1.1671847658348686
# Optimal tour (permutation): [0, 3, 7, 6, 4, 2, 5, 1, 0]
# Optimal walk (full path): [0, 3, 7, 6, 2, 4, 2, 0, 1, 5, 1, 0]
# Walk size: 12
# Is walk (has repeats): true

# Distance Matrix
0.0000000000 0.0809554853 0.0697130419 0.2238037976 0.4627458363 0.8371622720 0.4705138894 0.7977066879
0.0809554853 0.0000000000 0.7462286995 0.4621992879 0.9601162557 0.0305147201 0.5501255233 0.3299960817
0.0697130419 0.7462286995 0.0000000000 0.4120808945 0.0623521242 0.8550297740 0.1384158292 0.8013780604
0.2238037976 0.4621992879 0.4120808945 0.0000000000 0.2174831347 0.7866984830 0.7176123336 0.1633729091
0.4627458363 0.9601162557 0.0623521242 0.2174831347 0.0000000000 0.8877922974 0.7786589859 0.5645080164
0.8371622720 0.0305147201 0.8550297740 0.7866984830 0.8877922974 0.0000000000 0.6651393805 0.7717955326
0.4705138894 0.5501255233 0.1384158292 0.7176123336 0.7786589859 0.6651393805 0.0000000000 0.2242345287
0.7977066879 0.3299960817 0.8013780604 0.1633729091 0.5645080164 0.7717955326 0.2242345287 0.0000000000
