# MCW Instance
# Type: UNIFORM
# N: 8
# Optimal cost: 2.3173333445493225
# Optimal tour (permutation): [0, 6, 5, 7, 3, 2, 4, 1, 0]
# Optimal walk (full path): [0, 6, 5, 7, 3, 2, 1, 4, 1, 0]
# Walk size: 10
# Is walk (has repeats): true

# Distance Matrix
0.0000000000 0.4526296871 0.7169948228 0.4754658829 0.5675686331 0.8344089872 0.2927198369 0.7240552630
0.4526296871 0.0000000000 0.1762885300 0.6697329646 0.1044381266 0.4875395341 0.6956597214 0.9858637403
0.7169948228 0.1762885300 0.0000000000 0.0817722682 0.9152745785 0.6803220013 0.8403498926 0.5298358296
0.4754658829 0.6697329646 0.0817722682 0.0000000000 0.3616597540 0.8816109548 0.8503159327 0.3732877186
0.5675686331 0.1044381266 0.9152745785 0.3616597540 0.0000000000 0.9784733987 0.5091451273 0.5097777485
0.8344089872 0.4875395341 0.6803220013 0.8816109548 0.9784733987 0.0000000000 0.4892928834 0.2424661670
0.2927198369 0.6956597214 0.8403498926 0.8503159327 0.5091451273 0.4892928834 0.0000000000 0.9547478914
0.7240552630 0.9858637403 0.5298358296 0.3732877186 0.5097777485 0.2424661670 0.9547478914 0.0000000000
