# MCW Instance
# Type: UNIFORM
# N: 8
# Optimal cost: 2.946401909230527
# Optimal tour (permutation): [0, 5, 3, 4, 6, 7, 2, 1, 0]
# Optimal walk (full path): [0, 5, 3, 4, 6, 7, 2, 1, 0]
# Walk size: 9
# Is walk (has repeats): false

# Distance Matrix
0.0000000000 0.0147039118 0.7883594044 0.5955397580 0.5428392356 0.6028996497 0.2974306697 0.5095038132
0.0147039118 0.0000000000 0.4480230675 0.9222909993 0.4952890430 0.9428477618 0.5946753487 0.5087111446
0.7883594044 0.4480230675 0.0000000000 0.7276517413 0.7301324051 0.8702797830 0.9292148563 0.5828677571
0.5955397580 0.9222909993 0.7276517413 0.0000000000 0.2162728210 0.3872598990 0.9559011520 0.8168367348
0.5428392356 0.4952890430 0.7301324051 0.2162728210 0.0000000000 0.3523242108 0.4398655090 0.8554595991
0.6028996497 0.9428477618 0.8702797830 0.3872598990 0.3523242108 0.0000000000 0.6813478505 0.9067625424
0.2974306697 0.5946753487 0.9292148563 0.9559011520 0.4398655090 0.6813478505 0.0000000000 0.2545092941
0.5095038132 0.5087111446 0.5828677571 0.8168367348 0.8554595991 0.9067625424 0.2545092941 0.0000000000
