# MCW Instance
# Type: UNIFORM
# N: 8
# Optimal cost: 1.6328696499323243
# Optimal tour (permutation): [0, 3, 2, 4, 7, 6, 5, 1, 0]
# Optimal walk (full path): [0, 3, 2, 4, 7, 6, 5, 1, 0]
# Walk size: 9
# Is walk (has repeats): false

# Distance Matrix
0.0000000000 0.0227621009 0.8029186377 0.1562268040 0.6444912786 0.9269713436 0.4776145446 0.8561861559
0.0227621009 0.0000000000 0.3979683991 0.2372603427 0.4071971109 0.3241654741 0.3051965879 0.4863524169
0.8029186377 0.3979683991 0.0000000000 0.4337546707 0.0626790155 0.9306305699 0.8797996389 0.8688927466
0.1562268040 0.2372603427 0.4337546707 0.0000000000 0.8277594664 0.4399988746 0.3519699952 0.3869873851
0.6444912786 0.4071971109 0.0626790155 0.8277594664 0.0000000000 0.3366523483 0.2931717026 0.2461962413
0.9269713436 0.3241654741 0.9306305699 0.4399988746 0.3366523483 0.0000000000 0.3094230642 0.9492965446
0.4776145446 0.3051965879 0.8797996389 0.3519699952 0.2931717026 0.3094230642 0.0000000000 0.0776622791
0.8561861559 0.4863524169 0.8688927466 0.3869873851 0.2461962413 0.9492965446 0.0776622791 0.0000000000
