# MCW Instance
# Type: UNIFORM
# N: 8
# Optimal cost: 1.9490115563462305
# Optimal tour (permutation): [0, 5, 1, 4, 2, 7, 6, 3, 0]
# Optimal walk (full path): [0, 5, 1, 4, 2, 7, 6, 3, 0]
# Walk size: 9
# Is walk (has repeats): false

# Distance Matrix
0.0000000000 0.9958630795 0.9239403732 0.1363090764 0.9663360434 0.4459515957 0.7326881787 0.9794793499
0.9958630795 0.0000000000 0.1972844031 0.5939205420 0.2527572955 0.2887640626 0.9833154357 0.5760174564
0.9239403732 0.1972844031 0.0000000000 0.8120402365 0.0786606950 0.9177847946 0.9626983563 0.2848973069
0.1363090764 0.5939205420 0.8120402365 0.0000000000 0.6904010192 0.3158593341 0.2850891672 0.7992678923
0.9663360434 0.2527572955 0.0786606950 0.6904010192 0.0000000000 0.4313015587 0.7703151012 0.4243782722
0.4459515957 0.2887640626 0.9177847946 0.3158593341 0.4313015587 0.0000000000 0.1555672307 0.1219819257
0.7326881787 0.9833154357 0.9626983563 0.2850891672 0.7703151012 0.1555672307 0.0000000000 0.1765823571
0.9794793499 0.5760174564 0.2848973069 0.7992678923 0.4243782722 0.1219819257 0.1765823571 0.0000000000
