# Graph size: 8
# Optimal cost: 1.3704412928691587

# Distance Matrix
0.0 0.6919243477697682 0.13448585805929736 0.5529035183909299 0.3323576938480711 0.8427429701074162 0.8942864215634562 0.5546382153929987
0.6919243477697682 0.0 0.1773970016907127 0.9142119378485004 0.6821127088762002 0.09687259570492535 0.818736467982913 0.7825450773935976
0.13448585805929736 0.1773970016907127 0.0 0.864374153941179 0.31516879478201776 0.7185621557793814 0.25285572618016283 0.36171124368850094
0.5529035183909299 0.9142119378485004 0.864374153941179 0.0 0.26745670918233133 0.5800593659906342 0.1335988349669036 0.7249000156960154
0.3323576938480711 0.6821127088762002 0.31516879478201776 0.26745670918233133 0.0 0.4067577715490557 0.8437125403030296 0.06296732416642659
0.8427429701074162 0.09687259570492535 0.7185621557793814 0.5800593659906342 0.4067577715490557 0.0 0.16837604076006818 0.1103213848591017
0.8942864215634562 0.818736467982913 0.25285572618016283 0.1335988349669036 0.8437125403030296 0.16837604076006818 0.0 0.5234420059081741
0.5546382153929987 0.7825450773935976 0.36171124368850094 0.7249000156960154 0.06296732416642659 0.1103213848591017 0.5234420059081741 0.0

# Optimal Walk
0 2 6 3 4 7 5 1 0
