# Graph size: 8
# Optimal cost: 1.9975897395429745

# Distance Matrix
0.0 0.2107251764121939 0.9608965481536803 0.8363167701939398 0.6500866533924206 0.5036308355853877 0.273259495402677 0.9095816459394475
0.2107251764121939 0.0 0.3047966472452668 0.6815208706354777 0.9017044630860858 0.5905421248536541 0.3344135063436996 0.9656762722698964
0.9608965481536803 0.3047966472452668 0.0 0.8859302131989424 0.11112117842056202 0.4313298841173554 0.17635823261531758 0.053778769651876446
0.8363167701939398 0.6815208706354777 0.8859302131989424 0.0 0.22033203453461714 0.433373739905744 0.17803748416007026 0.24487783309778877
0.6500866533924206 0.9017044630860858 0.11112117842056202 0.22033203453461714 0.0 0.3787184786927077 0.1943247169992781 0.9929138144468812
0.5036308355853877 0.5905421248536541 0.4313298841173554 0.433373739905744 0.3787184786927077 0.0 0.5275015686919681 0.8798894526708202
0.273259495402677 0.3344135063436996 0.17635823261531758 0.17803748416007026 0.1943247169992781 0.5275015686919681 0.0 0.16116518274668568
0.9095816459394475 0.9656762722698964 0.053778769651876446 0.24487783309778877 0.9929138144468812 0.8798894526708202 0.16116518274668568 0.0

# Optimal Walk
0 6 3 5 4 7 2 1 0
