# MCW Instance
# Type: UNIFORM
# N: 8
# Optimal cost: 1.121707704203355
# Optimal tour (permutation): [0, 7, 5, 1, 2, 6, 4, 3, 0]
# Optimal walk (full path): [0, 7, 5, 1, 2, 4, 6, 4, 3, 7, 0]
# Walk size: 11
# Is walk (has repeats): true

# Distance Matrix
0.0000000000 0.4927147089 0.3491680320 0.4670587355 0.8995274695 0.9492389237 0.4065978361 0.0652541342
0.4927147089 0.0000000000 0.0240969349 0.7874906698 0.0774531602 0.2999462399 0.5789786001 0.2373178028
0.3491680320 0.0240969349 0.0000000000 0.1842199536 0.0065184430 0.9152032319 0.7244483005 0.7946217198
0.4670587355 0.7874906698 0.1842199536 0.0000000000 0.1624160250 0.2972568518 0.4608407350 0.1929868878
0.8995274695 0.0774531602 0.0065184430 0.1624160250 0.0000000000 0.7687378510 0.0321635456 0.6376052315
0.9492389237 0.2999462399 0.9152032319 0.2972568518 0.7687378510 0.0000000000 0.7020886974 0.2409078140
0.4065978361 0.5789786001 0.7244483005 0.4608407350 0.0321635456 0.7020886974 0.0000000000 0.2965901067
0.0652541342 0.2373178028 0.7946217198 0.1929868878 0.6376052315 0.2409078140 0.2965901067 0.0000000000
