# MCW Instance
# Type: UNIFORM
# N: 8
# Optimal cost: 0.9699030626739833
# Optimal tour (permutation): [0, 6, 7, 3, 1, 5, 4, 2, 0]
# Optimal walk (full path): [0, 6, 7, 3, 1, 5, 4, 5, 2, 0]
# Walk size: 10
# Is walk (has repeats): true

# Distance Matrix
0.0000000000 0.1815309543 0.2463270815 0.4427612399 0.5092845428 0.3946653624 0.1030829850 0.6007281414
0.1815309543 0.0000000000 0.3464387348 0.0184179583 0.4700030156 0.1455201703 0.6320150680 0.6320458437
0.2463270815 0.3464387348 0.0000000000 0.7857014077 0.6395569991 0.0060627120 0.8123958207 0.6337243971
0.4427612399 0.0184179583 0.7857014077 0.0000000000 0.5667998287 0.1790707383 0.8802077632 0.3284773120
0.5092845428 0.4700030156 0.6395569991 0.5667998287 0.0000000000 0.0158114548 0.9742631216 0.8038133116
0.3946653624 0.1455201703 0.0060627120 0.1790707383 0.0158114548 0.0000000000 0.9597935591 0.6437619422
0.1030829850 0.6320150680 0.8123958207 0.8802077632 0.9742631216 0.9597935591 0.0000000000 0.0903919341
0.6007281414 0.6320458437 0.6337243971 0.3284773120 0.8038133116 0.6437619422 0.0903919341 0.0000000000
