# Graph size: 8
# Optimal cost: 1.1968854877371102

# Distance Matrix
0.0 0.2756606823283043 0.5052591326651333 0.9695328391547267 0.28092839976978 0.6935129766138066 0.5427501627663612 0.794608726995898
0.2756606823283043 0.0 0.37855749594442656 0.5467484345244386 0.6478987891398712 0.19230188814441407 0.9838382616183536 0.44924030608230336
0.5052591326651333 0.37855749594442656 0.0 0.8180566324911036 0.9573593877133462 0.6021936596622404 0.052519442129907556 0.28891108768375584
0.9695328391547267 0.5467484345244386 0.8180566324911036 0.0 0.5396606024209308 0.1414991482580883 0.37815154368387593 0.007290402934814866
0.28092839976978 0.6478987891398712 0.9573593877133462 0.5396606024209308 0.0 0.25718363384389165 0.1545950767490636 0.30039905771226505
0.6935129766138066 0.19230188814441407 0.6021936596622404 0.1414991482580883 0.25718363384389165 0.0 0.6128731790727785 0.7393495526342795
0.5427501627663612 0.9838382616183536 0.052519442129907556 0.37815154368387593 0.1545950767490636 0.6128731790727785 0.0 0.039571005292830086
0.794608726995898 0.44924030608230336 0.28891108768375584 0.007290402934814866 0.30039905771226505 0.7393495526342795 0.039571005292830086 0.0

# Optimal Walk
0 4 6 2 7 3 5 1 0
