# Graph size: 8
# Optimal cost: 2.3986303312052737

# Distance Matrix
0.0 0.07779474696613298 0.8378667293965406 0.677207582729275 0.8533944602844635 0.288164045711922 0.9767448305060704 0.0353721023178839
0.07779474696613298 0.0 0.5271461593879904 0.526793014565562 0.8427698897403175 0.4158720863131403 0.9125554826951247 0.36107473616631414
0.8378667293965406 0.5271461593879904 0.0 0.9209519206700186 0.7524298788603095 0.4604038799319795 0.3210015576409062 0.8417373523608762
0.677207582729275 0.526793014565562 0.9209519206700186 0.0 0.4944674641289164 0.3731250297547416 0.36125439017687133 0.5365732897918231
0.8533944602844635 0.8427698897403175 0.7524298788603095 0.4944674641289164 0.0 0.3735671368122251 0.910035484640226 0.4883779351854973
0.288164045711922 0.4158720863131403 0.4604038799319795 0.3731250297547416 0.3735671368122251 0.0 0.34710905906259726 0.6128653286641722
0.9767448305060704 0.9125554826951247 0.3210015576409062 0.36125439017687133 0.910035484640226 0.34710905906259726 0.0 0.10923042884166745
0.0353721023178839 0.36107473616631414 0.8417373523608762 0.5365732897918231 0.4883779351854973 0.6128653286641722 0.10923042884166745 0.0

# Optimal Walk
0 7 6 2 5 4 3 1 0
