# MCW Instance
# Type: UNIFORM
# N: 8
# Optimal cost: 1.8997844656239002
# Optimal tour (permutation): [0, 7, 2, 6, 5, 4, 3, 1, 0]
# Optimal walk (full path): [0, 2, 7, 2, 6, 5, 6, 4, 3, 1, 0]
# Walk size: 11
# Is walk (has repeats): true

# Distance Matrix
0.0000000000 0.3927506101 0.0886377023 0.7882097905 0.5204541903 0.9439612663 0.8649104871 0.3647431438
0.3927506101 0.0000000000 0.5918949140 0.1804794255 0.5539121309 0.6500109071 0.5283265890 0.6990175339
0.0886377023 0.5918949140 0.0000000000 0.9740323048 0.7474466939 0.9146562972 0.0934836873 0.1010387634
0.7882097905 0.1804794255 0.9740323048 0.0000000000 0.4131585532 0.9377367020 0.7268006239 0.6529618726
0.5204541903 0.5539121309 0.7474466939 0.4131585532 0.0000000000 0.9610835042 0.3105990433 0.9993227917
0.9439612663 0.6500109071 0.9146562972 0.9377367020 0.9610835042 0.0000000000 0.1092989586 0.6295991686
0.8649104871 0.5283265890 0.0934836873 0.7268006239 0.3105990433 0.1092989586 0.0000000000 0.9802640710
0.3647431438 0.6990175339 0.1010387634 0.6529618726 0.9993227917 0.6295991686 0.9802640710 0.0000000000
