# Graph size: 8
# Optimal cost: 1.1382485084025442

# Distance Matrix
0.0 0.8573847861521875 0.4210159893650719 0.9862263369914983 0.15335141953684706 0.23562224808790078 0.5211643425879939 0.3345636269854799
0.8573847861521875 0.0 0.8174465148929808 0.24958624694137221 0.33170797583136113 0.2870516873463279 0.3722945827448323 0.12187979565944462
0.4210159893650719 0.8174465148929808 0.0 0.8755949737150825 0.23092039708395684 0.4726229383641911 0.0749396536061282 0.20716415241243247
0.9862263369914983 0.24958624694137221 0.8755949737150825 0.0 0.04373231039611447 0.07822663132129148 0.01450724135734871 0.5498446577186139
0.15335141953684706 0.33170797583136113 0.23092039708395684 0.04373231039611447 0.0 0.25040688334121497 0.610894647210684 0.9254113941748245
0.23562224808790078 0.2870516873463279 0.4726229383641911 0.07822663132129148 0.25040688334121497 0.0 0.7446553481898509 0.4611751832621762
0.5211643425879939 0.3722945827448323 0.0749396536061282 0.01450724135734871 0.610894647210684 0.7446553481898509 0.0 0.7911694983486536
0.3345636269854799 0.12187979565944462 0.20716415241243247 0.5498446577186139 0.9254113941748245 0.4611751832621762 0.7911694983486536 0.0

# Optimal Walk
0 5 1 7 2 6 3 4 0
