# MCW Instance
# Type: EXPONENTIAL
# N: 11
# Optimal cost: 2.648486410962451
# Optimal tour (permutation): [0, 10, 2, 3, 9, 8, 1, 6, 4, 7, 5, 0]
# Optimal walk (full path): [0, 10, 2, 3, 9, 8, 1, 8, 6, 7, 4, 7, 5, 0]
# Walk size: 14
# Is walk (has repeats): true

# Distance Matrix
0.0000000000 2.9824595708 0.9825821853 4.0123375086 0.4711019828 0.1397143191 4.1129672054 0.3739517815 0.6086858965 0.9420801156 0.0851561783
2.9824595708 0.0000000000 0.7396559919 0.7464138319 1.2119981498 0.4197923154 0.7165297994 1.0113667312 0.1104106145 1.5261088493 1.8572376451
0.9825821853 0.7396559919 0.0000000000 0.3380320085 0.8061927491 1.3626736703 0.8831436159 0.1754498919 0.9956275517 0.4347278487 0.0323344853
4.0123375086 0.7464138319 0.3380320085 0.0000000000 2.9379743906 1.1380831601 0.7474419342 2.0128891925 0.3830581767 0.3592453468 0.6534828533
0.4711019828 1.2119981498 0.8061927491 2.9379743906 0.0000000000 0.9266023350 1.0024174222 0.1909897851 1.5651659294 1.0539029057 2.9061601142
0.1397143191 0.4197923154 1.3626736703 1.1380831601 0.9266023350 0.0000000000 7.1176086446 0.3182293611 0.2260897805 0.6300020015 0.2836787585
4.1129672054 0.7165297994 0.8831436159 0.7474419342 1.0024174222 7.1176086446 0.0000000000 0.0795788298 0.3148041578 1.2590610546 3.2060540857
0.3739517815 1.0113667312 0.1754498919 2.0128891925 0.1909897851 0.3182293611 0.0795788298 0.0000000000 1.1858306088 0.8085104394 0.2117393012
0.6086858965 0.1104106145 0.9956275517 0.3830581767 1.5651659294 0.2260897805 0.3148041578 1.1858306088 0.0000000000 0.3785909249 1.4871530122
0.9420801156 1.5261088493 0.4347278487 0.3592453468 1.0539029057 0.6300020015 1.2590610546 0.8085104394 0.3785909249 0.0000000000 0.7287043026
0.0851561783 1.8572376451 0.0323344853 0.6534828533 2.9061601142 0.2836787585 3.2060540857 0.2117393012 1.4871530122 0.7287043026 0.0000000000
