# MCW Instance
# Type: EXPONENTIAL
# N: 11
# Optimal cost: 1.754973223007232
# Optimal tour (permutation): [0, 8, 9, 6, 5, 10, 2, 4, 3, 7, 1, 0]
# Optimal walk (full path): [0, 8, 9, 6, 5, 10, 5, 2, 4, 3, 7, 3, 1, 0]
# Walk size: 14
# Is walk (has repeats): true

# Distance Matrix
0.0000000000 0.0068818701 3.1901456903 0.6585845085 1.5184802044 1.8400738224 0.7796334271 0.5280235938 0.1742169895 1.3981935794 0.8818919400
0.0068818701 0.0000000000 2.8713409269 0.0880433739 0.7921147780 0.5537976109 2.3301810589 1.9771940225 1.1106902477 0.7992553279 0.3836718439
3.1901456903 2.8713409269 0.0000000000 2.1106637684 0.2357572742 0.3295779641 0.6787969994 1.6496071041 1.6082475020 0.3521490678 0.4864308732
0.6585845085 0.0880433739 2.1106637684 0.0000000000 0.2102946182 0.3109518933 0.3708119899 0.0234240786 0.5804660560 0.5128066759 1.6613149389
1.5184802044 0.7921147780 0.2357572742 0.2102946182 0.0000000000 3.1379733649 0.4699400863 0.8595152290 0.7526971837 0.5041218011 2.6912123523
1.8400738224 0.5537976109 0.3295779641 0.3109518933 3.1379733649 0.0000000000 0.1001506285 3.8157859810 0.8187339273 2.3312290042 0.0069812611
0.7796334271 2.3301810589 0.6787969994 0.3708119899 0.4699400863 0.1001506285 0.0000000000 0.2102648116 2.6255284112 0.1189277658 2.0125098621
0.5280235938 1.9771940225 1.6496071041 0.0234240786 0.8595152290 3.8157859810 0.2102648116 0.0000000000 0.8431414450 0.8380658389 1.1673382641
0.1742169895 1.1106902477 1.6082475020 0.5804660560 0.7526971837 0.8187339273 2.6255284112 0.8431414450 0.0000000000 0.4303120593 0.9091566803
1.3981935794 0.7992553279 0.3521490678 0.5128066759 0.5041218011 2.3312290042 0.1189277658 0.8380658389 0.4303120593 0.0000000000 0.5124856319
0.8818919400 0.3836718439 0.4864308732 1.6613149389 2.6912123523 0.0069812611 2.0125098621 1.1673382641 0.9091566803 0.5124856319 0.0000000000
