# MCW Instance
# Type: EXPONENTIAL
# N: 11
# Optimal cost: 2.675187142334476
# Optimal tour (permutation): [0, 7, 1, 2, 9, 6, 5, 4, 10, 8, 3, 0]
# Optimal walk (full path): [0, 7, 1, 2, 9, 6, 5, 4, 10, 4, 5, 8, 3, 0]
# Walk size: 14
# Is walk (has repeats): true

# Distance Matrix
0.0000000000 0.3014812183 1.0471937466 0.3121603685 0.4077043620 0.8851160817 2.6511703127 0.4013646270 0.4649988436 1.6795861389 1.1401001992
0.3014812183 0.0000000000 0.2756650808 1.4095288859 3.0458239091 1.5655753008 0.5659606468 0.2688178911 0.9978901247 0.8729537486 0.9767851070
1.0471937466 0.2756650808 0.0000000000 0.2594751786 2.5970609838 0.5514635665 3.2214760305 1.4931420045 0.9371927681 0.0821958135 2.0432488950
0.3121603685 1.4095288859 0.2594751786 0.0000000000 1.8706802010 0.9230066346 2.9059470119 1.1131224098 0.3646973147 1.3221366878 1.5344097641
0.4077043620 3.0458239091 2.5970609838 1.8706802010 0.0000000000 0.0355474795 1.0880053931 3.6095222712 3.5306236674 1.5321679327 0.0609854826
0.8851160817 1.5655753008 0.5514635665 0.9230066346 0.0355474795 0.0000000000 0.2888068145 1.4921005849 0.1448627551 1.7057640172 0.8077852638
2.6511703127 0.5659606468 3.2214760305 2.9059470119 1.0880053931 0.2888068145 0.0000000000 1.2134969669 0.5434397480 0.3435505526 0.6597598216
0.4013646270 0.2688178911 1.4931420045 1.1131224098 3.6095222712 1.4921005849 1.2134969669 0.0000000000 0.5926386128 0.7471775766 1.0149523684
0.4649988436 0.9978901247 0.9371927681 0.3646973147 3.5306236674 0.1448627551 0.5434397480 0.5926386128 0.0000000000 1.0423767774 0.8932082504
1.6795861389 0.8729537486 0.0821958135 1.3221366878 1.5321679327 1.7057640172 0.3435505526 0.7471775766 1.0423767774 0.0000000000 1.5656618413
1.1401001992 0.9767851070 2.0432488950 1.5344097641 0.0609854826 0.8077852638 0.6597598216 1.0149523684 0.8932082504 1.5656618413 0.0000000000
