# MCW Instance
# Type: EXPONENTIAL
# N: 11
# Optimal cost: 2.1663030506348178
# Optimal tour (permutation): [0, 6, 2, 1, 5, 8, 3, 10, 9, 7, 4, 0]
# Optimal walk (full path): [0, 6, 2, 1, 5, 8, 3, 8, 10, 9, 10, 7, 4, 0]
# Walk size: 14
# Is walk (has repeats): true

# Distance Matrix
0.0000000000 0.2937421799 3.0145817984 0.2732188089 0.2633517251 1.1603087283 0.3623347468 1.8881176756 3.7547963141 3.0774344324 0.5915329877
0.2937421799 0.0000000000 0.3007277789 1.2097464740 0.6159276930 0.3051224774 0.4500875079 1.3210950038 0.8901428872 0.4341527430 0.0533073218
3.0145817984 0.3007277789 0.0000000000 1.1055342664 1.1957815071 1.8728059845 0.1107635261 3.0818187681 1.4939202153 1.2704607234 1.7230263312
0.2732188089 1.2097464740 1.1055342664 0.0000000000 0.8302126721 0.3660142772 1.3732047035 2.7089600816 0.0290247478 0.6831400567 0.5570830690
0.2633517251 0.6159276930 1.1957815071 0.8302126721 0.0000000000 0.6272668561 0.3837300729 0.0081840940 1.9419671925 0.2403054818 0.5769869933
1.1603087283 0.3051224774 1.8728059845 0.3660142772 0.6272668561 0.0000000000 0.9253795744 1.4232060327 0.2715916443 2.5143715319 0.7618428674
0.3623347468 0.4500875079 0.1107635261 1.3732047035 0.3837300729 0.9253795744 0.0000000000 0.9661129096 0.3991069248 1.5812269925 0.5302141719
1.8881176756 1.3210950038 3.0818187681 2.7089600816 0.0081840940 1.4232060327 0.9661129096 0.0000000000 0.1503348832 1.1652713702 0.0521667564
3.7547963141 0.8901428872 1.4939202153 0.0290247478 1.9419671925 0.2715916443 0.3991069248 0.1503348832 0.0000000000 0.3807843405 0.0449706550
3.0774344324 0.4341527430 1.2704607234 0.6831400567 0.2403054818 2.5143715319 1.5812269925 1.1652713702 0.3807843405 0.0000000000 0.1945200755
0.5915329877 0.0533073218 1.7230263312 0.5570830690 0.5769869933 0.7618428674 0.5302141719 0.0521667564 0.0449706550 0.1945200755 0.0000000000
