# MCW Instance
# Type: EXPONENTIAL
# N: 11
# Optimal cost: 1.8972854799969339
# Optimal tour (permutation): [0, 6, 7, 2, 8, 4, 5, 9, 10, 3, 1, 0]
# Optimal walk (full path): [0, 6, 7, 2, 7, 6, 8, 6, 4, 6, 0, 5, 9, 10, 3, 1, 0]
# Walk size: 17
# Is walk (has repeats): true

# Distance Matrix
0.0000000000 0.0702033642 1.6647049175 1.2162966687 1.1332285791 0.1374346703 0.0735412691 1.4989801959 0.2117497658 0.8768188529 0.5585972068
0.0702033642 0.0000000000 0.7081421031 0.0319344551 1.1373028057 0.7263125197 2.3527501357 0.8568589678 1.2872215503 0.2322507683 6.2643477184
1.6647049175 0.7081421031 0.0000000000 2.4043192771 0.1097521794 1.9293347034 0.2094669174 0.0582546438 0.6752976359 0.5984695338 0.9370398454
1.2162966687 0.0319344551 2.4043192771 0.0000000000 0.1612130768 0.7385381673 1.3212372477 0.8529451464 0.5825671465 2.8995943259 0.4650272396
1.1332285791 1.1373028057 0.1097521794 0.1612130768 0.0000000000 0.2711148416 0.0143481443 1.2830950917 0.5748469596 1.4664861198 0.7106565839
0.1374346703 0.7263125197 1.9293347034 0.7385381673 0.2711148416 0.0000000000 2.1159235062 0.7319977493 3.9637203890 0.3142005249 2.5543423073
0.0735412691 2.3527501357 0.2094669174 1.3212372477 0.0143481443 2.1159235062 0.0000000000 0.0054062975 0.1227478235 1.6873698842 0.7568726029
1.4989801959 0.8568589678 0.0582546438 0.8529451464 1.2830950917 0.7319977493 0.0054062975 0.0000000000 0.2716520398 1.0245604307 1.0393847865
0.2117497658 1.2872215503 0.6752976359 0.5825671465 0.5748469596 3.9637203890 0.1227478235 0.2716520398 0.0000000000 1.7326005671 0.6653380590
0.8768188529 0.2322507683 0.5984695338 2.8995943259 1.4664861198 0.3142005249 1.6873698842 1.0245604307 1.7326005671 0.0000000000 0.3298888696
0.5585972068 6.2643477184 0.9370398454 0.4650272396 0.7106565839 2.5543423073 0.7568726029 1.0393847865 0.6653380590 0.3298888696 0.0000000000
