# MCW Instance
# Type: EXPONENTIAL
# N: 11
# Optimal cost: 2.5283686743531693
# Optimal tour (permutation): [0, 10, 4, 5, 7, 8, 1, 2, 6, 3, 9, 0]
# Optimal walk (full path): [0, 10, 4, 5, 7, 8, 2, 1, 2, 6, 3, 6, 9, 0]
# Walk size: 14
# Is walk (has repeats): true

# Distance Matrix
0.0000000000 0.7252480332 0.6353193228 1.3057181752 1.3207788983 4.1127018914 0.2756245518 2.0892359578 2.4408464578 0.2236578001 0.2199926552
0.7252480332 0.0000000000 0.1143076663 0.6068324710 0.5311813864 0.4687242580 0.5829213044 1.3866567732 1.5524728424 0.4918925033 0.9341862250
0.6353193228 0.1143076663 0.0000000000 2.7555649313 1.0683560474 0.3922362597 0.3248986319 1.1430131273 0.1364189227 1.7711345031 1.4593853222
1.3057181752 0.6068324710 2.7555649313 0.0000000000 0.3060610788 0.7549489208 0.1541435521 0.4144710957 1.9278324381 3.2209894737 2.1205229323
1.3207788983 0.5311813864 1.0683560474 0.3060610788 0.0000000000 0.1737447814 1.0333282239 0.5629712528 0.0717183283 1.0473665928 0.3080843997
4.1127018914 0.4687242580 0.3922362597 0.7549489208 0.1737447814 0.0000000000 0.8020038684 0.0939093840 0.5562756459 1.4840640690 0.5394241971
0.2756245518 0.5829213044 0.3248986319 0.1541435521 1.0333282239 0.8020038684 0.0000000000 2.2522474965 0.3603871088 0.3643609026 0.4777107518
2.0892359578 1.3866567732 1.1430131273 0.4144710957 0.5629712528 0.0939093840 2.2522474965 0.0000000000 0.1463987601 1.6831492375 0.5356030357
2.4408464578 1.5524728424 0.1364189227 1.9278324381 0.0717183283 0.5562756459 0.3603871088 0.1463987601 0.0000000000 1.2241732581 0.8671684639
0.2236578001 0.4918925033 1.7711345031 3.2209894737 1.0473665928 1.4840640690 0.3643609026 1.6831492375 1.2241732581 0.0000000000 0.9212064553
0.2199926552 0.9341862250 1.4593853222 2.1205229323 0.3080843997 0.5394241971 0.4777107518 0.5356030357 0.8671684639 0.9212064553 0.0000000000
