# MCW Instance
# Type: EXPONENTIAL
# N: 11
# Optimal cost: 1.9579643649159242
# Optimal tour (permutation): [0, 5, 1, 10, 6, 8, 7, 3, 9, 4, 2, 0]
# Optimal walk (full path): [0, 2, 1, 5, 1, 10, 6, 3, 7, 8, 7, 3, 9, 4, 9, 2, 0]
# Walk size: 17
# Is walk (has repeats): true

# Distance Matrix
0.0000000000 1.3004601329 0.0326479606 1.3260673327 1.6476492798 2.2736388879 0.1994936100 4.0545450254 3.1613524867 0.1842963554 0.1977886211
1.3004601329 0.0000000000 0.0095471665 1.7249537256 0.6636495416 0.1901547601 0.4874613636 1.4980724537 0.4929362758 1.6286801995 0.0917583884
0.0326479606 0.0095471665 0.0000000000 0.7076679903 1.0918749233 1.6533042417 0.6566327832 1.1222541586 0.6900031532 0.0593454181 0.9249623319
1.3260673327 1.7249537256 0.7076679903 0.0000000000 0.5546938130 1.7032024779 0.1769416857 0.1734226519 4.5853644151 0.2056409960 0.6875760438
1.6476492798 0.6636495416 1.0918749233 0.5546938130 0.0000000000 2.4763307141 0.5763139712 1.1006067822 1.2922350026 0.2194180142 0.8775314932
2.2736388879 0.1901547601 1.6533042417 1.7032024779 2.4763307141 0.0000000000 0.4572602917 1.1504571968 6.3812335287 2.3765616241 2.5541275227
0.1994936100 0.4874613636 0.6566327832 0.1769416857 0.5763139712 0.4572602917 0.0000000000 1.6060233550 1.8471637668 0.3981873840 0.0994434654
4.0545450254 1.4980724537 1.1222541586 0.1734226519 1.1006067822 1.1504571968 1.6060233550 0.0000000000 0.0420002357 1.9756909329 1.0617006893
3.1613524867 0.4929362758 0.6900031532 4.5853644151 1.2922350026 6.3812335287 1.8471637668 0.0420002357 0.0000000000 1.3660301290 1.4867131834
0.1842963554 1.6286801995 0.0593454181 0.2056409960 0.2194180142 2.3765616241 0.3981873840 1.9756909329 1.3660301290 0.0000000000 1.4209812769
0.1977886211 0.0917583884 0.9249623319 0.6875760438 0.8775314932 2.5541275227 0.0994434654 1.0617006893 1.4867131834 1.4209812769 0.0000000000
