# MCW Instance
# Type: EXPONENTIAL
# N: 11
# Optimal cost: 1.7231111877234533
# Optimal tour (permutation): [0, 6, 1, 9, 2, 3, 4, 10, 7, 5, 8, 0]
# Optimal walk (full path): [0, 6, 1, 9, 2, 0, 3, 0, 4, 10, 5, 7, 5, 8, 0]
# Walk size: 15
# Is walk (has repeats): true

# Distance Matrix
0.0000000000 0.2678903399 0.1463883656 0.0178587537 0.1326663501 5.5239797899 0.3087768471 1.6790781965 0.0505583523 0.5244671815 0.3578633392
0.2678903399 0.0000000000 0.6872962888 1.9954208317 3.1134324340 3.6545496191 0.4151125691 0.8201069365 0.3224129388 0.0429511425 0.8094193010
0.1463883656 0.6872962888 0.0000000000 0.1836322803 1.6352117739 0.6899795201 1.7094021936 0.7741421139 0.8834409303 0.1262973326 1.7852636704
0.0178587537 1.9954208317 0.1836322803 0.0000000000 1.3054529209 0.2908390552 0.9449838741 0.7302387786 1.1574947579 0.8268061669 4.6494880358
0.1326663501 3.1134324340 1.6352117739 1.3054529209 0.0000000000 0.4147698433 0.5167363190 0.7314825949 1.0495635244 1.9771376587 0.2524951473
5.5239797899 3.6545496191 0.6899795201 0.2908390552 0.4147698433 0.0000000000 5.0543582763 0.0212398855 0.1465347338 0.6821447830 0.0231330688
0.3087768471 0.4151125691 1.7094021936 0.9449838741 0.5167363190 5.0543582763 0.0000000000 0.9794481814 1.1961200373 0.4953589570 0.4986763329
1.6790781965 0.8201069365 0.7741421139 0.7302387786 0.7314825949 0.0212398855 0.9794481814 0.0000000000 1.5637254834 3.2163595454 0.3072187122
0.0505583523 0.3224129388 0.8834409303 1.1574947579 1.0495635244 0.1465347338 1.1961200373 1.5637254834 0.0000000000 2.5121730092 0.3773291706
0.5244671815 0.0429511425 0.1262973326 0.8268061669 1.9771376587 0.6821447830 0.4953589570 3.2163595454 2.5121730092 0.0000000000 0.9034900934
0.3578633392 0.8094193010 1.7852636704 4.6494880358 0.2524951473 0.0231330688 0.4986763329 0.3072187122 0.3773291706 0.9034900934 0.0000000000
