# MCW Instance
# Type: EXPONENTIAL
# N: 11
# Optimal cost: 1.3252938556860443
# Optimal tour (permutation): [0, 10, 6, 2, 1, 9, 8, 7, 5, 4, 3, 0]
# Optimal walk (full path): [0, 3, 10, 6, 10, 2, 1, 9, 8, 7, 5, 4, 3, 0]
# Walk size: 14
# Is walk (has repeats): true

# Distance Matrix
0.0000000000 2.6192218640 0.2490863081 0.0094437618 1.9024603384 0.5629884314 0.7807897852 0.9699316461 0.0399694748 1.1246420599 0.7257645573
2.6192218640 0.0000000000 0.2242827243 0.7150903563 2.2908026162 1.2071185689 0.7926956694 0.9429653444 1.1399993821 0.2293315126 2.1214832375
0.2490863081 0.2242827243 0.0000000000 1.5123046437 0.6236138783 0.7690447627 0.9647086411 0.3938474914 0.3070246548 1.1200718894 0.0484672036
0.0094437618 0.7150903563 1.5123046437 0.0000000000 0.0395399583 1.2174984466 0.2097586844 0.3866617336 0.4733463995 1.8509093058 0.0439868672
1.9024603384 2.2908026162 0.6236138783 0.0395399583 0.0000000000 0.0921276662 1.9181870575 1.7661857728 3.2112610885 0.9010738624 0.2310117943
0.5629884314 1.2071185689 0.7690447627 1.2174984466 0.0921276662 0.0000000000 0.3080203329 0.1550169555 0.6962738883 2.5032764833 0.3943277761
0.7807897852 0.7926956694 0.9647086411 0.2097586844 1.9181870575 0.3080203329 0.0000000000 0.6068327500 1.8103795631 1.0213656039 0.0874041771
0.9699316461 0.9429653444 0.3938474914 0.3866617336 1.7661857728 0.1550169555 0.6068327500 0.0000000000 0.0698808067 0.4880744285 0.1488859567
0.0399694748 1.1399993821 0.3070246548 0.4733463995 3.2112610885 0.6962738883 1.8103795631 0.0698808067 0.0000000000 0.2289642835 0.0627204222
1.1246420599 0.2293315126 1.1200718894 1.8509093058 0.9010738624 2.5032764833 1.0213656039 0.4880744285 0.2289642835 0.0000000000 0.9565649970
0.7257645573 2.1214832375 0.0484672036 0.0439868672 0.2310117943 0.3943277761 0.0874041771 0.1488859567 0.0627204222 0.9565649970 0.0000000000
