# MCW Instance
# Type: EXPONENTIAL
# N: 11
# Optimal cost: 1.4509084469556752
# Optimal tour (permutation): [0, 5, 3, 7, 4, 8, 9, 6, 1, 10, 2, 0]
# Optimal walk (full path): [0, 3, 5, 3, 7, 4, 0, 9, 8, 9, 6, 1, 6, 10, 2, 0]
# Walk size: 16
# Is walk (has repeats): true

# Distance Matrix
0.0000000000 0.0989360801 0.2914587480 0.0489407753 0.1077291028 1.6974461065 0.3903964553 2.6003590519 0.7460300342 0.0423188633 1.1128478341
0.0989360801 0.0000000000 0.3385417962 0.9513855898 4.2996190057 0.7071886321 0.0081577277 1.4910662433 0.7566013358 1.6685125228 0.5633660723
0.2914587480 0.3385417962 0.0000000000 0.4346817467 0.7485237944 1.0455218838 0.6556476474 2.6719374522 0.5728657589 1.9008934262 0.1852488988
0.0489407753 0.9513855898 0.4346817467 0.0000000000 0.4567745760 0.0740089057 0.1739184589 0.1694394530 1.9115183358 0.2512848251 1.9682853179
0.1077291028 4.2996190057 0.7485237944 0.4567745760 0.0000000000 0.8329569442 0.5366786814 0.2215218956 0.5764768839 0.7158221980 0.5081363357
1.6974461065 0.7071886321 1.0455218838 0.0740089057 0.8329569442 0.0000000000 2.1357306189 1.7125518146 2.0067748881 0.9669305169 1.1916982970
0.3903964553 0.0081577277 0.6556476474 0.1739184589 0.5366786814 2.1357306189 0.0000000000 0.3655457869 1.0236771593 0.1296034007 0.0319857151
2.6003590519 1.4910662433 2.6719374522 0.1694394530 0.2215218956 1.7125518146 0.3655457869 0.0000000000 0.5135811575 4.3082045281 1.0002181449
0.7460300342 0.7566013358 0.5728657589 1.9115183358 0.5764768839 2.0067748881 1.0236771593 0.5135811575 0.0000000000 0.0291641637 0.4309120936
0.0423188633 1.6685125228 1.9008934262 0.2512848251 0.7158221980 0.9669305169 0.1296034007 4.3082045281 0.0291641637 0.0000000000 0.2331804848
1.1128478341 0.5633660723 0.1852488988 1.9682853179 0.5081363357 1.1916982970 0.0319857151 1.0002181449 0.4309120936 0.2331804848 0.0000000000
