# MCW Instance
# Type: EXPONENTIAL
# N: 11
# Optimal cost: 1.991915843706332
# Optimal tour (permutation): [0, 4, 2, 6, 7, 1, 8, 5, 10, 9, 3, 0]
# Optimal walk (full path): [0, 4, 2, 6, 7, 1, 8, 5, 9, 10, 9, 3, 0]
# Walk size: 13
# Is walk (has repeats): true

# Distance Matrix
0.0000000000 0.5810929519 1.0082322313 0.0636620113 0.2056733580 0.3822838000 1.2592881971 0.7609979966 0.9108929961 0.7268395069 1.3700052935
0.5810929519 0.0000000000 0.9005870295 0.2263863151 0.7204266272 1.0321019586 0.3848080950 0.1116088847 0.1778246080 1.1413268047 0.6302406329
1.0082322313 0.9005870295 0.0000000000 2.1873936838 0.0587488225 0.4830065427 0.1420804609 1.4645068993 2.0473670437 0.7268142110 4.1772825080
0.0636620113 0.2263863151 2.1873936838 0.0000000000 0.9059774402 1.0463932978 1.9754844360 0.9991932829 1.5435592587 0.4258132687 1.7851860357
0.2056733580 0.7204266272 0.0587488225 0.9059774402 0.0000000000 0.7238294562 1.7763908254 0.8875175019 1.9758823081 0.5300833284 0.6341197872
0.3822838000 1.0321019586 0.4830065427 1.0463932978 0.7238294562 0.0000000000 0.7189334261 1.9762081083 0.0520488415 0.2240139905 1.6082636359
1.2592881971 0.3848080950 0.1420804609 1.9754844360 1.7763908254 0.7189334261 0.0000000000 0.0197022538 0.8596710497 0.4177617997 0.5801371525
0.7609979966 0.1116088847 1.4645068993 0.9991932829 0.8875175019 1.9762081083 0.0197022538 0.0000000000 0.9998627360 0.8710148273 0.6459221581
0.9108929961 0.1778246080 2.0473670437 1.5435592587 1.9758823081 0.0520488415 0.8596710497 0.9998627360 0.0000000000 0.8853036010 1.1546568895
0.7268395069 1.1413268047 0.7268142110 0.4258132687 0.5300833284 0.2240139905 0.4177617997 0.8710148273 0.8853036010 0.0000000000 0.2553696719
1.3700052935 0.6302406329 4.1772825080 1.7851860357 0.6341197872 1.6082636359 0.5801371525 0.6459221581 1.1546568895 0.2553696719 0.0000000000
