# MCW Instance
# Type: EXPONENTIAL
# N: 11
# Optimal cost: 2.069712510592539
# Optimal tour (permutation): [0, 3, 4, 6, 9, 1, 8, 7, 2, 5, 10, 0]
# Optimal walk (full path): [0, 3, 4, 6, 9, 1, 8, 7, 2, 0, 5, 10, 5, 0]
# Walk size: 14
# Is walk (has repeats): true

# Distance Matrix
0.0000000000 0.7950785200 0.1470023087 0.2420972830 0.6615671229 0.1612551197 1.6373266493 1.9380053169 3.6040455863 0.1468832847 0.6875653840
0.7950785200 0.0000000000 2.4863672843 1.5303343418 0.0868199943 2.2531877822 0.2731498021 0.5837204731 0.1912975340 0.1548386764 4.0673946727
0.1470023087 2.4863672843 0.0000000000 0.5022376219 0.2358071198 1.3121180991 0.5884773655 0.1181537401 0.2732008968 0.6283725322 1.1137256889
0.2420972830 1.5303343418 0.5022376219 0.0000000000 0.1697166293 2.4328068394 2.6303694123 0.9562833459 0.4970687565 0.3293966991 3.5355314969
0.6615671229 0.0868199943 0.2358071198 0.1697166293 0.0000000000 3.4253465137 0.1113106539 0.1731626740 0.1787946566 0.6457104394 4.6077066478
0.1612551197 2.2531877822 1.3121180991 2.4328068394 3.4253465137 0.0000000000 0.4608788551 0.3437679085 0.7287916227 0.9130444107 0.1606788661
1.6373266493 0.2731498021 0.5884773655 2.6303694123 0.1113106539 0.4608788551 0.0000000000 0.5005680362 2.4993039037 0.1042958414 1.4038441321
1.9380053169 0.5837204731 0.1181537401 0.9562833459 0.1731626740 0.3437679085 0.5005680362 0.0000000000 0.1871318722 0.7633454094 2.3042784831
3.6040455863 0.1912975340 0.2732008968 0.4970687565 0.1787946566 0.7287916227 2.4993039037 0.1871318722 0.0000000000 1.8115005307 2.8056138577
0.1468832847 0.1548386764 0.6283725322 0.3293966991 0.6457104394 0.9130444107 0.1042958414 0.7633454094 1.8115005307 0.0000000000 2.4895671980
0.6875653840 4.0673946727 1.1137256889 3.5355314969 4.6077066478 0.1606788661 1.4038441321 2.3042784831 2.8056138577 2.4895671980 0.0000000000
