# MCW Instance
# Type: EXPONENTIAL
# N: 9
# Optimal cost: 2.1502621355552596
# Optimal tour (permutation): [0, 8, 4, 1, 2, 3, 5, 7, 6, 0]
# Optimal walk (full path): [0, 6, 8, 4, 8, 6, 7, 1, 2, 3, 5, 7, 6, 0]
# Walk size: 14
# Is walk (has repeats): true

# Distance Matrix
0.0000000000 1.1676227805 0.9505279925 0.6891750353 2.4613416607 0.6192521684 0.0786409488 0.5527927202 0.5285439953
1.1676227805 0.0000000000 0.1850865472 0.6567525672 1.4903290690 0.9978156695 2.8778944395 0.1896258809 1.0882143476
0.9505279925 0.1850865472 0.0000000000 0.4635115807 0.6259496070 1.5718614987 3.5994298975 0.2545404620 0.2641762492
0.6891750353 0.6567525672 0.4635115807 0.0000000000 1.4418294203 0.4776230977 9.5996855347 0.8181269081 0.9841098932
2.4613416607 1.4903290690 0.6259496070 1.4418294203 0.0000000000 0.4345903960 0.5420139503 1.1655585962 0.0917925927
0.6192521684 0.9978156695 1.5718614987 0.4776230977 0.4345903960 0.0000000000 0.9851406776 0.1793134502 0.4169262120
0.0786409488 2.8778944395 3.5994298975 9.5996855347 0.5420139503 0.9851406776 0.0000000000 0.0434057560 0.1137114919
0.5527927202 0.1896258809 0.2545404620 0.8181269081 1.1655585962 0.1793134502 0.0434057560 0.0000000000 2.0212687459
0.5285439953 1.0882143476 0.2641762492 0.9841098932 0.0917925927 0.4169262120 0.1137114919 2.0212687459 0.0000000000
