# MCW Instance
# Type: EXPONENTIAL
# N: 9
# Optimal cost: 5.264666009419084
# Optimal tour (permutation): [0, 5, 4, 1, 6, 3, 2, 7, 8, 0]
# Optimal walk (full path): [0, 5, 4, 1, 6, 3, 2, 7, 8, 7, 0]
# Walk size: 11
# Is walk (has repeats): true

# Distance Matrix
0.0000000000 2.2164807415 1.9438089497 1.5297654595 0.6778490696 0.3496731238 0.7057950048 0.2850694087 1.9154145812
2.2164807415 0.0000000000 0.6190929492 0.9768100505 0.0304667270 2.0855173621 0.1445148055 0.2298884507 1.1417322216
1.9438089497 0.6190929492 0.0000000000 1.3876465583 1.4112255487 4.1162377388 0.6234582501 0.7404572051 1.6549516582
1.5297654595 0.9768100505 1.3876465583 0.0000000000 1.1215769006 1.2655847021 0.9402192713 2.8924936980 2.5663570954
0.6778490696 0.0304667270 1.4112255487 1.1215769006 0.0000000000 0.0485348147 2.3379685674 0.1078649004 1.2358422848
0.3496731238 2.0855173621 4.1162377388 1.2655847021 0.0485348147 0.0000000000 0.9110820247 2.1104988099 0.9585301179
0.7057950048 0.1445148055 0.6234582501 0.9402192713 2.3379685674 0.9110820247 0.0000000000 0.2690667346 4.0178157543
0.2850694087 0.2298884507 0.7404572051 2.8924936980 0.1078649004 2.1104988099 0.2690667346 0.0000000000 0.6690420476
1.9154145812 1.1417322216 1.6549516582 2.5663570954 1.2358422848 0.9585301179 4.0178157543 0.6690420476 0.0000000000
