# MCW Instance
# Type: EXPONENTIAL
# N: 9
# Optimal cost: 1.652886781356929
# Optimal tour (permutation): [0, 6, 8, 7, 2, 5, 1, 4, 3, 0]
# Optimal walk (full path): [0, 6, 8, 7, 2, 7, 5, 1, 5, 4, 3, 0]
# Walk size: 12
# Is walk (has repeats): true

# Distance Matrix
0.0000000000 0.9071360969 3.7091765296 0.1561299354 0.3437623873 0.5436437372 0.1885419327 2.1706208407 0.3663792971
0.9071360969 0.0000000000 0.7964003678 0.3107807842 0.5567130234 0.0558324903 0.2013899556 2.6042724384 0.6601434400
3.7091765296 0.7964003678 0.0000000000 0.4011663566 0.3204511640 1.4219589647 0.4218579084 0.2101968635 2.4532168964
0.1561299354 0.3107807842 0.4011663566 0.0000000000 0.2269329837 1.5659221905 1.8764399935 0.3258265912 1.0134884366
0.3437623873 0.5567130234 0.3204511640 0.2269329837 0.0000000000 0.0961762121 0.2973067711 0.1964729292 0.3761819099
0.5436437372 0.0558324903 1.4219589647 1.5659221905 0.0961762121 0.0000000000 0.4886260574 0.0226347684 0.4924365897
0.1885419327 0.2013899556 0.4218579084 1.8764399935 0.2973067711 0.4886260574 0.0000000000 1.2516605702 0.2318863843
2.1706208407 2.6042724384 0.2101968635 0.3258265912 0.1964729292 0.0226347684 1.2516605702 0.0000000000 0.1985258573
0.3663792971 0.6601434400 2.4532168964 1.0134884366 0.3761819099 0.4924365897 0.2318863843 0.1985258573 0.0000000000
