# MCW Instance
# Type: EXPONENTIAL
# N: 9
# Optimal cost: 1.6132647573065482
# Optimal tour (permutation): [0, 5, 7, 6, 8, 3, 2, 1, 4, 0]
# Optimal walk (full path): [0, 5, 7, 6, 7, 8, 3, 2, 3, 8, 1, 8, 4, 0]
# Walk size: 14
# Is walk (has repeats): true

# Distance Matrix
0.0000000000 0.4117734945 0.6854238428 2.9027115850 0.4001377437 0.3601469941 1.2169198777 0.7901744839 1.0245028227
0.4117734945 0.0000000000 1.4799553249 5.1228707442 1.7830756674 0.2980932462 1.3005685384 1.3879343436 0.0199478139
0.6854238428 1.4799553249 0.0000000000 0.0377719891 0.3631364829 0.1694723855 0.6128174142 1.5535865412 1.4022678442
2.9027115850 5.1228707442 0.0377719891 0.0000000000 2.3752791748 1.3521844690 2.7327034120 0.7341582812 0.0269159736
0.4001377437 1.7830756674 0.3631364829 2.3752791748 0.0000000000 0.9307606671 0.7601034601 0.4214646313 0.0619982551
0.3601469941 0.2980932462 0.1694723855 1.3521844690 0.9307606671 0.0000000000 2.6930027558 0.1307005280 1.2213852435
1.2169198777 1.3005685384 0.6128174142 2.7327034120 0.7601034601 2.6930027558 0.0000000000 0.2243998353 1.9000449399
0.7901744839 1.3879343436 1.5535865412 0.7341582812 0.4214646313 0.1307005280 0.2243998353 0.0000000000 0.0422100127
1.0245028227 0.0199478139 1.4022678442 0.0269159736 0.0619982551 1.2213852435 1.9000449399 0.0422100127 0.0000000000
