# MCW Instance
# Type: EXPONENTIAL
# N: 9
# Optimal cost: 0.7891626892942896
# Optimal tour (permutation): [0, 8, 3, 7, 5, 1, 6, 4, 2, 0]
# Optimal walk (full path): [0, 3, 8, 3, 7, 5, 1, 6, 2, 4, 2, 7, 0]
# Walk size: 13
# Is walk (has repeats): true

# Distance Matrix
0.0000000000 0.2760669588 0.5981832998 0.0772989648 0.8759794733 0.6721587698 1.8373899295 0.0357546825 0.2473746332
0.2760669588 0.0000000000 0.4748777727 4.5008765267 1.9999139599 0.1319327795 0.1597831347 0.9874012842 0.7137236859
0.5981832998 0.4748777727 0.0000000000 1.2760883662 0.0101744051 0.1621607636 0.0495982248 0.1416651656 0.8309004560
0.0772989648 4.5008765267 1.2760883662 0.0000000000 0.4749024097 1.1195700608 0.3978834044 0.0965105315 0.0200380423
0.8759794733 1.9999139599 0.0101744051 0.4749024097 0.0000000000 0.3715332511 0.5918043356 2.1419200686 1.3103430201
0.6721587698 0.1319327795 0.1621607636 1.1195700608 0.3715332511 0.0000000000 1.7424408731 0.0361943112 0.6112942632
1.8373899295 0.1597831347 0.0495982248 0.3978834044 0.5918043356 1.7424408731 0.0000000000 1.4900123550 1.5866954588
0.0357546825 0.9874012842 0.1416651656 0.0965105315 2.1419200686 0.0361943112 1.4900123550 0.0000000000 3.0703718016
0.2473746332 0.7137236859 0.8309004560 0.0200380423 1.3103430201 0.6112942632 1.5866954588 3.0703718016 0.0000000000
