# MCW Instance
# Type: EXPONENTIAL
# N: 9
# Optimal cost: 1.205921067461858
# Optimal tour (permutation): [0, 4, 2, 5, 1, 7, 6, 3, 8, 0]
# Optimal walk (full path): [0, 2, 4, 2, 5, 1, 0, 7, 3, 6, 3, 8, 3, 7, 0]
# Walk size: 15
# Is walk (has repeats): true

# Distance Matrix
0.0000000000 0.0035002204 0.1709460557 0.4630310601 0.1935068029 0.3483672136 3.1438435687 0.0349500436 0.7555866108
0.0035002204 0.0000000000 0.2771609023 0.4894486333 0.4059377472 0.1491214842 0.3458808113 0.7362951584 0.6627674408
0.1709460557 0.2771609023 0.0000000000 0.4380091770 0.0140876681 0.2673747000 0.4687974114 1.8582521290 1.1739203738
0.4630310601 0.4894486333 0.4380091770 0.0000000000 0.5458261122 0.5877907601 0.0961767189 0.0132703924 0.1490044806
0.1935068029 0.4059377472 0.0140876681 0.5458261122 0.0000000000 1.2526027393 0.3382165918 1.7490107197 0.7289849509
0.3483672136 0.1491214842 0.2673747000 0.5877907601 1.2526027393 0.0000000000 1.0847324490 1.1681516853 0.6709038977
3.1438435687 0.3458808113 0.4687974114 0.0961767189 0.3382165918 1.0847324490 0.0000000000 0.2070497567 0.7936744446
0.0349500436 0.7362951584 1.8582521290 0.0132703924 1.7490107197 1.1681516853 0.2070497567 0.0000000000 0.5360699994
0.7555866108 0.6627674408 1.1739203738 0.1490044806 0.7289849509 0.6709038977 0.7936744446 0.5360699994 0.0000000000
