# MCW Instance
# Type: EXPONENTIAL
# N: 9
# Optimal cost: 2.3591218331256107
# Optimal tour (permutation): [0, 3, 2, 6, 1, 8, 5, 7, 4, 0]
# Optimal walk (full path): [0, 3, 2, 1, 6, 1, 8, 5, 8, 7, 4, 0]
# Walk size: 12
# Is walk (has repeats): true

# Distance Matrix
0.0000000000 0.3338657039 0.5201827277 0.0463950670 0.1079301937 1.3596483596 0.0916158885 0.8538036129 1.2695345144
0.3338657039 0.0000000000 0.0668180504 3.3022857181 0.8308479878 2.6330537280 0.0734339477 0.9750445823 0.0501783433
0.5201827277 0.0668180504 0.0000000000 0.0032047400 1.8375127581 1.4215359897 0.5283237746 1.6936656929 0.7381105897
0.0463950670 3.3022857181 0.0032047400 0.0000000000 0.1703601606 0.7100918628 0.4330942748 1.7042058109 1.3057620968
0.1079301937 0.8308479878 1.8375127581 0.1703601606 0.0000000000 1.6734412788 0.5205137716 0.4657425494 0.8914496556
1.3596483596 2.6330537280 1.4215359897 0.7100918628 1.6734412788 0.0000000000 1.7415433528 1.3797706448 0.4227062847
0.0916158885 0.0734339477 0.5283237746 0.4330942748 0.5205137716 1.7415433528 0.0000000000 3.9807744687 0.1929450059
0.8538036129 0.9750445823 1.6936656929 1.7042058109 0.4657425494 1.3797706448 3.9807744687 0.0000000000 0.6265724244
1.2695345144 0.0501783433 0.7381105897 1.3057620968 0.8914496556 0.4227062847 0.1929450059 0.6265724244 0.0000000000
