# MCW Instance
# Type: EXPONENTIAL
# N: 9
# Optimal cost: 2.9344197848497817
# Optimal tour (permutation): [0, 4, 7, 2, 1, 5, 3, 8, 6, 0]
# Optimal walk (full path): [0, 4, 7, 2, 1, 5, 3, 0, 8, 0, 6, 0]
# Walk size: 12
# Is walk (has repeats): true

# Distance Matrix
0.0000000000 0.2432234587 0.7746122024 0.1766029391 0.0672849690 0.4702793642 0.1344219097 1.8629634970 0.1768062555
0.2432234587 0.0000000000 0.4208106032 0.7193499320 2.0285213760 0.4808488352 0.9366636731 0.7045468551 0.3803742470
0.7746122024 0.4208106032 0.0000000000 1.4376596311 2.1150712413 1.5009544356 0.7999699776 0.5881653825 1.4429636922
0.1766029391 0.7193499320 1.4376596311 0.0000000000 0.2377156784 0.3441421642 0.4661496361 0.7795820688 1.0040190585
0.0672849690 2.0285213760 2.1150712413 0.2377156784 0.0000000000 2.9569090884 1.2309480816 0.2341085613 2.0228464118
0.4702793642 0.4808488352 1.5009544356 0.3441421642 2.9569090884 0.0000000000 1.8799289548 1.0496853264 0.6489540640
0.1344219097 0.9366636731 0.7999699776 0.4661496361 1.2309480816 1.8799289548 0.0000000000 0.6154403112 1.5578128026
1.8629634970 0.7045468551 0.5881653825 0.7795820688 0.2341085613 1.0496853264 0.6154403112 0.0000000000 1.0025684286
0.1768062555 0.3803742470 1.4429636922 1.0040190585 2.0228464118 0.6489540640 1.5578128026 1.0025684286 0.0000000000
