# MCW Instance
# Type: EXPONENTIAL
# N: 9
# Optimal cost: 2.0721277074026894
# Optimal tour (permutation): [0, 4, 5, 7, 2, 1, 8, 6, 3, 0]
# Optimal walk (full path): [0, 4, 5, 2, 7, 2, 1, 8, 3, 6, 3, 0]
# Walk size: 12
# Is walk (has repeats): true

# Distance Matrix
0.0000000000 1.4012770626 1.7458634113 0.1608953727 0.1449887247 1.2624001990 0.5294621186 0.7940858255 0.8791642234
1.4012770626 0.0000000000 0.2678136104 1.2225795212 1.9971829933 1.3103569346 0.7539767369 2.5865870141 0.1556697232
1.7458634113 0.2678136104 0.0000000000 3.0220365850 1.3377981230 0.3393912545 2.7998381212 0.0354786922 1.4129037478
0.1608953727 1.2225795212 3.0220365850 0.0000000000 0.5674738653 1.6755161983 0.1639861661 3.7354039008 0.1655398798
0.1449887247 1.9971829933 1.3377981230 0.5674738653 0.0000000000 0.4388994254 0.4414174709 0.3184560606 0.6096066557
1.2624001990 1.3103569346 0.3393912545 1.6755161983 0.4388994254 0.0000000000 0.5374586508 1.6020273405 0.7010597314
0.5294621186 0.7539767369 2.7998381212 0.1639861661 0.4414174709 0.5374586508 0.0000000000 1.6826933939 1.0131223735
0.7940858255 2.5865870141 0.0354786922 3.7354039008 0.3184560606 1.6020273405 1.6826933939 0.0000000000 1.4779128797
0.8791642234 0.1556697232 1.4129037478 0.1655398798 0.6096066557 0.7010597314 1.0131223735 1.4779128797 0.0000000000
