# MCW Instance
# Type: EXPONENTIAL
# N: 9
# Optimal cost: 2.079217667516935
# Optimal tour (permutation): [0, 5, 4, 6, 3, 1, 7, 2, 8, 0]
# Optimal walk (full path): [0, 5, 4, 6, 3, 1, 3, 7, 2, 0, 8, 0]
# Walk size: 12
# Is walk (has repeats): true

# Distance Matrix
0.0000000000 1.6217075702 0.0036683270 0.2741513035 1.2844476500 0.3491917216 0.8137431212 1.5690397324 0.3544955560
1.6217075702 0.0000000000 0.5563969940 0.1343042921 0.2790563492 3.4459526656 0.3915132345 0.4758912404 0.7562996297
0.0036683270 0.5563969940 0.0000000000 1.1173873791 0.9874349651 1.5184479611 1.3196738234 0.2994134228 1.5725504478
0.2741513035 0.1343042921 1.1173873791 0.0000000000 0.8077691618 1.8693182994 0.1444208053 0.0305896850 1.6124900218
1.2844476500 0.2790563492 0.9874349651 0.8077691618 0.0000000000 0.0652934035 0.2090406061 2.0602576254 0.6412068557
0.3491917216 3.4459526656 1.5184479611 1.8693182994 0.0652934035 0.0000000000 2.5365124799 2.4544999948 2.3656251631
0.8137431212 0.3915132345 1.3196738234 0.1444208053 0.2090406061 2.5365124799 0.0000000000 0.7720775976 4.1791146170
1.5690397324 0.4758912404 0.2994134228 0.0305896850 2.0602576254 2.4544999948 0.7720775976 0.0000000000 1.3569248039
0.3544955560 0.7562996297 1.5725504478 1.6124900218 0.6412068557 2.3656251631 4.1791146170 1.3569248039 0.0000000000
