# MCW Instance
# Type: EXPONENTIAL
# N: 8
# Optimal cost: 2.850770979416908
# Optimal tour (permutation): [0, 6, 5, 1, 4, 7, 2, 3, 0]
# Optimal walk (full path): [0, 6, 1, 5, 1, 4, 7, 2, 3, 0]
# Walk size: 10
# Is walk (has repeats): true

# Distance Matrix
0.0000000000 0.0150913020 1.0038543576 0.1729123182 2.6138299631 4.4303352485 0.2342270168 0.8928230474
0.0150913020 0.0000000000 0.6944693261 0.2961499940 0.0863354938 0.0178247844 0.2270069447 0.9635467005
1.0038543576 0.6944693261 0.0000000000 0.1723904452 0.6073395458 3.0704117129 0.8284706912 0.9797178610
0.1729123182 0.2961499940 0.1723904452 0.0000000000 2.8743261652 1.2859575845 0.9579135643 1.2809311739
2.6138299631 0.0863354938 0.6073395458 2.8743261652 0.0000000000 1.2387216934 1.8854125218 0.9425313308
4.4303352485 0.0178247844 3.0704117129 1.2859575845 1.2387216934 0.0000000000 0.6425902061 2.7882866464
0.2342270168 0.2270069447 0.8284706912 0.9579135643 1.8854125218 0.6425902061 0.0000000000 1.7073929263
0.8928230474 0.9635467005 0.9797178610 1.2809311739 0.9425313308 2.7882866464 1.7073929263 0.0000000000
