# MCW Instance
# Type: EXPONENTIAL
# N: 8
# Optimal cost: 3.051185678545194
# Optimal tour (permutation): [0, 5, 7, 6, 3, 4, 2, 1, 0]
# Optimal walk (full path): [0, 1, 5, 7, 6, 3, 4, 2, 4, 1, 0]
# Walk size: 11
# Is walk (has repeats): true

# Distance Matrix
0.0000000000 0.2564914532 0.7910756152 2.6654291397 1.4972995396 0.7048309616 1.1158294442 0.7700617253
0.2564914532 0.0000000000 0.6856167215 1.7037378278 0.0525515844 0.2190520088 2.2903668440 0.5950080355
0.7910756152 0.6856167215 0.0000000000 1.4692669100 0.1702387404 1.0988043872 1.8840406900 2.1398342775
2.6654291397 1.7037378278 1.4692669100 0.0000000000 0.9856411302 3.0566466324 0.1588492454 2.0847235214
1.4972995396 0.0525515844 0.1702387404 0.9856411302 0.0000000000 0.9481641807 1.0288664294 0.2735388317
0.7048309616 0.2190520088 1.0988043872 3.0566466324 0.9481641807 0.0000000000 1.4727083292 0.2003910269
1.1158294442 2.2903668440 1.8840406900 0.1588492454 1.0288664294 1.4727083292 0.0000000000 0.5812402956
0.7700617253 0.5950080355 2.1398342775 2.0847235214 0.2735388317 0.2003910269 0.5812402956 0.0000000000
