# MCW Instance
# Type: EXPONENTIAL
# N: 8
# Optimal cost: 1.8756811567278717
# Optimal tour (permutation): [0, 5, 6, 4, 1, 7, 2, 3, 0]
# Optimal walk (full path): [0, 5, 6, 4, 1, 7, 2, 3, 5, 0]
# Walk size: 10
# Is walk (has repeats): true

# Distance Matrix
0.0000000000 0.7823607356 3.0496026154 1.3748726702 1.4453088985 0.3544556157 0.6612579897 0.7875089909
0.7823607356 0.0000000000 1.3343779848 1.7537075604 0.0311065538 0.3525466621 4.7331218423 0.3387107378
3.0496026154 1.3343779848 0.0000000000 0.0110023592 1.4739048418 2.3618930910 0.8147483374 0.0625018512
1.3748726702 1.7537075604 0.0110023592 0.0000000000 0.3531807100 0.1796045475 0.5074314947 0.3183353651
1.4453088985 0.0311065538 1.4739048418 0.3531807100 0.0000000000 0.6091947056 0.3203936450 1.9080962568
0.3544556157 0.3525466621 2.3618930910 0.1796045475 0.6091947056 0.0000000000 0.2234502309 1.8728056570
0.6612579897 4.7331218423 0.8147483374 0.5074314947 0.3203936450 0.2234502309 0.0000000000 0.5258907189
0.7875089909 0.3387107378 0.0625018512 0.3183353651 1.9080962568 1.8728056570 0.5258907189 0.0000000000
