# MCW Instance
# Type: EXPONENTIAL
# N: 8
# Optimal cost: 2.614293491626933
# Optimal tour (permutation): [0, 3, 7, 6, 2, 4, 1, 5, 0]
# Optimal walk (full path): [0, 3, 7, 2, 6, 2, 4, 1, 5, 0]
# Walk size: 10
# Is walk (has repeats): true

# Distance Matrix
0.0000000000 0.4210643103 0.9500340135 0.0349336515 1.7553913087 0.2488881998 0.9223275072 0.2923965599
0.4210643103 0.0000000000 1.6376659106 0.7807495803 0.8054370529 0.2867071612 2.6451312533 0.7002463673
0.9500340135 1.6376659106 0.0000000000 0.7901813436 0.6503927857 1.6653100392 0.1793522815 0.2123707064
0.0349336515 0.7807495803 0.7901813436 0.0000000000 2.5666378329 0.7390434414 1.5091685792 0.0168593710
1.7553913087 0.8054370529 0.6503927857 2.5666378329 0.0000000000 2.5195865366 1.3491297394 0.9321543710
0.2488881998 0.2867071612 1.6653100392 0.7390434414 2.5195865366 0.0000000000 0.6971164833 2.8980827816
0.9223275072 2.6451312533 0.1793522815 1.5091685792 1.3491297394 0.6971164833 0.0000000000 0.5986106927
0.2923965599 0.7002463673 0.2123707064 0.0168593710 0.9321543710 2.8980827816 0.5986106927 0.0000000000
