# MCW Instance
# Type: EXPONENTIAL
# N: 8
# Optimal cost: 4.086630066116428
# Optimal tour (permutation): [0, 6, 4, 7, 3, 5, 2, 1, 0]
# Optimal walk (full path): [0, 6, 4, 7, 3, 5, 2, 5, 1, 0]
# Walk size: 10
# Is walk (has repeats): true

# Distance Matrix
0.0000000000 0.6360277367 1.7428024275 3.0077376880 0.9962335893 1.5014482660 0.4505988636 1.1554147425
0.6360277367 0.0000000000 6.9010528288 3.4460047539 0.5817970754 0.8157626418 0.4178728402 1.1751941286
1.7428024275 6.9010528288 0.0000000000 4.8988667428 1.2980526328 0.3237089397 1.8161572188 1.9827316056
3.0077376880 3.4460047539 4.8988667428 0.0000000000 0.6411320906 0.1355278559 1.6125154807 0.4156609226
0.9962335893 0.5817970754 1.2980526328 0.6411320906 0.0000000000 0.6267044331 0.3025106404 0.6831235258
1.5014482660 0.8157626418 0.3237089397 0.1355278559 0.6267044331 0.0000000000 0.9912650604 0.4295695625
0.4505988636 0.4178728402 1.8161572188 1.6125154807 0.3025106404 0.9912650604 0.0000000000 2.7220122485
1.1554147425 1.1751941286 1.9827316056 0.4156609226 0.6831235258 0.4295695625 2.7220122485 0.0000000000
