# MCW Instance
# Type: EXPONENTIAL
# N: 8
# Optimal cost: 2.1446333696240005
# Optimal tour (permutation): [0, 7, 5, 3, 1, 6, 4, 2, 0]
# Optimal walk (full path): [0, 7, 5, 3, 1, 6, 4, 2, 0]
# Walk size: 9
# Is walk (has repeats): false

# Distance Matrix
0.0000000000 0.4295088439 0.0516478483 1.2602196706 1.7062180818 2.3124904703 0.7357960781 0.4036218856
0.4295088439 0.0000000000 0.2427396455 0.3411318370 0.4097290016 0.4151088080 0.4478692087 1.1302579404
0.0516478483 0.2427396455 0.0000000000 1.3391481348 0.5578534258 0.4192617608 4.7613162904 1.8130133205
1.2602196706 0.3411318370 1.3391481348 0.0000000000 0.6998721243 0.0808996711 0.8783741040 1.5581928658
1.7062180818 0.4097290016 0.5578534258 0.6998721243 0.0000000000 0.6020786603 0.0741892719 2.9265808056
2.3124904703 0.4151088080 0.4192617608 0.0808996711 0.6020786603 0.0000000000 0.8584431726 0.1874202211
0.7357960781 0.4478692087 4.7613162904 0.8783741040 0.0741892719 0.8584431726 0.0000000000 2.3439032045
0.4036218856 1.1302579404 1.8130133205 1.5581928658 2.9265808056 0.1874202211 2.3439032045 0.0000000000
