# MCW Instance
# Type: EXPONENTIAL
# N: 8
# Optimal cost: 2.3045892335710962
# Optimal tour (permutation): [0, 7, 6, 4, 1, 2, 3, 5, 0]
# Optimal walk (full path): [0, 7, 6, 4, 1, 2, 3, 5, 0]
# Walk size: 9
# Is walk (has repeats): false

# Distance Matrix
0.0000000000 1.5765526265 1.1103572522 3.1435599538 0.9221246370 0.3852559564 1.0706768567 0.5098504411
1.5765526265 0.0000000000 0.0243358953 3.5776421695 0.0690846489 0.6054213210 0.9646667261 1.6884537665
1.1103572522 0.0243358953 0.0000000000 0.5420261933 0.2591443788 0.6760485173 2.0449590688 0.4647448816
3.1435599538 3.5776421695 0.5420261933 0.0000000000 5.4974326344 0.5153184989 1.1929133149 1.6372460682
0.9221246370 0.0690846489 0.2591443788 5.4974326344 0.0000000000 1.3826825916 0.1882362853 2.9743048280
0.3852559564 0.6054213210 0.6760485173 0.5153184989 1.3826825916 0.0000000000 2.0657196867 0.3254328548
1.0706768567 0.9646667261 2.0449590688 1.1929133149 0.1882362853 2.0657196867 0.0000000000 0.0704813143
0.5098504411 1.6884537665 0.4647448816 1.6372460682 2.9743048280 0.3254328548 0.0704813143 0.0000000000
