# MCW Instance
# Type: EXPONENTIAL
# N: 8
# Optimal cost: 0.8874241611124408
# Optimal tour (permutation): [0, 4, 7, 2, 6, 3, 5, 1, 0]
# Optimal walk (full path): [0, 4, 7, 2, 6, 3, 1, 5, 1, 0]
# Walk size: 10
# Is walk (has repeats): true

# Distance Matrix
0.0000000000 0.0770182826 1.6805249452 1.5445996651 0.1751592327 0.2381240285 0.3102958320 0.4831700635
0.0770182826 0.0000000000 0.5537397049 0.1444958269 1.4654404418 0.0201181667 2.4941786113 0.4891769099
1.6805249452 0.5537397049 0.0000000000 0.8840037344 0.4549111499 0.5965721254 0.0754655202 0.0616740418
1.5445996651 0.1444958269 0.8840037344 0.0000000000 0.3951278126 0.8174879897 0.1211096485 0.1986417907
0.1751592327 1.4654404418 0.4549111499 0.3951278126 0.0000000000 0.2618084011 2.0717439130 0.1922652750
0.2381240285 0.0201181667 0.5965721254 0.8174879897 0.2618084011 0.0000000000 1.1225145129 0.1364428075
0.3102958320 2.4941786113 0.0754655202 0.1211096485 2.0717439130 1.1225145129 0.0000000000 2.3452312825
0.4831700635 0.4891769099 0.0616740418 0.1986417907 0.1922652750 0.1364428075 2.3452312825 0.0000000000
