# MCW Instance
# Type: EXPONENTIAL
# N: 8
# Optimal cost: 2.5924409750384267
# Optimal tour (permutation): [0, 7, 6, 1, 4, 3, 5, 2, 0]
# Optimal walk (full path): [0, 7, 2, 6, 1, 4, 2, 5, 3, 5, 2, 0]
# Walk size: 12
# Is walk (has repeats): true

# Distance Matrix
0.0000000000 1.0180367309 0.3645353589 0.9763627220 1.6333824236 1.7111984049 1.3025159663 0.4962091265
1.0180367309 0.0000000000 1.3531326608 1.0955208894 0.2038359352 0.7761105058 0.3084610389 4.0151168807
0.3645353589 1.3531326608 0.0000000000 0.9956288331 0.2898183627 0.0779176141 0.2188581113 0.2877248305
0.9763627220 1.0955208894 0.9956288331 0.0000000000 0.7229694791 0.1335814914 0.5609866977 2.5831856598
1.6333824236 0.2038359352 0.2898183627 0.7229694791 0.0000000000 0.8510600056 0.9585382270 0.7298471497
1.7111984049 0.7761105058 0.0779176141 0.1335814914 0.8510600056 0.0000000000 0.7533358757 2.0412306252
1.3025159663 0.3084610389 0.2188581113 0.5609866977 0.9585382270 0.7533358757 0.0000000000 1.1847700077
0.4962091265 4.0151168807 0.2877248305 2.5831856598 0.7298471497 2.0412306252 1.1847700077 0.0000000000
