# MCW Instance
# Type: EXPONENTIAL
# N: 8
# Optimal cost: 1.8420862466080332
# Optimal tour (permutation): [0, 6, 4, 3, 7, 5, 1, 2, 0]
# Optimal walk (full path): [0, 6, 4, 3, 7, 5, 1, 2, 0]
# Walk size: 9
# Is walk (has repeats): false

# Distance Matrix
0.0000000000 0.6817621364 0.4827915208 1.7092165998 0.6646925274 0.6905946952 0.0138557604 0.4070208566
0.6817621364 0.0000000000 0.5474434369 0.6458319195 4.3714817361 0.2298045989 1.2792753743 0.9052623834
0.4827915208 0.5474434369 0.0000000000 1.3655845924 0.4840314299 1.6545175765 3.1025827549 2.1540605011
1.7092165998 0.6458319195 1.3655845924 0.0000000000 0.0180249475 0.3386455578 0.4308259313 0.0512287599
0.6646925274 4.3714817361 0.4840314299 0.0180249475 0.0000000000 0.1541003611 0.3407846404 1.2220085596
0.6905946952 0.2298045989 1.6545175765 0.3386455578 0.1541003611 0.0000000000 0.9927996144 0.1581525818
0.0138557604 1.2792753743 3.1025827549 0.4308259313 0.3407846404 0.9927996144 0.0000000000 3.4433644115
0.4070208566 0.9052623834 2.1540605011 0.0512287599 1.2220085596 0.1581525818 3.4433644115 0.0000000000
