# MCW Instance
# Type: EXPONENTIAL
# N: 8
# Optimal cost: 2.596403832613199
# Optimal tour (permutation): [0, 3, 2, 6, 4, 7, 5, 1, 0]
# Optimal walk (full path): [0, 3, 2, 6, 4, 7, 5, 1, 0]
# Walk size: 9
# Is walk (has repeats): false

# Distance Matrix
0.0000000000 0.2350155256 1.1426890849 0.1188228840 0.4118099391 1.1638352736 0.1970611849 0.6109138296
0.2350155256 0.0000000000 2.7495978562 0.5957791057 1.3837374999 0.4222206214 0.3670337030 2.1233071502
1.1426890849 2.7495978562 0.0000000000 0.3772226234 0.7771481994 0.6986022940 0.2724659730 1.0194177861
0.1188228840 0.5957791057 0.3772226234 0.0000000000 0.4604647063 0.8746931554 0.3318611707 1.1081206134
0.4118099391 1.3837374999 0.7771481994 0.4604647063 0.0000000000 5.1943164371 0.5168925674 0.0191834452
1.1638352736 0.4222206214 0.6986022940 0.8746931554 5.1943164371 0.0000000000 0.5461673238 0.6345801928
0.1970611849 0.3670337030 0.2724659730 0.3318611707 0.5168925674 0.5461673238 0.0000000000 1.9224559026
0.6109138296 2.1233071502 1.0194177861 1.1081206134 0.0191834452 0.6345801928 1.9224559026 0.0000000000
