# MCW Instance
# Type: EXPONENTIAL
# N: 8
# Optimal cost: 1.0742028390736162
# Optimal tour (permutation): [0, 1, 3, 4, 2, 6, 7, 5, 0]
# Optimal walk (full path): [0, 1, 3, 4, 2, 6, 7, 5, 0]
# Walk size: 9
# Is walk (has repeats): false

# Distance Matrix
0.0000000000 0.1835830167 0.4353828688 0.7549597809 0.7713908260 0.2261562447 1.0673004581 1.9624066026
0.1835830167 0.0000000000 0.4400307390 0.2124680852 1.1814428437 5.7806217930 0.3818009860 0.0905909011
0.4353828688 0.4400307390 0.0000000000 0.4133142821 0.0091723450 0.1082157569 0.0422941947 0.2654047973
0.7549597809 0.2124680852 0.4133142821 0.0000000000 0.3317721854 1.2122626349 0.3202284704 3.0087408129
0.7713908260 1.1814428437 0.0091723450 0.3317721854 0.0000000000 1.7877469524 1.0218166345 1.2159445024
0.2261562447 5.7806217930 0.1082157569 1.2122626349 1.7877469524 0.0000000000 0.1244684415 0.0266121462
1.0673004581 0.3818009860 0.0422941947 0.3202284704 1.0218166345 0.1244684415 0.0000000000 0.0421446211
1.9624066026 0.0905909011 0.2654047973 3.0087408129 1.2159445024 0.0266121462 0.0421446211 0.0000000000
