# MCW Instance
# Type: EXPONENTIAL
# N: 8
# Optimal cost: 1.8583879738838416
# Optimal tour (permutation): [0, 3, 4, 5, 7, 6, 2, 1, 0]
# Optimal walk (full path): [0, 3, 4, 5, 7, 6, 7, 2, 1, 3, 0]
# Walk size: 11
# Is walk (has repeats): true

# Distance Matrix
0.0000000000 1.3725221492 1.0068356150 0.0670234631 0.8164246850 0.4212981937 0.4860474028 2.6164351327
1.3725221492 0.0000000000 0.5429834116 0.6133230095 4.5318434266 0.8144668497 2.0181480994 1.5737468558
1.0068356150 0.5429834116 0.0000000000 0.5169255876 0.4944999071 0.4289381830 0.0782007616 0.0208693577
0.0670234631 0.6133230095 0.5169255876 0.0000000000 0.1146581963 0.2639168444 0.3912662969 0.2907592885
0.8164246850 4.5318434266 0.4944999071 0.1146581963 0.0000000000 0.1960571293 0.8742671664 1.1463214327
0.4212981937 0.8144668497 0.4289381830 0.2639168444 0.1960571293 0.0000000000 0.8653022812 0.2353661205
0.4860474028 2.0181480994 0.0782007616 0.3912662969 0.8742671664 0.8653022812 0.0000000000 0.0005419114
2.6164351327 1.5737468558 0.0208693577 0.2907592885 1.1463214327 0.2353661205 0.0005419114 0.0000000000
