# MCW Instance
# Type: EXPONENTIAL
# N: 8
# Optimal cost: 1.0167200276276054
# Optimal tour (permutation): [0, 7, 6, 2, 4, 5, 3, 1, 0]
# Optimal walk (full path): [0, 7, 6, 2, 4, 3, 5, 3, 1, 7, 0]
# Walk size: 11
# Is walk (has repeats): true

# Distance Matrix
0.0000000000 0.4630086289 1.7349067128 0.7166390662 0.8027372185 1.7639298246 1.4841808873 0.0134030937
0.4630086289 0.0000000000 1.3171056299 0.2889793210 0.1079081100 2.7612224930 0.2010926392 0.1923567058
1.7349067128 1.3171056299 0.0000000000 1.9449625162 0.0065433805 0.7466328087 0.1287759393 0.4012801871
0.7166390662 0.2889793210 1.9449625162 0.0000000000 0.3107210853 0.0133168329 0.3787844543 1.6628211299
0.8027372185 0.1079081100 0.0065433805 0.3107210853 0.0000000000 0.3856408352 0.7905714736 0.5364392198
1.7639298246 2.7612224930 0.7466328087 0.0133168329 0.3856408352 0.0000000000 1.7392860997 0.9008083227
1.4841808873 0.2010926392 0.1287759393 0.3787844543 0.7905714736 1.7392860997 0.0000000000 0.0359037426
0.0134030937 0.1923567058 0.4012801871 1.6628211299 0.5364392198 0.9008083227 0.0359037426 0.0000000000
