# MCW Instance
# Type: EXPONENTIAL
# N: 8
# Optimal cost: 2.8134498418337204
# Optimal tour (permutation): [0, 7, 6, 4, 3, 2, 5, 1, 0]
# Optimal walk (full path): [0, 7, 0, 6, 4, 0, 3, 0, 2, 0, 5, 1, 5, 0]
# Walk size: 14
# Is walk (has repeats): true

# Distance Matrix
0.0000000000 0.5357513533 0.0718077548 0.1293523885 0.2222559383 0.1220768418 0.1094337223 0.6032412356
0.5357513533 0.0000000000 3.1944500618 1.2626974931 4.3950509622 0.2279332234 1.5924271901 1.0074730672
0.0718077548 3.1944500618 0.0000000000 1.1509731695 0.3852200438 0.7245578976 0.6906448718 3.6378782617
0.1293523885 1.2626974931 1.1509731695 0.0000000000 1.5123856075 2.6782673047 1.7252682300 0.9100577313
0.2222559383 4.3950509622 0.3852200438 1.5123856075 0.0000000000 2.4874896511 0.1729372930 1.6232653236
0.1220768418 0.2279332234 0.7245578976 2.6782673047 2.4874896511 0.0000000000 0.9659007088 2.5233571394
0.1094337223 1.5924271901 0.6906448718 1.7252682300 0.1729372930 0.9659007088 0.0000000000 1.3005679217
0.6032412356 1.0074730672 3.6378782617 0.9100577313 1.6232653236 2.5233571394 1.3005679217 0.0000000000
