# MCW Instance
# Type: EXPONENTIAL
# N: 8
# Optimal cost: 2.958909300903288
# Optimal tour (permutation): [0, 4, 7, 3, 5, 6, 2, 1, 0]
# Optimal walk (full path): [0, 4, 7, 3, 7, 4, 5, 6, 2, 1, 0]
# Walk size: 11
# Is walk (has repeats): true

# Distance Matrix
0.0000000000 0.1548247593 0.2241093981 1.7877704766 0.0518949392 1.6426723177 0.7160094386 2.5507277398
0.1548247593 0.0000000000 0.3573542501 1.0241176918 0.8635771554 1.4618978646 0.8336382317 0.6448447927
0.2241093981 0.3573542501 0.0000000000 1.0555983072 1.4075147762 1.0842917101 0.1542443342 0.3283001008
1.7877704766 1.0241176918 1.0555983072 0.0000000000 1.8082070427 1.4407621415 2.7961089238 0.6207117827
0.0518949392 0.8635771554 1.4075147762 1.8082070427 0.0000000000 0.4036188519 1.4195140529 0.0974424128
1.6426723177 1.4618978646 1.0842917101 1.4407621415 0.4036188519 0.0000000000 0.4006637753 1.0720910174
0.7160094386 0.8336382317 0.1542443342 2.7961089238 1.4195140529 0.4006637753 0.0000000000 0.1419856018
2.5507277398 0.6448447927 0.3283001008 0.6207117827 0.0974424128 1.0720910174 0.1419856018 0.0000000000
