# MCW Instance
# Type: EXPONENTIAL
# N: 8
# Optimal cost: 2.398487745161134
# Optimal tour (permutation): [0, 2, 6, 4, 5, 3, 7, 1, 0]
# Optimal walk (full path): [0, 2, 6, 4, 5, 3, 1, 7, 1, 6, 0]
# Walk size: 11
# Is walk (has repeats): true

# Distance Matrix
0.0000000000 0.8387513082 0.1489706885 1.2278828682 1.2633059391 1.1767755942 0.5490655744 1.2020607247
0.8387513082 0.0000000000 2.8618461449 0.1481768366 0.5467645884 0.7629744144 0.1597932186 0.0482977136
0.1489706885 2.8618461449 0.0000000000 2.0654586092 3.5863506216 1.1130420518 0.6387925292 1.7769810090
1.2278828682 0.1481768366 2.0654586092 0.0000000000 1.0698300222 0.1699207931 0.4218013754 1.0030653858
1.2633059391 0.5467645884 3.5863506216 1.0698300222 0.0000000000 0.3330868812 0.1540857964 3.1161861506
1.1767755942 0.7629744144 1.1130420518 0.1699207931 0.3330868812 0.0000000000 1.1109081840 2.3331406695
0.5490655744 0.1597932186 0.6387925292 0.4218013754 0.1540857964 1.1109081840 0.0000000000 1.3758085890
1.2020607247 0.0482977136 1.7769810090 1.0030653858 3.1161861506 2.3331406695 1.3758085890 0.0000000000
