# MCW Instance
# Type: EXPONENTIAL
# N: 8
# Optimal cost: 2.1979017408947965
# Optimal tour (permutation): [0, 5, 2, 1, 7, 3, 4, 6, 0]
# Optimal walk (full path): [0, 5, 2, 1, 7, 3, 4, 6, 0]
# Walk size: 9
# Is walk (has repeats): false

# Distance Matrix
0.0000000000 1.4117221763 1.1325197374 1.6613503767 0.9101887366 0.3898371330 0.4280271626 1.6712828171
1.4117221763 0.0000000000 0.0467964533 1.2348443366 0.0676931226 1.7966758755 0.5142783953 0.0302975755
1.1325197374 0.0467964533 0.0000000000 1.6211310217 2.6571318640 0.3131525096 0.2203110980 0.1931868484
1.6613503767 1.2348443366 1.6211310217 0.0000000000 0.3552084596 3.9533678759 1.2765194642 0.4492599361
0.9101887366 0.0676931226 2.6571318640 0.3552084596 0.0000000000 0.3843493268 0.1853225111 0.2077767848
0.3898371330 1.7966758755 0.3131525096 3.9533678759 0.3843493268 0.0000000000 0.5332080080 1.1967451771
0.4280271626 0.5142783953 0.2203110980 1.2765194642 0.1853225111 0.5332080080 0.0000000000 0.2830390986
1.6712828171 0.0302975755 0.1931868484 0.4492599361 0.2077767848 1.1967451771 0.2830390986 0.0000000000
