# Graph size: 20
# Optimal cost: 1.355668872345582

# Distance Matrix
0.0 0.795188482798442 0.6480312074977658 0.6085466565328957 0.2322501914541487 0.2621092161742503 0.16579996991454504 0.30096856835960306 0.8492407058426453 0.7250844768438096 0.44209846298447975 0.5507279178083585 0.11654845869531172 0.4921262095687965 0.24148415068722828 0.46417660953446127 0.8073604949613172 0.5923892804323146 0.2116216533372931 0.5246236374235336
0.795188482798442 0.0 0.4165260608993123 0.024792800061681608 0.1464276094360596 0.06125955334401312 0.5313527087462623 0.11748214202077412 0.639941004654913 5.675589881194432E-4 0.03003260562588972 0.52135570399219 0.5225503623472217 0.5997150673467597 0.2576317499169324 0.4087316749081741 0.9956245885419742 0.4248955903130647 0.9946139351471484 0.7773320564660462
0.6480312074977658 0.4165260608993123 0.0 0.4362571283324559 0.18231749173903522 0.7291605933899526 0.370112333153362 0.43074814360767766 0.13551238339303573 0.47208648616910653 0.6130667874112534 0.7136127451768955 0.7498635228219425 0.11194033608108689 0.14599156058481588 0.3383178112349532 0.8937296526110521 0.09791868320720587 0.9752882883007256 0.5866138553724503
0.6085466565328957 0.024792800061681608 0.4362571283324559 0.0 0.39526760477076606 0.059510030071078246 0.013243396600920665 0.835242322292876 0.005032809281871664 0.8243257951864145 0.7848192205358119 0.8419631394017928 0.8466637065436414 0.17936313371109358 0.3808451308471733 0.6872607877601659 0.2514321963527808 0.6359844352421091 0.31559800890791845 0.9137520799400705
0.2322501914541487 0.1464276094360596 0.18231749173903522 0.39526760477076606 0.0 0.4671698664683216 0.4051865613409278 0.8071130363379055 0.24223205623779376 0.10805476377089152 0.7672727980162422 0.14016777427477833 0.611458825312039 0.36897147353866544 0.028828763053243223 0.19473343783282038 0.18819251402484238 0.966632967524498 0.29994319440458805 0.9267889417725684
0.2621092161742503 0.06125955334401312 0.7291605933899526 0.059510030071078246 0.4671698664683216 0.0 0.4246670388141909 0.48937957110214025 0.39590322495893426 0.573745733631798 0.2025878064479063 0.338546799922823 0.2701329258955125 0.6233313324766904 0.5959123841959628 0.7265206660600234 0.5189331880875415 0.1326329793977551 0.8090854231734039 0.26007524983396735
0.16579996991454504 0.5313527087462623 0.370112333153362 0.013243396600920665 0.4051865613409278 0.4246670388141909 0.0 0.6636196039706425 0.8131025187247968 0.40306269037178755 0.4823140535901156 0.11194440106089809 0.4076768235343661 0.008373991271536374 0.37251355493080773 0.9282276496118747 0.2777683627735893 0.34263785706220695 0.21039298405145512 0.8004116674210322
0.30096856835960306 0.11748214202077412 0.43074814360767766 0.835242322292876 0.8071130363379055 0.48937957110214025 0.6636196039706425 0.0 0.7907328721150099 0.499355600363075 0.39981240310362587 0.882291758010135 0.05252219862800411 0.1554761926363244 0.816625942851169 0.5104657866836686 0.7655825203811095 0.5571374730042914 0.9963953780339891 0.1480836388372342
0.8492407058426453 0.639941004654913 0.13551238339303573 0.005032809281871664 0.24223205623779376 0.39590322495893426 0.8131025187247968 0.7907328721150099 0.0 0.5086586437695356 0.8861530744904583 0.009894273075402027 0.29126692566983625 0.5330180068090604 0.8842292077836634 0.18781076883576164 0.4891086143883542 0.24870850807289624 0.41755828795914873 0.9507824042138778
0.7250844768438096 5.675589881194432E-4 0.47208648616910653 0.8243257951864145 0.10805476377089152 0.573745733631798 0.40306269037178755 0.499355600363075 0.5086586437695356 0.0 0.07445075841660465 0.9348162871796635 0.0013519008350897366 0.8768742697257661 0.680177976174579 0.8492911070127275 0.17203838857879605 0.7958369540329373 0.12455358258280913 0.8367586113091258
0.44209846298447975 0.03003260562588972 0.6130667874112534 0.7848192205358119 0.7672727980162422 0.2025878064479063 0.4823140535901156 0.39981240310362587 0.8861530744904583 0.07445075841660465 0.0 0.9942652018778942 0.1379585480689417 0.7891634215026824 0.7368399323595003 0.9205101233251162 0.9850507955632543 0.18432283260717253 0.3808514967330936 0.6830187967528666
0.5507279178083585 0.52135570399219 0.7136127451768955 0.8419631394017928 0.14016777427477833 0.338546799922823 0.11194440106089809 0.882291758010135 0.009894273075402027 0.9348162871796635 0.9942652018778942 0.0 0.2720860204960056 0.9993399549093264 0.7313581737308331 0.8909514717115307 0.370228706434362 0.5688188175550766 0.7669059149475566 0.5300343502128785
0.11654845869531172 0.5225503623472217 0.7498635228219425 0.8466637065436414 0.611458825312039 0.2701329258955125 0.4076768235343661 0.05252219862800411 0.29126692566983625 0.0013519008350897366 0.1379585480689417 0.2720860204960056 0.0 0.8454811805169116 0.35122341952468905 0.04336033477000978 0.6176762306109653 0.5318904168507081 0.7122145583968048 0.47363028764053705
0.4921262095687965 0.5997150673467597 0.11194033608108689 0.17936313371109358 0.36897147353866544 0.6233313324766904 0.008373991271536374 0.1554761926363244 0.5330180068090604 0.8768742697257661 0.7891634215026824 0.9993399549093264 0.8454811805169116 0.0 0.8534244381902254 0.18423858636011514 0.03280881226467802 0.7591560424371546 0.22279857702830652 0.8823675616826623
0.24148415068722828 0.2576317499169324 0.14599156058481588 0.3808451308471733 0.028828763053243223 0.5959123841959628 0.37251355493080773 0.816625942851169 0.8842292077836634 0.680177976174579 0.7368399323595003 0.7313581737308331 0.35122341952468905 0.8534244381902254 0.0 0.9211993067843494 0.07939423517827693 0.16195433193587938 0.04776285991151863 0.09711586830171337
0.46417660953446127 0.4087316749081741 0.3383178112349532 0.6872607877601659 0.19473343783282038 0.7265206660600234 0.9282276496118747 0.5104657866836686 0.18781076883576164 0.8492911070127275 0.9205101233251162 0.8909514717115307 0.04336033477000978 0.18423858636011514 0.9211993067843494 0.0 0.09963247944936104 0.07129388286327754 0.4027507478479665 0.3388925232120584
0.8073604949613172 0.9956245885419742 0.8937296526110521 0.2514321963527808 0.18819251402484238 0.5189331880875415 0.2777683627735893 0.7655825203811095 0.4891086143883542 0.17203838857879605 0.9850507955632543 0.370228706434362 0.6176762306109653 0.03280881226467802 0.07939423517827693 0.09963247944936104 0.0 0.09281871203273628 0.6780532899126731 0.4536368427360089
0.5923892804323146 0.4248955903130647 0.09791868320720587 0.6359844352421091 0.966632967524498 0.1326329793977551 0.34263785706220695 0.5571374730042914 0.24870850807289624 0.7958369540329373 0.18432283260717253 0.5688188175550766 0.5318904168507081 0.7591560424371546 0.16195433193587938 0.07129388286327754 0.09281871203273628 0.0 0.7359478824487213 0.9876914862011666
0.2116216533372931 0.9946139351471484 0.9752882883007256 0.31559800890791845 0.29994319440458805 0.8090854231734039 0.21039298405145512 0.9963953780339891 0.41755828795914873 0.12455358258280913 0.3808514967330936 0.7669059149475566 0.7122145583968048 0.22279857702830652 0.04776285991151863 0.4027507478479665 0.6780532899126731 0.7359478824487213 0.0 0.9910618508125332
0.5246236374235336 0.7773320564660462 0.5866138553724503 0.9137520799400705 0.9267889417725684 0.26007524983396735 0.8004116674210322 0.1480836388372342 0.9507824042138778 0.8367586113091258 0.6830187967528666 0.5300343502128785 0.47363028764053705 0.8823675616826623 0.09711586830171337 0.3388925232120584 0.4536368427360089 0.9876914862011666 0.9910618508125332 0.0

# Optimal Walk
0 18 14 4 19 7 12 15 17 2 13 16 6 11 8 3 5 10 1 9 0
