# Graph size: 20
# Optimal cost: 1.6846928742522214

# Distance Matrix
0.0 0.5965528545127599 0.9020084744149383 0.18276314805731453 0.17123108722799762 0.27687774335520354 0.33589308144796837 0.5379224691105667 0.22409740942280088 0.8340846596274717 0.8354721717179294 0.4892682193779243 0.9164266010832921 0.45556378306232104 0.6926793587420602 0.9599739299583525 0.5853778826204481 0.2654732690053895 0.22330744867239005 0.8544557017638037
0.5965528545127599 0.0 0.2105729672794867 0.7909280316674826 0.8473913058155182 0.46617755961368335 0.9025453155700952 0.8664217047197276 0.06153649364775138 0.921117331615676 0.42707116819124147 0.16376858587594412 0.4213885125057675 0.6454492887361036 0.2668780571821199 0.8327030549287567 0.4268508159541744 0.6594760017537605 0.6372650991600016 0.31637640564405467
0.9020084744149383 0.2105729672794867 0.0 0.5083248757902449 0.0945680974102514 0.8184584168222561 0.26634168959486404 0.14915853624315079 0.7058480146101406 0.14506464950402287 0.6232196405115575 0.5476540128922883 0.31057958416043296 0.0017735547277422103 0.35208960377349263 0.1213998149288763 0.02070215769516026 0.21450101485557393 0.025751289674353806 0.5873562050757263
0.18276314805731453 0.7909280316674826 0.5083248757902449 0.0 0.8576747669037947 0.29745166719604343 0.434354655647028 0.31303661257641935 0.8387720155416633 0.11912032766924097 0.6664968381755711 0.1272925687479367 0.9062000625219679 0.684039741517236 0.6547365463319952 0.8036229352245132 0.13387784664920666 0.892121934889133 0.007577844765816355 0.984592929076814
0.17123108722799762 0.8473913058155182 0.0945680974102514 0.8576747669037947 0.0 0.4914549169969996 0.3337288762243691 0.06032707766663448 0.40286192995234893 0.07111407455361196 0.40614758098226533 0.46882781833664977 0.8724837111396024 0.08993335316641249 0.29593385141482 0.34293075107405757 0.6735561252192289 0.1690588035003764 0.6616276837648875 0.8706566341496418
0.27687774335520354 0.46617755961368335 0.8184584168222561 0.29745166719604343 0.4914549169969996 0.0 0.6339620332363928 0.36066554296475717 0.17263275845244574 0.6193620723446981 0.42385683110917005 0.14466159411181856 0.4125910282842601 0.2168197448086634 0.3217221311217232 0.14931566375592087 0.0393732024401946 0.9129756626861617 0.9852192845819596 0.6634656338550005
0.33589308144796837 0.9025453155700952 0.26634168959486404 0.434354655647028 0.3337288762243691 0.6339620332363928 0.0 0.5088440140285826 0.6022483850437068 0.565740528755081 0.1026926001089683 0.11585128165374792 0.24658569734638136 0.8424694133017212 0.46782060475552645 0.5834258775851224 0.28109713701259664 0.9199262854894236 0.49132920672939906 0.9399695369508945
0.5379224691105667 0.8664217047197276 0.14915853624315079 0.31303661257641935 0.06032707766663448 0.36066554296475717 0.5088440140285826 0.0 0.5069306603994745 0.43238891490320375 0.6057427631438691 0.9642459887663462 0.18016501793598505 0.12924213180148492 0.08778677585498296 0.04928017220475356 0.49083964642756484 0.17722435390349578 0.7330778409753292 0.9388095007630725
0.22409740942280088 0.06153649364775138 0.7058480146101406 0.8387720155416633 0.40286192995234893 0.17263275845244574 0.6022483850437068 0.5069306603994745 0.0 0.39284621090283245 0.5087033673753696 0.19834095381927808 0.42371977602845146 0.7932568905919604 0.069527144482733 0.7116238423038247 0.7509377727194102 0.4387670402460202 0.8756602665879769 0.19570511679264502
0.8340846596274717 0.921117331615676 0.14506464950402287 0.11912032766924097 0.07111407455361196 0.6193620723446981 0.565740528755081 0.43238891490320375 0.39284621090283245 0.0 0.19354174898182097 0.44728005002179405 0.3747300095827917 0.975869217790743 0.958389390803088 0.32426512606078384 0.7267704256235006 0.15044766647069707 0.36635286769340414 0.476369283091968
0.8354721717179294 0.42707116819124147 0.6232196405115575 0.6664968381755711 0.40614758098226533 0.42385683110917005 0.1026926001089683 0.6057427631438691 0.5087033673753696 0.19354174898182097 0.0 0.26786685160276136 0.3910032300587336 0.030288660651354382 0.6888670733964543 0.6010673997625747 0.40875933767638817 0.5771599144168458 0.7688826867714101 0.4708416772942542
0.4892682193779243 0.16376858587594412 0.5476540128922883 0.1272925687479367 0.46882781833664977 0.14466159411181856 0.11585128165374792 0.9642459887663462 0.19834095381927808 0.44728005002179405 0.26786685160276136 0.0 0.5748544323559304 0.31326716629805484 0.5729208914645126 0.8205316999948639 0.2142269860962578 0.11533301952179575 0.935094803337357 0.20665322156270005
0.9164266010832921 0.4213885125057675 0.31057958416043296 0.9062000625219679 0.8724837111396024 0.4125910282842601 0.24658569734638136 0.18016501793598505 0.42371977602845146 0.3747300095827917 0.3910032300587336 0.5748544323559304 0.0 0.9064137082620279 0.7452252163080023 0.5915396399544821 0.04957051985240801 0.7212699257652929 0.7323915336796978 0.056854255825573796
0.45556378306232104 0.6454492887361036 0.0017735547277422103 0.684039741517236 0.08993335316641249 0.2168197448086634 0.8424694133017212 0.12924213180148492 0.7932568905919604 0.975869217790743 0.030288660651354382 0.31326716629805484 0.9064137082620279 0.0 0.036981277856134365 0.6935979215615761 0.9456189733899233 0.550012132722211 0.3648123584700681 0.9978950237506063
0.6926793587420602 0.2668780571821199 0.35208960377349263 0.6547365463319952 0.29593385141482 0.3217221311217232 0.46782060475552645 0.08778677585498296 0.069527144482733 0.958389390803088 0.6888670733964543 0.5729208914645126 0.7452252163080023 0.036981277856134365 0.0 0.9845190995963248 0.4900368435326127 0.39954131279240357 0.2229106165653334 0.5611798423449353
0.9599739299583525 0.8327030549287567 0.1213998149288763 0.8036229352245132 0.34293075107405757 0.14931566375592087 0.5834258775851224 0.04928017220475356 0.7116238423038247 0.32426512606078384 0.6010673997625747 0.8205316999948639 0.5915396399544821 0.6935979215615761 0.9845190995963248 0.0 0.7858372778984555 0.7766228884186431 0.8654270016280007 0.11371388161247098
0.5853778826204481 0.4268508159541744 0.02070215769516026 0.13387784664920666 0.6735561252192289 0.0393732024401946 0.28109713701259664 0.49083964642756484 0.7509377727194102 0.7267704256235006 0.40875933767638817 0.2142269860962578 0.04957051985240801 0.9456189733899233 0.4900368435326127 0.7858372778984555 0.0 0.12995013458827864 0.9116130821336502 0.6636559893683974
0.2654732690053895 0.6594760017537605 0.21450101485557393 0.892121934889133 0.1690588035003764 0.9129756626861617 0.9199262854894236 0.17722435390349578 0.4387670402460202 0.15044766647069707 0.5771599144168458 0.11533301952179575 0.7212699257652929 0.550012132722211 0.39954131279240357 0.7766228884186431 0.12995013458827864 0.0 0.9959721435898382 0.7725383093654141
0.22330744867239005 0.6372650991600016 0.025751289674353806 0.007577844765816355 0.6616276837648875 0.9852192845819596 0.49132920672939906 0.7330778409753292 0.8756602665879769 0.36635286769340414 0.7688826867714101 0.935094803337357 0.7323915336796978 0.3648123584700681 0.2229106165653334 0.8654270016280007 0.9116130821336502 0.9959721435898382 0.0 0.39374825666874347
0.8544557017638037 0.31637640564405467 0.5873562050757263 0.984592929076814 0.8706566341496418 0.6634656338550005 0.9399695369508945 0.9388095007630725 0.19570511679264502 0.476369283091968 0.4708416772942542 0.20665322156270005 0.056854255825573796 0.9978950237506063 0.5611798423449353 0.11371388161247098 0.6636559893683974 0.7725383093654141 0.39374825666874347 0.0

# Optimal Walk
0 3 18 2 16 5 12 19 15 7 4 9 17 11 6 10 13 14 8 1 0
