# MCW Instance
# Type: UNIFORM
# N: 20
# Optimal cost: 1.2799626366069148
# Optimal tour (permutation): [0, 12, 5, 15, 16, 18, 17, 2, 1, 8, 10, 11, 3, 9, 19, 14, 6, 4, 7, 13, 0]
# Optimal walk (full path): [0, 12, 5, 15, 16, 17, 18, 17, 2, 1, 8, 10, 11, 3, 9, 19, 14, 6, 4, 7, 13, 0]
# Walk size: 22
# Is walk (has repeats): true

# Distance Matrix
0.0000000000 0.4439808688 0.6178568336 0.6532248295 0.5733003097 0.9544228638 0.4653965938 0.1716077269 0.6484719226 0.8185078371 0.3912274141 0.0686234633 0.0416546651 0.0273008606 0.1107803649 0.5258329046 0.1502908959 0.9504646238 0.7456568967 0.7216642369
0.4439808688 0.0000000000 0.0604854647 0.1396098241 0.4395184544 0.3646412934 0.2876286903 0.2761622148 0.1116341836 0.0854992505 0.4526664181 0.6185136206 0.8017305244 0.6489121685 0.2231491956 0.0854501706 0.6935755510 0.9934073374 0.3726065418 0.6763274922
0.6178568336 0.0604854647 0.0000000000 0.5697702246 0.4371436271 0.8674567898 0.2731899700 0.1465070409 0.9975825587 0.4775766344 0.9960063932 0.4645966241 0.6646817771 0.5248186285 0.1894223775 0.2718510335 0.6400931535 0.0331791490 0.8079052780 0.1219522961
0.6532248295 0.1396098241 0.5697702246 0.0000000000 0.0089483727 0.7249832831 0.4358847043 0.7362229308 0.0461670268 0.0193670746 0.4304676675 0.0272552279 0.3758234170 0.4325017691 0.7065346232 0.0671443585 0.4999602603 0.5534186507 0.4974985669 0.1981099335
0.5733003097 0.4395184544 0.4371436271 0.0089483727 0.0000000000 0.7923385601 0.0749572293 0.0197364148 0.4295792264 0.9129647539 0.1962736246 0.3446782026 0.2433448748 0.7408379721 0.0815096180 0.9397661933 0.9371986445 0.3452112363 0.9586378377 0.2779727355
0.9544228638 0.3646412934 0.8674567898 0.7249832831 0.7923385601 0.0000000000 0.6774816801 0.2197626732 0.8731614954 0.6352920871 0.5022812512 0.9894239673 0.0732619917 0.6965981102 0.6195428109 0.0662146660 0.4961514052 0.8724859890 0.4781548695 0.2782833800
0.4653965938 0.2876286903 0.2731899700 0.4358847043 0.0749572293 0.6774816801 0.0000000000 0.8498009719 0.2931934597 0.2551040829 0.3254570840 0.3398807715 0.2904225748 0.5980861285 0.0249528561 0.1786599727 0.8038602630 0.6904977315 0.7025065880 0.6307808270
0.1716077269 0.2761622148 0.1465070409 0.7362229308 0.0197364148 0.2197626732 0.8498009719 0.0000000000 0.5564225570 0.9645237951 0.7570258333 0.5002338549 0.0307233079 0.0780728197 0.3809744864 0.6435257837 0.2489956546 0.0926027739 0.6540497261 0.3059455856
0.6484719226 0.1116341836 0.9975825587 0.0461670268 0.4295792264 0.8731614954 0.2931934597 0.5564225570 0.0000000000 0.1096700528 0.1414189736 0.7443122816 0.8209983185 0.5660402538 0.2618141106 0.7487826882 0.4874903901 0.2459243885 0.4794597563 0.7846187227
0.8185078371 0.0854992505 0.4775766344 0.0193670746 0.9129647539 0.6352920871 0.2551040829 0.9645237951 0.1096700528 0.0000000000 0.2444138901 0.2059553979 0.6797482161 0.3023394240 0.1006917584 0.3901111457 0.2783218515 0.2341637156 0.1450098183 0.0193217596
0.3912274141 0.4526664181 0.9960063932 0.4304676675 0.1962736246 0.5022812512 0.3254570840 0.7570258333 0.1414189736 0.2444138901 0.0000000000 0.2118168056 0.5133826036 0.3603752726 0.5774674917 0.3098865408 0.7047859690 0.3987057845 0.2788077332 0.6808601640
0.0686234633 0.6185136206 0.4645966241 0.0272552279 0.3446782026 0.9894239673 0.3398807715 0.5002338549 0.7443122816 0.2059553979 0.2118168056 0.0000000000 0.9715158301 0.9326671342 0.9028577502 0.3459292938 0.3703204824 0.1951415554 0.6649567724 0.9905459860
0.0416546651 0.8017305244 0.6646817771 0.3758234170 0.2433448748 0.0732619917 0.2904225748 0.0307233079 0.8209983185 0.6797482161 0.5133826036 0.9715158301 0.0000000000 0.5150345108 0.8411228897 0.3542473594 0.3667542922 0.9772118954 0.3224985692 0.3155123846
0.0273008606 0.6489121685 0.5248186285 0.4325017691 0.7408379721 0.6965981102 0.5980861285 0.0780728197 0.5660402538 0.3023394240 0.3603752726 0.9326671342 0.5150345108 0.0000000000 0.5764658132 0.4031908736 0.5530931804 0.9772929590 0.1932296087 0.2184702893
0.1107803649 0.2231491956 0.1894223775 0.7065346232 0.0815096180 0.6195428109 0.0249528561 0.3809744864 0.2618141106 0.1006917584 0.5774674917 0.9028577502 0.8411228897 0.5764658132 0.0000000000 0.7595112969 0.5359369769 0.9388356655 0.9631295607 0.0627325586
0.5258329046 0.0854501706 0.2718510335 0.0671443585 0.9397661933 0.0662146660 0.1786599727 0.6435257837 0.7487826882 0.3901111457 0.3098865408 0.3459292938 0.3542473594 0.4031908736 0.7595112969 0.0000000000 0.0937041509 0.4211296314 0.7561253490 0.5160749946
0.1502908959 0.6935755510 0.6400931535 0.4999602603 0.9371986445 0.4961514052 0.8038602630 0.2489956546 0.4874903901 0.2783218515 0.7047859690 0.3703204824 0.3667542922 0.5530931804 0.5359369769 0.0937041509 0.0000000000 0.0187808364 0.2607067947 0.1216495862
0.9504646238 0.9934073374 0.0331791490 0.5534186507 0.3452112363 0.8724859890 0.6904977315 0.0926027739 0.2459243885 0.2341637156 0.3987057845 0.1951415554 0.9772118954 0.9772929590 0.9388356655 0.4211296314 0.0187808364 0.0000000000 0.0370574744 0.5460335270
0.7456568967 0.3726065418 0.8079052780 0.4974985669 0.9586378377 0.4781548695 0.7025065880 0.6540497261 0.4794597563 0.1450098183 0.2788077332 0.6649567724 0.3224985692 0.1932296087 0.9631295607 0.7561253490 0.2607067947 0.0370574744 0.0000000000 0.7866907597
0.7216642369 0.6763274922 0.1219522961 0.1981099335 0.2779727355 0.2782833800 0.6307808270 0.3059455856 0.7846187227 0.0193217596 0.6808601640 0.9905459860 0.3155123846 0.2184702893 0.0627325586 0.5160749946 0.1216495862 0.5460335270 0.7866907597 0.0000000000
