# Graph size: 20
# Optimal cost: 2.149554315684803

# Distance Matrix
0.0 0.4339044716297936 0.9256247701711929 0.6692401136580978 0.7312383458163524 0.5875320611297965 0.35459728273582125 0.5977525449488504 0.47386692834476607 0.6913273632538428 0.43222695063827377 0.8057829482019822 0.0816560661215483 0.5951501100501342 0.7275861924425792 0.8608367982479631 0.8167428265057148 0.9179256598447568 0.6258797820457941 0.18827456247646568
0.4339044716297936 0.0 0.9744699583858372 0.9806256106529434 0.40852104515032794 0.6620112344944554 0.784957600407648 0.6825624433454222 0.26649000066548867 0.3914751413962261 0.3462388920650722 0.4951018889652502 0.2308906877451351 0.8442614667394317 0.1827397447448843 0.9978717401317971 0.8571638241147385 0.4605158891087193 0.26604752452163116 0.4147733726343542
0.9256247701711929 0.9744699583858372 0.0 0.38320034407948345 0.21293754821458866 0.1093272808612945 0.4205782718935278 0.9966401028447124 0.14538942513449615 0.8524079767523871 0.0836187690410668 0.7929294188232188 0.783458516863021 0.09147599412419927 0.18605817989758378 0.9832495630263745 0.4519074520841023 0.5754762321177804 0.3204531999147966 0.9202184766468561
0.6692401136580978 0.9806256106529434 0.38320034407948345 0.0 0.9568122713995496 0.790735871717652 0.09979647746234399 0.5493058067204751 0.794281990877409 0.885989964245432 0.537955309910877 0.9651912507505268 0.03300717354661098 0.3519015920744215 0.15839786836336134 0.8548350651462905 0.2844864086107004 0.3623337142454822 0.6713256832602061 0.7428183431398464
0.7312383458163524 0.40852104515032794 0.21293754821458866 0.9568122713995496 0.0 0.7226314469914892 0.7090439490714023 0.1228069914720391 0.11955036348464743 0.9435523636340098 0.8171375795187104 0.26423296593120316 0.7292285675195309 0.566676998678926 0.41552771203047967 0.5163943791711608 0.5219766087422583 0.8699592431613218 0.054816235814873826 0.30970385605079886
0.5875320611297965 0.6620112344944554 0.1093272808612945 0.790735871717652 0.7226314469914892 0.0 0.03337432153455888 0.4247833083017959 0.8144228866059632 0.7705644953223104 0.24463284770877214 0.6502718976011637 0.22145376191832444 0.6936130396494992 0.29795724470351426 0.4420582425718821 0.6157150340628098 0.4905417305471924 0.7941778265539549 0.5471833735900763
0.35459728273582125 0.784957600407648 0.4205782718935278 0.09979647746234399 0.7090439490714023 0.03337432153455888 0.0 0.9384411407724064 0.3384296591603312 0.783520392311712 0.15463161149679294 0.19672135325642814 0.0639912644902717 0.9754252704597586 0.2501185765763557 0.6612723311027872 0.39487614586755293 0.13961304004771025 0.6440980326724103 0.19211839888512194
0.5977525449488504 0.6825624433454222 0.9966401028447124 0.5493058067204751 0.1228069914720391 0.4247833083017959 0.9384411407724064 0.0 0.0851302481416486 0.14813499248295103 0.22355515515462288 0.9549053884704528 0.07915623470293409 0.6169346700257794 0.9010050772791045 0.1899880136660953 0.3169862382393316 0.6454861382843569 0.9382181116933208 0.6270946415732301
0.47386692834476607 0.26649000066548867 0.14538942513449615 0.794281990877409 0.11955036348464743 0.8144228866059632 0.3384296591603312 0.0851302481416486 0.0 0.0034077020128459035 0.7243640518122533 0.8075431520323965 0.6002875193694311 0.16445874661175464 0.4831387727779288 0.5203039918714389 0.9111004995841137 0.09703677135383726 0.584779976548913 0.39959321743617193
0.6913273632538428 0.3914751413962261 0.8524079767523871 0.885989964245432 0.9435523636340098 0.7705644953223104 0.783520392311712 0.14813499248295103 0.0034077020128459035 0.0 0.01215045378832258 0.8808402180815136 0.737790167489766 0.6038912396229523 0.13918269517958326 0.4665898545998055 0.49357959504423365 0.31828877423738766 0.6064241891526098 0.9804529032881961
0.43222695063827377 0.3462388920650722 0.0836187690410668 0.537955309910877 0.8171375795187104 0.24463284770877214 0.15463161149679294 0.22355515515462288 0.7243640518122533 0.01215045378832258 0.0 0.22413194252623037 0.42169284577675636 0.5982837104095455 0.7918194020550856 0.4338008359692571 0.6112482109797932 0.43985047319474524 0.5800574557635402 0.34911428038024994
0.8057829482019822 0.4951018889652502 0.7929294188232188 0.9651912507505268 0.26423296593120316 0.6502718976011637 0.19672135325642814 0.9549053884704528 0.8075431520323965 0.8808402180815136 0.22413194252623037 0.0 0.4193073628005237 0.5093083018207935 0.10559956610946775 0.5517551605027249 0.2936337433899314 0.667295504046721 0.6416899654859565 0.27242358154179735
0.0816560661215483 0.2308906877451351 0.783458516863021 0.03300717354661098 0.7292285675195309 0.22145376191832444 0.0639912644902717 0.07915623470293409 0.6002875193694311 0.737790167489766 0.42169284577675636 0.4193073628005237 0.0 0.9281249131251654 0.3214053727967152 0.055348429777728136 0.8470766154721736 0.329193314164425 0.018435408813725407 0.3395833700063584
0.5951501100501342 0.8442614667394317 0.09147599412419927 0.3519015920744215 0.566676998678926 0.6936130396494992 0.9754252704597586 0.6169346700257794 0.16445874661175464 0.6038912396229523 0.5982837104095455 0.5093083018207935 0.9281249131251654 0.0 0.7520797716910487 0.6820441666007726 0.7626587130221785 0.9936128548369679 0.5810938362163984 0.9414417658481973
0.7275861924425792 0.1827397447448843 0.18605817989758378 0.15839786836336134 0.41552771203047967 0.29795724470351426 0.2501185765763557 0.9010050772791045 0.4831387727779288 0.13918269517958326 0.7918194020550856 0.10559956610946775 0.3214053727967152 0.7520797716910487 0.0 0.09530353583738971 0.023829620096207926 0.3040594143733768 0.2131565345811125 0.33859251776019217
0.8608367982479631 0.9978717401317971 0.9832495630263745 0.8548350651462905 0.5163943791711608 0.4420582425718821 0.6612723311027872 0.1899880136660953 0.5203039918714389 0.4665898545998055 0.4338008359692571 0.5517551605027249 0.055348429777728136 0.6820441666007726 0.09530353583738971 0.0 0.4954718738899003 0.1574309537654075 0.415137230689541 0.3071059296832902
0.8167428265057148 0.8571638241147385 0.4519074520841023 0.2844864086107004 0.5219766087422583 0.6157150340628098 0.39487614586755293 0.3169862382393316 0.9111004995841137 0.49357959504423365 0.6112482109797932 0.2936337433899314 0.8470766154721736 0.7626587130221785 0.023829620096207926 0.4954718738899003 0.0 0.503438712373074 0.5548509357922309 0.4115539212660039
0.9179256598447568 0.4605158891087193 0.5754762321177804 0.3623337142454822 0.8699592431613218 0.4905417305471924 0.13961304004771025 0.6454861382843569 0.09703677135383726 0.31828877423738766 0.43985047319474524 0.667295504046721 0.329193314164425 0.9936128548369679 0.3040594143733768 0.1574309537654075 0.503438712373074 0.0 0.2198982739044968 0.15041556768647235
0.6258797820457941 0.26604752452163116 0.3204531999147966 0.6713256832602061 0.054816235814873826 0.7941778265539549 0.6440980326724103 0.9382181116933208 0.584779976548913 0.6064241891526098 0.5800574557635402 0.6416899654859565 0.018435408813725407 0.5810938362163984 0.2131565345811125 0.415137230689541 0.5548509357922309 0.2198982739044968 0.0 0.47874375208946696
0.18827456247646568 0.4147733726343542 0.9202184766468561 0.7428183431398464 0.30970385605079886 0.5471833735900763 0.19211839888512194 0.6270946415732301 0.39959321743617193 0.9804529032881961 0.34911428038024994 0.27242358154179735 0.3395833700063584 0.9414417658481973 0.33859251776019217 0.3071059296832902 0.4115539212660039 0.15041556768647235 0.47874375208946696 0.0

# Optimal Walk
0 19 17 8 9 10 13 2 5 6 11 16 14 1 15 12 18 4 7 3 0
