# MCW Instance
# Type: UNIFORM
# N: 20
# Optimal cost: 1.9085417191968204
# Optimal tour (permutation): [0, 12, 3, 1, 11, 17, 19, 13, 7, 4, 6, 16, 10, 18, 5, 14, 8, 15, 9, 2, 0]
# Optimal walk (full path): [0, 12, 3, 1, 11, 17, 19, 13, 7, 4, 6, 16, 10, 18, 10, 5, 14, 15, 8, 15, 9, 0, 2, 0]
# Walk size: 24
# Is walk (has repeats): true

# Distance Matrix
0.0000000000 0.6139717548 0.0135666442 0.7513094728 0.1772652313 0.3283273869 0.5969154022 0.7027284056 0.2755338734 0.0590330985 0.3358456782 0.8713472961 0.1143026392 0.3905510782 0.9320653185 0.5822325213 0.1942103474 0.6299865324 0.7806555395 0.2094012222
0.6139717548 0.0000000000 0.4132754597 0.1540128048 0.2128291931 0.3142012531 0.5366752067 0.5575246388 0.3444716039 0.1940771115 0.3454424274 0.1184545904 0.4992443982 0.6418012384 0.6755367113 0.1097887205 0.4181969250 0.7474767889 0.4425351370 0.7876698969
0.0135666442 0.4132754597 0.0000000000 0.2422439916 0.3890940917 0.6622267739 0.4635778043 0.5595325150 0.6521499995 0.4236848231 0.9289269232 0.6466338410 0.7948157107 0.7489287007 0.6420251949 0.4006627316 0.5323651375 0.2820777309 0.5101872759 0.3588376451
0.7513094728 0.1540128048 0.2422439916 0.0000000000 0.3530525903 0.7909371918 0.8038984138 0.6326616138 0.2973551852 0.5352462129 0.7252762142 0.5458163764 0.1334714084 0.6583567335 0.4196789125 0.2580269951 0.1441949396 0.8929009472 0.7671609858 0.6815682671
0.1772652313 0.2128291931 0.3890940917 0.3530525903 0.0000000000 0.8037579314 0.0360444881 0.1195778632 0.5527478718 0.4679658533 0.8462111371 0.2594931929 0.6076155999 0.8269217775 0.2407042072 0.2486442440 0.4293121302 0.2768646937 0.9324386328 0.5065715373
0.3283273869 0.3142012531 0.6622267739 0.7909371918 0.8037579314 0.0000000000 0.6838845379 0.5561232117 0.9340371470 0.4141214711 0.1420601918 0.9599123383 0.6788323343 0.9718813957 0.0963843524 0.1996778795 0.8608564761 0.5602087424 0.5262912421 0.5049188904
0.5969154022 0.5366752067 0.4635778043 0.8038984138 0.0360444881 0.6838845379 0.0000000000 0.4796890026 0.6453670744 0.6380921110 0.8788963440 0.9910712945 0.3553834708 0.2125280413 0.5143614080 0.9104870706 0.2095934724 0.5294492674 0.2514142225 0.6944463594
0.7027284056 0.5575246388 0.5595325150 0.6326616138 0.1195778632 0.5561232117 0.4796890026 0.0000000000 0.9274410404 0.5073467798 0.6168304536 0.2329990650 0.1649529332 0.0948762815 0.4226690949 0.8270442410 0.2314079716 0.8821781058 0.1217018260 0.0952897008
0.2755338734 0.3444716039 0.6521499995 0.2973551852 0.5527478718 0.9340371470 0.6453670744 0.9274410404 0.0000000000 0.3240738733 0.3617115852 0.1181810299 0.8582556075 0.5854850646 0.2614854805 0.0146895086 0.6805051783 0.3355873627 0.8979810146 0.3392922374
0.0590330985 0.1940771115 0.4236848231 0.5352462129 0.4679658533 0.4141214711 0.6380921110 0.5073467798 0.3240738733 0.0000000000 0.4173242082 0.1601763157 0.5517273991 0.6419363069 0.8083604231 0.1474077015 0.4554042405 0.9750226129 0.8882728400 0.4557604235
0.3358456782 0.3454424274 0.9289269232 0.7252762142 0.8462111371 0.1420601918 0.8788963440 0.6168304536 0.3617115852 0.4173242082 0.0000000000 0.1025094024 0.6802983385 0.7432301633 0.5696835775 0.2340441017 0.0926971958 0.9321362793 0.0532605962 0.0413324375
0.8713472961 0.1184545904 0.6466338410 0.5458163764 0.2594931929 0.9599123383 0.9910712945 0.2329990650 0.1181810299 0.1601763157 0.1025094024 0.0000000000 0.2414795111 0.7127503855 0.3475757972 0.8350052756 0.8800019411 0.0654076803 0.1740692011 0.6733434426
0.1143026392 0.4992443982 0.7948157107 0.1334714084 0.6076155999 0.6788323343 0.3553834708 0.1649529332 0.8582556075 0.5517273991 0.6802983385 0.2414795111 0.0000000000 0.2076725626 0.3908363077 0.4040179428 0.2175886165 0.4611238207 0.6736046526 0.8333835418
0.3905510782 0.6418012384 0.7489287007 0.6583567335 0.8269217775 0.9718813957 0.2125280413 0.0948762815 0.5854850646 0.6419363069 0.7432301633 0.7127503855 0.2076725626 0.0000000000 0.3874948558 0.1463624325 0.8490229266 0.1626161809 0.2273072590 0.0596317195
0.9320653185 0.6755367113 0.6420251949 0.4196789125 0.2407042072 0.0963843524 0.5143614080 0.4226690949 0.2614854805 0.8083604231 0.5696835775 0.3475757972 0.3908363077 0.3874948558 0.0000000000 0.0888610492 0.6226087758 0.7605188834 0.4019486816 0.7300348823
0.5822325213 0.1097887205 0.4006627316 0.2580269951 0.2486442440 0.1996778795 0.9104870706 0.8270442410 0.0146895086 0.1474077015 0.2340441017 0.8350052756 0.4040179428 0.1463624325 0.0888610492 0.0000000000 0.1108445510 0.5111706629 0.2307543741 0.6104511329
0.1942103474 0.4181969250 0.5323651375 0.1441949396 0.4293121302 0.8608564761 0.2095934724 0.2314079716 0.6805051783 0.4554042405 0.0926971958 0.8800019411 0.2175886165 0.8490229266 0.6226087758 0.1108445510 0.0000000000 0.4058845180 0.8001231029 0.2118429603
0.6299865324 0.7474767889 0.2820777309 0.8929009472 0.2768646937 0.5602087424 0.5294492674 0.8821781058 0.3355873627 0.9750226129 0.9321362793 0.0654076803 0.4611238207 0.1626161809 0.7605188834 0.5111706629 0.4058845180 0.0000000000 0.6474911672 0.0136916843
0.7806555395 0.4425351370 0.5101872759 0.7671609858 0.9324386328 0.5262912421 0.2514142225 0.1217018260 0.8979810146 0.8882728400 0.0532605962 0.1740692011 0.6736046526 0.2273072590 0.4019486816 0.2307543741 0.8001231029 0.6474911672 0.0000000000 0.8866432234
0.2094012222 0.7876698969 0.3588376451 0.6815682671 0.5065715373 0.5049188904 0.6944463594 0.0952897008 0.3392922374 0.4557604235 0.0413324375 0.6733434426 0.8333835418 0.0596317195 0.7300348823 0.6104511329 0.2118429603 0.0136916843 0.8866432234 0.0000000000
