# Graph size: 20
# Optimal cost: 1.9958623423484156

# Distance Matrix
0.0 0.6711950419422139 0.2307437784193872 0.5838915139669723 0.42568478037147384 0.3471923697054836 0.9473630348750873 0.09348264374595561 0.39170328295790946 0.5013636657180186 0.05639816305625234 0.12818307400435147 0.6083057081131376 0.8585752298278829 0.011790622370013604 0.6113039406595827 0.426884726767104 0.9586667539838306 0.17741260843025397 0.04642692433648188
0.6711950419422139 0.0 0.21952330960060018 0.43991455800458357 0.9441799481312305 0.8114309863299752 0.6474982454544655 0.7888807767538211 0.7654326533245959 0.634740290861597 0.5498487490342566 0.5627822464249804 0.4577809621602228 0.537759838144032 0.22157130975922845 0.9664900704157321 0.5921548407566753 0.16906606727846285 0.7191669517141988 0.3234965604576283
0.2307437784193872 0.21952330960060018 0.0 0.3085831899798961 0.3787718181069456 0.2306807651722531 0.41866382882550834 0.42826881509460013 0.08558624224523148 0.4780375721930452 0.9102937292702682 0.30781354497626967 0.9744421796592531 0.5813917384528615 0.010036473837783166 0.4829876083566329 0.32916475271061985 0.8083734258275134 0.4113810368402768 0.7832257901119102
0.5838915139669723 0.43991455800458357 0.3085831899798961 0.0 0.35250657726882684 0.1555270714554734 0.010947435771132885 0.26307271290225964 0.6549766926426078 0.7649026652190768 0.3115273935630327 0.9930876892889068 0.20424174089442226 0.765673736982388 0.5217965717473941 0.48025988579777656 0.9184795435064409 0.2488207930442481 0.27484781942581393 0.2467721456842129
0.42568478037147384 0.9441799481312305 0.3787718181069456 0.35250657726882684 0.0 0.2599166121310774 0.7323321586625411 0.5761718111974993 0.8859922448121912 0.6388831694526169 0.6550390386339913 0.06143796051575379 0.7358586281054756 0.17407005356134286 0.1491150013312883 0.8954046529761003 0.1623666236780742 0.3712743851276724 0.5844349141313209 0.6755150623788883
0.3471923697054836 0.8114309863299752 0.2306807651722531 0.1555270714554734 0.2599166121310774 0.0 0.32965113053611605 0.580771499881343 0.15240134646046888 0.5172105727640116 0.2481995305063177 0.6725528018155453 0.06251178306039651 0.09272144004243443 0.8390187945544244 0.229020803886678 0.7618528712678624 0.7710696895292593 0.7291191165736945 0.6963336182612997
0.9473630348750873 0.6474982454544655 0.41866382882550834 0.010947435771132885 0.7323321586625411 0.32965113053611605 0.0 0.9558730559704945 0.16424680116211032 0.5024656409611131 0.3584434298203317 0.10819795350587091 0.3230047869786732 0.17058917899720716 0.7019743673587922 0.5279178385375832 0.5454257824815976 0.6983354285413796 0.7254374185309483 0.1146901342940283
0.09348264374595561 0.7888807767538211 0.42826881509460013 0.26307271290225964 0.5761718111974993 0.580771499881343 0.9558730559704945 0.0 0.2624123740469331 0.522771567261218 0.012881083888389266 0.3251638181502394 0.7464666462840284 0.1370581831534713 0.9399281055802887 0.9486472111724559 0.45360323215449505 0.9761332182770267 0.20925067351831905 0.8356039982957939
0.39170328295790946 0.7654326533245959 0.08558624224523148 0.6549766926426078 0.8859922448121912 0.15240134646046888 0.16424680116211032 0.2624123740469331 0.0 0.6529677279905945 0.03734430331109606 0.022887068902293084 0.8094770733658984 0.6247086920748548 0.8967040185775307 0.5904055815551141 0.6105032679391188 0.11387770824602961 0.04023279290224879 0.3447716224286894
0.5013636657180186 0.634740290861597 0.4780375721930452 0.7649026652190768 0.6388831694526169 0.5172105727640116 0.5024656409611131 0.522771567261218 0.6529677279905945 0.0 0.8695965737872039 0.9166089316803786 0.7198919641957958 0.1918769828631871 0.7910411842419495 0.44455587596296986 0.8648997730809606 0.35504066918189947 0.43464984034252385 0.8645394554507752
0.05639816305625234 0.5498487490342566 0.9102937292702682 0.3115273935630327 0.6550390386339913 0.2481995305063177 0.3584434298203317 0.012881083888389266 0.03734430331109606 0.8695965737872039 0.0 0.931761421949402 0.8923926435930585 0.23120727619011527 0.9425888803480375 0.9601333098844774 0.7629037592414051 0.6394320602967756 0.035031994859373916 0.5166813128566765
0.12818307400435147 0.5627822464249804 0.30781354497626967 0.9930876892889068 0.06143796051575379 0.6725528018155453 0.10819795350587091 0.3251638181502394 0.022887068902293084 0.9166089316803786 0.931761421949402 0.0 0.39592599651324345 0.6583549420027697 0.7640199819194599 0.6553811939001138 0.07945923313955128 0.2459250583052579 0.7908462512916029 0.5002489543514567
0.6083057081131376 0.4577809621602228 0.9744421796592531 0.20424174089442226 0.7358586281054756 0.06251178306039651 0.3230047869786732 0.7464666462840284 0.8094770733658984 0.7198919641957958 0.8923926435930585 0.39592599651324345 0.0 0.12396234961732044 0.5628202851438981 0.757647248385005 0.5652776414790643 0.681377558485471 0.359851052047249 0.9065485343463178
0.8585752298278829 0.537759838144032 0.5813917384528615 0.765673736982388 0.17407005356134286 0.09272144004243443 0.17058917899720716 0.1370581831534713 0.6247086920748548 0.1918769828631871 0.23120727619011527 0.6583549420027697 0.12396234961732044 0.0 0.4663962106591407 0.3031387772517671 0.7580122374816728 0.10504668303830311 0.25155529305109625 0.806286641893359
0.011790622370013604 0.22157130975922845 0.010036473837783166 0.5217965717473941 0.1491150013312883 0.8390187945544244 0.7019743673587922 0.9399281055802887 0.8967040185775307 0.7910411842419495 0.9425888803480375 0.7640199819194599 0.5628202851438981 0.4663962106591407 0.0 0.13215058569251248 0.007393605415665916 0.17758375505589208 0.7834136059855066 0.8023800536456149
0.6113039406595827 0.9664900704157321 0.4829876083566329 0.48025988579777656 0.8954046529761003 0.229020803886678 0.5279178385375832 0.9486472111724559 0.5904055815551141 0.44455587596296986 0.9601333098844774 0.6553811939001138 0.757647248385005 0.3031387772517671 0.13215058569251248 0.0 0.8639769029056892 0.3962485897961159 0.14001490363881408 0.7617911666975726
0.426884726767104 0.5921548407566753 0.32916475271061985 0.9184795435064409 0.1623666236780742 0.7618528712678624 0.5454257824815976 0.45360323215449505 0.6105032679391188 0.8648997730809606 0.7629037592414051 0.07945923313955128 0.5652776414790643 0.7580122374816728 0.007393605415665916 0.8639769029056892 0.0 0.05416606996678108 0.6769903690452408 0.37192215622545877
0.9586667539838306 0.16906606727846285 0.8083734258275134 0.2488207930442481 0.3712743851276724 0.7710696895292593 0.6983354285413796 0.9761332182770267 0.11387770824602961 0.35504066918189947 0.6394320602967756 0.2459250583052579 0.681377558485471 0.10504668303830311 0.17758375505589208 0.3962485897961159 0.05416606996678108 0.0 0.7246644729730688 0.7628212276417682
0.17741260843025397 0.7191669517141988 0.4113810368402768 0.27484781942581393 0.5844349141313209 0.7291191165736945 0.7254374185309483 0.20925067351831905 0.04023279290224879 0.43464984034252385 0.035031994859373916 0.7908462512916029 0.359851052047249 0.25155529305109625 0.7834136059855066 0.14001490363881408 0.6769903690452408 0.7246644729730688 0.0 0.9900951053922078
0.04642692433648188 0.3234965604576283 0.7832257901119102 0.2467721456842129 0.6755150623788883 0.6963336182612997 0.1146901342940283 0.8356039982957939 0.3447716224286894 0.8645394554507752 0.5166813128566765 0.5002489543514567 0.9065485343463178 0.806286641893359 0.8023800536456149 0.7617911666975726 0.37192215622545877 0.7628212276417682 0.9900951053922078 0.0

# Optimal Walk
0 19 16 14 15 18 10 7 8 11 4 6 3 5 12 9 13 17 1 2 0
