# Graph size: 20
# Optimal cost: 1.4375624422795341

# Distance Matrix
0.0 0.5942262900918048 0.9909773128119472 0.6553899223593427 0.06371898634108975 3.9318488471251634E-4 0.3068353837802379 0.6364954927666349 0.3419119787072513 0.41524264555944257 0.3355016300435115 0.25829035847413373 0.574751103954474 0.5669457187993905 0.24519665872800944 0.7566807260668119 0.352374074661123 0.9002946299460373 0.7868442798020282 0.9179962731450001
0.5942262900918048 0.0 0.024336355670925403 0.19854266924557762 0.18461589693557867 0.5674343105383977 0.09069012526889786 0.9963825367612332 0.4109745375425369 0.7488041857048044 0.9086082951865743 0.9205687393246365 0.6323817029030917 0.7208469703661963 0.5715177820648456 0.7675400158359746 0.7612445020948371 0.08388121902574219 0.10774516799600686 0.08150096135607754
0.9909773128119472 0.024336355670925403 0.0 0.730344546673524 0.3202528657482364 0.4669668835169726 0.23177178217777972 0.31790410976132444 0.7830435367700022 0.11529536115396732 0.5048183426563176 0.09460895931102975 0.6997181117429168 0.4436213919591391 0.5242246246943773 0.3383219101850853 0.07086913260036498 0.6088722294139216 0.3909729093229659 0.5678842830457415
0.6553899223593427 0.19854266924557762 0.730344546673524 0.0 0.4389419656083965 0.8741338560271132 0.2967471930103315 0.6843175371639537 0.3778013930051297 0.9911249284797913 0.004577695167132356 0.5759004699169106 0.21122683047978563 0.6772991280550639 0.513995534442687 0.44301225834635627 0.9068996654019557 0.7798913980941389 0.4319685081614053 0.029294964535575785
0.06371898634108975 0.18461589693557867 0.3202528657482364 0.4389419656083965 0.0 0.3121733908677532 0.2905130712364853 0.05624004562477347 0.4076038275572913 0.8988929328000463 0.9764395073009261 0.9442954015256042 0.9623771275457451 0.9667569905712069 0.02852302325896028 0.7890304755680771 0.7344720013385272 0.8181930725544218 0.7907032422136029 0.7513001677278927
3.9318488471251634E-4 0.5674343105383977 0.4669668835169726 0.8741338560271132 0.3121733908677532 0.0 0.35017630246050435 0.7624417994556599 0.3323758033708193 0.009875024630927487 0.34302074228569 0.9325238377446082 0.35241930042613845 0.1809361028983233 0.7951797961875237 0.8059886189196168 0.6624698284234244 0.43208987071010296 0.8746635676238724 0.008821688534204508
0.3068353837802379 0.09069012526889786 0.23177178217777972 0.2967471930103315 0.2905130712364853 0.35017630246050435 0.0 0.28707112885994424 0.5699863673829806 0.025167181394178173 0.4516128799511754 0.03961754953023022 0.11597533848745689 0.27735819226430514 0.09806502182558618 0.28554629817552213 0.4008370483747612 0.39354676634366215 0.6981490486756259 0.4880242011916459
0.6364954927666349 0.9963825367612332 0.31790410976132444 0.6843175371639537 0.05624004562477347 0.7624417994556599 0.28707112885994424 0.0 0.007475050498247593 0.33209678322269043 0.6316877552028528 0.046413363922698125 0.4695613472065062 0.8236011693435332 0.6028775388108286 0.8840894694076208 0.9944740895887614 0.6877578777841917 0.30223358250928256 0.21972477065994456
0.3419119787072513 0.4109745375425369 0.7830435367700022 0.3778013930051297 0.4076038275572913 0.3323758033708193 0.5699863673829806 0.007475050498247593 0.0 0.12047103449542851 0.8880473591503275 0.30967048749218096 0.964938078077558 0.6408927573990691 0.22072657286832298 0.45090740094478066 0.23125173314981862 0.8322913200530658 0.9653182996373603 0.5391126503461481
0.41524264555944257 0.7488041857048044 0.11529536115396732 0.9911249284797913 0.8988929328000463 0.009875024630927487 0.025167181394178173 0.33209678322269043 0.12047103449542851 0.0 0.5005857586484489 0.008731846679797761 0.7856889411211825 0.9346798023464941 0.11605771791624198 0.6911157203339586 0.6639717910373487 0.6382536605154608 0.883646445848638 0.2282259301223709
0.3355016300435115 0.9086082951865743 0.5048183426563176 0.004577695167132356 0.9764395073009261 0.34302074228569 0.4516128799511754 0.6316877552028528 0.8880473591503275 0.5005857586484489 0.0 0.6740069459121488 0.6956010167793686 0.7403162283026508 0.5352966903576748 0.9566330872734288 0.5376478255585672 0.6404875891512078 0.726260620764502 0.3460802652478997
0.25829035847413373 0.9205687393246365 0.09460895931102975 0.5759004699169106 0.9442954015256042 0.9325238377446082 0.03961754953023022 0.046413363922698125 0.30967048749218096 0.008731846679797761 0.6740069459121488 0.0 0.5049807151898821 0.040279821790548676 0.8074288785488594 0.7148773957802628 0.2133378335863093 0.6177391769352312 0.27321062702536136 0.2541011701210023
0.574751103954474 0.6323817029030917 0.6997181117429168 0.21122683047978563 0.9623771275457451 0.35241930042613845 0.11597533848745689 0.4695613472065062 0.964938078077558 0.7856889411211825 0.6956010167793686 0.5049807151898821 0.0 0.6050897090724433 0.1573060105634243 0.3985805851654175 0.5864587126689397 0.5014385202066753 0.8480631171197212 0.25835392413284763
0.5669457187993905 0.7208469703661963 0.4436213919591391 0.6772991280550639 0.9667569905712069 0.1809361028983233 0.27735819226430514 0.8236011693435332 0.6408927573990691 0.9346798023464941 0.7403162283026508 0.040279821790548676 0.6050897090724433 0.0 0.8216086512390968 0.22103972293368912 0.5978465791947948 0.019930245506607824 0.4062908984716901 0.3629769856842068
0.24519665872800944 0.5715177820648456 0.5242246246943773 0.513995534442687 0.02852302325896028 0.7951797961875237 0.09806502182558618 0.6028775388108286 0.22072657286832298 0.11605771791624198 0.5352966903576748 0.8074288785488594 0.1573060105634243 0.8216086512390968 0.0 0.3490892194390408 0.8540193939886097 0.8962482153234049 0.16549804491397313 0.7973066484481737
0.7566807260668119 0.7675400158359746 0.3383219101850853 0.44301225834635627 0.7890304755680771 0.8059886189196168 0.28554629817552213 0.8840894694076208 0.45090740094478066 0.6911157203339586 0.9566330872734288 0.7148773957802628 0.3985805851654175 0.22103972293368912 0.3490892194390408 0.0 0.8869637942426334 0.5825876484857903 0.9466453852482657 0.3594237302306035
0.352374074661123 0.7612445020948371 0.07086913260036498 0.9068996654019557 0.7344720013385272 0.6624698284234244 0.4008370483747612 0.9944740895887614 0.23125173314981862 0.6639717910373487 0.5376478255585672 0.2133378335863093 0.5864587126689397 0.5978465791947948 0.8540193939886097 0.8869637942426334 0.0 0.9786231583757001 0.24214343316387632 0.008892419237993332
0.9002946299460373 0.08388121902574219 0.6088722294139216 0.7798913980941389 0.8181930725544218 0.43208987071010296 0.39354676634366215 0.6877578777841917 0.8322913200530658 0.6382536605154608 0.6404875891512078 0.6177391769352312 0.5014385202066753 0.019930245506607824 0.8962482153234049 0.5825876484857903 0.9786231583757001 0.0 0.7166795347799835 0.7513893967813822
0.7868442798020282 0.10774516799600686 0.3909729093229659 0.4319685081614053 0.7907032422136029 0.8746635676238724 0.6981490486756259 0.30223358250928256 0.9653182996373603 0.883646445848638 0.726260620764502 0.27321062702536136 0.8480631171197212 0.4062908984716901 0.16549804491397313 0.9466453852482657 0.24214343316387632 0.7166795347799835 0.0 0.149567210798618
0.9179962731450001 0.08150096135607754 0.5678842830457415 0.029294964535575785 0.7513001677278927 0.008821688534204508 0.4880242011916459 0.21972477065994456 0.5391126503461481 0.2282259301223709 0.3460802652478997 0.2541011701210023 0.25835392413284763 0.3629769856842068 0.7973066484481737 0.3594237302306035 0.008892419237993332 0.7513893967813822 0.149567210798618 0.0

# Optimal Walk
0 5 9 6 12 14 4 8 7 11 15 13 17 18 1 2 16 19 10 3 0
