# Graph size: 20
# Optimal cost: 1.5024790612169798

# Distance Matrix
0.0 0.09500908953810439 0.5460147392507444 0.5191749444449522 0.6257402049406955 0.7899470474064489 0.5977528271589935 0.7980462810778791 0.4840766151555853 0.8256734885781609 0.9526974562613081 0.5335865772425005 0.4153904067524218 0.06688650833643783 0.5777834107526758 0.21558885784210813 0.5878127554148014 0.6321030497363236 0.9355947715435413 0.41700853340330357
0.09500908953810439 0.0 0.4594942052477128 0.06298931282923881 0.9373498130633823 0.6860612025675279 0.9065854082778088 0.5805298753785236 0.32108054443399736 0.5823033143809183 0.06561242100137599 0.20272423255097638 4.476731473925799E-4 0.456091364194108 0.2799256586705019 0.21822606953070756 9.208061117167432E-4 0.5561671709673263 0.5018150796565258 0.011317145087788139
0.5460147392507444 0.4594942052477128 0.0 0.7025925072922649 0.3167179373818938 0.99504934121384 0.5158340815370227 0.2426842525393581 0.22311146418330763 0.2070094513683064 0.6391432232881757 0.09584095985173613 0.4846088680073234 0.23525262274573067 0.8419847757194147 0.04660046011581942 0.8527079921561307 0.40025509788513103 0.6859847545631758 0.9959625803985145
0.5191749444449522 0.06298931282923881 0.7025925072922649 0.0 0.31537271207686257 0.05424778957061549 0.5678590470586492 0.3027721809678252 0.07025512094014152 0.9054717151568167 0.0478109410182308 0.6506691639879153 0.1341183459605768 0.8178449919358824 0.14934990932798364 0.7526478699169827 0.18102029436242506 0.25794656146208395 0.7587359903124391 0.5578070112193692
0.6257402049406955 0.9373498130633823 0.3167179373818938 0.31537271207686257 0.0 0.7184194424979379 0.3043866407326715 0.7844806596326592 0.00866059888410775 0.508215559683443 0.4090471918895776 0.05081163205222616 0.8124191672404965 0.21884010575925594 0.9053403355800654 0.9937357105103168 0.13593996525274077 0.6548621684425616 0.5955462966154593 0.10431028765873163
0.7899470474064489 0.6860612025675279 0.99504934121384 0.05424778957061549 0.7184194424979379 0.0 0.6115834210638704 0.5521776288377461 0.6174568926303645 0.7209603566471791 0.5500027550728797 0.8497007477173429 0.1899643116576606 0.2111553637920791 0.7959322973267163 0.5525789239178133 0.7678993289026944 0.8024854787692328 0.2343290495832383 0.7873029298031562
0.5977528271589935 0.9065854082778088 0.5158340815370227 0.5678590470586492 0.3043866407326715 0.6115834210638704 0.0 0.5983366070004301 0.3241546812049877 0.5567617233839214 0.4156865964451445 0.6637495875494832 0.9021337721382224 0.5317296774940882 0.622541121806501 0.5218109580221679 0.21469333774553678 0.6876340152687364 0.2209712946005794 0.6072986745985424
0.7980462810778791 0.5805298753785236 0.2426842525393581 0.3027721809678252 0.7844806596326592 0.5521776288377461 0.5983366070004301 0.0 0.25976340535413933 0.013411559947961504 0.029572131795244316 0.14848220197772422 0.7115424122623164 0.00938196226909127 0.5674059557260606 0.9685269394212227 0.8510057043445989 0.1796469772601409 0.4854915788683214 0.09186956940132196
0.4840766151555853 0.32108054443399736 0.22311146418330763 0.07025512094014152 0.00866059888410775 0.6174568926303645 0.3241546812049877 0.25976340535413933 0.0 0.7434394430533243 0.8474199591277092 0.6076390502912101 0.2561804302397013 0.8058527299898878 0.9959531180917022 0.1888146175235894 0.14244365923650493 0.1580974228879689 0.6902684664250411 0.015822228981999475
0.8256734885781609 0.5823033143809183 0.2070094513683064 0.9054717151568167 0.508215559683443 0.7209603566471791 0.5567617233839214 0.013411559947961504 0.7434394430533243 0.0 0.37884972164774455 0.18375141131929662 0.5186881264215487 0.2729397621253521 0.14860871892262273 0.5402979536708968 0.40819820263862516 0.674249182927414 0.5374574956352901 0.4528600505734586
0.9526974562613081 0.06561242100137599 0.6391432232881757 0.0478109410182308 0.4090471918895776 0.5500027550728797 0.4156865964451445 0.029572131795244316 0.8474199591277092 0.37884972164774455 0.0 0.11396988031033295 0.2247518857426264 0.5935469523750977 0.5017253549310677 0.6609001323710506 0.11396180064841244 0.4405608931115824 0.27112395892585595 0.02382381468025352
0.5335865772425005 0.20272423255097638 0.09584095985173613 0.6506691639879153 0.05081163205222616 0.8497007477173429 0.6637495875494832 0.14848220197772422 0.6076390502912101 0.18375141131929662 0.11396988031033295 0.0 0.6685204713545146 0.6843307331558195 0.16519761507395458 0.3730876616907146 0.9944797984457358 0.783875371902622 0.41682588269602205 0.2834660146530411
0.4153904067524218 4.476731473925799E-4 0.4846088680073234 0.1341183459605768 0.8124191672404965 0.1899643116576606 0.9021337721382224 0.7115424122623164 0.2561804302397013 0.5186881264215487 0.2247518857426264 0.6685204713545146 0.0 0.9252497633884585 0.019709244605238707 0.8159506592053272 0.40693711252813203 0.15781015368002138 0.18542555922644 0.9662680459028277
0.06688650833643783 0.456091364194108 0.23525262274573067 0.8178449919358824 0.21884010575925594 0.2111553637920791 0.5317296774940882 0.00938196226909127 0.8058527299898878 0.2729397621253521 0.5935469523750977 0.6843307331558195 0.9252497633884585 0.0 0.24362769050444544 0.0076365325092887515 0.15297567010166258 0.9426319640255284 0.8102729094237258 0.04189259961716596
0.5777834107526758 0.2799256586705019 0.8419847757194147 0.14934990932798364 0.9053403355800654 0.7959322973267163 0.622541121806501 0.5674059557260606 0.9959531180917022 0.14860871892262273 0.5017253549310677 0.16519761507395458 0.019709244605238707 0.24362769050444544 0.0 0.017730244403891704 0.06624156584792495 0.20182756625134224 0.9607923176916837 0.6163210603385546
0.21558885784210813 0.21822606953070756 0.04660046011581942 0.7526478699169827 0.9937357105103168 0.5525789239178133 0.5218109580221679 0.9685269394212227 0.1888146175235894 0.5402979536708968 0.6609001323710506 0.3730876616907146 0.8159506592053272 0.0076365325092887515 0.017730244403891704 0.0 0.14066004575676339 0.26940361762508647 0.48863731012671574 0.82842700725906
0.5878127554148014 9.208061117167432E-4 0.8527079921561307 0.18102029436242506 0.13593996525274077 0.7678993289026944 0.21469333774553678 0.8510057043445989 0.14244365923650493 0.40819820263862516 0.11396180064841244 0.9944797984457358 0.40693711252813203 0.15297567010166258 0.06624156584792495 0.14066004575676339 0.0 0.8989399260167075 0.8964981811710635 0.7088857318340823
0.6321030497363236 0.5561671709673263 0.40025509788513103 0.25794656146208395 0.6548621684425616 0.8024854787692328 0.6876340152687364 0.1796469772601409 0.1580974228879689 0.674249182927414 0.4405608931115824 0.783875371902622 0.15781015368002138 0.9426319640255284 0.20182756625134224 0.26940361762508647 0.8989399260167075 0.0 0.22308152977656326 0.6006057994482499
0.9355947715435413 0.5018150796565258 0.6859847545631758 0.7587359903124391 0.5955462966154593 0.2343290495832383 0.2209712946005794 0.4854915788683214 0.6902684664250411 0.5374574956352901 0.27112395892585595 0.41682588269602205 0.18542555922644 0.8102729094237258 0.9607923176916837 0.48863731012671574 0.8964981811710635 0.22308152977656326 0.0 0.6455151093674348
0.41700853340330357 0.011317145087788139 0.9959625803985145 0.5578070112193692 0.10431028765873163 0.7873029298031562 0.6072986745985424 0.09186956940132196 0.015822228981999475 0.4528600505734586 0.02382381468025352 0.2834660146530411 0.9662680459028277 0.04189259961716596 0.6163210603385546 0.82842700725906 0.7088857318340823 0.6006057994482499 0.6455151093674348 0.0

# Optimal Walk
0 13 15 14 2 11 4 8 17 18 6 16 12 1 19 3 5 10 7 9 0
