# MCW Instance
# Type: UNIFORM
# N: 20
# Optimal cost: 1.498660330098772
# Optimal tour (permutation): [0, 9, 3, 17, 15, 14, 11, 10, 19, 1, 18, 13, 2, 16, 5, 7, 8, 12, 6, 4, 0]
# Optimal walk (full path): [0, 9, 3, 17, 15, 17, 14, 10, 11, 10, 14, 19, 1, 19, 14, 13, 18, 13, 2, 16, 5, 7, 5, 8, 12, 6, 12, 8, 0, 4, 0]
# Walk size: 31
# Is walk (has repeats): true

# Distance Matrix
0.0000000000 0.8806853865 0.5991319853 0.6410674542 0.0067145331 0.1442783790 0.1870063187 0.3269507918 0.0165868409 0.0363223115 0.5157882559 0.1866714450 0.2558519464 0.9468776370 0.3062767595 0.8822017289 0.2730428074 0.1237160854 0.6169184779 0.3028799286
0.8806853865 0.0000000000 0.1777865088 0.3706565763 0.5965232736 0.7400306557 0.6917228428 0.9331579724 0.2763865927 0.0806445045 0.9921409042 0.9772049255 0.4887632959 0.7274227731 0.3185788776 0.3653750194 0.7730513369 0.7659695464 0.2276715483 0.0130763713
0.5991319853 0.1777865088 0.0000000000 0.4367082823 0.4946407824 0.3278191954 0.9682970333 0.7748371332 0.8085351073 0.3027899952 0.4998086935 0.8205426912 0.0863393986 0.0421579675 0.9016189276 0.8975728324 0.1672170832 0.7365168394 0.4255675780 0.6774242379
0.6410674542 0.3706565763 0.4367082823 0.0000000000 0.7246550243 0.8666998089 0.7393148769 0.4050049898 0.8451604807 0.1187737219 0.5735699925 0.4501116255 0.9019267100 0.3903658696 0.7702603051 0.3663914749 0.8770621494 0.2189200097 0.7724438584 0.1951257191
0.0067145331 0.5965232736 0.4946407824 0.7246550243 0.0000000000 0.1307047063 0.1587677849 0.7071179762 0.8380821333 0.2413192641 0.8614404940 0.6036797616 0.9418510920 0.9487029983 0.8724354684 0.9636446072 0.8854922621 0.4196998054 0.4476900137 0.8513313847
0.1442783790 0.7400306557 0.3278191954 0.8666998089 0.1307047063 0.0000000000 0.1439832166 0.0263516870 0.0143053475 0.9105740112 0.5118756726 0.5771911687 0.2526016554 0.2291205868 0.4147287132 0.4746059859 0.1603748987 0.7702333327 0.8103030753 0.5846833345
0.1870063187 0.6917228428 0.9682970333 0.7393148769 0.1587677849 0.1439832166 0.0000000000 0.8752644283 0.1701035999 0.9871636538 0.7006676633 0.4774301782 0.0600482105 0.9052524528 0.3571427842 0.4722769090 0.7140545144 0.5911574006 0.4092753172 0.1617520510
0.3269507918 0.9331579724 0.7748371332 0.4050049898 0.7071179762 0.0263516870 0.8752644283 0.0000000000 0.7450936031 0.5002174140 0.2299332570 0.6527829413 0.7777222588 0.6882671493 0.5972198424 0.8227079823 0.5098460587 0.0977398901 0.3459398538 0.1640958480
0.0165868409 0.2763865927 0.8085351073 0.8451604807 0.8380821333 0.0143053475 0.1701035999 0.7450936031 0.0000000000 0.3431173754 0.2560102744 0.6387412149 0.0651351488 0.8092939783 0.2082733693 0.2761525917 0.7468170541 0.3489848196 0.5629200737 0.8094627836
0.0363223115 0.0806445045 0.3027899952 0.1187737219 0.2413192641 0.9105740112 0.9871636538 0.5002174140 0.3431173754 0.0000000000 0.7744212941 0.6095620949 0.1142830345 0.3463656069 0.7883558844 0.3206191193 0.6257917321 0.8465195294 0.8581897172 0.9782062915
0.5157882559 0.9921409042 0.4998086935 0.5735699925 0.8614404940 0.5118756726 0.7006676633 0.2299332570 0.2560102744 0.7744212941 0.0000000000 0.0059888165 0.3926484480 0.6537561121 0.0231779091 0.2905242585 0.3925363984 0.4484944253 0.9343350625 0.5551579144
0.1866714450 0.9772049255 0.8205426912 0.4501116255 0.6036797616 0.5771911687 0.4774301782 0.6527829413 0.6387412149 0.6095620949 0.0059888165 0.0000000000 0.9182454548 0.8227363151 0.6736505238 0.1279649414 0.4211128945 0.8184317722 0.2187140332 0.2433528013
0.2558519464 0.4887632959 0.0863393986 0.9019267100 0.9418510920 0.2526016554 0.0600482105 0.7777222588 0.0651351488 0.1142830345 0.3926484480 0.9182454548 0.0000000000 0.8745597609 0.2118494889 0.4966372416 0.5861625592 0.9914704036 0.5170749193 0.8940093573
0.9468776370 0.7274227731 0.0421579675 0.3903658696 0.9487029983 0.2291205868 0.9052524528 0.6882671493 0.8092939783 0.3463656069 0.6537561121 0.8227363151 0.8745597609 0.0000000000 0.0110410953 0.5388778943 0.3106687547 0.6590961982 0.0904354081 0.9299182327
0.3062767595 0.3185788776 0.9016189276 0.7702603051 0.8724354684 0.4147287132 0.3571427842 0.5972198424 0.2082733693 0.7883558844 0.0231779091 0.6736505238 0.2118494889 0.0110410953 0.0000000000 0.4766372380 0.9353268446 0.0439733983 0.2114913865 0.0109051286
0.8822017289 0.3653750194 0.8975728324 0.3663914749 0.9636446072 0.4746059859 0.4722769090 0.8227079823 0.2761525917 0.3206191193 0.2905242585 0.1279649414 0.4966372416 0.5388778943 0.4766372380 0.0000000000 0.8692135819 0.0326606149 0.2857948739 0.0957709852
0.2730428074 0.7730513369 0.1672170832 0.8770621494 0.8854922621 0.1603748987 0.7140545144 0.5098460587 0.7468170541 0.6257917321 0.3925363984 0.4211128945 0.5861625592 0.3106687547 0.9353268446 0.8692135819 0.0000000000 0.2212025303 0.7632355630 0.7048716252
0.1237160854 0.7659695464 0.7365168394 0.2189200097 0.4196998054 0.7702333327 0.5911574006 0.0977398901 0.3489848196 0.8465195294 0.4484944253 0.8184317722 0.9914704036 0.6590961982 0.0439733983 0.0326606149 0.2212025303 0.0000000000 0.2573636603 0.1745537239
0.6169184779 0.2276715483 0.4255675780 0.7724438584 0.4476900137 0.8103030753 0.4092753172 0.3459398538 0.5629200737 0.8581897172 0.9343350625 0.2187140332 0.5170749193 0.0904354081 0.2114913865 0.2857948739 0.7632355630 0.2573636603 0.0000000000 0.8411908778
0.3028799286 0.0130763713 0.6774242379 0.1951257191 0.8513313847 0.5846833345 0.1617520510 0.1640958480 0.8094627836 0.9782062915 0.5551579144 0.2433528013 0.8940093573 0.9299182327 0.0109051286 0.0957709852 0.7048716252 0.1745537239 0.8411908778 0.0000000000
