# Graph size: 20
# Optimal cost: 1.0861903055695903

# Distance Matrix
0.0 0.9276241941136582 0.5829285553865036 0.7578154717442773 0.45122344790202484 0.11409129732818657 0.9606639403176863 0.826203026610093 0.49656914763687543 0.060345109866348334 0.09685053073230454 0.39857740101014083 0.524421031986585 0.08068485728393937 0.32916884016910963 0.27932075240228016 0.20417376047115432 0.8758407427543353 0.777060742674556 0.7198033055813091
0.9276241941136582 0.0 0.9655166576681943 0.7281621451115344 0.2060857106195434 0.11481193882201657 0.6680651493692323 0.2570944786734646 0.06094071920305366 0.18848160286662852 0.7962389310138559 0.9568986264018349 0.17547568204418473 0.37264115891037974 0.4382062474364664 0.2707941284491505 0.05182433644731621 0.8783362249360838 0.5821281339181299 0.26918364219298707
0.5829285553865036 0.9655166576681943 0.0 0.015810330400172323 0.040394063236067757 0.06860007382938427 0.09434240702612273 0.0020767468874869355 0.8752459090636646 0.8751031155228916 0.2099335160341217 0.19992686356313627 0.43382499083191683 0.27643995952378564 0.15093631654029516 0.299652411651416 0.4542089981480284 0.8245462606562338 0.9080512472328113 0.6191654258352319
0.7578154717442773 0.7281621451115344 0.015810330400172323 0.0 0.022777968354252276 0.021730765932758356 0.300371718954052 0.9620381505158533 0.4380098327326122 0.023312669631890937 0.6910897707342213 0.6605948011836795 0.2376375461278193 0.6987877466686915 0.1832290151325101 0.8914881104316065 0.3977431180953598 0.9050700600048823 0.9958745459099644 0.01623272498831596
0.45122344790202484 0.2060857106195434 0.040394063236067757 0.022777968354252276 0.0 0.041465714848074264 0.8810188720036357 0.06609674503327267 0.39545602229820964 0.6053523704814586 0.25937533836023674 0.047741791602921246 0.8531670178019563 0.30298112063558513 0.31039730357499595 0.7854886906111075 0.7261317585666682 0.8983388632021552 0.6808943601810795 0.03104886731351575
0.11409129732818657 0.11481193882201657 0.06860007382938427 0.021730765932758356 0.041465714848074264 0.0 0.2234839967712292 0.25553657634516 0.07302996555077435 0.6381113631652909 0.6429880605847227 0.8667971245189792 0.01917089292816665 0.7236127378940995 0.8429101621548474 0.5772517648272888 0.15222854962406318 0.3151377026002087 0.25224380006268654 0.02293350489399415
0.9606639403176863 0.6680651493692323 0.09434240702612273 0.300371718954052 0.8810188720036357 0.2234839967712292 0.0 0.14535121842076093 0.817732999285189 0.617073428322463 0.8774566477567773 0.8004892353271322 0.22814337113805683 0.6271499192457833 0.8632237090632116 0.6022706057177745 0.4004555293200833 0.5442904405634512 0.6246022447581592 0.4217873363749388
0.826203026610093 0.2570944786734646 0.0020767468874869355 0.9620381505158533 0.06609674503327267 0.25553657634516 0.14535121842076093 0.0 0.8243619085384873 0.9630044216216183 0.9833658775690097 0.9543076510048132 0.3157332485821841 0.8737859118126464 0.8007950638525687 0.9055931023743414 0.7389150494076556 0.27080266950741794 0.6561852845720514 0.9034131999737904
0.49656914763687543 0.06094071920305366 0.8752459090636646 0.4380098327326122 0.39545602229820964 0.07302996555077435 0.817732999285189 0.8243619085384873 0.0 0.3811399584839986 0.64825023004973 0.818111140150502 0.6040151473791666 0.8816742684858393 0.8634290846741915 0.5326470056105419 0.48771957352926076 0.68179374900273 0.009641918679807127 0.481846269288953
0.060345109866348334 0.18848160286662852 0.8751031155228916 0.023312669631890937 0.6053523704814586 0.6381113631652909 0.617073428322463 0.9630044216216183 0.3811399584839986 0.0 0.3934772950431542 0.8064100407605996 0.13829669461696315 0.3761325699732546 0.9291368495610453 0.4141460699013023 0.8971408355734208 0.03585837018561222 0.5123355428189291 0.9598848450417512
0.09685053073230454 0.7962389310138559 0.2099335160341217 0.6910897707342213 0.25937533836023674 0.6429880605847227 0.8774566477567773 0.9833658775690097 0.64825023004973 0.3934772950431542 0.0 0.4103405833753243 0.9901372568279748 0.9463420184748461 0.002292890814501125 0.01615849190786589 0.5751585561580325 0.11584116592302396 0.6585463754933707 0.7992716820628761
0.39857740101014083 0.9568986264018349 0.19992686356313627 0.6605948011836795 0.047741791602921246 0.8667971245189792 0.8004892353271322 0.9543076510048132 0.818111140150502 0.8064100407605996 0.4103405833753243 0.0 0.7495438337049479 0.5995675491535857 0.4594639024680466 0.20731178626998348 0.3609068117275471 0.7398562984366502 0.8904770419131749 0.42499708466968056
0.524421031986585 0.17547568204418473 0.43382499083191683 0.2376375461278193 0.8531670178019563 0.01917089292816665 0.22814337113805683 0.3157332485821841 0.6040151473791666 0.13829669461696315 0.9901372568279748 0.7495438337049479 0.0 0.3956294635322095 0.9835955779219385 0.21734628126782618 0.5942663936012663 0.8229689063099095 0.114728124020952 0.2902559922864981
0.08068485728393937 0.37264115891037974 0.27643995952378564 0.6987877466686915 0.30298112063558513 0.7236127378940995 0.6271499192457833 0.8737859118126464 0.8816742684858393 0.3761325699732546 0.9463420184748461 0.5995675491535857 0.3956294635322095 0.0 0.4151129294155186 0.004961392557869426 0.3353636983932471 0.8958992899020694 0.1393559777855884 0.2851903452548895
0.32916884016910963 0.4382062474364664 0.15093631654029516 0.1832290151325101 0.31039730357499595 0.8429101621548474 0.8632237090632116 0.8007950638525687 0.8634290846741915 0.9291368495610453 0.002292890814501125 0.4594639024680466 0.9835955779219385 0.4151129294155186 0.0 0.02072814027631087 0.8843900885824894 0.478376619813941 0.2923384806323518 0.37258912356483553
0.27932075240228016 0.2707941284491505 0.299652411651416 0.8914881104316065 0.7854886906111075 0.5772517648272888 0.6022706057177745 0.9055931023743414 0.5326470056105419 0.4141460699013023 0.01615849190786589 0.20731178626998348 0.21734628126782618 0.004961392557869426 0.02072814027631087 0.0 0.7363156177955037 0.48588362392257745 0.6985440862943475 0.12646245786108024
0.20417376047115432 0.05182433644731621 0.4542089981480284 0.3977431180953598 0.7261317585666682 0.15222854962406318 0.4004555293200833 0.7389150494076556 0.48771957352926076 0.8971408355734208 0.5751585561580325 0.3609068117275471 0.5942663936012663 0.3353636983932471 0.8843900885824894 0.7363156177955037 0.0 0.4549700618691781 0.04806391163484991 0.6579341042292787
0.8758407427543353 0.8783362249360838 0.8245462606562338 0.9050700600048823 0.8983388632021552 0.3151377026002087 0.5442904405634512 0.27080266950741794 0.68179374900273 0.03585837018561222 0.11584116592302396 0.7398562984366502 0.8229689063099095 0.8958992899020694 0.478376619813941 0.48588362392257745 0.4549700618691781 0.0 0.9298168776659431 0.6697861289390442
0.777060742674556 0.5821281339181299 0.9080512472328113 0.9958745459099644 0.6808943601810795 0.25224380006268654 0.6246022447581592 0.6561852845720514 0.009641918679807127 0.5123355428189291 0.6585463754933707 0.8904770419131749 0.114728124020952 0.1393559777855884 0.2923384806323518 0.6985440862943475 0.04806391163484991 0.9298168776659431 0.0 0.21601150262475433
0.7198033055813091 0.26918364219298707 0.6191654258352319 0.01623272498831596 0.03104886731351575 0.02293350489399415 0.4217873363749388 0.9034131999737904 0.481846269288953 0.9598848450417512 0.7992716820628761 0.42499708466968056 0.2902559922864981 0.2851903452548895 0.37258912356483553 0.12646245786108024 0.6579341042292787 0.6697861289390442 0.21601150262475433 0.0

# Optimal Walk
0 14 10 15 13 18 16 1 8 12 5 19 11 4 3 7 6 2 17 9 0
