# Graph size: 20
# Optimal cost: 1.334973835730533

# Distance Matrix
0.0 0.6894967142558753 0.796907749464605 0.33503123465101015 0.8484644536175805 0.29702306806797385 0.07415091488106829 0.35746250504044275 0.19215920528678598 0.34049336720316714 0.4592943351742782 0.36790851052606066 0.6663415460593136 0.9713850032647875 0.4380464025667431 0.8427739131682669 0.5424187233904436 0.7752478180006396 0.930095702588313 0.05618253846943522
0.6894967142558753 0.0 0.23814517550737002 0.9370319137401797 0.5752440523462374 0.8115022647100049 0.5185432166691444 0.8820176442712879 0.4992688413574847 0.6523933083460286 0.6273742082444655 0.834028684153866 0.6391356282274442 0.741643149538813 0.06989398271209157 0.04608546812161707 0.12222005139945324 0.6751528167993138 0.5732900866971203 0.5533834332638587
0.796907749464605 0.23814517550737002 0.0 0.6404876984084691 0.8587899893627988 0.08811295182593049 0.1744562095365475 0.2381194401777812 0.7174270922743038 0.5621763023506334 0.14361125846505463 0.4398589179812149 0.9283333481583537 0.6178171252066197 0.1962014456360729 0.1873976704002429 0.07519148719141144 0.19406906826758297 0.14802306372046659 0.6224027596101048
0.33503123465101015 0.9370319137401797 0.6404876984084691 0.0 0.6043616386251931 0.677217043795243 0.011106828061486551 0.35733091086989754 0.7316159839571802 0.03636546897490589 0.4703957155882038 0.5089614456163906 0.9954198763541738 0.0050660517332022925 0.10927909562956695 0.43462064730227123 0.4819363711534712 0.4057153096052578 0.11667999929000916 0.8073578966062225
0.8484644536175805 0.5752440523462374 0.8587899893627988 0.6043616386251931 0.0 0.35728251127547506 0.3003463322959756 0.3343687313800846 0.3938741642810897 0.23416788012888945 0.7696028153978366 0.4104020756320751 0.6577915171281544 0.07289672730789076 0.7710979661308175 0.5130647191986352 0.10089225830835724 0.7708172053892589 0.7090246493135296 0.5294154099128486
0.29702306806797385 0.8115022647100049 0.08811295182593049 0.677217043795243 0.35728251127547506 0.0 0.07624440253026288 0.3296523664366918 0.05879729515139154 0.9235173373814519 0.659670358199677 0.506749357449897 0.6336702424073757 0.4616586724628676 0.04980379495313214 0.15413475638209595 0.8546909536734212 0.8253455411817499 0.8820192029986703 0.028365547217983456
0.07415091488106829 0.5185432166691444 0.1744562095365475 0.011106828061486551 0.3003463322959756 0.07624440253026288 0.0 0.6910109866695877 0.7275766490065664 0.787807618498046 0.7145167694491577 0.7744915595717048 0.5238850877710923 0.5087113505189407 0.44924843880906096 0.5607041434170975 0.46685959343586625 0.8827187054397999 0.05074616075311644 0.30784162820825745
0.35746250504044275 0.8820176442712879 0.2381194401777812 0.35733091086989754 0.3343687313800846 0.3296523664366918 0.6910109866695877 0.0 0.6913335905768838 0.061060031765890144 0.8674307687002897 0.07571817340905906 0.7371579643279428 0.38463446156708647 0.642684729477855 0.9089517093625062 0.9174487085835419 0.4518361400590929 0.45944391399365114 0.8615852747130476
0.19215920528678598 0.4992688413574847 0.7174270922743038 0.7316159839571802 0.3938741642810897 0.05879729515139154 0.7275766490065664 0.6913335905768838 0.0 0.12242838757891683 0.04333805190644768 0.47635526940511896 0.5448191087476256 0.7124560375380642 0.7344300116685654 0.9963023853399822 0.4351879164517778 0.9985672574946383 0.22179717690991263 0.5184526363053087
0.34049336720316714 0.6523933083460286 0.5621763023506334 0.03636546897490589 0.23416788012888945 0.9235173373814519 0.787807618498046 0.061060031765890144 0.12242838757891683 0.0 0.26743344021309834 0.43482249886561153 0.6191639134455093 0.8165806857360035 0.45448492348907843 0.053988139085278 0.2350170493535333 0.7592754721222066 0.6263752137553965 0.8665517708840772
0.4592943351742782 0.6273742082444655 0.14361125846505463 0.4703957155882038 0.7696028153978366 0.659670358199677 0.7145167694491577 0.8674307687002897 0.04333805190644768 0.26743344021309834 0.0 0.6356619464149306 0.5417386374050932 0.06058410135062453 0.9127992572450236 0.11815344086126467 0.23423428024309567 0.9882138469979008 0.408658057312168 0.07018300513922693
0.36790851052606066 0.834028684153866 0.4398589179812149 0.5089614456163906 0.4104020756320751 0.506749357449897 0.7744915595717048 0.07571817340905906 0.47635526940511896 0.43482249886561153 0.6356619464149306 0.0 0.06885152111642212 0.5035671874061614 0.9582375261362394 0.07779243065314179 0.6840926078534704 0.07911096998582323 0.11947408945945337 0.0568235688753741
0.6663415460593136 0.6391356282274442 0.9283333481583537 0.9954198763541738 0.6577915171281544 0.6336702424073757 0.5238850877710923 0.7371579643279428 0.5448191087476256 0.6191639134455093 0.5417386374050932 0.06885152111642212 0.0 0.6259012717142324 0.4934733352977595 0.7040148009623572 0.13030264347581355 0.76409730533928 0.31703598465195937 0.06845015628180684
0.9713850032647875 0.741643149538813 0.6178171252066197 0.0050660517332022925 0.07289672730789076 0.4616586724628676 0.5087113505189407 0.38463446156708647 0.7124560375380642 0.8165806857360035 0.06058410135062453 0.5035671874061614 0.6259012717142324 0.0 0.4514963592155756 0.9247849326508459 0.9678477903587658 0.31123340894588836 0.6811668402823852 0.962154313262098
0.4380464025667431 0.06989398271209157 0.1962014456360729 0.10927909562956695 0.7710979661308175 0.04980379495313214 0.44924843880906096 0.642684729477855 0.7344300116685654 0.45448492348907843 0.9127992572450236 0.9582375261362394 0.4934733352977595 0.4514963592155756 0.0 0.7499992049066508 0.7280998128215393 0.36759094733000863 0.6971966654492471 0.2172616128307
0.8427739131682669 0.04608546812161707 0.1873976704002429 0.43462064730227123 0.5130647191986352 0.15413475638209595 0.5607041434170975 0.9089517093625062 0.9963023853399822 0.053988139085278 0.11815344086126467 0.07779243065314179 0.7040148009623572 0.9247849326508459 0.7499992049066508 0.0 0.09852642562898328 0.0491984176516288 0.6362058351114508 0.6667097249722991
0.5424187233904436 0.12222005139945324 0.07519148719141144 0.4819363711534712 0.10089225830835724 0.8546909536734212 0.46685959343586625 0.9174487085835419 0.4351879164517778 0.2350170493535333 0.23423428024309567 0.6840926078534704 0.13030264347581355 0.9678477903587658 0.7280998128215393 0.09852642562898328 0.0 0.3767489792592583 0.5022230682078495 0.14853946473476254
0.7752478180006396 0.6751528167993138 0.19406906826758297 0.4057153096052578 0.7708172053892589 0.8253455411817499 0.8827187054397999 0.4518361400590929 0.9985672574946383 0.7592754721222066 0.9882138469979008 0.07911096998582323 0.76409730533928 0.31123340894588836 0.36759094733000863 0.0491984176516288 0.3767489792592583 0.0 0.5602088756547636 0.14307952234493293
0.930095702588313 0.5732900866971203 0.14802306372046659 0.11667999929000916 0.7090246493135296 0.8820192029986703 0.05074616075311644 0.45944391399365114 0.22179717690991263 0.6263752137553965 0.408658057312168 0.11947408945945337 0.31703598465195937 0.6811668402823852 0.6971966654492471 0.6362058351114508 0.5022230682078495 0.5602088756547636 0.0 0.1895496124582916
0.05618253846943522 0.5533834332638587 0.6224027596101048 0.8073578966062225 0.5294154099128486 0.028365547217983456 0.30784162820825745 0.8615852747130476 0.5184526363053087 0.8665517708840772 0.07018300513922693 0.0568235688753741 0.06845015628180684 0.962154313262098 0.2172616128307 0.6667097249722991 0.14853946473476254 0.14307952234493293 0.1895496124582916 0.0

# Optimal Walk
0 19 12 11 7 9 17 15 1 14 5 8 10 2 16 4 13 3 18 6 0
