# Graph size: 20
# Optimal cost: 2.624593022456897

# Distance Matrix
0.0 0.7820189586405732 0.9987045969946134 0.7343493768422015 0.24572292240537497 0.9746979506034079 0.6018474999513251 0.02104248808827791 0.738563761664652 0.99561222642198 0.6656698854781151 0.42045752104265643 0.961408841637964 0.4158123216147285 0.5395503132664523 0.7133402798554341 0.674711012655381 0.21923456494696747 0.4818465871116496 0.7876217852406232
0.7820189586405732 0.0 0.44975140346237796 0.2687767389014969 0.4391058013939384 0.42088935502619973 0.6412781260932383 0.5757652713876726 0.8635062224566474 0.9507368010345046 0.5586703285512346 0.6396900268247825 0.7936594184073932 0.7995775274014671 0.7799941581511108 0.5948095909890322 0.2451894133192063 0.555854859498228 0.2652309792270654 0.1512063553627071
0.9987045969946134 0.44975140346237796 0.0 0.8100455451327284 0.3301863490978859 0.16812292203445023 0.350097343919053 0.2472942301304364 0.4028295736592288 0.020493693855121342 0.9666832008869344 0.7631739327213911 0.7579596071536507 0.26856789479270504 0.9885443402862788 0.6244871733298213 0.9605983418868246 0.9777254089689571 0.9735700363156645 0.726941784998689
0.7343493768422015 0.2687767389014969 0.8100455451327284 0.0 0.9736391606287428 0.8902917074334694 0.2486324182456212 0.7488431754813911 0.9352604650477232 0.9203789844891459 0.848694086615851 0.5605782332580985 0.6211242651138603 0.6004570586232363 0.8157648528098514 0.6316207761592132 0.30110685013870586 0.9562470816322397 0.9780991466259367 0.2793269476187733
0.24572292240537497 0.4391058013939384 0.3301863490978859 0.9736391606287428 0.0 0.9669106693980093 0.7796950466177467 0.6122528287268879 0.7375789531895441 0.4547575795585228 0.2941964484545786 0.45409401323866194 0.1883735417595972 0.8164657876711809 0.7619070369995081 0.3695897473919171 0.09574160582395785 0.40256373321445904 0.6698891124507791 0.622166566168146
0.9746979506034079 0.42088935502619973 0.16812292203445023 0.8902917074334694 0.9669106693980093 0.0 0.40892373121383563 0.5126962096603475 0.7500066643624995 0.08066927722132311 0.4605160020674385 0.1414295265587696 0.2368966406253089 0.9004198481751172 0.6753388051801826 0.3016635913048791 0.4490079588617665 0.17960341826856008 0.5270716104188464 0.6432111890033463
0.6018474999513251 0.6412781260932383 0.350097343919053 0.2486324182456212 0.7796950466177467 0.40892373121383563 0.0 0.9896136758843326 0.8441863801401699 0.5322342155720642 0.6007054491399373 0.6078658455906362 0.546797094005973 0.45488536747742603 0.10284869796187823 0.03437700702378643 0.6784768606932485 0.31044804442667084 0.9541170127526549 0.9114754174851888
0.02104248808827791 0.5757652713876726 0.2472942301304364 0.7488431754813911 0.6122528287268879 0.5126962096603475 0.9896136758843326 0.0 0.6869351908754122 0.20335964521057193 0.36038669611032026 0.2751965674253799 0.7709197614607171 0.5107851757473237 0.7115502039942408 0.9142360881576839 0.67753858088339 0.43341928971148536 0.6570407741701592 0.3305044334719681
0.738563761664652 0.8635062224566474 0.4028295736592288 0.9352604650477232 0.7375789531895441 0.7500066643624995 0.8441863801401699 0.6869351908754122 0.0 0.7678477068678939 0.4744437168338079 0.7142863816005616 0.9565870328091566 0.7357450850965267 0.9789939281867142 0.13546554366283614 0.7473280911341214 0.36618717191015304 0.4690297112411157 0.5245386442328516
0.99561222642198 0.9507368010345046 0.020493693855121342 0.9203789844891459 0.4547575795585228 0.08066927722132311 0.5322342155720642 0.20335964521057193 0.7678477068678939 0.0 0.25591995656766087 0.5009719058624538 0.14229172973769322 0.7443804211694974 0.8292943621143031 0.9438077072054364 0.5690665617613625 0.9829403529428496 0.6132756058529513 0.3811155973706316
0.6656698854781151 0.5586703285512346 0.9666832008869344 0.848694086615851 0.2941964484545786 0.4605160020674385 0.6007054491399373 0.36038669611032026 0.4744437168338079 0.25591995656766087 0.0 0.3167709135338249 0.4577097944135894 0.6448700866371279 0.5209867404535401 0.9599051981187385 0.1293757927338821 0.4272302632797591 0.559945916113733 0.6917153613045717
0.42045752104265643 0.6396900268247825 0.7631739327213911 0.5605782332580985 0.45409401323866194 0.1414295265587696 0.6078658455906362 0.2751965674253799 0.7142863816005616 0.5009719058624538 0.3167709135338249 0.0 0.968393379941762 0.0322458723157244 0.7756464392865007 0.5439415344321282 0.772309477759996 0.9563783064243275 0.5133497624250826 0.04232032227429494
0.961408841637964 0.7936594184073932 0.7579596071536507 0.6211242651138603 0.1883735417595972 0.2368966406253089 0.546797094005973 0.7709197614607171 0.9565870328091566 0.14229172973769322 0.4577097944135894 0.968393379941762 0.0 0.2670233905665329 0.6672692222495128 0.0850188708999593 0.9780472436846807 0.24177016139569796 0.021817421143647042 0.1320814577952547
0.4158123216147285 0.7995775274014671 0.26856789479270504 0.6004570586232363 0.8164657876711809 0.9004198481751172 0.45488536747742603 0.5107851757473237 0.7357450850965267 0.7443804211694974 0.6448700866371279 0.0322458723157244 0.2670233905665329 0.0 0.8591947686329895 0.7654646278199797 0.5108331655189047 0.8163954442609309 0.5211200738799965 0.11114595886085088
0.5395503132664523 0.7799941581511108 0.9885443402862788 0.8157648528098514 0.7619070369995081 0.6753388051801826 0.10284869796187823 0.7115502039942408 0.9789939281867142 0.8292943621143031 0.5209867404535401 0.7756464392865007 0.6672692222495128 0.8591947686329895 0.0 0.5910422442982546 0.7986755914950625 0.32118641201838805 0.875613528986046 0.20212671068281862
0.7133402798554341 0.5948095909890322 0.6244871733298213 0.6316207761592132 0.3695897473919171 0.3016635913048791 0.03437700702378643 0.9142360881576839 0.13546554366283614 0.9438077072054364 0.9599051981187385 0.5439415344321282 0.0850188708999593 0.7654646278199797 0.5910422442982546 0.0 0.33961725026146516 0.3206602025107925 0.9229466957873496 0.9346531383267451
0.674711012655381 0.2451894133192063 0.9605983418868246 0.30110685013870586 0.09574160582395785 0.4490079588617665 0.6784768606932485 0.67753858088339 0.7473280911341214 0.5690665617613625 0.1293757927338821 0.772309477759996 0.9780472436846807 0.5108331655189047 0.7986755914950625 0.33961725026146516 0.0 0.016178807867909817 0.8654357975415549 0.20345293216124116
0.21923456494696747 0.555854859498228 0.9777254089689571 0.9562470816322397 0.40256373321445904 0.17960341826856008 0.31044804442667084 0.43341928971148536 0.36618717191015304 0.9829403529428496 0.4272302632797591 0.9563783064243275 0.24177016139569796 0.8163954442609309 0.32118641201838805 0.3206602025107925 0.016178807867909817 0.0 0.21415334230206506 0.4839622781630474
0.4818465871116496 0.2652309792270654 0.9735700363156645 0.9780991466259367 0.6698891124507791 0.5270716104188464 0.9541170127526549 0.6570407741701592 0.4690297112411157 0.6132756058529513 0.559945916113733 0.5133497624250826 0.021817421143647042 0.5211200738799965 0.875613528986046 0.9229466957873496 0.8654357975415549 0.21415334230206506 0.0 0.017278548545906047
0.7876217852406232 0.1512063553627071 0.726941784998689 0.2793269476187733 0.622166566168146 0.6432111890033463 0.9114754174851888 0.3305044334719681 0.5245386442328516 0.3811155973706316 0.6917153613045717 0.04232032227429494 0.1320814577952547 0.11114595886085088 0.20212671068281862 0.9346531383267451 0.20345293216124116 0.4839622781630474 0.017278548545906047 0.0

# Optimal Walk
0 4 17 16 10 1 3 14 6 8 15 12 18 19 13 11 5 9 2 7 0
