# MCW Instance
# Type: UNIFORM
# N: 20
# Optimal cost: 1.6846928742522214
# Optimal tour (permutation): [0, 3, 18, 2, 16, 5, 12, 19, 15, 7, 4, 9, 17, 11, 6, 10, 13, 14, 8, 1, 0]
# Optimal walk (full path): [0, 3, 18, 2, 16, 5, 16, 12, 19, 15, 7, 4, 9, 17, 11, 6, 10, 13, 14, 8, 1, 8, 0]
# Walk size: 23
# Is walk (has repeats): true

# Distance Matrix
0.0000000000 0.5965528545 0.9020084744 0.1827631481 0.1712310872 0.2768777434 0.3358930814 0.5379224691 0.2240974094 0.8340846596 0.8354721717 0.4892682194 0.9164266011 0.4555637831 0.6926793587 0.9599739300 0.5853778826 0.2654732690 0.2233074487 0.8544557018
0.5965528545 0.0000000000 0.2105729673 0.7909280317 0.8473913058 0.4661775596 0.9025453156 0.8664217047 0.0615364936 0.9211173316 0.4270711682 0.1637685859 0.4213885125 0.6454492887 0.2668780572 0.8327030549 0.4268508160 0.6594760018 0.6372650992 0.3163764056
0.9020084744 0.2105729673 0.0000000000 0.5083248758 0.0945680974 0.8184584168 0.2663416896 0.1491585362 0.7058480146 0.1450646495 0.6232196405 0.5476540129 0.3105795842 0.0017735547 0.3520896038 0.1213998149 0.0207021577 0.2145010149 0.0257512897 0.5873562051
0.1827631481 0.7909280317 0.5083248758 0.0000000000 0.8576747669 0.2974516672 0.4343546556 0.3130366126 0.8387720155 0.1191203277 0.6664968382 0.1272925687 0.9062000625 0.6840397415 0.6547365463 0.8036229352 0.1338778466 0.8921219349 0.0075778448 0.9845929291
0.1712310872 0.8473913058 0.0945680974 0.8576747669 0.0000000000 0.4914549170 0.3337288762 0.0603270777 0.4028619300 0.0711140746 0.4061475810 0.4688278183 0.8724837111 0.0899333532 0.2959338514 0.3429307511 0.6735561252 0.1690588035 0.6616276838 0.8706566341
0.2768777434 0.4661775596 0.8184584168 0.2974516672 0.4914549170 0.0000000000 0.6339620332 0.3606655430 0.1726327585 0.6193620723 0.4238568311 0.1446615941 0.4125910283 0.2168197448 0.3217221311 0.1493156638 0.0393732024 0.9129756627 0.9852192846 0.6634656339
0.3358930814 0.9025453156 0.2663416896 0.4343546556 0.3337288762 0.6339620332 0.0000000000 0.5088440140 0.6022483850 0.5657405288 0.1026926001 0.1158512817 0.2465856973 0.8424694133 0.4678206048 0.5834258776 0.2810971370 0.9199262855 0.4913292067 0.9399695370
0.5379224691 0.8664217047 0.1491585362 0.3130366126 0.0603270777 0.3606655430 0.5088440140 0.0000000000 0.5069306604 0.4323889149 0.6057427631 0.9642459888 0.1801650179 0.1292421318 0.0877867759 0.0492801722 0.4908396464 0.1772243539 0.7330778410 0.9388095008
0.2240974094 0.0615364936 0.7058480146 0.8387720155 0.4028619300 0.1726327585 0.6022483850 0.5069306604 0.0000000000 0.3928462109 0.5087033674 0.1983409538 0.4237197760 0.7932568906 0.0695271445 0.7116238423 0.7509377727 0.4387670402 0.8756602666 0.1957051168
0.8340846596 0.9211173316 0.1450646495 0.1191203277 0.0711140746 0.6193620723 0.5657405288 0.4323889149 0.3928462109 0.0000000000 0.1935417490 0.4472800500 0.3747300096 0.9758692178 0.9583893908 0.3242651261 0.7267704256 0.1504476665 0.3663528677 0.4763692831
0.8354721717 0.4270711682 0.6232196405 0.6664968382 0.4061475810 0.4238568311 0.1026926001 0.6057427631 0.5087033674 0.1935417490 0.0000000000 0.2678668516 0.3910032301 0.0302886607 0.6888670734 0.6010673998 0.4087593377 0.5771599144 0.7688826868 0.4708416773
0.4892682194 0.1637685859 0.5476540129 0.1272925687 0.4688278183 0.1446615941 0.1158512817 0.9642459888 0.1983409538 0.4472800500 0.2678668516 0.0000000000 0.5748544324 0.3132671663 0.5729208915 0.8205317000 0.2142269861 0.1153330195 0.9350948033 0.2066532216
0.9164266011 0.4213885125 0.3105795842 0.9062000625 0.8724837111 0.4125910283 0.2465856973 0.1801650179 0.4237197760 0.3747300096 0.3910032301 0.5748544324 0.0000000000 0.9064137083 0.7452252163 0.5915396400 0.0495705199 0.7212699258 0.7323915337 0.0568542558
0.4555637831 0.6454492887 0.0017735547 0.6840397415 0.0899333532 0.2168197448 0.8424694133 0.1292421318 0.7932568906 0.9758692178 0.0302886607 0.3132671663 0.9064137083 0.0000000000 0.0369812779 0.6935979216 0.9456189734 0.5500121327 0.3648123585 0.9978950238
0.6926793587 0.2668780572 0.3520896038 0.6547365463 0.2959338514 0.3217221311 0.4678206048 0.0877867759 0.0695271445 0.9583893908 0.6888670734 0.5729208915 0.7452252163 0.0369812779 0.0000000000 0.9845190996 0.4900368435 0.3995413128 0.2229106166 0.5611798423
0.9599739300 0.8327030549 0.1213998149 0.8036229352 0.3429307511 0.1493156638 0.5834258776 0.0492801722 0.7116238423 0.3242651261 0.6010673998 0.8205317000 0.5915396400 0.6935979216 0.9845190996 0.0000000000 0.7858372779 0.7766228884 0.8654270016 0.1137138816
0.5853778826 0.4268508160 0.0207021577 0.1338778466 0.6735561252 0.0393732024 0.2810971370 0.4908396464 0.7509377727 0.7267704256 0.4087593377 0.2142269861 0.0495705199 0.9456189734 0.4900368435 0.7858372779 0.0000000000 0.1299501346 0.9116130821 0.6636559894
0.2654732690 0.6594760018 0.2145010149 0.8921219349 0.1690588035 0.9129756627 0.9199262855 0.1772243539 0.4387670402 0.1504476665 0.5771599144 0.1153330195 0.7212699258 0.5500121327 0.3995413128 0.7766228884 0.1299501346 0.0000000000 0.9959721436 0.7725383094
0.2233074487 0.6372650992 0.0257512897 0.0075778448 0.6616276838 0.9852192846 0.4913292067 0.7330778410 0.8756602666 0.3663528677 0.7688826868 0.9350948033 0.7323915337 0.3648123585 0.2229106166 0.8654270016 0.9116130821 0.9959721436 0.0000000000 0.3937482567
0.8544557018 0.3163764056 0.5873562051 0.9845929291 0.8706566341 0.6634656339 0.9399695370 0.9388095008 0.1957051168 0.4763692831 0.4708416773 0.2066532216 0.0568542558 0.9978950238 0.5611798423 0.1137138816 0.6636559894 0.7725383094 0.3937482567 0.0000000000
