# Graph size: 20
# Optimal cost: 1.2420362636995308

# Distance Matrix
0.0 0.11767861545845293 0.8218461644680496 0.8000955465125887 0.1513010280802537 0.7065997669888728 0.27405303670685477 0.6406133856362709 0.29997402941971907 0.47031396010601245 0.9007510427325786 0.04673381491303852 0.7693683851288056 0.8076920078195299 0.9169932759714067 0.9056212333685038 0.7438934198374139 0.474455772051414 0.80164036917958 0.01677798463033464
0.11767861545845293 0.0 0.6381908623559963 0.00460748814097145 0.09427939937166296 0.06840969541050279 0.7983128619074485 0.5375762176263631 0.42767074492417056 0.2958900324504298 0.997647581990214 0.6470587674595887 0.07651528992816103 0.13363446669877466 0.36824740707520065 0.5185096968790064 0.655872985238166 0.6882947892004356 0.15137980613560365 0.35446132018116605
0.8218461644680496 0.6381908623559963 0.0 0.9863534242723241 0.6590368432504075 0.9255340864665748 0.2003311115959885 0.5582376584949009 0.40976645535944956 0.7757822474518826 0.4781003889575688 0.47297995941312687 0.2585193021125234 0.2053050176742034 0.3912252068247074 0.2180766042875425 0.6908323468021113 0.45805959410791486 0.02136646251878016 0.1400790614256845
0.8000955465125887 0.00460748814097145 0.9863534242723241 0.0 0.12676646080436793 0.3209785326834358 0.3760026811185516 0.020566364827920958 0.07535021130421637 0.4047539121012014 0.8657162299157092 0.7311822555692401 0.9955679003050394 0.3641747444015584 0.6909194797089293 0.54638018271393 0.9496152664499129 0.5121497540513035 0.40001443631300715 0.3263094751369928
0.1513010280802537 0.09427939937166296 0.6590368432504075 0.12676646080436793 0.0 0.18199851980128823 0.8059616153511046 0.44445574813783806 0.44731455132658493 0.08715342622967492 0.23996285362619096 0.9009137083241506 0.05380777480975385 0.6386134660419359 0.26583778952850645 0.6567103315635618 0.9328166803721475 0.24435666580290338 0.9797186908171522 0.2619280347983509
0.7065997669888728 0.06840969541050279 0.9255340864665748 0.3209785326834358 0.18199851980128823 0.0 0.07129399093510214 0.16581322355695516 0.46485861606739587 0.3400673643284696 0.7463190639960806 0.09211696936260794 0.859227425619446 0.9188563377521948 0.8196077987917664 0.19653540939886116 0.42931137983864553 0.2937909914636948 0.7602873873243743 0.018615041544017497
0.27405303670685477 0.7983128619074485 0.2003311115959885 0.3760026811185516 0.8059616153511046 0.07129399093510214 0.0 0.17456109045355828 0.06921257186421881 0.8036811586882597 0.8134294770626465 0.26134617507704105 0.8352046251586387 0.5688881451235179 0.5884201602593478 0.8909396059394733 0.5333181390248103 0.4042305935049163 0.9086706422739094 0.04296844461725302
0.6406133856362709 0.5375762176263631 0.5582376584949009 0.020566364827920958 0.44445574813783806 0.16581322355695516 0.17456109045355828 0.0 0.9401109492334297 0.7071821264782756 0.6930571055314146 0.9039316072163669 0.8547133767346003 0.47417832678125593 0.6465691533450221 0.6897998666981601 0.5151087393661565 0.37574993801286294 0.6781968774844465 0.0023766826730354795
0.29997402941971907 0.42767074492417056 0.40976645535944956 0.07535021130421637 0.44731455132658493 0.46485861606739587 0.06921257186421881 0.9401109492334297 0.0 0.4875441080094213 0.7237089400246648 0.6391312560418924 0.8210132766420671 0.7744631516972608 0.7996559803250027 0.982626996503756 0.7244347217088251 0.1685794378902855 0.14786719836270945 0.49472802781522807
0.47031396010601245 0.2958900324504298 0.7757822474518826 0.4047539121012014 0.08715342622967492 0.3400673643284696 0.8036811586882597 0.7071821264782756 0.4875441080094213 0.0 0.9618483128184472 0.9441852420891035 0.6006571172136843 0.07415789755694668 0.5481693384688231 0.8215172387018762 6.03949084228339E-4 0.650028394085956 0.6451137945737184 0.7659773910148332
0.9007510427325786 0.997647581990214 0.4781003889575688 0.8657162299157092 0.23996285362619096 0.7463190639960806 0.8134294770626465 0.6930571055314146 0.7237089400246648 0.9618483128184472 0.0 0.8115620574893301 0.7176217108772136 0.10807088190856318 0.5912334570039421 0.06917580924674593 0.6453526579008965 0.22808326076636487 0.5237005677179214 0.41164800932216283
0.04673381491303852 0.6470587674595887 0.47297995941312687 0.7311822555692401 0.9009137083241506 0.09211696936260794 0.26134617507704105 0.9039316072163669 0.6391312560418924 0.9441852420891035 0.8115620574893301 0.0 0.8601193971090324 0.3789259171756171 0.8556315130157323 0.2528051520145823 0.25360238626176745 0.4911897287429744 0.5650199521543045 0.5120406641703775
0.7693683851288056 0.07651528992816103 0.2585193021125234 0.9955679003050394 0.05380777480975385 0.859227425619446 0.8352046251586387 0.8547133767346003 0.8210132766420671 0.6006571172136843 0.7176217108772136 0.8601193971090324 0.0 0.6686728345905983 0.018438919631324824 0.31274800741425013 0.6995067114022296 0.12292367734761656 0.3349261098450843 0.5408848558090753
0.8076920078195299 0.13363446669877466 0.2053050176742034 0.3641747444015584 0.6386134660419359 0.9188563377521948 0.5688881451235179 0.47417832678125593 0.7744631516972608 0.07415789755694668 0.10807088190856318 0.3789259171756171 0.6686728345905983 0.0 0.5699637796712694 0.5054378194227315 0.3100128653343601 0.49077119255097956 0.004986726491503446 0.843259108041369
0.9169932759714067 0.36824740707520065 0.3912252068247074 0.6909194797089293 0.26583778952850645 0.8196077987917664 0.5884201602593478 0.6465691533450221 0.7996559803250027 0.5481693384688231 0.5912334570039421 0.8556315130157323 0.018438919631324824 0.5699637796712694 0.0 0.14135730402950553 0.8354995567572119 0.2607646495049204 0.8756344195364135 0.39709463067273487
0.9056212333685038 0.5185096968790064 0.2180766042875425 0.54638018271393 0.6567103315635618 0.19653540939886116 0.8909396059394733 0.6897998666981601 0.982626996503756 0.8215172387018762 0.06917580924674593 0.2528051520145823 0.31274800741425013 0.5054378194227315 0.14135730402950553 0.0 0.2786280430082487 0.22752133967780952 0.5969453785300104 0.6166505810553682
0.7438934198374139 0.655872985238166 0.6908323468021113 0.9496152664499129 0.9328166803721475 0.42931137983864553 0.5333181390248103 0.5151087393661565 0.7244347217088251 6.03949084228339E-4 0.6453526579008965 0.25360238626176745 0.6995067114022296 0.3100128653343601 0.8354995567572119 0.2786280430082487 0.0 0.9094409379062233 0.8866218413723038 0.6333508892778358
0.474455772051414 0.6882947892004356 0.45805959410791486 0.5121497540513035 0.24435666580290338 0.2937909914636948 0.4042305935049163 0.37574993801286294 0.1685794378902855 0.650028394085956 0.22808326076636487 0.4911897287429744 0.12292367734761656 0.49077119255097956 0.2607646495049204 0.22752133967780952 0.9094409379062233 0.0 0.7504916092944598 0.32479659860672283
0.80164036917958 0.15137980613560365 0.02136646251878016 0.40001443631300715 0.9797186908171522 0.7602873873243743 0.9086706422739094 0.6781968774844465 0.14786719836270945 0.6451137945737184 0.5237005677179214 0.5650199521543045 0.3349261098450843 0.004986726491503446 0.8756344195364135 0.5969453785300104 0.8866218413723038 0.7504916092944598 0.0 0.7227200433541664
0.01677798463033464 0.35446132018116605 0.1400790614256845 0.3263094751369928 0.2619280347983509 0.018615041544017497 0.04296844461725302 0.0023766826730354795 0.49472802781522807 0.7659773910148332 0.41164800932216283 0.5120406641703775 0.5408848558090753 0.843259108041369 0.39709463067273487 0.6166505810553682 0.6333508892778358 0.32479659860672283 0.7227200433541664 0.0

# Optimal Walk
0 11 19 7 3 1 4 16 9 13 18 2 10 15 14 12 17 8 6 5 0
