# Graph size: 20
# Optimal cost: 1.4079055975587975

# Distance Matrix
0.0 0.8792246267908101 0.626805079057944 0.1829202979108676 0.9076411633976049 0.5831963278520697 0.352547617737888 0.07958972256777141 0.3673283244848329 0.8634683639665512 0.6284692934784644 0.7767973873636432 0.7637999403568766 0.45191833560476513 0.5262394753955053 0.8673498526782124 0.7582229795705664 0.9084425837317807 0.8870015708445524 0.05138879557954745
0.8792246267908101 0.0 0.25330158219565657 0.7924470226329476 0.03222141006821855 0.7347738147089494 0.7707825764181238 0.9020576923462302 0.9468952996620199 0.46595180588565566 0.39594005022498346 0.5134540371633661 0.7906168492138809 0.11686114385696411 0.5747146183581162 0.9443306144006217 0.2101663024267566 0.1206452876319879 0.30797123350738465 0.4383433503785401
0.626805079057944 0.25330158219565657 0.0 0.07669928417843574 0.2674270644978901 0.5773785443228637 0.32149917784641824 0.9512767971560826 0.5291213042889799 0.1587026032390757 0.616798366087131 0.794391821780439 0.13524028680791744 0.33084541760589814 0.8200412788676459 0.17831198786142866 0.6538729609322267 0.37274949950726444 0.33756223899306526 0.535472272285776
0.1829202979108676 0.7924470226329476 0.07669928417843574 0.0 0.14549515348298836 0.15532724245542218 0.1657551895758601 0.7818151184178557 0.5519950971707606 0.581863956589908 0.7526071629100933 0.9908899453668566 0.35927463271548277 0.10788207730203647 0.623057047409066 0.6626876922785585 0.229013496527259 0.08024279625442321 0.2728491390518245 0.5306006124879207
0.9076411633976049 0.03222141006821855 0.2674270644978901 0.14549515348298836 0.0 0.7336601357732393 0.17530145987304724 0.03965188176508605 0.7805607744462528 0.5484395387014114 0.7872207238593476 0.14556438062469368 0.018325814761316117 0.45514476709981966 0.8200859628163776 0.8717344924216676 0.3140436832688187 0.2947058688672941 0.9712551492648688 0.8736637222928648
0.5831963278520697 0.7347738147089494 0.5773785443228637 0.15532724245542218 0.7336601357732393 0.0 0.17764260963793332 0.569005769214025 0.25841562605439317 0.9748763490093065 0.37425653236348155 0.7371399433807538 0.23910857911492833 0.38698097467569514 0.07581022604930077 0.3772929565920864 0.09902107704008567 0.19575474413269667 0.9630525353561352 0.2926312570156492
0.352547617737888 0.7707825764181238 0.32149917784641824 0.1657551895758601 0.17530145987304724 0.17764260963793332 0.0 0.5441351460346275 0.12573197242637169 0.5417398331232354 0.3280889678657638 0.2218618243656031 0.049880421560841604 0.11733666039995527 0.13464871622417973 0.21757732247131412 0.44629998038086227 0.584513467407459 0.36869773563900377 0.025518020183309953
0.07958972256777141 0.9020576923462302 0.9512767971560826 0.7818151184178557 0.03965188176508605 0.569005769214025 0.5441351460346275 0.0 0.020480157950899747 0.43088656951165083 0.8462643435197607 0.27677913885392036 0.009504332985665997 0.12885862919687674 0.9854176216545805 0.42220182671207673 0.2636902587554797 0.39508245204124404 0.4648396061143202 0.5142221847669292
0.3673283244848329 0.9468952996620199 0.5291213042889799 0.5519950971707606 0.7805607744462528 0.25841562605439317 0.12573197242637169 0.020480157950899747 0.0 0.06150791933943611 0.6339848238669289 0.4025549237093744 0.20929449602446926 0.7552172903162621 0.2499515159503718 0.5160306358648643 0.1212906010548288 0.7675203071005777 0.41218780630007223 0.663334701238612
0.8634683639665512 0.46595180588565566 0.1587026032390757 0.581863956589908 0.5484395387014114 0.9748763490093065 0.5417398331232354 0.43088656951165083 0.06150791933943611 0.0 0.6963158124775959 0.16362255268604942 0.2869339920841597 0.8847684026931864 0.8506713490040146 0.008452408168535208 0.7136285717176015 0.5653646334183042 0.7162317909164476 0.9853860563885757
0.6284692934784644 0.39594005022498346 0.616798366087131 0.7526071629100933 0.7872207238593476 0.37425653236348155 0.3280889678657638 0.8462643435197607 0.6339848238669289 0.6963158124775959 0.0 0.7947763331552736 0.6208703842050499 0.9712958825616119 0.3006791292135833 0.8936925455300657 0.6733084320231101 0.4000069894398456 0.7269067982308205 0.08995820185488057
0.7767973873636432 0.5134540371633661 0.794391821780439 0.9908899453668566 0.14556438062469368 0.7371399433807538 0.2218618243656031 0.27677913885392036 0.4025549237093744 0.16362255268604942 0.7947763331552736 0.0 0.026939741518656635 0.5197297556073361 0.7490660813261912 0.22933590375977886 0.8814248432638304 0.34330773963976224 0.16859515153122262 0.32305941409686245
0.7637999403568766 0.7906168492138809 0.13524028680791744 0.35927463271548277 0.018325814761316117 0.23910857911492833 0.049880421560841604 0.009504332985665997 0.20929449602446926 0.2869339920841597 0.6208703842050499 0.026939741518656635 0.0 0.6262084024676963 0.6019160741710299 0.19341681421251422 0.20082466291319423 0.24862884279814557 0.044262556246585705 0.9962138604047345
0.45191833560476513 0.11686114385696411 0.33084541760589814 0.10788207730203647 0.45514476709981966 0.38698097467569514 0.11733666039995527 0.12885862919687674 0.7552172903162621 0.8847684026931864 0.9712958825616119 0.5197297556073361 0.6262084024676963 0.0 0.002473051830403139 0.8579802037498242 0.7491792287544442 0.958496641756504 0.30527332929561246 0.07873090167660635
0.5262394753955053 0.5747146183581162 0.8200412788676459 0.623057047409066 0.8200859628163776 0.07581022604930077 0.13464871622417973 0.9854176216545805 0.2499515159503718 0.8506713490040146 0.3006791292135833 0.7490660813261912 0.6019160741710299 0.002473051830403139 0.0 0.7411857832219316 0.3346238036453997 0.4268709635813569 0.5983303516248287 0.5823951966295121
0.8673498526782124 0.9443306144006217 0.17831198786142866 0.6626876922785585 0.8717344924216676 0.3772929565920864 0.21757732247131412 0.42220182671207673 0.5160306358648643 0.008452408168535208 0.8936925455300657 0.22933590375977886 0.19341681421251422 0.8579802037498242 0.7411857832219316 0.0 0.8677894126164801 0.7183889925151513 0.46851066664717445 0.029171013903054432
0.7582229795705664 0.2101663024267566 0.6538729609322267 0.229013496527259 0.3140436832688187 0.09902107704008567 0.44629998038086227 0.2636902587554797 0.1212906010548288 0.7136285717176015 0.6733084320231101 0.8814248432638304 0.20082466291319423 0.7491792287544442 0.3346238036453997 0.8677894126164801 0.0 0.9690908017805592 0.46782808322435643 0.8537176135036574
0.9084425837317807 0.1206452876319879 0.37274949950726444 0.08024279625442321 0.2947058688672941 0.19575474413269667 0.584513467407459 0.39508245204124404 0.7675203071005777 0.5653646334183042 0.4000069894398456 0.34330773963976224 0.24862884279814557 0.958496641756504 0.4268709635813569 0.7183889925151513 0.9690908017805592 0.0 0.2882346034025248 0.43114332992955984
0.8870015708445524 0.30797123350738465 0.33756223899306526 0.2728491390518245 0.9712551492648688 0.9630525353561352 0.36869773563900377 0.4648396061143202 0.41218780630007223 0.7162317909164476 0.7269067982308205 0.16859515153122262 0.044262556246585705 0.30527332929561246 0.5983303516248287 0.46851066664717445 0.46782808322435643 0.2882346034025248 0.0 0.37082727318883646
0.05138879557954745 0.4383433503785401 0.535472272285776 0.5306006124879207 0.8736637222928648 0.2926312570156492 0.025518020183309953 0.5142221847669292 0.663334701238612 0.9853860563885757 0.08995820185488057 0.32305941409686245 0.9962138604047345 0.07873090167660635 0.5823951966295121 0.029171013903054432 0.8537176135036574 0.43114332992955984 0.37082727318883646 0.0

# Optimal Walk
0 19 13 14 5 16 8 7 18 12 11 4 1 17 3 2 9 15 6 10 0
