# MCW Instance
# Type: UNIFORM
# N: 20
# Optimal cost: 1.4843397969283498
# Optimal tour (permutation): [0, 12, 4, 16, 14, 10, 11, 6, 18, 8, 3, 9, 13, 2, 15, 19, 5, 17, 1, 7, 0]
# Optimal walk (full path): [0, 3, 12, 4, 14, 16, 14, 10, 6, 11, 6, 18, 8, 3, 9, 13, 2, 13, 15, 19, 5, 17, 1, 7, 0]
# Walk size: 25
# Is walk (has repeats): true

# Distance Matrix
0.0000000000 0.9298967423 0.3089856186 0.1656358393 0.8086456529 0.7706274609 0.3986088194 0.2259979465 0.4910470020 0.8780582226 0.2642719669 0.9386939318 0.8957466868 0.7634891281 0.5488355836 0.1874376016 0.9243612741 0.9139810336 0.5219934168 0.9503095159
0.9298967423 0.0000000000 0.2843615355 0.8457185051 0.9804727417 0.5213144599 0.6270662341 0.0450999117 0.9401134682 0.0886749837 0.3875641380 0.5483168195 0.9030596360 0.9875186781 0.8837236110 0.9892880357 0.2889608903 0.0393431327 0.6777380809 0.3061637053
0.3089856186 0.2843615355 0.0000000000 0.9559957484 0.2666190847 0.6811953367 0.9382172241 0.6056925114 0.9281191128 0.9934469353 0.2677945924 0.2649378641 0.2590354865 0.0030933980 0.2660912731 0.9692268001 0.5196773785 0.8536901859 0.7868795166 0.2331220945
0.1656358393 0.8457185051 0.9559957484 0.0000000000 0.9575144150 0.9773179301 0.7189094823 0.8870553657 0.0695599616 0.0334502063 0.2555600158 0.3840159890 0.1155640751 0.2555901205 0.8694158965 0.7353377198 0.1772125105 0.9044374393 0.1898000836 0.8217077863
0.8086456529 0.9804727417 0.2666190847 0.9575144150 0.0000000000 0.1845053052 0.2538857930 0.8728911052 0.9436862850 0.2377140019 0.2949392594 0.7269075403 0.1254386226 0.2417942888 0.1326763809 0.8089423328 0.8660473887 0.3398565476 0.8726791913 0.9453822020
0.7706274609 0.5213144599 0.6811953367 0.9773179301 0.1845053052 0.0000000000 0.7446839804 0.8832735946 0.6458830046 0.1444484283 0.5290848466 0.7082317480 0.3045927599 0.6672467238 0.2111908136 0.3020076225 0.2374503239 0.1028159867 0.6994721653 0.0369794385
0.3986088194 0.6270662341 0.9382172241 0.7189094823 0.2538857930 0.7446839804 0.0000000000 0.6974258320 0.6530168477 0.7343764619 0.0263589045 0.0144462758 0.9747025640 0.9614996627 0.3128553355 0.0730622248 0.3494667903 0.9964956472 0.0399611958 0.4755939278
0.2259979465 0.0450999117 0.6056925114 0.8870553657 0.8728911052 0.8832735946 0.6974258320 0.0000000000 0.6553634922 0.7464028862 0.9752738363 0.8824863314 0.6003466558 0.2139816136 0.2562459038 0.1241416407 0.9437786077 0.5048182475 0.5109821146 0.8122875281
0.4910470020 0.9401134682 0.9281191128 0.0695599616 0.9436862850 0.6458830046 0.6530168477 0.6553634922 0.0000000000 0.9802073505 0.7813682188 0.5701780198 0.3439779414 0.3887148383 0.4637727367 0.8310218333 0.3876120634 0.6614899508 0.0641983887 0.9598576468
0.8780582226 0.0886749837 0.9934469353 0.0334502063 0.2377140019 0.1444484283 0.7343764619 0.7464028862 0.9802073505 0.0000000000 0.1678972174 0.7168811376 0.6596131083 0.0276346837 0.1254690522 0.9750353945 0.1573259299 0.3606436391 0.8169226717 0.1283320137
0.2642719669 0.3875641380 0.2677945924 0.2555600158 0.2949392594 0.5290848466 0.0263589045 0.9752738363 0.7813682188 0.1678972174 0.0000000000 0.1882816753 0.3587680792 0.2422968168 0.0741707417 0.6750166409 0.2844552747 0.1395924036 0.9942757921 0.8643442307
0.9386939318 0.5483168195 0.2649378641 0.3840159890 0.7269075403 0.7082317480 0.0144462758 0.8824863314 0.5701780198 0.7168811376 0.1882816753 0.0000000000 0.5578371019 0.1696956274 0.3625285510 0.8892548005 0.4069087233 0.3301153886 0.7424438384 0.7301768546
0.8957466868 0.9030596360 0.2590354865 0.1155640751 0.1254386226 0.3045927599 0.9747025640 0.6003466558 0.3439779414 0.6596131083 0.3587680792 0.5578371019 0.0000000000 0.8163991565 0.3822331640 0.5957551648 0.7826617562 0.5949438943 0.5543031570 0.9651772742
0.7634891281 0.9875186781 0.0030933980 0.2555901205 0.2417942888 0.6672467238 0.9614996627 0.2139816136 0.3887148383 0.0276346837 0.2422968168 0.1696956274 0.8163991565 0.0000000000 0.1067176232 0.0373973475 0.2912291316 0.8172646342 0.8324323116 0.0975983614
0.5488355836 0.8837236110 0.2660912731 0.8694158965 0.1326763809 0.2111908136 0.3128553355 0.2562459038 0.4637727367 0.1254690522 0.0741707417 0.3625285510 0.3822331640 0.1067176232 0.0000000000 0.3621837133 0.0353869878 0.1271894340 0.2066291317 0.2084249431
0.1874376016 0.9892880357 0.9692268001 0.7353377198 0.8089423328 0.3020076225 0.0730622248 0.1241416407 0.8310218333 0.9750353945 0.6750166409 0.8892548005 0.5957551648 0.0373973475 0.3621837133 0.0000000000 0.5381941144 0.5916955375 0.8725847009 0.0162037101
0.9243612741 0.2889608903 0.5196773785 0.1772125105 0.8660473887 0.2374503239 0.3494667903 0.9437786077 0.3876120634 0.1573259299 0.2844552747 0.4069087233 0.7826617562 0.2912291316 0.0353869878 0.5381941144 0.0000000000 0.7655435987 0.9452003164 0.9800960750
0.9139810336 0.0393431327 0.8536901859 0.9044374393 0.3398565476 0.1028159867 0.9964956472 0.5048182475 0.6614899508 0.3606436391 0.1395924036 0.3301153886 0.5949438943 0.8172646342 0.1271894340 0.5916955375 0.7655435987 0.0000000000 0.6334450716 0.8217173072
0.5219934168 0.6777380809 0.7868795166 0.1898000836 0.8726791913 0.6994721653 0.0399611958 0.5109821146 0.0641983887 0.8169226717 0.9942757921 0.7424438384 0.5543031570 0.8324323116 0.2066291317 0.8725847009 0.9452003164 0.6334450716 0.0000000000 0.3847062357
0.9503095159 0.3061637053 0.2331220945 0.8217077863 0.9453822020 0.0369794385 0.4755939278 0.8122875281 0.9598576468 0.1283320137 0.8643442307 0.7301768546 0.9651772742 0.0975983614 0.2084249431 0.0162037101 0.9800960750 0.8217173072 0.3847062357 0.0000000000
