# Graph size: 20
# Optimal cost: 2.229542688395224

# Distance Matrix
0.0 0.8674343097134505 0.43829769731846546 0.13936608003782558 0.3503480337127687 0.4209984434371232 0.7791220131226312 0.8434222130059128 0.12045260323931273 0.13877961525663718 0.7837640638872593 0.3843012085412988 0.33711981411629566 0.7015933145387918 0.4892824404475228 0.4365175189369621 0.4432763014637857 0.7377075722609258 0.7121305289610003 0.6892604415979796
0.8674343097134505 0.0 0.40261408755080297 0.9863941349746161 0.599396393423484 0.08848666790463355 0.5633384947805223 0.37412385712036844 0.37733231366696696 0.8554417182906486 0.7056713412717133 0.7976266883316472 0.8933955530131518 0.21303780114795645 0.5260689963217281 0.7527623466209068 0.24431171340508728 0.3618662722193958 0.39802991116950337 0.07412510914946835
0.43829769731846546 0.40261408755080297 0.0 0.51021027582163 0.13922501008577937 0.3675300106145134 0.9575321394149109 0.3736718983498247 0.9673923376126297 0.9905379209741658 0.12602183203338324 0.1925651920714524 0.15148071148055942 0.8007270140020115 0.46971458847803327 0.9168407412022296 0.3225551976759159 0.9074144609926997 0.7408658319606466 0.09198804049075127
0.13936608003782558 0.9863941349746161 0.51021027582163 0.0 0.8383027367859833 0.4669218667967475 0.9176667084607698 0.07565128988995073 0.2513905248929378 0.5449663977660396 0.6638253054879365 0.5089381585094002 0.5347526774734237 0.19335470687750422 0.9056872063631201 0.030244940394165254 0.6133965958113294 0.4011668968327352 0.9246310506016892 0.19696097537737467
0.3503480337127687 0.599396393423484 0.13922501008577937 0.8383027367859833 0.0 0.8939212569971416 0.9487808354395139 0.5197012982790646 0.5892035921250955 0.9057920394550316 0.09250219154682215 0.7339168066782037 0.109774442312356 0.8725174276554349 0.4382287646296117 0.35742067239796016 0.5658170570919066 0.01622526068946739 0.3244924640703599 0.9216129240538453
0.4209984434371232 0.08848666790463355 0.3675300106145134 0.4669218667967475 0.8939212569971416 0.0 0.7201940080611473 0.6657371492721572 0.5283856452267598 0.18063479826247275 0.13439208724504093 0.786091698492285 0.1322933789386581 0.14004933409961295 0.28980205163018247 0.37656827228432266 0.9450164452652543 0.5372898307114412 0.67050898576298 0.2946152765228033
0.7791220131226312 0.5633384947805223 0.9575321394149109 0.9176667084607698 0.9487808354395139 0.7201940080611473 0.0 0.957784545100598 0.304424420268398 0.7182684476249243 0.45468762372125626 0.9338230903104439 0.9510113010567107 0.8291323231236801 0.023850347503938663 0.37955079863155994 0.9932957535586185 0.8512279151831096 0.19010669630926114 0.8261497053162725
0.8434222130059128 0.37412385712036844 0.3736718983498247 0.07565128988995073 0.5197012982790646 0.6657371492721572 0.957784545100598 0.0 0.5257270301868436 0.8644819099971881 0.3147601386324621 0.5621630365067819 0.7817490469933962 0.3756211314154435 0.7967221360448097 0.700940444445959 0.06304624007990933 0.44557018272123505 0.774528230499361 0.7411644861820744
0.12045260323931273 0.37733231366696696 0.9673923376126297 0.2513905248929378 0.5892035921250955 0.5283856452267598 0.304424420268398 0.5257270301868436 0.0 0.7299016278350889 0.6814051485799926 0.8709271826010726 0.5843557880148037 0.04005143997929217 0.4713124886724416 0.5452591288902204 0.31016883589591704 0.49939665547447387 0.3185398649358768 0.2604404292741441
0.13877961525663718 0.8554417182906486 0.9905379209741658 0.5449663977660396 0.9057920394550316 0.18063479826247275 0.7182684476249243 0.8644819099971881 0.7299016278350889 0.0 0.8784540984102392 0.0451589370548493 0.6391162708327369 0.5942243203863671 0.3264764606171483 0.8205442123510407 0.9281565578890925 0.6285082132959705 0.9603439937731508 0.5197046595620664
0.7837640638872593 0.7056713412717133 0.12602183203338324 0.6638253054879365 0.09250219154682215 0.13439208724504093 0.45468762372125626 0.3147601386324621 0.6814051485799926 0.8784540984102392 0.0 0.7708555122037589 0.43580992329075374 0.501614818374985 0.28276569700936793 0.7768148791987751 0.24863663814189252 0.14321447285661448 0.90291123917909 0.15013671504031811
0.3843012085412988 0.7976266883316472 0.1925651920714524 0.5089381585094002 0.7339168066782037 0.786091698492285 0.9338230903104439 0.5621630365067819 0.8709271826010726 0.0451589370548493 0.7708555122037589 0.0 0.9453222428429431 0.993209631875195 0.6709976839009419 0.272754358109637 0.8150097100231606 0.44064862551755946 0.5278926009500307 0.3747626339946596
0.33711981411629566 0.8933955530131518 0.15148071148055942 0.5347526774734237 0.109774442312356 0.1322933789386581 0.9510113010567107 0.7817490469933962 0.5843557880148037 0.6391162708327369 0.43580992329075374 0.9453222428429431 0.0 0.17480751361051894 0.5645927587758043 0.32071153747536274 0.09304684943179331 0.3037497615556881 0.8256271395511872 0.8663525812091203
0.7015933145387918 0.21303780114795645 0.8007270140020115 0.19335470687750422 0.8725174276554349 0.14004933409961295 0.8291323231236801 0.3756211314154435 0.04005143997929217 0.5942243203863671 0.501614818374985 0.993209631875195 0.17480751361051894 0.0 0.47830000088970615 0.3310421007683839 0.9285530302500369 0.21420481851042472 0.8005561437970643 0.1701764287285643
0.4892824404475228 0.5260689963217281 0.46971458847803327 0.9056872063631201 0.4382287646296117 0.28980205163018247 0.023850347503938663 0.7967221360448097 0.4713124886724416 0.3264764606171483 0.28276569700936793 0.6709976839009419 0.5645927587758043 0.47830000088970615 0.0 0.9256283249427426 0.9696335164403136 0.3246574676635946 0.3258492866910785 0.3416367435208302
0.4365175189369621 0.7527623466209068 0.9168407412022296 0.030244940394165254 0.35742067239796016 0.37656827228432266 0.37955079863155994 0.700940444445959 0.5452591288902204 0.8205442123510407 0.7768148791987751 0.272754358109637 0.32071153747536274 0.3310421007683839 0.9256283249427426 0.0 0.7908212098092716 0.07961088654032422 0.4172203467130108 0.345230218045958
0.4432763014637857 0.24431171340508728 0.3225551976759159 0.6133965958113294 0.5658170570919066 0.9450164452652543 0.9932957535586185 0.06304624007990933 0.31016883589591704 0.9281565578890925 0.24863663814189252 0.8150097100231606 0.09304684943179331 0.9285530302500369 0.9696335164403136 0.7908212098092716 0.0 0.20377115208356444 0.5295801318635603 0.5588989369213202
0.7377075722609258 0.3618662722193958 0.9074144609926997 0.4011668968327352 0.01622526068946739 0.5372898307114412 0.8512279151831096 0.44557018272123505 0.49939665547447387 0.6285082132959705 0.14321447285661448 0.44064862551755946 0.3037497615556881 0.21420481851042472 0.3246574676635946 0.07961088654032422 0.20377115208356444 0.0 0.7654032311778551 0.6937546490368273
0.7121305289610003 0.39802991116950337 0.7408658319606466 0.9246310506016892 0.3244924640703599 0.67050898576298 0.19010669630926114 0.774528230499361 0.3185398649358768 0.9603439937731508 0.90291123917909 0.5278926009500307 0.8256271395511872 0.8005561437970643 0.3258492866910785 0.4172203467130108 0.5295801318635603 0.7654032311778551 0.0 0.9692971788971764
0.6892604415979796 0.07412510914946835 0.09198804049075127 0.19696097537737467 0.9216129240538453 0.2946152765228033 0.8261497053162725 0.7411644861820744 0.2604404292741441 0.5197046595620664 0.15013671504031811 0.3747626339946596 0.8663525812091203 0.1701764287285643 0.3416367435208302 0.345230218045958 0.5588989369213202 0.6937546490368273 0.9692971788971764 0.0

# Optimal Walk
0 13 8 18 6 14 10 4 17 15 3 7 16 12 5 1 19 2 11 9 0
