# Graph size: 20
# Optimal cost: 2.1640516678718673

# Distance Matrix
0.0 0.19407178159530514 0.7721999597124365 0.4070073584563316 0.13073825247898918 0.5145430313040547 0.798779843645816 0.2573842093214237 0.46863419073456913 0.928130903697923 0.24134085710566777 0.04540062212231055 0.8264283132067851 0.23272997805716344 0.5706215790662849 0.08933034766421077 0.37112248384432966 0.7913145620921843 0.388252512685724 0.837247765735858
0.19407178159530514 0.0 0.9755163389559821 0.5642814110379243 0.30755739487250433 0.3898076165933193 0.11369550535110651 0.7732478633360543 0.6630525125069527 0.5036165269667495 0.5335976242520181 0.4768534774563612 0.7093193358164975 0.7742014070794394 0.5553192547739209 0.7463398599386831 0.22871439051835207 0.3704314000000354 0.9932413265230591 0.3171598335834718
0.7721999597124365 0.9755163389559821 0.0 0.7574197419757958 0.6463518580731517 0.3807142876345797 0.562593853917299 0.9606260729344325 0.1917396707025093 0.3879587173348936 0.3863279561559736 0.040179829947088685 0.3992919003067188 0.06700088450879615 0.16317407012653373 0.44181483204660477 0.4242102692324474 0.8318768917849274 0.17059024718788818 0.5441276001253146
0.4070073584563316 0.5642814110379243 0.7574197419757958 0.0 0.4910461411705058 0.8880030820802077 0.04838493288741341 0.45774502817146956 0.8630220061020075 0.16152455468439475 0.6999656087852939 0.5406718647172762 0.4306472255912899 0.6476175086862236 0.70571924277318 0.7445947433437416 0.799297016368911 0.49613553730771576 0.7575881368613483 0.44695824118983807
0.13073825247898918 0.30755739487250433 0.6463518580731517 0.4910461411705058 0.0 0.9595255963092738 0.08365341760475054 0.8436314051227904 0.9949178313193461 0.10923586620808923 0.782876894306115 0.9123390350310064 0.7898136152291457 0.9634291022165516 0.13355021074801665 0.5286919400840345 0.37459734593538707 0.935110720234622 0.6434075102359114 0.5974378685913136
0.5145430313040547 0.3898076165933193 0.3807142876345797 0.8880030820802077 0.9595255963092738 0.0 0.6516851935824054 0.9000285942206765 0.5033786597480289 0.5737797759344048 0.05499673083149459 0.868272628947879 0.08817335749344068 0.7076497292532746 0.22748049439647255 0.7773659349443363 0.2315320500446545 0.7749681307985659 0.5142151125588619 0.7943289993920645
0.798779843645816 0.11369550535110651 0.562593853917299 0.04838493288741341 0.08365341760475054 0.6516851935824054 0.0 0.9148460727144966 0.4377641697608592 0.37121432836956136 0.9683003009544691 0.18851343260912623 0.8447607601820402 0.6113527448053496 0.8106480609117163 0.8573106730552882 0.33500263552533693 0.26136928969367823 0.3961095689102706 0.7042255143877607
0.2573842093214237 0.7732478633360543 0.9606260729344325 0.45774502817146956 0.8436314051227904 0.9000285942206765 0.9148460727144966 0.0 0.13933435308821362 0.6876929830158753 0.8763460389200725 0.8016088931482848 0.7880099767390206 0.563875936763962 0.8764024929600729 0.7641690368225655 0.5274436827749251 0.19870702340097735 0.10491357288737302 0.635244373931877
0.46863419073456913 0.6630525125069527 0.1917396707025093 0.8630220061020075 0.9949178313193461 0.5033786597480289 0.4377641697608592 0.13933435308821362 0.0 0.42508713317505886 0.7216185334320195 0.6504982487097092 0.4659561958852666 0.9986453917752923 0.6307876738540625 0.8596373522373316 0.5462558041676174 0.1443203888728427 0.2493733726950499 0.3954296247870507
0.928130903697923 0.5036165269667495 0.3879587173348936 0.16152455468439475 0.10923586620808923 0.5737797759344048 0.37121432836956136 0.6876929830158753 0.42508713317505886 0.0 0.6775452584552333 0.8584970842942616 0.7066183386161647 0.061973826733810355 0.8384645662189312 0.7482641622557985 0.16308503950778308 0.24572574442133366 0.08860260810287113 0.6083877173642435
0.24134085710566777 0.5335976242520181 0.3863279561559736 0.6999656087852939 0.782876894306115 0.05499673083149459 0.9683003009544691 0.8763460389200725 0.7216185334320195 0.6775452584552333 0.0 0.13308349165930122 0.3730303317465825 0.5793027410359057 0.40583301945377137 0.9223876867630906 0.6121311419543466 0.0963984272630195 0.8576554944847448 0.39562693238596547
0.04540062212231055 0.4768534774563612 0.040179829947088685 0.5406718647172762 0.9123390350310064 0.868272628947879 0.18851343260912623 0.8016088931482848 0.6504982487097092 0.8584970842942616 0.13308349165930122 0.0 0.15831073084737435 0.6466280462717873 0.414059600705294 0.5152768375904861 0.8324168308329365 0.21764237551979704 0.8656496927136146 0.352964135868745
0.8264283132067851 0.7093193358164975 0.3992919003067188 0.4306472255912899 0.7898136152291457 0.08817335749344068 0.8447607601820402 0.7880099767390206 0.4659561958852666 0.7066183386161647 0.3730303317465825 0.15831073084737435 0.0 0.39588131100584434 0.9909318977519209 0.982374453085746 0.563838646457344 0.9394400762411937 0.967665552943819 0.5613925896819097
0.23272997805716344 0.7742014070794394 0.06700088450879615 0.6476175086862236 0.9634291022165516 0.7076497292532746 0.6113527448053496 0.563875936763962 0.9986453917752923 0.061973826733810355 0.5793027410359057 0.6466280462717873 0.39588131100584434 0.0 0.6360545963468317 0.9381134442408225 0.17934656472373656 0.012064019852444097 0.5799422737830833 0.08160893360487143
0.5706215790662849 0.5553192547739209 0.16317407012653373 0.70571924277318 0.13355021074801665 0.22748049439647255 0.8106480609117163 0.8764024929600729 0.6307876738540625 0.8384645662189312 0.40583301945377137 0.414059600705294 0.9909318977519209 0.6360545963468317 0.0 0.3983546239154877 0.13849767563083937 0.10524099029347445 0.787158907458661 0.5378582275067025
0.08933034766421077 0.7463398599386831 0.44181483204660477 0.7445947433437416 0.5286919400840345 0.7773659349443363 0.8573106730552882 0.7641690368225655 0.8596373522373316 0.7482641622557985 0.9223876867630906 0.5152768375904861 0.982374453085746 0.9381134442408225 0.3983546239154877 0.0 0.09356315963228068 0.7498020308796619 0.3809077818386566 0.7362449789711508
0.37112248384432966 0.22871439051835207 0.4242102692324474 0.799297016368911 0.37459734593538707 0.2315320500446545 0.33500263552533693 0.5274436827749251 0.5462558041676174 0.16308503950778308 0.6121311419543466 0.8324168308329365 0.563838646457344 0.17934656472373656 0.13849767563083937 0.09356315963228068 0.0 0.5730005330096309 0.8694608566054642 0.29431481391827474
0.7913145620921843 0.3704314000000354 0.8318768917849274 0.49613553730771576 0.935110720234622 0.7749681307985659 0.26136928969367823 0.19870702340097735 0.1443203888728427 0.24572574442133366 0.0963984272630195 0.21764237551979704 0.9394400762411937 0.012064019852444097 0.10524099029347445 0.7498020308796619 0.5730005330096309 0.0 0.4581314832877589 0.19423848299585234
0.388252512685724 0.9932413265230591 0.17059024718788818 0.7575881368613483 0.6434075102359114 0.5142151125588619 0.3961095689102706 0.10491357288737302 0.2493733726950499 0.08860260810287113 0.8576554944847448 0.8656496927136146 0.967665552943819 0.5799422737830833 0.787158907458661 0.3809077818386566 0.8694608566054642 0.4581314832877589 0.0 0.8763153597105664
0.837247765735858 0.3171598335834718 0.5441276001253146 0.44695824118983807 0.5974378685913136 0.7943289993920645 0.7042255143877607 0.635244373931877 0.3954296247870507 0.6083877173642435 0.39562693238596547 0.352964135868745 0.5613925896819097 0.08160893360487143 0.5378582275067025 0.7362449789711508 0.29431481391827474 0.19423848299585234 0.8763153597105664 0.0

# Optimal Walk
0 15 16 14 4 6 1 3 9 18 7 8 17 19 13 10 5 12 2 11 0
