# MCW Instance
# Type: UNIFORM
# N: 20
# Optimal cost: 1.505736837694292
# Optimal tour (permutation): [0, 17, 15, 1, 5, 11, 2, 19, 3, 9, 6, 13, 18, 10, 16, 14, 7, 8, 4, 12, 0]
# Optimal walk (full path): [0, 17, 15, 1, 5, 2, 11, 2, 3, 19, 3, 9, 6, 13, 16, 18, 16, 10, 16, 14, 7, 4, 8, 4, 12, 0]
# Walk size: 26
# Is walk (has repeats): true

# Distance Matrix
0.0000000000 0.8511972934 0.8742236694 0.9608784472 0.5059555242 0.3816318704 0.3748304399 0.5721081086 0.5372604849 0.8384499678 0.5290210419 0.7375341764 0.0101477623 0.3423730660 0.6599362209 0.3754747393 0.2752557476 0.0176610485 0.5574658582 0.1871508438
0.8511972934 0.0000000000 0.2503829668 0.2107345428 0.7946471007 0.0453190166 0.8137758901 0.7893648506 0.7560768205 0.9007423165 0.2369606146 0.8269049941 0.8012201457 0.1872432384 0.3383017330 0.0238873838 0.5099116537 0.2695585859 0.7035098544 0.5484154169
0.8742236694 0.2503829668 0.0000000000 0.0130089646 0.8229425808 0.0156092961 0.5871269713 0.9980734204 0.1594414877 0.2644154044 0.7901105546 0.0981158441 0.4229895703 0.3643610899 0.9660053598 0.0208599486 0.2639520536 0.4995505469 0.8376187025 0.9566399352
0.9608784472 0.2107345428 0.0130089646 0.0000000000 0.0734686484 0.3362073663 0.4037455072 0.5149624921 0.1089262203 0.0952234885 0.4694764131 0.6829280667 0.8741170600 0.3613041566 0.2051321775 0.0731199839 0.9311150025 0.4202434701 0.1730641825 0.0342340193
0.5059555242 0.7946471007 0.8229425808 0.0734686484 0.0000000000 0.9156284009 0.8621539277 0.1219118059 0.0346352341 0.9035655352 0.1660125464 0.9895094828 0.0971930081 0.4337749153 0.9896752125 0.9784876955 0.9631589934 0.4303986973 0.9295497114 0.2727132745
0.3816318704 0.0453190166 0.0156092961 0.3362073663 0.9156284009 0.0000000000 0.0935170664 0.9880049611 0.5854076075 0.9480669565 0.5781483903 0.4836403836 0.8683532188 0.8976563119 0.5163181742 0.7621718598 0.6237581554 0.1394152579 0.4564060871 0.2047620264
0.3748304399 0.8137758901 0.5871269713 0.4037455072 0.8621539277 0.0935170664 0.0000000000 0.8060076961 0.7031414563 0.0384647729 0.3350501979 0.6381955748 0.4043757638 0.0701061042 0.2435868462 0.4174419352 0.2041283783 0.8843785173 0.5182961780 0.8852984658
0.5721081086 0.7893648506 0.9980734204 0.5149624921 0.1219118059 0.9880049611 0.8060076961 0.0000000000 0.5263086162 0.9777126660 0.5572181834 0.3727441162 0.8588166619 0.6066769574 0.1095078701 0.2505636773 0.1996067914 0.2341984859 0.6416459358 0.5684400570
0.5372604849 0.7560768205 0.1594414877 0.1089262203 0.0346352341 0.5854076075 0.7031414563 0.5263086162 0.0000000000 0.4256338044 0.4590688611 0.6580419380 0.1498813469 0.4604452365 0.3369686295 0.4186874341 0.8251413117 0.1952842054 0.8069080853 0.5912429235
0.8384499678 0.9007423165 0.2644154044 0.0952234885 0.9035655352 0.9480669565 0.0384647729 0.9777126660 0.4256338044 0.0000000000 0.9305825646 0.4789187779 0.2738960209 0.2509193515 0.6804691796 0.1330153798 0.2668124901 0.2987413717 0.5259661229 0.8727257598
0.5290210419 0.2369606146 0.7901105546 0.4694764131 0.1660125464 0.5781483903 0.3350501979 0.5572181834 0.4590688611 0.9305825646 0.0000000000 0.4898752478 0.8072560634 0.1561606367 0.2162578673 0.5167540061 0.0224771119 0.3672104443 0.9525532108 0.8383004682
0.7375341764 0.8269049941 0.0981158441 0.6829280667 0.9895094828 0.4836403836 0.6381955748 0.3727441162 0.6580419380 0.4789187779 0.4898752478 0.0000000000 0.7518317920 0.6282628243 0.5027946624 0.9680261178 0.6501037312 0.8065770210 0.5593198031 0.8338740659
0.0101477623 0.8012201457 0.4229895703 0.8741170600 0.0971930081 0.8683532188 0.4043757638 0.8588166619 0.1498813469 0.2738960209 0.8072560634 0.7518317920 0.0000000000 0.4788417345 0.1793221739 0.7146170787 0.7404950588 0.7594308606 0.5558117210 0.4034332745
0.3423730660 0.1872432384 0.3643610899 0.3613041566 0.4337749153 0.8976563119 0.0701061042 0.6066769574 0.4604452365 0.2509193515 0.1561606367 0.6282628243 0.4788417345 0.0000000000 0.7731519576 0.3659992806 0.0614742596 0.3726224318 0.6325409750 0.5115601244
0.6599362209 0.3383017330 0.9660053598 0.2051321775 0.9896752125 0.5163181742 0.2435868462 0.1095078701 0.3369686295 0.6804691796 0.2162578673 0.5027946624 0.1793221739 0.7731519576 0.0000000000 0.8936499583 0.0662178846 0.5392321137 0.2692649546 0.1493408806
0.3754747393 0.0238873838 0.0208599486 0.0731199839 0.9784876955 0.7621718598 0.4174419352 0.2505636773 0.4186874341 0.1330153798 0.5167540061 0.9680261178 0.7146170787 0.3659992806 0.8936499583 0.0000000000 0.7673106394 0.0270952254 0.2403713059 0.6463321492
0.2752557476 0.5099116537 0.2639520536 0.9311150025 0.9631589934 0.6237581554 0.2041283783 0.1996067914 0.8251413117 0.2668124901 0.0224771119 0.6501037312 0.7404950588 0.0614742596 0.0662178846 0.7673106394 0.0000000000 0.0736689407 0.1569922638 0.2315038104
0.0176610485 0.2695585859 0.4995505469 0.4202434701 0.4303986973 0.1394152579 0.8843785173 0.2341984859 0.1952842054 0.2987413717 0.3672104443 0.8065770210 0.7594308606 0.3726224318 0.5392321137 0.0270952254 0.0736689407 0.0000000000 0.5116405785 0.3006353999
0.5574658582 0.7035098544 0.8376187025 0.1730641825 0.9295497114 0.4564060871 0.5182961780 0.6416459358 0.8069080853 0.5259661229 0.9525532108 0.5593198031 0.5558117210 0.6325409750 0.2692649546 0.2403713059 0.1569922638 0.5116405785 0.0000000000 0.9251801872
0.1871508438 0.5484154169 0.9566399352 0.0342340193 0.2727132745 0.2047620264 0.8852984658 0.5684400570 0.5912429235 0.8727257598 0.8383004682 0.8338740659 0.4034332745 0.5115601244 0.1493408806 0.6463321492 0.2315038104 0.3006353999 0.9251801872 0.0000000000
