# MCW Instance
# Type: UNIFORM
# N: 20
# Optimal cost: 2.09144509921469
# Optimal tour (permutation): [0, 9, 11, 8, 3, 17, 15, 13, 14, 4, 2, 1, 12, 7, 18, 10, 19, 16, 6, 5, 0]
# Optimal walk (full path): [0, 9, 11, 8, 3, 17, 1, 15, 1, 13, 14, 4, 2, 4, 14, 13, 1, 12, 10, 18, 7, 18, 10, 19, 16, 6, 5, 6, 0]
# Walk size: 29
# Is walk (has repeats): true

# Distance Matrix
0.0000000000 0.4827832523 0.6620815204 0.8558144880 0.4890781363 0.4977720673 0.0952807534 0.9910432706 0.8503722358 0.0758882917 0.6134093412 0.2204257410 0.7815145417 0.2804534838 0.8430771794 0.5210583201 0.6923977904 0.2276609832 0.8826651282 0.8174345394
0.4827832523 0.0000000000 0.9683719462 0.6489041446 0.5942915252 0.2595825648 0.8941159103 0.1959489200 0.5765886297 0.8597851288 0.1998624665 0.3183275052 0.1059170949 0.0169652457 0.2368435163 0.0120553651 0.1549360908 0.1931725197 0.5007356013 0.9897512056
0.6620815204 0.9683719462 0.0000000000 0.4499849364 0.0232063641 0.4650507419 0.8544659995 0.4125217067 0.4362640718 0.4608308794 0.6730030457 0.7449035155 0.9476033668 0.6446688458 0.9392384977 0.3670815717 0.1385602776 0.9339924625 0.2939279222 0.3883238890
0.8558144880 0.6489041446 0.4499849364 0.0000000000 0.4848651206 0.1567129255 0.5247107064 0.8068669553 0.1160508645 0.5617517584 0.3085015878 0.6704372799 0.7928493244 0.2676259896 0.8781840676 0.5018725226 0.3748227627 0.1881841786 0.2964977788 0.8966107832
0.4890781363 0.5942915252 0.0232063641 0.4848651206 0.0000000000 0.3170797471 0.4677502786 0.3022383853 0.3326063095 0.2827756338 0.4823468054 0.7573645802 0.3982680088 0.7871995955 0.0193323546 0.5683341059 0.8403073592 0.8996019901 0.3347025717 0.5809666866
0.4977720673 0.2595825648 0.4650507419 0.1567129255 0.3170797471 0.0000000000 0.0609202788 0.4205169758 0.4054682444 0.3553585312 0.9525172726 0.6251872960 0.8439376236 0.9158497010 0.2482551620 0.6177991027 0.6213945977 0.5407721147 0.8879121969 0.5765870878
0.0952807534 0.8941159103 0.8544659995 0.5247107064 0.4677502786 0.0609202788 0.0000000000 0.9605780714 0.4076824556 0.2511883736 0.6864710637 0.4995323921 0.4420110251 0.4943010660 0.3537367942 0.1038121651 0.0305339042 0.6407852202 0.3763759194 0.5096893303
0.9910432706 0.1959489200 0.4125217067 0.8068669553 0.3022383853 0.4205169758 0.9605780714 0.0000000000 0.3558024365 0.5236969671 0.1040507489 0.3179243335 0.9836407857 0.1539579368 0.2632517458 0.7258270380 0.9930485564 0.5983670362 0.0460666836 0.7847473808
0.8503722358 0.5765886297 0.4362640718 0.1160508645 0.3326063095 0.4054682444 0.4076824556 0.3558024365 0.0000000000 0.3763222159 0.9908452235 0.2650824514 0.9007997378 0.6569357985 0.8717680939 0.8622917653 0.7585389312 0.6736974425 0.6527801274 0.8264783709
0.0758882917 0.8597851288 0.4608308794 0.5617517584 0.2827756338 0.3553585312 0.2511883736 0.5236969671 0.3763222159 0.0000000000 0.8404700659 0.2619253585 0.6382733562 0.6214067436 0.2396883192 0.1258631957 0.6997524653 0.5562426997 0.5186087460 0.5412812334
0.6134093412 0.1998624665 0.6730030457 0.3085015878 0.4823468054 0.9525172726 0.6864710637 0.1040507489 0.9908452235 0.8404700659 0.0000000000 0.3955972302 0.1399839809 0.9536605580 0.6531866258 0.0562723432 0.3532804500 0.6239841657 0.0407922494 0.1138239107
0.2204257410 0.3183275052 0.7449035155 0.6704372799 0.7573645802 0.6251872960 0.4995323921 0.3179243335 0.2650824514 0.2619253585 0.3955972302 0.0000000000 0.9438761317 0.4515831751 0.9103703696 0.7445405128 0.3060057759 0.4810481465 0.7463441008 0.7149463160
0.7815145417 0.1059170949 0.9476033668 0.7928493244 0.3982680088 0.8439376236 0.4420110251 0.9836407857 0.9007997378 0.6382733562 0.1399839809 0.9438761317 0.0000000000 0.2394313572 0.3988823327 0.5019456561 0.1738323817 0.9004042225 0.5356241529 0.4429977335
0.2804534838 0.0169652457 0.6446688458 0.2676259896 0.7871995955 0.9158497010 0.4943010660 0.1539579368 0.6569357985 0.6214067436 0.9536605580 0.4515831751 0.2394313572 0.0000000000 0.0168215210 0.5546915195 0.3683748160 0.5718500605 0.3650014121 0.3219058120
0.8430771794 0.2368435163 0.9392384977 0.8781840676 0.0193323546 0.2482551620 0.3537367942 0.2632517458 0.8717680939 0.2396883192 0.6531866258 0.9103703696 0.3988823327 0.0168215210 0.0000000000 0.8470041947 0.1532304415 0.6454489191 0.9607294281 0.7042213637
0.5210583201 0.0120553651 0.3670815717 0.5018725226 0.5683341059 0.6177991027 0.1038121651 0.7258270380 0.8622917653 0.1258631957 0.0562723432 0.7445405128 0.5019456561 0.5546915195 0.8470041947 0.0000000000 0.2397458386 0.7390086697 0.8862256801 0.2778606757
0.6923977904 0.1549360908 0.1385602776 0.3748227627 0.8403073592 0.6213945977 0.0305339042 0.9930485564 0.7585389312 0.6997524653 0.3532804500 0.3060057759 0.1738323817 0.3683748160 0.1532304415 0.2397458386 0.0000000000 0.2519955713 0.6694773525 0.0332816661
0.2276609832 0.1931725197 0.9339924625 0.1881841786 0.8996019901 0.5407721147 0.6407852202 0.5983670362 0.6736974425 0.5562426997 0.6239841657 0.4810481465 0.9004042225 0.5718500605 0.6454489191 0.7390086697 0.2519955713 0.0000000000 0.2731485116 0.6067353698
0.8826651282 0.5007356013 0.2939279222 0.2964977788 0.3347025717 0.8879121969 0.3763759194 0.0460666836 0.6527801274 0.5186087460 0.0407922494 0.7463441008 0.5356241529 0.3650014121 0.9607294281 0.8862256801 0.6694773525 0.2731485116 0.0000000000 0.3483841914
0.8174345394 0.9897512056 0.3883238890 0.8966107832 0.5809666866 0.5765870878 0.5096893303 0.7847473808 0.8264783709 0.5412812334 0.1138239107 0.7149463160 0.4429977335 0.3219058120 0.7042213637 0.2778606757 0.0332816661 0.6067353698 0.3483841914 0.0000000000
