# MCW Instance
# Type: UNIFORM
# N: 20
# Optimal cost: 2.0932206088731893
# Optimal tour (permutation): [0, 17, 15, 10, 2, 9, 5, 16, 13, 7, 1, 3, 8, 18, 4, 19, 6, 14, 11, 12, 0]
# Optimal walk (full path): [0, 17, 15, 17, 10, 2, 9, 5, 1, 16, 13, 16, 7, 16, 1, 3, 8, 18, 4, 19, 6, 14, 11, 12, 11, 0]
# Walk size: 26
# Is walk (has repeats): true

# Distance Matrix
0.0000000000 0.4497894643 0.1447768989 0.7230962652 0.5977245325 0.1274001206 0.6247709506 0.8071083633 0.7993186531 0.8084177309 0.8233587394 0.0765174073 0.7355973691 0.6339806391 0.0809465377 0.6390412859 0.5672184518 0.1849311805 0.7424650210 0.9626272162
0.4497894643 0.0000000000 0.2531113609 0.0827008925 0.2038809384 0.0165786387 0.3411682053 0.3681354420 0.1682662773 0.8835082952 0.5106217089 0.1263075689 0.4596001411 0.7286225438 0.4022735537 0.2325924746 0.0012672028 0.6856936129 0.4221505579 0.2837569592
0.1447768989 0.2531113609 0.0000000000 0.8562560153 0.1731781273 0.8848299864 0.7475402676 0.5473495632 0.3892916987 0.0745896836 0.1151806789 0.2281390225 0.2514507981 0.5457024535 0.3735689377 0.6594814938 0.8433451020 0.2576085310 0.4271860617 0.3610606983
0.7230962652 0.0827008925 0.8562560153 0.0000000000 0.5120046331 0.9463636134 0.1947093238 0.7539995695 0.1175778004 0.4706743879 0.9811472304 0.5880119105 0.5801380291 0.7389972407 0.3835905391 0.4553699434 0.7906881118 0.2235903019 0.4271430756 0.7340033639
0.5977245325 0.2038809384 0.1731781273 0.5120046331 0.0000000000 0.1576329451 0.9980724726 0.8473225737 0.8733346163 0.5453432085 0.6969575454 0.4361985281 0.5389942747 0.1280336931 0.7887957965 0.1517602361 0.7663492925 0.7300315996 0.0789685443 0.2534853024
0.1274001206 0.0165786387 0.8848299864 0.9463636134 0.1576329451 0.0000000000 0.9378160060 0.5526121617 0.4138466300 0.0718047422 0.0952190681 0.7979297623 0.1449365898 0.1451382971 0.8259961758 0.5921749744 0.0298028356 0.3653990543 0.7208378791 0.7829391030
0.6247709506 0.3411682053 0.7475402676 0.1947093238 0.9980724726 0.9378160060 0.0000000000 0.8959687333 0.4613440605 0.1903902918 0.6398693415 0.5746623421 0.6188734061 0.2499385008 0.2230496884 0.3231878931 0.2883573491 0.7335264013 0.2001436509 0.1978673580
0.8071083633 0.3681354420 0.5473495632 0.7539995695 0.8473225737 0.5526121617 0.8959687333 0.0000000000 0.2612971821 0.2827587929 0.1911868769 0.6139106255 0.9121023908 0.3705696976 0.2990191909 0.6342372643 0.0954933119 0.5665308998 0.3436970123 0.3661865214
0.7993186531 0.1682662773 0.3892916987 0.1175778004 0.8733346163 0.4138466300 0.4613440605 0.2612971821 0.0000000000 0.5660145440 0.2278127602 0.4608289552 0.2132162645 0.9433715651 0.8086993187 0.1466285881 0.6281059567 0.1857792103 0.0215980612 0.5365802124
0.8084177309 0.8835082952 0.0745896836 0.4706743879 0.5453432085 0.0718047422 0.1903902918 0.2827587929 0.5660145440 0.0000000000 0.4448424820 0.2532370026 0.1537742824 0.6899651115 0.8282819130 0.1436238182 0.9465787832 0.9190967375 0.3738442768 0.7667295904
0.8233587394 0.5106217089 0.1151806789 0.9811472304 0.6969575454 0.0952190681 0.6398693415 0.1911868769 0.2278127602 0.4448424820 0.0000000000 0.5777266445 0.7499658271 0.9139124533 0.1848194017 0.4522242746 0.9300970098 0.1432703897 0.5930516277 0.7038304409
0.0765174073 0.1263075689 0.2281390225 0.5880119105 0.4361985281 0.7979297623 0.5746623421 0.6139106255 0.4608289552 0.2532370026 0.5777266445 0.0000000000 0.0097706287 0.2628300397 0.0390477466 0.5364764769 0.4143649210 0.4590600221 0.2881389416 0.7938596777
0.7355973691 0.4596001411 0.2514507981 0.5801380291 0.5389942747 0.1449365898 0.6188734061 0.9121023908 0.2132162645 0.1537742824 0.7499658271 0.0097706287 0.0000000000 0.5984253112 0.1859438985 0.4292905903 0.4354633028 0.8261687998 0.8969590046 0.7864320920
0.6339806391 0.7286225438 0.5457024535 0.7389972407 0.1280336931 0.1451382971 0.2499385008 0.3705696976 0.9433715651 0.6899651115 0.9139124533 0.2628300397 0.5984253112 0.0000000000 0.9185450362 0.3584836164 0.0864816848 0.4508970814 0.8381755573 0.3430852887
0.0809465377 0.4022735537 0.3735689377 0.3835905391 0.7887957965 0.8259961758 0.2230496884 0.2990191909 0.8086993187 0.8282819130 0.1848194017 0.0390477466 0.1859438985 0.9185450362 0.0000000000 0.2431884969 0.2829040363 0.5611973809 0.5023420400 0.5924367360
0.6390412859 0.2325924746 0.6594814938 0.4553699434 0.1517602361 0.5921749744 0.3231878931 0.6342372643 0.1466285881 0.1436238182 0.4522242746 0.5364764769 0.4292905903 0.3584836164 0.2431884969 0.0000000000 0.5434856769 0.0050134189 0.7923842894 0.3102723963
0.5672184518 0.0012672028 0.8433451020 0.7906881118 0.7663492925 0.0298028356 0.2883573491 0.0954933119 0.6281059567 0.9465787832 0.9300970098 0.4143649210 0.4354633028 0.0864816848 0.2829040363 0.5434856769 0.0000000000 0.4130003579 0.1584038566 0.5674639057
0.1849311805 0.6856936129 0.2576085310 0.2235903019 0.7300315996 0.3653990543 0.7335264013 0.5665308998 0.1857792103 0.9190967375 0.1432703897 0.4590600221 0.8261687998 0.4508970814 0.5611973809 0.0050134189 0.4130003579 0.0000000000 0.2286270985 0.5283367212
0.7424650210 0.4221505579 0.4271860617 0.4271430756 0.0789685443 0.7208378791 0.2001436509 0.3436970123 0.0215980612 0.3738442768 0.5930516277 0.2881389416 0.8969590046 0.8381755573 0.5023420400 0.7923842894 0.1584038566 0.2286270985 0.0000000000 0.4191087390
0.9626272162 0.2837569592 0.3610606983 0.7340033639 0.2534853024 0.7829391030 0.1978673580 0.3661865214 0.5365802124 0.7667295904 0.7038304409 0.7938596777 0.7864320920 0.3430852887 0.5924367360 0.3102723963 0.5674639057 0.5283367212 0.4191087390 0.0000000000
