# Graph size: 20
# Optimal cost: 2.122926963745787

# Distance Matrix
0.0 0.7705964106912955 0.17392213536390366 0.5763116384613705 0.4286698758850258 0.12540925214450283 0.36858472480180504 0.6256828522084579 0.17230709970011493 0.3774535250137092 0.07535022649033085 0.6469030629731473 0.7463231076386488 0.35280227760062 0.9553155827929759 0.7095565609305612 0.9207396271431261 0.7991444789721998 0.7506784941258375 0.35080455770296903
0.7705964106912955 0.0 0.6262757846414582 0.9005777817414534 0.8948110221601087 0.609019041465978 0.27639737417219723 0.7261484656823534 0.5588653080274608 0.4152516874649862 0.7191504882190275 0.054307962011350686 0.5158009451556504 0.4141011195494748 0.5360956425591574 0.21955655927109097 0.13338847227046802 0.5052690133899149 0.9769467217432015 0.11289668377931905
0.17392213536390366 0.6262757846414582 0.0 0.2696566480772523 0.3980720737764858 0.42105876280680354 0.2343195470808449 0.8374157197209819 0.25340271740346443 0.89069751699014 0.7434007048209356 0.32890267145237784 0.05110920984100198 0.8060623147442073 0.7831815202934863 0.6472590622250789 0.6654910192957422 0.8683238409752883 0.9628649845312013 0.1784651470299925
0.5763116384613705 0.9005777817414534 0.2696566480772523 0.0 0.7575830568150425 0.6844761906239275 0.7764560963198417 0.15551911781722005 0.5001282362039683 0.5065928919718448 0.907328528393733 0.0160635023523249 0.8396144469366135 0.2481147328513762 0.8228008089214243 0.6353254654703633 0.4694790831141801 0.7610867049701359 0.7981567600209764 0.02815126981788174
0.4286698758850258 0.8948110221601087 0.3980720737764858 0.7575830568150425 0.0 0.9395599825169347 0.21080042062045612 0.5261466362677671 0.35707961807719457 0.3590992504687732 0.26808729684549804 0.7658569234448971 0.8578125853372246 0.9640818608611998 0.7545469725072679 0.06393826995120833 0.5991065971295992 0.41441858181407853 0.3222844809194356 0.44153256012689945
0.12540925214450283 0.609019041465978 0.42105876280680354 0.6844761906239275 0.9395599825169347 0.0 0.8310205183734631 0.06245847885726119 0.7272685255605195 0.08184186419451667 0.043621424114330676 0.5915431781474642 0.2642127972484912 0.4761333920030738 0.7576632745765887 0.36179195948986087 0.9709207206875348 0.19007620354933497 0.4994169218739294 0.5200324315231952
0.36858472480180504 0.27639737417219723 0.2343195470808449 0.7764560963198417 0.21080042062045612 0.8310205183734631 0.0 0.281323531863403 0.39765699030965085 0.37374504610295356 0.4317689995830556 0.9089804070285563 0.5965237824516708 0.1426787460700797 0.27530757534686356 0.8765984873598264 0.46645815172282956 0.7411670516401203 0.701631054368588 0.7721698174699807
0.6256828522084579 0.7261484656823534 0.8374157197209819 0.15551911781722005 0.5261466362677671 0.06245847885726119 0.281323531863403 0.0 0.6617777125806685 0.7173343901757427 0.3083477762693604 0.5086111874905485 0.43882263722933956 0.17149569769057882 0.3020103252380767 0.0913316970212249 0.4112811823548913 0.38634189786873996 0.13033001983407744 0.15694245383195526
0.17230709970011493 0.5588653080274608 0.25340271740346443 0.5001282362039683 0.35707961807719457 0.7272685255605195 0.39765699030965085 0.6617777125806685 0.0 0.3989611431078425 0.4901236937071979 0.05428772273896987 0.3363614671738594 0.2897152131489942 0.17532482508744918 0.5998691947679206 0.8168558509101658 0.06958013708578703 0.7072303597299151 0.5801290700064605
0.3774535250137092 0.4152516874649862 0.89069751699014 0.5065928919718448 0.3590992504687732 0.08184186419451667 0.37374504610295356 0.7173343901757427 0.3989611431078425 0.0 0.8301028707148028 0.6927913248063069 0.19995971461250917 0.9105144418053054 0.1771399602113346 0.2611853321942784 0.4119478010321379 0.75385565163608 0.31611326206860224 0.061605235009818404
0.07535022649033085 0.7191504882190275 0.7434007048209356 0.907328528393733 0.26808729684549804 0.043621424114330676 0.4317689995830556 0.3083477762693604 0.4901236937071979 0.8301028707148028 0.0 0.11852226035674607 0.6261580750781728 0.9850232104295353 0.37027461765009084 0.45613851042352627 0.9703056935641358 0.8092046225621423 0.5747078400086322 0.5009982528638646
0.6469030629731473 0.054307962011350686 0.32890267145237784 0.0160635023523249 0.7658569234448971 0.5915431781474642 0.9089804070285563 0.5086111874905485 0.05428772273896987 0.6927913248063069 0.11852226035674607 0.0 0.3620135070396411 0.8520678145947937 0.08657612242983415 0.7441914526972393 0.9508426330915493 0.607666830765259 0.7230496236141265 0.056165892980048815
0.7463231076386488 0.5158009451556504 0.05110920984100198 0.8396144469366135 0.8578125853372246 0.2642127972484912 0.5965237824516708 0.43882263722933956 0.3363614671738594 0.19995971461250917 0.6261580750781728 0.3620135070396411 0.0 0.9588181049747246 0.5049488767108102 0.7194882383159862 0.19524205030728536 0.06016666776071267 0.5960793790593085 0.30295500273320985
0.35280227760062 0.4141011195494748 0.8060623147442073 0.2481147328513762 0.9640818608611998 0.4761333920030738 0.1426787460700797 0.17149569769057882 0.2897152131489942 0.9105144418053054 0.9850232104295353 0.8520678145947937 0.9588181049747246 0.0 0.9080555428472741 0.24791743241747488 0.7350251067862307 0.8038772259257368 0.19422316201696188 0.356585837101692
0.9553155827929759 0.5360956425591574 0.7831815202934863 0.8228008089214243 0.7545469725072679 0.7576632745765887 0.27530757534686356 0.3020103252380767 0.17532482508744918 0.1771399602113346 0.37027461765009084 0.08657612242983415 0.5049488767108102 0.9080555428472741 0.0 0.2176174928924618 0.612282659495357 0.36319298709241443 0.7548871686064246 0.5506071249326195
0.7095565609305612 0.21955655927109097 0.6472590622250789 0.6353254654703633 0.06393826995120833 0.36179195948986087 0.8765984873598264 0.0913316970212249 0.5998691947679206 0.2611853321942784 0.45613851042352627 0.7441914526972393 0.7194882383159862 0.24791743241747488 0.2176174928924618 0.0 0.8953892081506138 0.09815243635112014 0.8484027906812668 0.7447593281615136
0.9207396271431261 0.13338847227046802 0.6654910192957422 0.4694790831141801 0.5991065971295992 0.9709207206875348 0.46645815172282956 0.4112811823548913 0.8168558509101658 0.4119478010321379 0.9703056935641358 0.9508426330915493 0.19524205030728536 0.7350251067862307 0.612282659495357 0.8953892081506138 0.0 0.884928092569335 0.8600328768579748 0.9393488240215647
0.7991444789721998 0.5052690133899149 0.8683238409752883 0.7610867049701359 0.41441858181407853 0.19007620354933497 0.7411670516401203 0.38634189786873996 0.06958013708578703 0.75385565163608 0.8092046225621423 0.607666830765259 0.06016666776071267 0.8038772259257368 0.36319298709241443 0.09815243635112014 0.884928092569335 0.0 0.28583003928215367 0.7154325246951232
0.7506784941258375 0.9769467217432015 0.9628649845312013 0.7981567600209764 0.3222844809194356 0.4994169218739294 0.701631054368588 0.13033001983407744 0.7072303597299151 0.31611326206860224 0.5747078400086322 0.7230496236141265 0.5960793790593085 0.19422316201696188 0.7548871686064246 0.8484027906812668 0.8600328768579748 0.28583003928215367 0.0 0.61406312414266
0.35080455770296903 0.11289668377931905 0.1784651470299925 0.02815126981788174 0.44153256012689945 0.5200324315231952 0.7721698174699807 0.15694245383195526 0.5801290700064605 0.061605235009818404 0.5009982528638646 0.056165892980048815 0.30295500273320985 0.356585837101692 0.5506071249326195 0.7447593281615136 0.9393488240215647 0.7154325246951232 0.61406312414266 0.0

# Optimal Walk
0 10 5 7 18 13 6 4 15 17 8 14 9 19 3 11 1 16 12 2 0
