# MCW Instance
# Type: UNIFORM
# N: 20
# Optimal cost: 1.8827179206045757
# Optimal tour (permutation): [0, 13, 11, 18, 17, 19, 6, 15, 12, 1, 5, 9, 8, 14, 10, 4, 2, 16, 7, 3, 0]
# Optimal walk (full path): [0, 13, 0, 11, 17, 18, 17, 19, 6, 15, 12, 1, 12, 8, 5, 9, 5, 8, 14, 10, 4, 2, 16, 7, 3, 0]
# Walk size: 26
# Is walk (has repeats): true

# Distance Matrix
0.0000000000 0.8078091920 0.5124469461 0.1199970327 0.1640899951 0.7755377437 0.7166917083 0.1119679974 0.2644765560 0.9268176279 0.1900055583 0.0666534828 0.3782031608 0.0803093566 0.5801202088 0.7624704762 0.1649491866 0.7329982186 0.2139296715 0.9981053061
0.8078091920 0.0000000000 0.8393215924 0.6601983851 0.7956170724 0.2879962010 0.3192766140 0.6471344082 0.7587970305 0.5092327123 0.9007647927 0.6053044620 0.0622548325 0.7340336284 0.4986686890 0.8590564698 0.6026529438 0.2798160607 0.7685170891 0.7012843721
0.5124469461 0.8393215924 0.0000000000 0.8326138414 0.0879703277 0.2291231168 0.4118785858 0.6188783849 0.9028067669 0.8432085950 0.8085415101 0.8527763977 0.3637419648 0.3812396170 0.0568047783 0.8340369427 0.0466436788 0.2931142017 0.9045624214 0.9890031537
0.1199970327 0.6601983851 0.8326138414 0.0000000000 0.6943551103 0.7430052088 0.7261599437 0.0556070991 0.3617709899 0.9245769120 0.7620563322 0.4699978731 0.9674393833 0.7669571962 0.7223022368 0.3235061238 0.7915141620 0.6662616705 0.4855544462 0.9236668247
0.1640899951 0.7956170724 0.0879703277 0.6943551103 0.0000000000 0.7889860964 0.9331295674 0.9700731278 0.6893114049 0.1974699907 0.2336461283 0.3791248170 0.8372789807 0.8104289523 0.4191894387 0.9304411450 0.0770861656 0.4595669828 0.7901543554 0.8678591036
0.7755377437 0.2879962010 0.2291231168 0.7430052088 0.7889860964 0.0000000000 0.3199334294 0.7042232183 0.0191697845 0.0229959175 0.2297151997 0.4609526765 0.6713399916 0.4457877714 0.2962402104 0.3230798749 0.5022044356 0.6549483300 0.9946571527 0.6178634250
0.7166917083 0.3192766140 0.4118785858 0.7261599437 0.9331295674 0.3199334294 0.0000000000 0.4885248103 0.8728795163 0.5101205111 0.8280106086 0.8526719080 0.2042935150 0.4530195393 0.8646337612 0.1782992396 0.0937816761 0.9676332313 0.8203402540 0.0831540818
0.1119679974 0.6471344082 0.6188783849 0.0556070991 0.9700731278 0.7042232183 0.4885248103 0.0000000000 0.5547925031 0.6458628969 0.2540009876 0.8142908813 0.6009573390 0.6977330565 0.7628426387 0.5616161356 0.0304291138 0.9016400207 0.5828613285 0.2476073722
0.2644765560 0.7587970305 0.9028067669 0.3617709899 0.6893114049 0.0191697845 0.8728795163 0.5547925031 0.0000000000 0.2148759225 0.9598675151 0.2251563090 0.0442138825 0.8269980645 0.0186767621 0.7036342495 0.8923597533 0.5039130720 0.2773182157 0.7386362321
0.9268176279 0.5092327123 0.8432085950 0.9245769120 0.1974699907 0.0229959175 0.5101205111 0.6458628969 0.2148759225 0.0000000000 0.8551348473 0.2884807992 0.8066006859 0.4313906933 0.2226727738 0.3166162433 0.9251931919 0.2957978253 0.9048792064 0.6258650348
0.1900055583 0.9007647927 0.8085415101 0.7620563322 0.2336461283 0.2297151997 0.8280106086 0.2540009876 0.9598675151 0.8551348473 0.0000000000 0.7406234790 0.2069018575 0.7975880810 0.1489925122 0.7519763346 0.7795094900 0.4883869548 0.9260645802 0.7325839950
0.0666534828 0.6053044620 0.8527763977 0.4699978731 0.3791248170 0.4609526765 0.8526719080 0.8142908813 0.2251563090 0.2884807992 0.7406234790 0.0000000000 0.9257645705 0.8802669960 0.3194742666 0.4635401331 0.8570899199 0.0544175761 0.5485952847 0.2726573586
0.3782031608 0.0622548325 0.3637419648 0.9674393833 0.8372789807 0.6713399916 0.2042935150 0.6009573390 0.0442138825 0.8066006859 0.2069018575 0.9257645705 0.0000000000 0.5937596604 0.9678985081 0.1742196447 0.7485281416 0.1244664574 0.3875882909 0.2576637966
0.0803093566 0.7340336284 0.3812396170 0.7669571962 0.8104289523 0.4457877714 0.4530195393 0.6977330565 0.8269980645 0.4313906933 0.7975880810 0.8802669960 0.5937596604 0.0000000000 0.4456372002 0.7185994083 0.7987194331 0.7954035314 0.8740132972 0.5355508036
0.5801202088 0.4986686890 0.0568047783 0.7223022368 0.4191894387 0.2962402104 0.8646337612 0.7628426387 0.0186767621 0.2226727738 0.1489925122 0.3194742666 0.9678985081 0.4456372002 0.0000000000 0.8944773601 0.6873250110 0.5756967043 0.5982203708 0.6525523300
0.7624704762 0.8590564698 0.8340369427 0.3235061238 0.9304411450 0.3230798749 0.1782992396 0.5616161356 0.7036342495 0.3166162433 0.7519763346 0.4635401331 0.1742196447 0.7185994083 0.8944773601 0.0000000000 0.9351555969 0.6303383060 0.4019881575 0.9351984801
0.1649491866 0.6026529438 0.0466436788 0.7915141620 0.0770861656 0.5022044356 0.0937816761 0.0304291138 0.8923597533 0.9251931919 0.7795094900 0.8570899199 0.7485281416 0.7987194331 0.6873250110 0.9351555969 0.0000000000 0.9873646874 0.5035348795 0.9157780433
0.7329982186 0.2798160607 0.2931142017 0.6662616705 0.4595669828 0.6549483300 0.9676332313 0.9016400207 0.5039130720 0.2957978253 0.4883869548 0.0544175761 0.1244664574 0.7954035314 0.5756967043 0.6303383060 0.9873646874 0.0000000000 0.0112680115 0.1478015533
0.2139296715 0.7685170891 0.9045624214 0.4855544462 0.7901543554 0.9946571527 0.8203402540 0.5828613285 0.2773182157 0.9048792064 0.9260645802 0.5485952847 0.3875882909 0.8740132972 0.5982203708 0.4019881575 0.5035348795 0.0112680115 0.0000000000 0.7540444358
0.9981053061 0.7012843721 0.9890031537 0.9236668247 0.8678591036 0.6178634250 0.0831540818 0.2476073722 0.7386362321 0.6258650348 0.7325839950 0.2726573586 0.2576637966 0.5355508036 0.6525523300 0.9351984801 0.9157780433 0.1478015533 0.7540444358 0.0000000000
