# MCW Instance
# Type: UNIFORM
# N: 20
# Optimal cost: 1.6234666241579134
# Optimal tour (permutation): [0, 16, 7, 1, 4, 9, 13, 12, 2, 17, 14, 15, 5, 11, 19, 3, 18, 10, 8, 6, 0]
# Optimal walk (full path): [0, 8, 16, 8, 7, 1, 4, 9, 2, 13, 2, 12, 2, 17, 14, 5, 15, 5, 11, 19, 3, 18, 10, 18, 8, 6, 8, 0]
# Walk size: 28
# Is walk (has repeats): true

# Distance Matrix
0.0000000000 0.3195841349 0.1204594538 0.1895046880 0.5497274582 0.2399871257 0.7706891162 0.8232210848 0.0969432763 0.5846817781 0.2201526827 0.6918203691 0.4255456877 0.5115784779 0.5176135066 0.3024923586 0.7213783378 0.6467634266 0.1872516282 0.7944523655
0.3195841349 0.0000000000 0.3992899350 0.4050076758 0.0732487803 0.9453907995 0.9785271802 0.0994620725 0.3637947548 0.3360199135 0.2873446660 0.4145424982 0.5181785947 0.2354924198 0.7912958690 0.4888626988 0.9700418868 0.9589433689 0.1297082991 0.8091726053
0.1204594538 0.3992899350 0.0000000000 0.1605356481 0.4181329661 0.2661352408 0.3516120407 0.6670362973 0.3371444345 0.0111151949 0.9231912396 0.9362405282 0.1373184396 0.0593595537 0.4542611906 0.4048722064 0.8090807737 0.0985276537 0.0718379735 0.5968995683
0.1895046880 0.4050076758 0.1605356481 0.0000000000 0.1830480666 0.9930380723 0.1439975982 0.1230741150 0.8887714937 0.5239034036 0.1271586902 0.3767672496 0.9467061947 0.6743653608 0.9709222296 0.1194943269 0.3774695795 0.9911455729 0.0392391841 0.0801802462
0.5497274582 0.0732487803 0.4181329661 0.1830480666 0.0000000000 0.4321793124 0.1224171531 0.9920284450 0.1541346595 0.0486374550 0.2361407397 0.8379685311 0.7808685236 0.9203543462 0.6561975080 0.4170389936 0.6042987211 0.1288821341 0.7187918368 0.9004883529
0.2399871257 0.9453907995 0.2661352408 0.9930380723 0.4321793124 0.0000000000 0.5745502950 0.6346545579 0.5478837224 0.5062568403 0.2374811323 0.0475059801 0.1759517963 0.5194846111 0.0762170311 0.0052693852 0.1951754180 0.8805866503 0.4183997211 0.1773295750
0.7706891162 0.9785271802 0.3516120407 0.1439975982 0.1224171531 0.5745502950 0.0000000000 0.9141644341 0.0574777641 0.6035143950 0.3797342857 0.8166536864 0.6538827725 0.8165769576 0.5394426637 0.9711185437 0.2222676919 0.2376258567 0.2775169201 0.9240568801
0.8232210848 0.0994620725 0.6670362973 0.1230741150 0.9920284450 0.6346545579 0.9141644341 0.0000000000 0.0477803744 0.9308770945 0.6945396826 0.5247218385 0.2486898101 0.2030648963 0.5362660568 0.0753790451 0.3991653553 0.9974051126 0.2934959647 0.1787005712
0.0969432763 0.3637947548 0.3371444345 0.8887714937 0.1541346595 0.5478837224 0.0574777641 0.0477803744 0.0000000000 0.0218382790 0.2577820959 0.9473790912 0.6626974553 0.7204400703 0.0971736583 0.0098408693 0.0036314186 0.4269129755 0.0349935882 0.2285449885
0.5846817781 0.3360199135 0.0111151949 0.5239034036 0.0486374550 0.5062568403 0.6035143950 0.9308770945 0.0218382790 0.0000000000 0.7386353732 0.2227404243 0.5299442445 0.8267842931 0.4623117038 0.4608459318 0.5281367073 0.4309182685 0.1353662052 0.4622610179
0.2201526827 0.2873446660 0.9231912396 0.1271586902 0.2361407397 0.2374811323 0.3797342857 0.6945396826 0.2577820959 0.7386353732 0.0000000000 0.7706492532 0.9014524470 0.5983742264 0.8908641703 0.1603596442 0.1285807564 0.3800656292 0.0198444197 0.5748004805
0.6918203691 0.4145424982 0.9362405282 0.3767672496 0.8379685311 0.0475059801 0.8166536864 0.5247218385 0.9473790912 0.2227404243 0.7706492532 0.0000000000 0.4789895113 0.1170529718 0.4951445551 0.1299507080 0.9879471153 0.1607175159 0.8739908509 0.0492909647
0.4255456877 0.5181785947 0.1373184396 0.9467061947 0.7808685236 0.1759517963 0.6538827725 0.2486898101 0.6626974553 0.5299442445 0.9014524470 0.4789895113 0.0000000000 0.5791812089 0.2370059786 0.1707173160 0.9731140168 0.5647705489 0.3461802405 0.8774445294
0.5115784779 0.2354924198 0.0593595537 0.6743653608 0.9203543462 0.5194846111 0.8165769576 0.2030648963 0.7204400703 0.8267842931 0.5983742264 0.1170529718 0.5791812089 0.0000000000 0.7549959502 0.4282565466 0.4421015533 0.4437742589 0.5354975396 0.4264047409
0.5176135066 0.7912958690 0.4542611906 0.9709222296 0.6561975080 0.0762170311 0.5394426637 0.5362660568 0.0971736583 0.4623117038 0.8908641703 0.4951445551 0.2370059786 0.7549959502 0.0000000000 0.8144193798 0.9975129052 0.1575795845 0.8585241708 0.5120742375
0.3024923586 0.4888626988 0.4048722064 0.1194943269 0.4170389936 0.0052693852 0.9711185437 0.0753790451 0.0098408693 0.4608459318 0.1603596442 0.1299507080 0.1707173160 0.4282565466 0.8144193798 0.0000000000 0.1675381469 0.7938798291 0.9469784729 0.5928133533
0.7213783378 0.9700418868 0.8090807737 0.3774695795 0.6042987211 0.1951754180 0.2222676919 0.3991653553 0.0036314186 0.5281367073 0.1285807564 0.9879471153 0.9731140168 0.4421015533 0.9975129052 0.1675381469 0.0000000000 0.2302750730 0.9929132847 0.1484992848
0.6467634266 0.9589433689 0.0985276537 0.9911455729 0.1288821341 0.8805866503 0.2376258567 0.9974051126 0.4269129755 0.4309182685 0.3800656292 0.1607175159 0.5647705489 0.4437742589 0.1575795845 0.7938798291 0.2302750730 0.0000000000 0.4609563373 0.4428491851
0.1872516282 0.1297082991 0.0718379735 0.0392391841 0.7187918368 0.4183997211 0.2775169201 0.2934959647 0.0349935882 0.1353662052 0.0198444197 0.8739908509 0.3461802405 0.5354975396 0.8585241708 0.9469784729 0.9929132847 0.4609563373 0.0000000000 0.2194217023
0.7944523655 0.8091726053 0.5968995683 0.0801802462 0.9004883529 0.1773295750 0.9240568801 0.1787005712 0.2285449885 0.4622610179 0.5748004805 0.0492909647 0.8774445294 0.4264047409 0.5120742375 0.5928133533 0.1484992848 0.4428491851 0.2194217023 0.0000000000
