# Graph size: 20
# Optimal cost: 1.0654940028168705

# Distance Matrix
0.0 0.17353325513807283 0.022027256694419628 0.7670834099215632 0.6541811831758467 0.9065103533190485 0.4468973152915551 0.10555784499848242 0.1306048699950222 0.7376129168758438 0.15683453857934593 0.8932565552466486 0.8268824677955305 0.6351251147406007 0.8467342508463935 0.5791288749173618 0.718155243604334 0.7031857456083055 0.05099844832101719 0.5439086557775252
0.17353325513807283 0.0 0.8660676215011828 0.06723875749456287 0.5569684280297249 0.08556764825874741 0.3395703974516914 0.0017944463342108863 0.5759038661985717 0.26599108106769254 0.29306573532012703 0.37450630393936024 0.8951716267467208 0.6816503956973056 0.496358251242894 0.15342006066463976 0.3847216248334949 0.40952382096834616 0.9009154832404729 0.6783534999703537
0.022027256694419628 0.8660676215011828 0.0 0.9115915157665416 0.34924318560322143 0.14822965126574306 0.6327165908124548 0.9280953208421634 0.9334207574538197 0.2786123299463166 0.16868344578197314 0.7425157528574885 0.7103373920168015 0.28254212769426934 0.43647889923573346 0.7555339832535489 0.6166493535995415 0.5517251801223821 0.8476444663105415 0.7512944663626074
0.7670834099215632 0.06723875749456287 0.9115915157665416 0.0 0.8524977025928039 0.733316376699928 0.7624994366656072 0.6689164424608209 0.14738112176225726 0.9682893086806704 0.9336149920177002 0.14842813358827756 0.8623790378774726 0.0037316156809771295 0.9599704427589932 0.5445136793345434 0.8127889834178124 0.20888088016736972 0.21056217807395738 0.03212619127239302
0.6541811831758467 0.5569684280297249 0.34924318560322143 0.8524977025928039 0.0 0.9149684589833129 0.09600642558254258 0.16158799912109656 0.88993570607136 0.7621478901568246 0.549780351188011 0.857930308273751 0.040743415856412835 0.016208561684452394 0.6025709082436221 0.2575138562318512 0.4524088188216092 0.0658949747557358 0.25813017586783116 0.5462150486398749
0.9065103533190485 0.08556764825874741 0.14822965126574306 0.733316376699928 0.9149684589833129 0.0 0.05849975900517623 0.7466584712505289 0.5624366609848203 0.12135125755898435 0.444789691713377 0.04330528144860368 0.84799351958946 0.8333802452491719 0.6658903706249538 0.603848407050728 0.8366707316491949 0.2482915541098022 0.2057226664064895 0.5814396497909303
0.4468973152915551 0.3395703974516914 0.6327165908124548 0.7624994366656072 0.09600642558254258 0.05849975900517623 0.0 0.07622012373121234 0.14727299596121546 0.27619159168117946 0.7909847582603555 0.0068798998478152296 0.21558708019574213 0.36034625230853545 0.41802067458101766 0.8070254380522335 0.8891937576371105 0.14946946280181816 0.5496612150184764 0.05061136566602331
0.10555784499848242 0.0017944463342108863 0.9280953208421634 0.6689164424608209 0.16158799912109656 0.7466584712505289 0.07622012373121234 0.0 0.6255072848274653 0.7979551692346821 0.6108932342737579 0.12418951362506692 0.443777225980712 0.7254970152555532 0.38423260579635987 0.2975762586372265 0.4409337459767262 0.033024268018338354 0.6667255923087383 0.3197816463020242
0.1306048699950222 0.5759038661985717 0.9334207574538197 0.14738112176225726 0.88993570607136 0.5624366609848203 0.14727299596121546 0.6255072848274653 0.0 0.13034080174345963 0.9669863463983657 0.7755075143164848 0.42060213019659864 0.8737507268466674 0.7660005341945568 0.051607764953243374 0.6383173008688279 0.3808562984687396 0.6545420367503318 0.23141615541849436
0.7376129168758438 0.26599108106769254 0.2786123299463166 0.9682893086806704 0.7621478901568246 0.12135125755898435 0.27619159168117946 0.7979551692346821 0.13034080174345963 0.0 0.46522070086048584 0.23618746018032077 0.7102693388998785 0.05620276520126155 0.9052532090143578 0.6797016533629067 0.8247418586421472 0.7723093373426901 0.17179707749795814 0.4152681566472899
0.15683453857934593 0.29306573532012703 0.16868344578197314 0.9336149920177002 0.549780351188011 0.444789691713377 0.7909847582603555 0.6108932342737579 0.9669863463983657 0.46522070086048584 0.0 0.0017012836715413204 0.2381075578901114 0.4187273426333288 0.050348497634554845 0.7927513559449452 0.1985453102024224 0.09410682369901413 0.880526348021489 0.7571859150484633
0.8932565552466486 0.37450630393936024 0.7425157528574885 0.14842813358827756 0.857930308273751 0.04330528144860368 0.0068798998478152296 0.12418951362506692 0.7755075143164848 0.23618746018032077 0.0017012836715413204 0.0 0.9140795963461166 0.7334495587331803 0.12414220632813777 0.45087813306420943 0.738020186554936 0.2682668974402015 0.3851395090358486 0.5985584246889275
0.8268824677955305 0.8951716267467208 0.7103373920168015 0.8623790378774726 0.040743415856412835 0.84799351958946 0.21558708019574213 0.443777225980712 0.42060213019659864 0.7102693388998785 0.2381075578901114 0.9140795963461166 0.0 0.4247855298517824 0.2156494311974907 0.07633029144410775 0.784472604074703 0.921298741292608 0.43592693590970866 0.7706404717693163
0.6351251147406007 0.6816503956973056 0.28254212769426934 0.0037316156809771295 0.016208561684452394 0.8333802452491719 0.36034625230853545 0.7254970152555532 0.8737507268466674 0.05620276520126155 0.4187273426333288 0.7334495587331803 0.4247855298517824 0.0 0.2083256779626005 0.14472784048719545 0.49798760956958166 0.9644957509210945 0.7965809433196636 0.7820012842147178
0.8467342508463935 0.496358251242894 0.43647889923573346 0.9599704427589932 0.6025709082436221 0.6658903706249538 0.41802067458101766 0.38423260579635987 0.7660005341945568 0.9052532090143578 0.050348497634554845 0.12414220632813777 0.2156494311974907 0.2083256779626005 0.0 0.0756270581548848 0.5353616286061266 0.2335979027986511 0.4600061849026149 0.21333649740230665
0.5791288749173618 0.15342006066463976 0.7555339832535489 0.5445136793345434 0.2575138562318512 0.603848407050728 0.8070254380522335 0.2975762586372265 0.051607764953243374 0.6797016533629067 0.7927513559449452 0.45087813306420943 0.07633029144410775 0.14472784048719545 0.0756270581548848 0.0 0.25455128942635663 0.28275689149364114 0.7301033156441371 0.7462283301381138
0.718155243604334 0.3847216248334949 0.6166493535995415 0.8127889834178124 0.4524088188216092 0.8366707316491949 0.8891937576371105 0.4409337459767262 0.6383173008688279 0.8247418586421472 0.1985453102024224 0.738020186554936 0.784472604074703 0.49798760956958166 0.5353616286061266 0.25455128942635663 0.0 0.07676829606163726 0.10463203157031375 0.1865694156418135
0.7031857456083055 0.40952382096834616 0.5517251801223821 0.20888088016736972 0.0658949747557358 0.2482915541098022 0.14946946280181816 0.033024268018338354 0.3808562984687396 0.7723093373426901 0.09410682369901413 0.2682668974402015 0.921298741292608 0.9644957509210945 0.2335979027986511 0.28275689149364114 0.07676829606163726 0.0 0.6363371342300727 0.5694509266724783
0.05099844832101719 0.9009154832404729 0.8476444663105415 0.21056217807395738 0.25813017586783116 0.2057226664064895 0.5496612150184764 0.6667255923087383 0.6545420367503318 0.17179707749795814 0.880526348021489 0.3851395090358486 0.43592693590970866 0.7965809433196636 0.4600061849026149 0.7301033156441371 0.10463203157031375 0.6363371342300727 0.0 0.14743840440138833
0.5439086557775252 0.6783534999703537 0.7512944663626074 0.03212619127239302 0.5462150486398749 0.5814396497909303 0.05061136566602331 0.3197816463020242 0.23141615541849436 0.4152681566472899 0.7571859150484633 0.5985584246889275 0.7706404717693163 0.7820012842147178 0.21333649740230665 0.7462283301381138 0.1865694156418135 0.5694509266724783 0.14743840440138833 0.0

# Optimal Walk
0 18 16 17 7 1 5 11 14 10 6 19 3 13 9 4 12 15 8 2 0
