# Graph size: 20
# Optimal cost: 2.03549355518153

# Distance Matrix
0.0 0.4345251664566099 0.46775704853123856 0.17720284672845232 0.33231669214720727 0.9369584397379763 0.9090362885161577 0.1957929648140625 0.204951221213025 0.9472920901420789 0.3096584328168267 0.6309539880621619 0.13463575583415532 0.783445699649664 0.3613910793704923 0.5649612738189084 0.6290752968095122 0.30073070712490013 0.6927284239088706 0.10302546902916743
0.4345251664566099 0.0 0.19925521999517426 0.5868258222725259 0.6652127457501233 0.7573816532873004 0.6448225460754268 0.6905663993935903 0.28521230212523463 0.5231674037218159 0.9562820177968908 0.1616787491822257 0.2829444072845426 0.6619889914656316 0.20659565878020647 0.35144045916955324 0.05994543670797048 0.8975521904236956 0.5948144388454024 0.8783502946503197
0.46775704853123856 0.19925521999517426 0.0 0.3868550522253402 0.1974604688613668 0.6256590183369383 0.3982424665352281 0.44529423458471984 0.5662597754885417 0.26150577670636654 0.8348815004755913 0.050782516015371426 0.3070360669327138 0.76702389726166 0.5249257420162 0.6680525254031354 0.022347647761704503 0.881747451987805 0.31024907449954475 0.13578491254455138
0.17720284672845232 0.5868258222725259 0.3868550522253402 0.0 0.2200018705334248 0.9021562624212912 0.47096170996976405 0.8546999716651174 0.7651613295474811 0.2323781076114818 0.5340729814891932 0.561107339749716 0.5774919990338999 0.9714136066023119 0.41558993622972085 0.7074282620479192 0.9105419683159254 0.14482484879845847 0.05794781013853301 0.9018694928483811
0.33231669214720727 0.6652127457501233 0.1974604688613668 0.2200018705334248 0.0 0.27026585413123894 0.2601171372506277 0.7100196088046696 0.8213419077069197 0.5305871453297265 0.9675828785255263 0.26355357508990696 0.504880835500485 0.0861164820165109 0.7421653589351317 0.607739098419707 0.9592393623942121 0.9456210658005137 0.6669395594170885 0.7927029577062583
0.9369584397379763 0.7573816532873004 0.6256590183369383 0.9021562624212912 0.27026585413123894 0.0 0.5639895060803288 0.5145667304613071 0.5950954772429498 0.9030895688644738 0.8503811148244514 0.44103058203130574 0.19484971162273423 0.934480443329802 0.8463710505592565 0.30650918475636113 0.6404987426152642 0.6382590578706194 0.3296508093982412 0.13162314709923795
0.9090362885161577 0.6448225460754268 0.3982424665352281 0.47096170996976405 0.2601171372506277 0.5639895060803288 0.0 0.002867693357340384 0.25463027680172834 0.011163449753931465 0.636446168183531 0.7136961394799622 0.2888531400426595 0.8835156786360485 0.9461629046661235 0.8310430513022017 0.0023491484638831217 0.711854554792492 0.9649861560323746 0.21658048703594002
0.1957929648140625 0.6905663993935903 0.44529423458471984 0.8546999716651174 0.7100196088046696 0.5145667304613071 0.002867693357340384 0.0 0.08819861491703618 0.9191924849939613 0.9547414669564005 0.1506858612387295 0.07963972030375233 0.9238281675854477 0.9492526578746175 0.3575313346935659 0.4005362646181321 0.3234253522718247 0.5116391767080869 0.8899075998894856
0.204951221213025 0.28521230212523463 0.5662597754885417 0.7651613295474811 0.8213419077069197 0.5950954772429498 0.25463027680172834 0.08819861491703618 0.0 0.6083817463793044 0.18847511112159399 0.9988621629769017 0.8323088600871658 0.30325905713082346 0.12728167683448777 0.9363334572903603 0.32084465926530936 0.3802764277984413 0.7152755338263881 0.32512700239943915
0.9472920901420789 0.5231674037218159 0.26150577670636654 0.2323781076114818 0.5305871453297265 0.9030895688644738 0.011163449753931465 0.9191924849939613 0.6083817463793044 0.0 0.9498331154111315 0.788352011021675 0.3433722678887028 0.7053104267729947 0.23746977079859877 0.7248208234448332 0.5332585320327453 0.5811395363964442 0.4567544649170646 0.24318992626500813
0.3096584328168267 0.9562820177968908 0.8348815004755913 0.5340729814891932 0.9675828785255263 0.8503811148244514 0.636446168183531 0.9547414669564005 0.18847511112159399 0.9498331154111315 0.0 0.291902138004403 0.37733589585353133 0.8028983835062804 0.5804680833847626 0.13324558067085523 0.4403941837676413 0.5647222671287149 0.12084936836930149 0.9819580707711609
0.6309539880621619 0.1616787491822257 0.050782516015371426 0.561107339749716 0.26355357508990696 0.44103058203130574 0.7136961394799622 0.1506858612387295 0.9988621629769017 0.788352011021675 0.291902138004403 0.0 0.7248421414942551 0.6950957179479423 0.804130050475269 0.29228381897407607 0.7116029939715652 0.9342570262139346 0.9600909838002833 0.3644392899210064
0.13463575583415532 0.2829444072845426 0.3070360669327138 0.5774919990338999 0.504880835500485 0.19484971162273423 0.2888531400426595 0.07963972030375233 0.8323088600871658 0.3433722678887028 0.37733589585353133 0.7248421414942551 0.0 0.7940865687242716 0.4298910559349276 0.004178451593632948 0.02167565895576362 0.8373615394202717 0.6191332523349242 0.16516848174210985
0.783445699649664 0.6619889914656316 0.76702389726166 0.9714136066023119 0.0861164820165109 0.934480443329802 0.8835156786360485 0.9238281675854477 0.30325905713082346 0.7053104267729947 0.8028983835062804 0.6950957179479423 0.7940865687242716 0.0 0.5230373046543394 0.8667387642174653 0.9902053677354735 0.43210078442424205 0.8300106069919013 0.8743210001295293
0.3613910793704923 0.20659565878020647 0.5249257420162 0.41558993622972085 0.7421653589351317 0.8463710505592565 0.9461629046661235 0.9492526578746175 0.12728167683448777 0.23746977079859877 0.5804680833847626 0.804130050475269 0.4298910559349276 0.5230373046543394 0.0 0.22517859069211754 0.2056205315563444 0.11967163547973103 0.5455518827382811 0.14039859086253248
0.5649612738189084 0.35144045916955324 0.6680525254031354 0.7074282620479192 0.607739098419707 0.30650918475636113 0.8310430513022017 0.3575313346935659 0.9363334572903603 0.7248208234448332 0.13324558067085523 0.29228381897407607 0.004178451593632948 0.8667387642174653 0.22517859069211754 0.0 0.717967247882742 0.7426060121335477 0.3025229871761108 0.7873956320685337
0.6290752968095122 0.05994543670797048 0.022347647761704503 0.9105419683159254 0.9592393623942121 0.6404987426152642 0.0023491484638831217 0.4005362646181321 0.32084465926530936 0.5332585320327453 0.4403941837676413 0.7116029939715652 0.02167565895576362 0.9902053677354735 0.2056205315563444 0.717967247882742 0.0 0.1462019184307114 0.6607869216096381 0.4367747583073994
0.30073070712490013 0.8975521904236956 0.881747451987805 0.14482484879845847 0.9456210658005137 0.6382590578706194 0.711854554792492 0.3234253522718247 0.3802764277984413 0.5811395363964442 0.5647222671287149 0.9342570262139346 0.8373615394202717 0.43210078442424205 0.11967163547973103 0.7426060121335477 0.1462019184307114 0.0 0.0546427441457491 0.4848650530815165
0.6927284239088706 0.5948144388454024 0.31024907449954475 0.05794781013853301 0.6669395594170885 0.3296508093982412 0.9649861560323746 0.5116391767080869 0.7152755338263881 0.4567544649170646 0.12084936836930149 0.9600909838002833 0.6191332523349242 0.8300106069919013 0.5455518827382811 0.3025229871761108 0.6607869216096381 0.0546427441457491 0.0 0.7687626836380304
0.10302546902916743 0.8783502946503197 0.13578491254455138 0.9018694928483811 0.7927029577062583 0.13162314709923795 0.21658048703594002 0.8899075998894856 0.32512700239943915 0.24318992626500813 0.9819580707711609 0.3644392899210064 0.16516848174210985 0.8743210001295293 0.14039859086253248 0.7873956320685337 0.4367747583073994 0.4848650530815165 0.7687626836380304 0.0

# Optimal Walk
0 19 5 13 4 11 2 16 9 7 6 1 12 15 10 8 14 17 18 3 0
