# Graph size: 20
# Optimal cost: 2.010890438567327

# Distance Matrix
0.0 0.7924343192516731 0.7432369625610137 0.43964221070528975 0.04649821462335191 0.2613560941084545 0.2454358687863193 0.3554489521662568 0.8271762587790537 0.928928789698529 0.3563321236426863 0.07029144697655576 0.9263537888230785 0.34079305542667493 0.624925147917778 0.1384840290298316 0.5034041088781281 0.18503069730870136 0.36804003082126224 0.3913589234638274
0.7924343192516731 0.0 0.22648125212451942 0.9155932995449951 0.7950811790771786 0.5928571857244416 0.10950849060895251 0.5140985275895639 0.882580589345004 0.298687921115085 0.8591087764480277 0.24720222843494222 0.45853284629353575 0.7962837884182161 0.5435197167193896 0.5121063811470106 0.16842197699075712 0.7537570460629983 0.7480737771665011 0.3793640335089937
0.7432369625610137 0.22648125212451942 0.0 0.7380096305170886 0.7382872227725165 0.7656148780144122 0.23999439201116735 0.2223686865799115 0.07784757535373565 0.7852599497796268 0.04302229010230807 0.7363095253634673 0.6349047416420042 0.4892046462473376 0.9699084595655718 0.49826106134332737 0.9367017690738745 0.9448103202205554 0.03393779419437948 0.8878320972824278
0.43964221070528975 0.9155932995449951 0.7380096305170886 0.0 0.7639621430823477 0.18799904046753557 0.015485267768053923 0.6166931541058844 0.7383280825167762 0.43402237701247925 0.34817984788949263 0.04308254695840252 0.6685736537538319 0.4229584429715667 0.056339031012839325 0.12215474660881331 0.4166096031852703 0.00983146152600578 0.610647561528016 0.4775532583241794
0.04649821462335191 0.7950811790771786 0.7382872227725165 0.7639621430823477 0.0 0.8265229942030694 0.7430361100265155 0.6169061861912674 0.604003950158536 0.823371981548137 0.8397890582495112 0.5817769691654749 0.2663891166780554 0.13318209796862723 0.6636185007653785 0.6098041499256811 0.7476767231090715 0.2015670238850399 0.5364416621344652 0.7775904284338958
0.2613560941084545 0.5928571857244416 0.7656148780144122 0.18799904046753557 0.8265229942030694 0.0 0.7162426874050004 0.7956237664665733 0.47656954276340224 0.10386048719375052 0.13253933148596453 0.4622282831926241 0.24401694688429443 0.4882447944263598 0.7957255740450816 0.48558430691865995 0.8957851651458096 0.7269688859892681 0.8427902298198238 0.2378549431463024
0.2454358687863193 0.10950849060895251 0.23999439201116735 0.015485267768053923 0.7430361100265155 0.7162426874050004 0.0 0.9063233508330354 0.7302341010117763 0.7558623079800083 0.8489326066425046 0.7921643741980051 0.3639278893559078 0.20781741084916894 0.9348801001224448 0.09476912627950729 0.9174033956830083 0.3819527979084002 0.719301698417064 0.5219030458665035
0.3554489521662568 0.5140985275895639 0.2223686865799115 0.6166931541058844 0.6169061861912674 0.7956237664665733 0.9063233508330354 0.0 0.0594188166928874 0.23841766390777064 0.25787974572607475 0.02540737870518872 0.28592991583077443 0.5682499223486389 0.6335392627921832 0.6020166728687677 0.2862791460439934 0.5752838279090853 0.9281788305002708 0.6439132982037229
0.8271762587790537 0.882580589345004 0.07784757535373565 0.7383280825167762 0.604003950158536 0.47656954276340224 0.7302341010117763 0.0594188166928874 0.0 0.35842770865407936 0.15685804747074705 0.4966332934188675 0.7369985313728475 0.9892275135974244 0.01616641168774291 0.5695103759862495 0.9073995209543663 0.9823320688641103 0.23225925466182984 0.4937688720801596
0.928928789698529 0.298687921115085 0.7852599497796268 0.43402237701247925 0.823371981548137 0.10386048719375052 0.7558623079800083 0.23841766390777064 0.35842770865407936 0.0 0.4505191547877142 0.06419666916313771 0.9381157346659178 0.9833843063829704 0.6419765308724621 0.7277199932498978 0.3128729930712981 0.5971727935893325 0.8260736317792455 0.18343053640457574
0.3563321236426863 0.8591087764480277 0.04302229010230807 0.34817984788949263 0.8397890582495112 0.13253933148596453 0.8489326066425046 0.25787974572607475 0.15685804747074705 0.4505191547877142 0.0 0.18121089354931086 0.28682176580956387 0.6049634208710656 0.67972300391094 0.13105597879331043 0.2654018605754068 0.11048307053817696 0.1265016644373923 0.21018190918625268
0.07029144697655576 0.24720222843494222 0.7363095253634673 0.04308254695840252 0.5817769691654749 0.4622282831926241 0.7921643741980051 0.02540737870518872 0.4966332934188675 0.06419666916313771 0.18121089354931086 0.0 0.635111480660715 0.6306562740440899 0.91068833805941 0.9429479590751066 0.18273143186051444 0.18415599390633008 0.027405450540052723 0.6203309346115611
0.9263537888230785 0.45853284629353575 0.6349047416420042 0.6685736537538319 0.2663891166780554 0.24401694688429443 0.3639278893559078 0.28592991583077443 0.7369985313728475 0.9381157346659178 0.28682176580956387 0.635111480660715 0.0 0.5022444620495244 0.9885596257661288 0.16724510206630572 0.559570185560411 0.13630018601014626 0.152016521477495 0.19788720452209152
0.34079305542667493 0.7962837884182161 0.4892046462473376 0.4229584429715667 0.13318209796862723 0.4882447944263598 0.20781741084916894 0.5682499223486389 0.9892275135974244 0.9833843063829704 0.6049634208710656 0.6306562740440899 0.5022444620495244 0.0 0.30415933289407837 0.7416830490344342 0.33298760391765503 0.5574313802035821 0.5405824310234159 0.37866749749629136
0.624925147917778 0.5435197167193896 0.9699084595655718 0.056339031012839325 0.6636185007653785 0.7957255740450816 0.9348801001224448 0.6335392627921832 0.01616641168774291 0.6419765308724621 0.67972300391094 0.91068833805941 0.9885596257661288 0.30415933289407837 0.0 0.5590051852356667 0.43715832273619326 0.845106319545008 0.900120654679968 0.872941020344035
0.1384840290298316 0.5121063811470106 0.49826106134332737 0.12215474660881331 0.6098041499256811 0.48558430691865995 0.09476912627950729 0.6020166728687677 0.5695103759862495 0.7277199932498978 0.13105597879331043 0.9429479590751066 0.16724510206630572 0.7416830490344342 0.5590051852356667 0.0 0.27303863498630265 0.24210498382058954 0.07343981173759973 0.9840587505592702
0.5034041088781281 0.16842197699075712 0.9367017690738745 0.4166096031852703 0.7476767231090715 0.8957851651458096 0.9174033956830083 0.2862791460439934 0.9073995209543663 0.3128729930712981 0.2654018605754068 0.18273143186051444 0.559570185560411 0.33298760391765503 0.43715832273619326 0.27303863498630265 0.0 0.9881579626548447 0.9548058216437817 0.5068886105286436
0.18503069730870136 0.7537570460629983 0.9448103202205554 0.00983146152600578 0.2015670238850399 0.7269688859892681 0.3819527979084002 0.5752838279090853 0.9823320688641103 0.5971727935893325 0.11048307053817696 0.18415599390633008 0.13630018601014626 0.5574313802035821 0.845106319545008 0.24210498382058954 0.9881579626548447 0.0 0.6411665860739612 0.6323295609302054
0.36804003082126224 0.7480737771665011 0.03393779419437948 0.610647561528016 0.5364416621344652 0.8427902298198238 0.719301698417064 0.9281788305002708 0.23225925466182984 0.8260736317792455 0.1265016644373923 0.027405450540052723 0.152016521477495 0.5405824310234159 0.900120654679968 0.07343981173759973 0.9548058216437817 0.6411665860739612 0.0 0.6600118344954309
0.3913589234638274 0.3793640335089937 0.8878320972824278 0.4775532583241794 0.7775904284338958 0.2378549431463024 0.5219030458665035 0.6439132982037229 0.4937688720801596 0.18343053640457574 0.21018190918625268 0.6203309346115611 0.19788720452209152 0.37866749749629136 0.872941020344035 0.9840587505592702 0.5068886105286436 0.6323295609302054 0.6600118344954309 0.0

# Optimal Walk
0 15 12 19 9 5 10 2 18 11 7 8 14 17 3 6 1 16 13 4 0
