# MCW Instance
# Type: UNIFORM
# N: 20
# Optimal cost: 2.383996402321656
# Optimal tour (permutation): [0, 8, 7, 11, 6, 15, 2, 1, 19, 5, 9, 14, 3, 13, 18, 10, 17, 4, 16, 12, 0]
# Optimal walk (full path): [0, 8, 7, 11, 6, 15, 2, 15, 1, 19, 5, 9, 14, 3, 14, 13, 18, 10, 17, 4, 17, 16, 12, 0]
# Walk size: 24
# Is walk (has repeats): true

# Distance Matrix
0.0000000000 0.4015617984 0.2628980983 0.8199597313 0.4325820314 0.5881661414 0.5701019896 0.3240245473 0.1176804693 0.5486622458 0.8982115917 0.7841002855 0.2201569430 0.4348459737 0.3902700311 0.3760951205 0.9343945614 0.9028636093 0.7891411546 0.9134275906
0.4015617984 0.0000000000 0.5194560649 0.4391022581 0.6227455937 0.6884850922 0.4737231117 0.9613038423 0.8605424612 0.1840481985 0.1677349835 0.5213494692 0.5212678964 0.8839587546 0.9626011975 0.0621371546 0.4394805086 0.3039124494 0.9595259994 0.0882024397
0.2628980983 0.5194560649 0.0000000000 0.1572523908 0.5361072872 0.1753976297 0.7982084708 0.6973846802 0.0555811627 0.1200582750 0.6971578044 0.7958139942 0.2714234693 0.4627856064 0.9571559402 0.0234168809 0.3226471439 0.7186804213 0.8277817582 0.1112069354
0.8199597313 0.4391022581 0.1572523908 0.0000000000 0.9163590275 0.6600687727 0.2105980195 0.7079595034 0.5849678863 0.4636917598 0.1070604048 0.7455872543 0.5995215265 0.4413692149 0.0250611623 0.5651291284 0.9178652978 0.5699885743 0.5865690698 0.9650043866
0.4325820314 0.6227455937 0.5361072872 0.9163590275 0.0000000000 0.9691663290 0.9360834906 0.5173047217 0.3732224571 0.7804492242 0.6409314341 0.9191165332 0.4165280451 0.9361404383 0.6740129925 0.2266987767 0.2620006692 0.1282205198 0.7558402071 0.5325207564
0.5881661414 0.6884850922 0.1753976297 0.6600687727 0.9691663290 0.0000000000 0.2404163445 0.6024341437 0.1755748881 0.0273115858 0.4257181600 0.6351104279 0.2045223915 0.1481721867 0.0412320600 0.2854968407 0.7534997481 0.6523628655 0.7908025144 0.0601119096
0.5701019896 0.4737231117 0.7982084708 0.2105980195 0.9360834906 0.2404163445 0.0000000000 0.5602417781 0.2420407575 0.4718125861 0.7984732999 0.3424224703 0.5536987519 0.5170912465 0.0436598122 0.0325330198 0.2957832285 0.4340003149 0.3965165978 0.4227722901
0.3240245473 0.9613038423 0.6973846802 0.7079595034 0.5173047217 0.6024341437 0.5602417781 0.0000000000 0.0689453524 0.4615322724 0.8689156554 0.2912688165 0.9356066770 0.1500394244 0.0493338414 0.3553685692 0.1189964254 0.9832536700 0.9731134878 0.2033856399
0.1176804693 0.8605424612 0.0555811627 0.5849678863 0.3732224571 0.1755748881 0.2420407575 0.0689453524 0.0000000000 0.3065446879 0.6085454758 0.9501212368 0.6931281431 0.9084919837 0.7189095653 0.2441230457 0.1736745663 0.2798023448 0.1389539974 0.4210444017
0.5486622458 0.1840481985 0.1200582750 0.4636917598 0.7804492242 0.0273115858 0.4718125861 0.4615322724 0.3065446879 0.0000000000 0.2862910475 0.3519438120 0.2072080934 0.3873864664 0.0310431340 0.3408263538 0.1183543419 0.6254205094 0.2475702478 0.1981642715
0.8982115917 0.1677349835 0.6971578044 0.1070604048 0.6409314341 0.4257181600 0.7984732999 0.8689156554 0.6085454758 0.2862910475 0.0000000000 0.4915276270 0.8983846466 0.6516548309 0.2557564828 0.0646150012 0.7467580971 0.0936322573 0.0756544644 0.0795277483
0.7841002855 0.5213494692 0.7958139942 0.7455872543 0.9191165332 0.6351104279 0.3424224703 0.2912688165 0.9501212368 0.3519438120 0.4915276270 0.0000000000 0.4257899508 0.7603520464 0.8639146419 0.6197067335 0.5448113276 0.6293142030 0.9316081798 0.8886611051
0.2201569430 0.5212678964 0.2714234693 0.5995215265 0.4165280451 0.2045223915 0.5536987519 0.9356066770 0.6931281431 0.2072080934 0.8983846466 0.4257899508 0.0000000000 0.5604607440 0.6017692204 0.5939877510 0.1771296207 0.4488044099 0.3909842907 0.5871878106
0.4348459737 0.8839587546 0.4627856064 0.4413692149 0.9361404383 0.1481721867 0.5170912465 0.1500394244 0.9084919837 0.3873864664 0.6516548309 0.7603520464 0.5604607440 0.0000000000 0.0564923227 0.3354349222 0.4225418817 0.5515607252 0.1573504758 0.5979828568
0.3902700311 0.9626011975 0.9571559402 0.0250611623 0.6740129925 0.0412320600 0.0436598122 0.0493338414 0.7189095653 0.0310431340 0.2557564828 0.8639146419 0.6017692204 0.0564923227 0.0000000000 0.7154514002 0.3817285031 0.7447303119 0.9720779370 0.9560184504
0.3760951205 0.0621371546 0.0234168809 0.5651291284 0.2266987767 0.2854968407 0.0325330198 0.3553685692 0.2441230457 0.3408263538 0.0646150012 0.6197067335 0.5939877510 0.3354349222 0.7154514002 0.0000000000 0.2756558537 0.1851566521 0.4896475158 0.7508303368
0.9343945614 0.4394805086 0.3226471439 0.9178652978 0.2620006692 0.7534997481 0.2957832285 0.1189964254 0.1736745663 0.1183543419 0.7467580971 0.5448113276 0.1771296207 0.4225418817 0.3817285031 0.2756558537 0.0000000000 0.1285268404 0.3158802425 0.6575419589
0.9028636093 0.3039124494 0.7186804213 0.5699885743 0.1282205198 0.6523628655 0.4340003149 0.9832536700 0.2798023448 0.6254205094 0.0936322573 0.6293142030 0.4488044099 0.5515607252 0.7447303119 0.1851566521 0.1285268404 0.0000000000 0.3508805032 0.5119347440
0.7891411546 0.9595259994 0.8277817582 0.5865690698 0.7558402071 0.7908025144 0.3965165978 0.9731134878 0.1389539974 0.2475702478 0.0756544644 0.9316081798 0.3909842907 0.1573504758 0.9720779370 0.4896475158 0.3158802425 0.3508805032 0.0000000000 0.6728327272
0.9134275906 0.0882024397 0.1112069354 0.9650043866 0.5325207564 0.0601119096 0.4227722901 0.2033856399 0.4210444017 0.1981642715 0.0795277483 0.8886611051 0.5871878106 0.5979828568 0.9560184504 0.7508303368 0.6575419589 0.5119347440 0.6728327272 0.0000000000
