# MCW Instance
# Type: UNIFORM
# N: 20
# Optimal cost: 2.229542688395224
# Optimal tour (permutation): [0, 13, 8, 18, 6, 14, 10, 4, 17, 15, 3, 7, 16, 12, 5, 1, 19, 2, 11, 9, 0]
# Optimal walk (full path): [0, 8, 13, 8, 18, 6, 14, 10, 4, 17, 15, 3, 7, 16, 12, 5, 1, 19, 2, 11, 9, 0]
# Walk size: 22
# Is walk (has repeats): true

# Distance Matrix
0.0000000000 0.8674343097 0.4382976973 0.1393660800 0.3503480337 0.4209984434 0.7791220131 0.8434222130 0.1204526032 0.1387796153 0.7837640639 0.3843012085 0.3371198141 0.7015933145 0.4892824404 0.4365175189 0.4432763015 0.7377075723 0.7121305290 0.6892604416
0.8674343097 0.0000000000 0.4026140876 0.9863941350 0.5993963934 0.0884866679 0.5633384948 0.3741238571 0.3773323137 0.8554417183 0.7056713413 0.7976266883 0.8933955530 0.2130378011 0.5260689963 0.7527623466 0.2443117134 0.3618662722 0.3980299112 0.0741251091
0.4382976973 0.4026140876 0.0000000000 0.5102102758 0.1392250101 0.3675300106 0.9575321394 0.3736718983 0.9673923376 0.9905379210 0.1260218320 0.1925651921 0.1514807115 0.8007270140 0.4697145885 0.9168407412 0.3225551977 0.9074144610 0.7408658320 0.0919880405
0.1393660800 0.9863941350 0.5102102758 0.0000000000 0.8383027368 0.4669218668 0.9176667085 0.0756512899 0.2513905249 0.5449663978 0.6638253055 0.5089381585 0.5347526775 0.1933547069 0.9056872064 0.0302449404 0.6133965958 0.4011668968 0.9246310506 0.1969609754
0.3503480337 0.5993963934 0.1392250101 0.8383027368 0.0000000000 0.8939212570 0.9487808354 0.5197012983 0.5892035921 0.9057920395 0.0925021915 0.7339168067 0.1097744423 0.8725174277 0.4382287646 0.3574206724 0.5658170571 0.0162252607 0.3244924641 0.9216129241
0.4209984434 0.0884866679 0.3675300106 0.4669218668 0.8939212570 0.0000000000 0.7201940081 0.6657371493 0.5283856452 0.1806347983 0.1343920872 0.7860916985 0.1322933789 0.1400493341 0.2898020516 0.3765682723 0.9450164453 0.5372898307 0.6705089858 0.2946152765
0.7791220131 0.5633384948 0.9575321394 0.9176667085 0.9487808354 0.7201940081 0.0000000000 0.9577845451 0.3044244203 0.7182684476 0.4546876237 0.9338230903 0.9510113011 0.8291323231 0.0238503475 0.3795507986 0.9932957536 0.8512279152 0.1901066963 0.8261497053
0.8434222130 0.3741238571 0.3736718983 0.0756512899 0.5197012983 0.6657371493 0.9577845451 0.0000000000 0.5257270302 0.8644819100 0.3147601386 0.5621630365 0.7817490470 0.3756211314 0.7967221360 0.7009404444 0.0630462401 0.4455701827 0.7745282305 0.7411644862
0.1204526032 0.3773323137 0.9673923376 0.2513905249 0.5892035921 0.5283856452 0.3044244203 0.5257270302 0.0000000000 0.7299016278 0.6814051486 0.8709271826 0.5843557880 0.0400514400 0.4713124887 0.5452591289 0.3101688359 0.4993966555 0.3185398649 0.2604404293
0.1387796153 0.8554417183 0.9905379210 0.5449663978 0.9057920395 0.1806347983 0.7182684476 0.8644819100 0.7299016278 0.0000000000 0.8784540984 0.0451589371 0.6391162708 0.5942243204 0.3264764606 0.8205442124 0.9281565579 0.6285082133 0.9603439938 0.5197046596
0.7837640639 0.7056713413 0.1260218320 0.6638253055 0.0925021915 0.1343920872 0.4546876237 0.3147601386 0.6814051486 0.8784540984 0.0000000000 0.7708555122 0.4358099233 0.5016148184 0.2827656970 0.7768148792 0.2486366381 0.1432144729 0.9029112392 0.1501367150
0.3843012085 0.7976266883 0.1925651921 0.5089381585 0.7339168067 0.7860916985 0.9338230903 0.5621630365 0.8709271826 0.0451589371 0.7708555122 0.0000000000 0.9453222428 0.9932096319 0.6709976839 0.2727543581 0.8150097100 0.4406486255 0.5278926010 0.3747626340
0.3371198141 0.8933955530 0.1514807115 0.5347526775 0.1097744423 0.1322933789 0.9510113011 0.7817490470 0.5843557880 0.6391162708 0.4358099233 0.9453222428 0.0000000000 0.1748075136 0.5645927588 0.3207115375 0.0930468494 0.3037497616 0.8256271396 0.8663525812
0.7015933145 0.2130378011 0.8007270140 0.1933547069 0.8725174277 0.1400493341 0.8291323231 0.3756211314 0.0400514400 0.5942243204 0.5016148184 0.9932096319 0.1748075136 0.0000000000 0.4783000009 0.3310421008 0.9285530303 0.2142048185 0.8005561438 0.1701764287
0.4892824404 0.5260689963 0.4697145885 0.9056872064 0.4382287646 0.2898020516 0.0238503475 0.7967221360 0.4713124887 0.3264764606 0.2827656970 0.6709976839 0.5645927588 0.4783000009 0.0000000000 0.9256283249 0.9696335164 0.3246574677 0.3258492867 0.3416367435
0.4365175189 0.7527623466 0.9168407412 0.0302449404 0.3574206724 0.3765682723 0.3795507986 0.7009404444 0.5452591289 0.8205442124 0.7768148792 0.2727543581 0.3207115375 0.3310421008 0.9256283249 0.0000000000 0.7908212098 0.0796108865 0.4172203467 0.3452302180
0.4432763015 0.2443117134 0.3225551977 0.6133965958 0.5658170571 0.9450164453 0.9932957536 0.0630462401 0.3101688359 0.9281565579 0.2486366381 0.8150097100 0.0930468494 0.9285530303 0.9696335164 0.7908212098 0.0000000000 0.2037711521 0.5295801319 0.5588989369
0.7377075723 0.3618662722 0.9074144610 0.4011668968 0.0162252607 0.5372898307 0.8512279152 0.4455701827 0.4993966555 0.6285082133 0.1432144729 0.4406486255 0.3037497616 0.2142048185 0.3246574677 0.0796108865 0.2037711521 0.0000000000 0.7654032312 0.6937546490
0.7121305290 0.3980299112 0.7408658320 0.9246310506 0.3244924641 0.6705089858 0.1901066963 0.7745282305 0.3185398649 0.9603439938 0.9029112392 0.5278926010 0.8256271396 0.8005561438 0.3258492867 0.4172203467 0.5295801319 0.7654032312 0.0000000000 0.9692971789
0.6892604416 0.0741251091 0.0919880405 0.1969609754 0.9216129241 0.2946152765 0.8261497053 0.7411644862 0.2604404293 0.5197046596 0.1501367150 0.3747626340 0.8663525812 0.1701764287 0.3416367435 0.3452302180 0.5588989369 0.6937546490 0.9692971789 0.0000000000
