# Graph size: 20
# Optimal cost: 2.4573424813131997

# Distance Matrix
0.0 0.7099581256617644 0.7354761966949798 0.8968018816366028 0.8364584448341166 0.33324713627736613 0.4364670582413982 0.5670879104638837 0.7322871141895329 0.03836418785397022 0.14911286235845955 0.09418135105687486 0.5277257448178844 0.6209581781540437 0.35252450193268847 0.8909129937588963 0.01805929432323572 0.866146961928094 0.18540692621528965 0.27216839388471614
0.7099581256617644 0.0 0.7929410373128302 0.47847518287451696 0.4707178420716248 0.35784943236742406 0.3163497048393811 0.35492081031859823 0.9660429397419602 0.5105505012180137 0.021218698356307075 0.9595264400504131 0.44323400300127125 0.7584194748348468 0.9212096792565238 0.8873319884278521 0.25651987262455633 0.9983996702800271 0.9383912925113171 0.31563734430203416
0.7354761966949798 0.7929410373128302 0.0 0.6452145698426939 0.9010263106465793 0.8731230212857254 0.9322253693430034 0.13531107384385843 0.34517696296982825 0.7012335926342759 0.10302668338157994 0.0536629267090355 0.899651873532496 0.6736217256795086 0.49580957656628877 0.3491202919670894 0.3381875904164401 0.5146967917370395 0.11182985806139223 0.6269008589013603
0.8968018816366028 0.47847518287451696 0.6452145698426939 0.0 0.4254827655323672 0.8686153094543724 0.6939770181250113 0.5456402559287823 0.24404206788519944 0.02605919681543989 0.7778047318039674 0.5009805783390013 0.14512089856534294 0.8793395460328609 0.2309349019201955 0.8252198146690496 0.0017798970809943526 0.9998998621546411 0.9866768103335838 0.5694587014465625
0.8364584448341166 0.4707178420716248 0.9010263106465793 0.4254827655323672 0.0 0.8180345450009773 0.7098312330414968 0.8193034947121474 0.30284620396695094 0.9053124601357356 0.0278008782888578 0.4312797993035806 0.2629381462008862 0.7759066547451499 0.40983497257508616 0.8268379951745746 0.6218482674738892 0.6228405913974902 0.2766852584134858 0.9316478005948751
0.33324713627736613 0.35784943236742406 0.8731230212857254 0.8686153094543724 0.8180345450009773 0.0 0.5947844254060741 0.7565361824924433 0.42204845310267436 0.6849302163602691 0.6107273120434397 0.6509038167824412 0.5296961458777675 0.37821532209962905 0.7894225636701961 0.3149489622833668 0.19261224907856223 0.8440461127338784 0.5245216255282179 0.5507169726762648
0.4364670582413982 0.3163497048393811 0.9322253693430034 0.6939770181250113 0.7098312330414968 0.5947844254060741 0.0 0.023523815169463336 0.20828174150526102 0.05962069046867735 0.2843743424045624 0.6737505454772766 0.3112558165013488 0.5621107932478077 0.5644508290676341 0.8360867041097149 0.575895810336847 0.3491667826371597 0.00974378249425667 0.597469004481581
0.5670879104638837 0.35492081031859823 0.13531107384385843 0.5456402559287823 0.8193034947121474 0.7565361824924433 0.023523815169463336 0.0 0.05501218113865991 0.6008663553884165 0.4591126449672829 0.8284725845911207 0.6253170846422652 0.10734478004218218 0.3263675588358693 0.6492160548825484 0.8123338486489247 0.34005493408769893 0.6956833329494012 0.39504648955681976
0.7322871141895329 0.9660429397419602 0.34517696296982825 0.24404206788519944 0.30284620396695094 0.42204845310267436 0.20828174150526102 0.05501218113865991 0.0 0.5282101740519345 0.4116161677928636 0.5064461298793308 0.9204135755516234 0.08354973997072634 0.29439985837535376 0.27116687029615116 0.525631093771673 0.19472810700163312 0.0049133455994824216 0.646072032301536
0.03836418785397022 0.5105505012180137 0.7012335926342759 0.02605919681543989 0.9053124601357356 0.6849302163602691 0.05962069046867735 0.6008663553884165 0.5282101740519345 0.0 0.2687638570407245 0.34976057528483195 0.3292079596153191 0.8312088943523983 0.9336662629408841 0.818641217940309 0.0639512576217468 0.21537898630535768 0.46523834328373614 0.7981739585637052
0.14911286235845955 0.021218698356307075 0.10302668338157994 0.7778047318039674 0.0278008782888578 0.6107273120434397 0.2843743424045624 0.4591126449672829 0.4116161677928636 0.2687638570407245 0.0 0.6784673197510122 0.9009401568243487 0.2542539083114056 0.6666676084422084 0.764963074421426 0.744493909105293 0.256654866092086 0.0904693260149555 0.6373227269558235
0.09418135105687486 0.9595264400504131 0.0536629267090355 0.5009805783390013 0.4312797993035806 0.6509038167824412 0.6737505454772766 0.8284725845911207 0.5064461298793308 0.34976057528483195 0.6784673197510122 0.0 0.33170146915538234 0.5659941535063149 0.772161461385364 0.9632666760336194 0.8679486866625202 0.7227495971240766 0.9593488978823722 0.37033462844089415
0.5277257448178844 0.44323400300127125 0.899651873532496 0.14512089856534294 0.2629381462008862 0.5296961458777675 0.3112558165013488 0.6253170846422652 0.9204135755516234 0.3292079596153191 0.9009401568243487 0.33170146915538234 0.0 0.31130613408773855 0.7405194350152445 0.4433156997000257 0.553067809727722 0.20020755907963184 0.5566497371166709 0.6684308662004566
0.6209581781540437 0.7584194748348468 0.6736217256795086 0.8793395460328609 0.7759066547451499 0.37821532209962905 0.5621107932478077 0.10734478004218218 0.08354973997072634 0.8312088943523983 0.2542539083114056 0.5659941535063149 0.31130613408773855 0.0 0.5269280295485801 0.5354963837846367 0.3736325803439554 0.7460349782764286 0.32390635109739463 0.7649664109242749
0.35252450193268847 0.9212096792565238 0.49580957656628877 0.2309349019201955 0.40983497257508616 0.7894225636701961 0.5644508290676341 0.3263675588358693 0.29439985837535376 0.9336662629408841 0.6666676084422084 0.772161461385364 0.7405194350152445 0.5269280295485801 0.0 0.14765347253320504 0.6206411740329375 0.605437717479499 0.38824964825813213 0.30195498605723603
0.8909129937588963 0.8873319884278521 0.3491202919670894 0.8252198146690496 0.8268379951745746 0.3149489622833668 0.8360867041097149 0.6492160548825484 0.27116687029615116 0.818641217940309 0.764963074421426 0.9632666760336194 0.4433156997000257 0.5354963837846367 0.14765347253320504 0.0 0.37163510565471436 0.3801519369313706 0.9508803508831898 0.5952231374593421
0.01805929432323572 0.25651987262455633 0.3381875904164401 0.0017798970809943526 0.6218482674738892 0.19261224907856223 0.575895810336847 0.8123338486489247 0.525631093771673 0.0639512576217468 0.744493909105293 0.8679486866625202 0.553067809727722 0.3736325803439554 0.6206411740329375 0.37163510565471436 0.0 0.6502600666371192 0.25715583409847287 0.2285915097534187
0.866146961928094 0.9983996702800271 0.5146967917370395 0.9998998621546411 0.6228405913974902 0.8440461127338784 0.3491667826371597 0.34005493408769893 0.19472810700163312 0.21537898630535768 0.256654866092086 0.7227495971240766 0.20020755907963184 0.7460349782764286 0.605437717479499 0.3801519369313706 0.6502600666371192 0.0 0.9589915283140839 0.5495257856066494
0.18540692621528965 0.9383912925113171 0.11182985806139223 0.9866768103335838 0.2766852584134858 0.5245216255282179 0.00974378249425667 0.6956833329494012 0.0049133455994824216 0.46523834328373614 0.0904693260149555 0.9593488978823722 0.5566497371166709 0.32390635109739463 0.38824964825813213 0.9508803508831898 0.25715583409847287 0.9589915283140839 0.0 0.4399550036236357
0.27216839388471614 0.31563734430203416 0.6269008589013603 0.5694587014465625 0.9316478005948751 0.5507169726762648 0.597469004481581 0.39504648955681976 0.646072032301536 0.7981739585637052 0.6373227269558235 0.37033462844089415 0.6684308662004566 0.7649664109242749 0.30195498605723603 0.5952231374593421 0.2285915097534187 0.5495257856066494 0.4399550036236357 0.0

# Optimal Walk
0 11 2 10 4 1 18 6 7 13 8 17 12 16 19 14 15 5 3 9 0
