# MCW Instance
# Type: UNIFORM
# N: 20
# Optimal cost: 2.1509447756510855
# Optimal tour (permutation): [0, 9, 5, 11, 2, 19, 4, 10, 6, 12, 14, 13, 16, 1, 17, 18, 8, 15, 7, 3, 0]
# Optimal walk (full path): [0, 9, 0, 5, 0, 11, 2, 19, 4, 10, 6, 12, 14, 13, 16, 1, 17, 8, 18, 8, 15, 7, 3, 7, 0]
# Walk size: 25
# Is walk (has repeats): true

# Distance Matrix
0.0000000000 0.5291912476 0.3486550377 0.6949792972 0.5146692731 0.0455013636 0.3829440513 0.0453584312 0.9087079288 0.0026977025 0.2249572146 0.2826695069 0.9488505502 0.4018113150 0.7519416672 0.5949495164 0.2845847045 0.0952012090 0.1048775835 0.8526462682
0.5291912476 0.0000000000 0.7586383761 0.5985806861 0.4260464502 0.4159264068 0.5702689992 0.4439687107 0.1617937724 0.1843396738 0.3180930372 0.5079228098 0.4910630169 0.8275907669 0.6944591749 0.7035122290 0.1209427043 0.1058963874 0.9246572567 0.6598406227
0.3486550377 0.7586383761 0.0000000000 0.9023819171 0.9393820557 0.3967945136 0.5295299773 0.4623939325 0.4181994085 0.3119592197 0.8624287267 0.3234815216 0.2585215940 0.5993313129 0.5629083710 0.7866816983 0.3043005695 0.7871884257 0.3084646957 0.1915417279
0.6949792972 0.5985806861 0.9023819171 0.0000000000 0.5506473343 0.9982949469 0.4489414930 0.0345019660 0.8219217188 0.7469505619 0.3285455686 0.8265758373 0.6760957442 0.7550141261 0.1769240420 0.5018805310 0.3266810689 0.5755075633 0.2009262686 0.6504866496
0.5146692731 0.4260464502 0.9393820557 0.5506473343 0.0000000000 0.3744866957 0.4149433978 0.2752740189 0.8422187768 0.9237010296 0.1793091794 0.6782157487 0.8324531810 0.2202679424 0.4336803046 0.6473414857 0.4966228704 0.2952533262 0.6617224165 0.1410873718
0.0455013636 0.4159264068 0.3967945136 0.9982949469 0.3744866957 0.0000000000 0.9270541464 0.2218754126 0.9388835201 0.0830596114 0.2439231134 0.5020982978 0.8918647344 0.5391597063 0.3215345467 0.7871652512 0.6069979992 0.7315942456 0.8117893653 0.6061740632
0.3829440513 0.5702689992 0.5295299773 0.4489414930 0.4149433978 0.9270541464 0.0000000000 0.9714478216 0.5292039093 0.5586215986 0.0277743089 0.7836935885 0.0701482704 0.7403489365 0.2122921131 0.8535375668 0.4708341098 0.8512961156 0.6250649596 0.2269231862
0.0453584312 0.4439687107 0.4623939325 0.0345019660 0.2752740189 0.2218754126 0.9714478216 0.0000000000 0.1540770073 0.9397131717 0.2764955769 0.6171370128 0.1898369415 0.3559259145 0.7303106674 0.1015068894 0.1834708954 0.6328190251 0.7787362080 0.1514981432
0.9087079288 0.1617937724 0.4181994085 0.8219217188 0.8422187768 0.9388835201 0.5292039093 0.1540770073 0.0000000000 0.6692963772 0.0201670192 0.6217785945 0.1041481366 0.6713616925 0.6249917068 0.1075264911 0.2540691305 0.0786703785 0.0720394087 0.0913653526
0.0026977025 0.1843396738 0.3119592197 0.7469505619 0.9237010296 0.0830596114 0.5586215986 0.9397131717 0.6692963772 0.0000000000 0.8477883361 0.7487084834 0.0916349024 0.2542231927 0.3959827995 0.8009753430 0.4665832224 0.7834422385 0.8842060986 0.3913197101
0.2249572146 0.3180930372 0.8624287267 0.3285455686 0.1793091794 0.2439231134 0.0277743089 0.2764955769 0.0201670192 0.8477883361 0.0000000000 0.3254546227 0.1645983781 0.6589930898 0.3682348089 0.8565018041 0.9585662300 0.9937673039 0.6038675454 0.1346229854
0.2826695069 0.5079228098 0.3234815216 0.8265758373 0.6782157487 0.5020982978 0.7836935885 0.6171370128 0.6217785945 0.7487084834 0.3254546227 0.0000000000 0.8453544606 0.5977655044 0.4653484223 0.9031978335 0.4047129551 0.6212323528 0.8461506079 0.8332881857
0.9488505502 0.4910630169 0.2585215940 0.6760957442 0.8324531810 0.8918647344 0.0701482704 0.1898369415 0.1041481366 0.0916349024 0.1645983781 0.8453544606 0.0000000000 0.0732390622 0.0314275897 0.4125376948 0.9946086652 0.4686878142 0.5865267499 0.2367617949
0.4018113150 0.8275907669 0.5993313129 0.7550141261 0.2202679424 0.5391597063 0.7403489365 0.3559259145 0.6713616925 0.2542231927 0.6589930898 0.5977655044 0.0732390622 0.0000000000 0.0158369504 0.8044165263 0.0182861851 0.7865246970 0.6862474305 0.4303716846
0.7519416672 0.6944591749 0.5629083710 0.1769240420 0.4336803046 0.3215345467 0.2122921131 0.7303106674 0.6249917068 0.3959827995 0.3682348089 0.4653484223 0.0314275897 0.0158369504 0.0000000000 0.4493813772 0.3193167916 0.5563156665 0.6317518085 0.5176173479
0.5949495164 0.7035122290 0.7866816983 0.5018805310 0.6473414857 0.7871652512 0.8535375668 0.1015068894 0.1075264911 0.8009753430 0.8565018041 0.9031978335 0.4125376948 0.8044165263 0.4493813772 0.0000000000 0.0905996873 0.4318558055 0.6924571992 0.1567485817
0.2845847045 0.1209427043 0.3043005695 0.3266810689 0.4966228704 0.6069979992 0.4708341098 0.1834708954 0.2540691305 0.4665832224 0.9585662300 0.4047129551 0.9946086652 0.0182861851 0.3193167916 0.0905996873 0.0000000000 0.4264001295 0.5244164103 0.8876633720
0.0952012090 0.1058963874 0.7871884257 0.5755075633 0.2952533262 0.7315942456 0.8512961156 0.6328190251 0.0786703785 0.7834422385 0.9937673039 0.6212323528 0.4686878142 0.7865246970 0.5563156665 0.4318558055 0.4264001295 0.0000000000 0.4924351172 0.6337344994
0.1048775835 0.9246572567 0.3084646957 0.2009262686 0.6617224165 0.8117893653 0.6250649596 0.7787362080 0.0720394087 0.8842060986 0.6038675454 0.8461506079 0.5865267499 0.6862474305 0.6317518085 0.6924571992 0.5244164103 0.4924351172 0.0000000000 0.4200748732
0.8526462682 0.6598406227 0.1915417279 0.6504866496 0.1410873718 0.6061740632 0.2269231862 0.1514981432 0.0913653526 0.3913197101 0.1346229854 0.8332881857 0.2367617949 0.4303716846 0.5176173479 0.1567485817 0.8876633720 0.6337344994 0.4200748732 0.0000000000
