# Graph size: 20
# Optimal cost: 1.5015461028771475

# Distance Matrix
0.0 0.43975142600102624 0.2329254439855477 0.6389812933592307 0.7777814126656184 0.8912778470324071 0.7220724225960178 0.6484098838019918 0.0848727986531167 0.847971532860876 0.9245337301998263 0.09385024979602685 0.7293259037107763 0.27170646856329295 0.7078533244863257 0.39820942340553966 0.13317099617140493 0.4349670835878675 0.19089945530523644 0.5975309313117616
0.43975142600102624 0.0 0.2953348589942765 0.7168984965018578 0.9055205937217055 0.3415551952964465 0.9730113176732236 0.14389523561337803 0.15278995283377306 0.47306226058911593 0.31727972493153056 0.49970986928921923 0.13004124033339992 0.7653726827266395 5.986618208673189E-4 0.28416487007247504 0.5855616925078347 0.8671096023562324 0.6950928018736612 0.5349026089390022
0.2329254439855477 0.2953348589942765 0.0 0.4697233229117137 0.7543011656401423 0.6130888511315652 0.5432097047261156 0.29449677056543444 0.022129278830378407 0.7051460882272663 0.7928038584843149 0.6877062086122835 0.16210729530279644 0.025865692430745213 0.02957244213873056 0.9340484152908732 0.5651953685519691 0.7240528647479734 0.23060413943027325 0.1318125416124859
0.6389812933592307 0.7168984965018578 0.4697233229117137 0.0 0.36733944487461834 0.09134363323955286 0.3824561410036199 0.962401196920064 0.41114560700675984 0.11219842063873897 0.40145104131888876 0.9691683933607794 0.5358790079847333 0.9982028869768025 0.23289931515825957 0.6727524543788496 0.12770219788034531 0.2609057754661782 0.15149455923841837 0.811997639553389
0.7777814126656184 0.9055205937217055 0.7543011656401423 0.36733944487461834 0.0 0.3630449701057302 0.9799626518832926 0.5517305234988518 0.4927212166193671 0.8602240925724537 0.057143193406651194 0.06504022432876877 0.05099701482938923 0.5179078279298333 0.4117991847899526 0.6694592608100256 0.9932909596494508 0.16374679268433356 0.2696791873731964 0.5679666976004709
0.8912778470324071 0.3415551952964465 0.6130888511315652 0.09134363323955286 0.3630449701057302 0.0 0.4626977485575626 0.2624693678082469 0.9245145856057532 0.0032589946754042476 0.2986918884242574 0.3399660766445284 0.6105917275786545 0.8495633537206237 0.9072205828833763 0.9683644157089746 0.4145627630742029 0.7761987785053354 0.8386299117095525 0.12682172753807863
0.7220724225960178 0.9730113176732236 0.5432097047261156 0.3824561410036199 0.9799626518832926 0.4626977485575626 0.0 0.47603767246103657 0.01294493486526016 0.18282986034261706 0.5037406450713733 0.07903887725861825 0.26387966582711386 0.6342676787108772 0.8383377005573497 0.6201885330294515 0.11419879384095111 0.35369331084667477 0.7129730393004825 0.8545382003137688
0.6484098838019918 0.14389523561337803 0.29449677056543444 0.962401196920064 0.5517305234988518 0.2624693678082469 0.47603767246103657 0.0 0.3536320354990248 0.5593645252030656 0.302374784787783 0.26623917715251455 4.215309036197379E-4 0.11725357552330151 0.4618690133230047 0.8887911007860156 0.45143044787430875 0.26798122694555815 0.19395226480199468 0.4083955177923264
0.0848727986531167 0.15278995283377306 0.022129278830378407 0.41114560700675984 0.4927212166193671 0.9245145856057532 0.01294493486526016 0.3536320354990248 0.0 0.10680086385234588 0.027617866249836753 0.9710204854741693 0.9239799663396766 0.02168176159676727 0.7301560281383682 0.611794510115648 0.30874736702285055 0.6228992899569745 0.6413718654179548 0.40995915000651895
0.847971532860876 0.47306226058911593 0.7051460882272663 0.11219842063873897 0.8602240925724537 0.0032589946754042476 0.18282986034261706 0.5593645252030656 0.10680086385234588 0.0 0.7206445838872196 0.2950432875163027 0.5669581034744677 0.9957590203302672 0.4429328649142268 0.6882955655618236 0.9022242871186624 0.9747713383473965 0.9010822018029524 0.929426716856691
0.9245337301998263 0.31727972493153056 0.7928038584843149 0.40145104131888876 0.057143193406651194 0.2986918884242574 0.5037406450713733 0.302374784787783 0.027617866249836753 0.7206445838872196 0.0 0.6263246756742927 0.7328020700832552 0.3985005980666254 0.5277403905609489 0.33088812233021947 0.9218285182304955 0.8411482791077469 0.6593446224756224 0.4910880737180008
0.09385024979602685 0.49970986928921923 0.6877062086122835 0.9691683933607794 0.06504022432876877 0.3399660766445284 0.07903887725861825 0.26623917715251455 0.9710204854741693 0.2950432875163027 0.6263246756742927 0.0 0.04913811655183298 0.47987582432575737 0.6859825545552629 0.836605175562224 0.280289662366061 0.48936464549336733 0.2187551883929244 0.8605990356175702
0.7293259037107763 0.13004124033339992 0.16210729530279644 0.5358790079847333 0.05099701482938923 0.6105917275786545 0.26387966582711386 4.215309036197379E-4 0.9239799663396766 0.5669581034744677 0.7328020700832552 0.04913811655183298 0.0 0.03624941910496993 0.02383685140842251 0.7724215668085134 0.21671958026240712 0.21603207966748672 0.2422408163036205 0.07256203348222456
0.27170646856329295 0.7653726827266395 0.025865692430745213 0.9982028869768025 0.5179078279298333 0.8495633537206237 0.6342676787108772 0.11725357552330151 0.02168176159676727 0.9957590203302672 0.3985005980666254 0.47987582432575737 0.03624941910496993 0.0 0.9973523993833411 0.9084018475855052 0.6794079636184682 0.3757434216931921 0.6607072059131855 0.2696665458181222
0.7078533244863257 5.986618208673189E-4 0.02957244213873056 0.23289931515825957 0.4117991847899526 0.9072205828833763 0.8383377005573497 0.4618690133230047 0.7301560281383682 0.4429328649142268 0.5277403905609489 0.6859825545552629 0.02383685140842251 0.9973523993833411 0.0 0.25471497027405776 0.741924806853711 0.6800215232799904 0.8393235299822074 0.156075100843732
0.39820942340553966 0.28416487007247504 0.9340484152908732 0.6727524543788496 0.6694592608100256 0.9683644157089746 0.6201885330294515 0.8887911007860156 0.611794510115648 0.6882955655618236 0.33088812233021947 0.836605175562224 0.7724215668085134 0.9084018475855052 0.25471497027405776 0.0 0.05869539508350863 0.8250667558832245 0.9412931846350069 0.8146209376444773
0.13317099617140493 0.5855616925078347 0.5651953685519691 0.12770219788034531 0.9932909596494508 0.4145627630742029 0.11419879384095111 0.45143044787430875 0.30874736702285055 0.9022242871186624 0.9218285182304955 0.280289662366061 0.21671958026240712 0.6794079636184682 0.741924806853711 0.05869539508350863 0.0 0.7585372047564115 0.3543075417736399 0.9757020701048119
0.4349670835878675 0.8671096023562324 0.7240528647479734 0.2609057754661782 0.16374679268433356 0.7761987785053354 0.35369331084667477 0.26798122694555815 0.6228992899569745 0.9747713383473965 0.8411482791077469 0.48936464549336733 0.21603207966748672 0.3757434216931921 0.6800215232799904 0.8250667558832245 0.7585372047564115 0.0 0.194230512650989 0.5931562477150171
0.19089945530523644 0.6950928018736612 0.23060413943027325 0.15149455923841837 0.2696791873731964 0.8386299117095525 0.7129730393004825 0.19395226480199468 0.6413718654179548 0.9010822018029524 0.6593446224756224 0.2187551883929244 0.2422408163036205 0.6607072059131855 0.8393235299822074 0.9412931846350069 0.3543075417736399 0.194230512650989 0.0 0.2954788207605479
0.5975309313117616 0.5349026089390022 0.1318125416124859 0.811997639553389 0.5679666976004709 0.12682172753807863 0.8545382003137688 0.4083955177923264 0.40995915000651895 0.929426716856691 0.4910880737180008 0.8605990356175702 0.07256203348222456 0.2696665458181222 0.156075100843732 0.8146209376444773 0.9757020701048119 0.5931562477150171 0.2954788207605479 0.0

# Optimal Walk
0 16 15 6 10 8 13 2 14 1 12 7 19 9 5 3 18 17 4 11 0
