# MCW Instance
# Type: UNIFORM
# N: 20
# Optimal cost: 1.8222684981946173
# Optimal tour (permutation): [0, 16, 12, 5, 13, 14, 1, 7, 2, 10, 9, 15, 4, 6, 17, 11, 3, 19, 18, 8, 0]
# Optimal walk (full path): [0, 16, 12, 5, 13, 14, 1, 7, 2, 7, 10, 9, 10, 15, 4, 6, 17, 11, 3, 19, 18, 19, 8, 0]
# Walk size: 24
# Is walk (has repeats): true

# Distance Matrix
0.0000000000 0.3450428352 0.2285290659 0.1520262155 0.4466077757 0.5797441048 0.2922373166 0.5322791444 0.0634990384 0.8440631017 0.6836837179 0.1434703878 0.4959043310 0.9235148109 0.5823016225 0.9960341546 0.1717635276 0.6793955179 0.4742231352 0.1614330646
0.3450428352 0.0000000000 0.6031201124 0.6618897958 0.7699228940 0.9805529631 0.4457516225 0.2126498272 0.8657792306 0.3116341809 0.9235089690 0.5165945813 0.8761456442 0.6881311101 0.2116334415 0.3292774066 0.7556895170 0.5391186326 0.5071093216 0.6540227431
0.2285290659 0.6031201124 0.0000000000 0.5561695559 0.6883399303 0.6791489543 0.4721338908 0.1174866864 0.1927179816 0.5891962147 0.7398252254 0.5797581744 0.2071279978 0.3973736898 0.2571342156 0.7213279441 0.9694560608 0.4310872499 0.6869199352 0.2770405995
0.1520262155 0.6618897958 0.5561695559 0.0000000000 0.1884448615 0.4815416308 0.9561560063 0.0717706826 0.0865545404 0.7152089113 0.5070782024 0.0161125362 0.1010427390 0.7398314127 0.3823478603 0.7543004766 0.7786950148 0.7483292901 0.9262439695 0.0288429311
0.4466077757 0.7699228940 0.6883399303 0.1884448615 0.0000000000 0.7131128421 0.0790221985 0.9629986965 0.6320179639 0.4681935293 0.9768636349 0.6737421577 0.1512924710 0.3074123060 0.8179253862 0.0351242537 0.5838903444 0.2057440678 0.5681588321 0.6055325835
0.5797441048 0.9805529631 0.6791489543 0.4815416308 0.7131128421 0.0000000000 0.2951499236 0.0595382241 0.7874985420 0.6489273166 0.7259743839 0.2293871076 0.0616632365 0.0716653906 0.7165931574 0.5520047554 0.3465475885 0.4142875679 0.3070166782 0.7393594576
0.2922373166 0.4457516225 0.4721338908 0.9561560063 0.0790221985 0.2951499236 0.0000000000 0.3438879038 0.1880944234 0.3989802910 0.6467798995 0.6919236660 0.1754375178 0.7198376974 0.2364818047 0.4510656668 0.9230048571 0.1157781443 0.1889377373 0.0921210285
0.5322791444 0.2126498272 0.1174866864 0.0717706826 0.9629986965 0.0595382241 0.3438879038 0.0000000000 0.5489806995 0.3199057318 0.0217400302 0.9534141449 0.1578110697 0.9901332847 0.2640828894 0.9231817154 0.6104085604 0.9925069983 0.7047166078 0.9249090326
0.0634990384 0.8657792306 0.1927179816 0.0865545404 0.6320179639 0.7874985420 0.1880944234 0.5489806995 0.0000000000 0.1329812880 0.6174927599 0.9822030395 0.6358139803 0.2642718870 0.6599182754 0.8185284513 0.7524739260 0.9388451951 0.0676801599 0.0106060321
0.8440631017 0.3116341809 0.5891962147 0.7152089113 0.4681935293 0.6489273166 0.3989802910 0.3199057318 0.1329812880 0.0000000000 0.0326301047 0.0831634238 0.1699881527 0.8889272624 0.2884928335 0.9615405002 0.3328336449 0.3285975917 0.4844102125 0.6506677264
0.6836837179 0.9235089690 0.7398252254 0.5070782024 0.9768636349 0.7259743839 0.6467798995 0.0217400302 0.6174927599 0.0326301047 0.0000000000 0.2575332124 0.5552187539 0.1005517856 0.4442551591 0.0376119039 0.9265561347 0.9642981245 0.6934345876 0.5199555337
0.1434703878 0.5165945813 0.5797581744 0.0161125362 0.6737421577 0.2293871076 0.6919236660 0.9534141449 0.9822030395 0.0831634238 0.2575332124 0.0000000000 0.5906569564 0.8223155933 0.5739210598 0.4780746112 0.4220606256 0.0288356814 0.5375322490 0.5984874715
0.4959043310 0.8761456442 0.2071279978 0.1010427390 0.1512924710 0.0616632365 0.1754375178 0.1578110697 0.6358139803 0.1699881527 0.5552187539 0.5906569564 0.0000000000 0.9199699599 0.8594461769 0.7535157489 0.3056432202 0.8157281495 0.1247416124 0.6742365500
0.9235148109 0.6881311101 0.3973736898 0.7398314127 0.3074123060 0.0716653906 0.7198376974 0.9901332847 0.2642718870 0.8889272624 0.1005517856 0.8223155933 0.9199699599 0.0000000000 0.0064701844 0.9816730833 0.9544685972 0.9701281853 0.4225487445 0.8594169663
0.5823016225 0.2116334415 0.2571342156 0.3823478603 0.8179253862 0.7165931574 0.2364818047 0.2640828894 0.6599182754 0.2884928335 0.4442551591 0.5739210598 0.8594461769 0.0064701844 0.0000000000 0.8503413395 0.4704125022 0.2960721816 0.0328260830 0.3644912335
0.9960341546 0.3292774066 0.7213279441 0.7543004766 0.0351242537 0.5520047554 0.4510656668 0.9231817154 0.8185284513 0.9615405002 0.0376119039 0.4780746112 0.7535157489 0.9816730833 0.8503413395 0.0000000000 0.4189450896 0.9051726099 0.7594517549 0.0505539224
0.1717635276 0.7556895170 0.9694560608 0.7786950148 0.5838903444 0.3465475885 0.9230048571 0.6104085604 0.7524739260 0.3328336449 0.9265561347 0.4220606256 0.3056432202 0.9544685972 0.4704125022 0.4189450896 0.0000000000 0.3086443006 0.5048539102 0.2438903734
0.6793955179 0.5391186326 0.4310872499 0.7483292901 0.2057440678 0.4142875679 0.1157781443 0.9925069983 0.9388451951 0.3285975917 0.9642981245 0.0288356814 0.8157281495 0.9701281853 0.2960721816 0.9051726099 0.3086443006 0.0000000000 0.6556859641 0.7933138079
0.4742231352 0.5071093216 0.6869199352 0.9262439695 0.5681588321 0.3070166782 0.1889377373 0.7047166078 0.0676801599 0.4844102125 0.6934345876 0.5375322490 0.1247416124 0.4225487445 0.0328260830 0.7594517549 0.5048539102 0.6556859641 0.0000000000 0.0216866691
0.1614330646 0.6540227431 0.2770405995 0.0288429311 0.6055325835 0.7393594576 0.0921210285 0.9249090326 0.0106060321 0.6506677264 0.5199555337 0.5984874715 0.6742365500 0.8594169663 0.3644912335 0.0505539224 0.2438903734 0.7933138079 0.0216866691 0.0000000000
