# Graph size: 20
# Optimal cost: 2.37208602780192

# Distance Matrix
0.0 0.8002187948379585 0.36922311344153946 0.919461267757116 0.19985265318832623 0.8304283995748676 0.8197171860457652 0.7593020856387962 0.39617939353297515 0.009362477827839277 0.9017384730379703 0.027054283798861545 0.9989883907273519 0.743763827027461 0.2887044549426485 0.9976819642090443 0.08025484116862647 0.7960030125814582 0.2514668084260666 0.3172403009508977
0.8002187948379585 0.0 0.6130114860347969 0.2994755465861412 0.3797226443800241 0.7513780582847869 0.9180715725736365 0.46293469437418355 0.31594655605668387 0.3017456976799304 0.5792206192763727 0.743819052030622 0.3612490167682484 0.006013525063209957 0.17895791009878192 0.7872367748630844 0.5557305727758203 0.2694307059691211 0.5906586938312203 0.225119190997775
0.36922311344153946 0.6130114860347969 0.0 0.11031562874020662 0.8893324444331772 0.9780656332176351 0.5091582923068335 0.8727134519182201 0.028729837017373527 0.09930899063814602 0.3114941987728822 0.8470682510331897 0.2710923579927468 0.9901922452464649 0.6687203060756605 0.6550239223582544 0.545660807558066 0.610270284135686 0.9676251516203971 0.22534368483355838
0.919461267757116 0.2994755465861412 0.11031562874020662 0.0 0.15110381055163669 0.5752855733711373 0.0751917419702346 0.9298882767322951 0.3250587293156859 0.6708172357452769 0.400727010782831 0.8456709830768017 0.8080732934212878 0.4445365951098461 0.4445947456692586 0.8158712854115742 0.6326917317976632 0.8082523249674612 0.43587775982722265 0.5071036088393288
0.19985265318832623 0.3797226443800241 0.8893324444331772 0.15110381055163669 0.0 0.9319053666716952 0.2459669245075966 0.990396384124002 0.7159009969251576 0.9059139092219254 0.9204555073805352 0.33086148609284294 0.7642882851837633 0.21212084394539776 0.6984172162697234 0.5025425102631693 0.9424830841999037 0.9505124099779849 0.8730378670621441 0.19068199087597926
0.8304283995748676 0.7513780582847869 0.9780656332176351 0.5752855733711373 0.9319053666716952 0.0 0.6061767266784708 0.10504658603979511 0.15284266036004712 0.19998999752698154 0.7165118153198705 0.7714044774656971 0.3070055346796251 0.3919030398757727 0.3227869829791449 0.752433883705733 0.7098219370296556 0.8918940760152791 0.7310831368086848 0.13484077642175574
0.8197171860457652 0.9180715725736365 0.5091582923068335 0.0751917419702346 0.2459669245075966 0.6061767266784708 0.0 0.9108401313190174 0.6769715330631468 0.8764201600100917 0.2741609982252673 0.2721856036362401 0.23260650738194644 0.721716597960053 0.20977152138322508 0.6609018826386712 0.8286798172555118 0.34373906286852185 0.9076765943473842 0.16167058869377937
0.7593020856387962 0.46293469437418355 0.8727134519182201 0.9298882767322951 0.990396384124002 0.10504658603979511 0.9108401313190174 0.0 0.10564095028085752 0.7343922971239208 0.8860311975057908 0.7840618943853758 0.08492342800986197 0.24511478675980947 0.7168401631358153 0.17850669745727166 0.42176218481821637 0.032808721656691464 0.6169986511563489 0.44646950289093534
0.39617939353297515 0.31594655605668387 0.028729837017373527 0.3250587293156859 0.7159009969251576 0.15284266036004712 0.6769715330631468 0.10564095028085752 0.0 0.7039104319628878 0.8276476585259974 0.8428155211072093 0.23284151390966712 0.8663547357032059 0.8362684149516524 0.8843882436400679 0.42236124374118134 0.3399787977917498 0.6182689499562801 0.5196739973038592
0.009362477827839277 0.3017456976799304 0.09930899063814602 0.6708172357452769 0.9059139092219254 0.19998999752698154 0.8764201600100917 0.7343922971239208 0.7039104319628878 0.0 0.9269099238306672 0.3812278978279472 0.3295970069818923 0.6328288827344458 0.24681753849986265 0.14017776575845997 0.8133289980319408 0.32736307430428546 0.7168545320558324 0.4160126816169404
0.9017384730379703 0.5792206192763727 0.3114941987728822 0.400727010782831 0.9204555073805352 0.7165118153198705 0.2741609982252673 0.8860311975057908 0.8276476585259974 0.9269099238306672 0.0 0.6365023704085038 0.2718866477422409 0.6063734117114037 0.7217698004737128 0.32107884619847016 0.40469731088270766 0.5331032060562466 0.23430767442640876 0.6977800123810607
0.027054283798861545 0.743819052030622 0.8470682510331897 0.8456709830768017 0.33086148609284294 0.7714044774656971 0.2721856036362401 0.7840618943853758 0.8428155211072093 0.3812278978279472 0.6365023704085038 0.0 0.09318774077940739 0.9713893753178761 0.4408090595902052 0.5234508108493446 0.5950271558585126 0.9882099816942765 0.8097292980808138 0.24577057746407382
0.9989883907273519 0.3612490167682484 0.2710923579927468 0.8080732934212878 0.7642882851837633 0.3070055346796251 0.23260650738194644 0.08492342800986197 0.23284151390966712 0.3295970069818923 0.2718866477422409 0.09318774077940739 0.0 0.20029756196630544 0.7240889789786878 0.6119529109072256 0.07354490084967824 0.7472425479019796 0.5510656303408992 0.09702349607986638
0.743763827027461 0.006013525063209957 0.9901922452464649 0.4445365951098461 0.21212084394539776 0.3919030398757727 0.721716597960053 0.24511478675980947 0.8663547357032059 0.6328288827344458 0.6063734117114037 0.9713893753178761 0.20029756196630544 0.0 0.31647656274363334 0.2990125443807673 0.2861689175591762 0.5896624231459694 0.2952268742638334 0.6447670225960771
0.2887044549426485 0.17895791009878192 0.6687203060756605 0.4445947456692586 0.6984172162697234 0.3227869829791449 0.20977152138322508 0.7168401631358153 0.8362684149516524 0.24681753849986265 0.7217698004737128 0.4408090595902052 0.7240889789786878 0.31647656274363334 0.0 0.31638408595723355 0.713394338013882 0.9907435021497527 0.9457208817174153 0.9998883209364792
0.9976819642090443 0.7872367748630844 0.6550239223582544 0.8158712854115742 0.5025425102631693 0.752433883705733 0.6609018826386712 0.17850669745727166 0.8843882436400679 0.14017776575845997 0.32107884619847016 0.5234508108493446 0.6119529109072256 0.2990125443807673 0.31638408595723355 0.0 0.8709484597349101 0.0012444801355958601 0.28519887134330424 0.24837096427052452
0.08025484116862647 0.5557305727758203 0.545660807558066 0.6326917317976632 0.9424830841999037 0.7098219370296556 0.8286798172555118 0.42176218481821637 0.42236124374118134 0.8133289980319408 0.40469731088270766 0.5950271558585126 0.07354490084967824 0.2861689175591762 0.713394338013882 0.8709484597349101 0.0 0.3152064480609349 0.30591257948759065 0.10148809160781902
0.7960030125814582 0.2694307059691211 0.610270284135686 0.8082523249674612 0.9505124099779849 0.8918940760152791 0.34373906286852185 0.032808721656691464 0.3399787977917498 0.32736307430428546 0.5331032060562466 0.9882099816942765 0.7472425479019796 0.5896624231459694 0.9907435021497527 0.0012444801355958601 0.3152064480609349 0.0 0.7665431695429342 0.6298193083152637
0.2514668084260666 0.5906586938312203 0.9676251516203971 0.43587775982722265 0.8730378670621441 0.7310831368086848 0.9076765943473842 0.6169986511563489 0.6182689499562801 0.7168545320558324 0.23430767442640876 0.8097292980808138 0.5510656303408992 0.2952268742638334 0.9457208817174153 0.28519887134330424 0.30591257948759065 0.7665431695429342 0.0 0.7962678855518388
0.3172403009508977 0.225119190997775 0.22534368483355838 0.5071036088393288 0.19068199087597926 0.13484077642175574 0.16167058869377937 0.44646950289093534 0.5196739973038592 0.4160126816169404 0.6977800123810607 0.24577057746407382 0.09702349607986638 0.6447670225960771 0.9998883209364792 0.24837096427052452 0.10148809160781902 0.6298193083152637 0.7962678855518388 0.0

# Optimal Walk
0 16 12 10 18 13 1 14 6 3 4 19 5 17 15 7 8 2 9 11 0
