# Graph size: 20
# Optimal cost: 1.6107755564777013

# Distance Matrix
0.0 0.03381560823061425 0.10354277271320556 0.17421852053913922 0.5530616688519036 0.5396187405219474 0.8015216986413143 0.857895756112012 0.33105087936007616 0.862729059330744 0.6631586144608985 0.3281604805242776 0.6919685870783544 0.718741389169437 0.644867771835488 0.746513293616178 0.3479832859997325 0.638525451200102 0.1664389578167078 0.5356012005677568
0.03381560823061425 0.0 0.3162203564055712 0.5718527980656134 0.4644826721152394 0.49786367784286123 0.7976820381524801 0.396984867144635 0.3320378700937151 0.057928198265668196 0.8492060149287323 0.877512378399607 0.7829473617836425 0.01037810365632863 0.8719302151140791 0.6087128000178351 0.7821444263159072 0.9211161145494128 0.9328961791777185 0.2779194620328853
0.10354277271320556 0.3162203564055712 0.0 0.8167835554639575 0.37839947217364733 0.4608369539648183 0.1268721911847881 0.748187391745672 0.6187231285262998 0.9128598431998846 0.8487460082061712 0.08087057769091899 0.6630802149951159 0.5956483385871363 0.2785310542748982 0.5124408437707489 0.990729296280578 0.9429711919150677 0.14266325813347525 0.38696625124655415
0.17421852053913922 0.5718527980656134 0.8167835554639575 0.0 0.950450512130001 0.20070162391157143 0.8222821687076171 0.46443683117042944 0.5633737354095156 0.6512124792651786 0.5542185188564097 0.24023795337587672 0.10681337276942215 0.22092848269758036 0.7447910038752467 0.9010914705293197 0.8851465377131498 0.557979502243171 0.1037182167537577 0.887710263865152
0.5530616688519036 0.4644826721152394 0.37839947217364733 0.950450512130001 0.0 0.8916222918242993 0.44131411327047065 0.11892802369101851 0.9494505703678829 0.6440915047978741 0.6882956542685092 0.9877736181463037 0.5225353197663402 0.33799840586562024 0.5647179178727301 0.4961417782556783 0.24096136902258614 0.6015764905327377 0.06934094743289654 0.49416537974364194
0.5396187405219474 0.49786367784286123 0.4608369539648183 0.20070162391157143 0.8916222918242993 0.0 0.39799212938706086 0.5610428539343625 0.36446234418183887 0.5557290441094851 0.2161760968652593 0.6276869757320455 0.054702277656029974 0.12868314010845083 0.8551212956058095 0.40410084217523334 0.9780961137429076 0.9836579802386024 0.18879416496132995 0.37339969625603897
0.8015216986413143 0.7976820381524801 0.1268721911847881 0.8222821687076171 0.44131411327047065 0.39799212938706086 0.0 0.6667509869990165 0.05159654585295115 0.5179010211521602 0.5831336467527845 0.6587379008770049 0.8036009561835606 0.5479488025152487 0.3646921063654376 0.39855436225366403 0.17141382688548767 0.15987110668200688 0.2393547485302605 0.550406916781516
0.857895756112012 0.396984867144635 0.748187391745672 0.46443683117042944 0.11892802369101851 0.5610428539343625 0.6667509869990165 0.0 0.6328330417705079 0.7276447589382534 0.5537441632454921 0.16672681858147975 0.4935842175644035 0.9961107472323506 0.06028646062960863 0.3037464251304949 0.5856524050309985 0.8222529450408542 0.6123887882300396 0.356627414771169
0.33105087936007616 0.3320378700937151 0.6187231285262998 0.5633737354095156 0.9494505703678829 0.36446234418183887 0.05159654585295115 0.6328330417705079 0.0 0.5718004945393402 0.404476696324654 0.3793929666815249 0.59854678545238 0.7969789878106462 0.9769685770311205 0.5029669169465022 0.15130979906575448 0.15955781637842326 0.3300078938739155 0.9144466896775106
0.862729059330744 0.057928198265668196 0.9128598431998846 0.6512124792651786 0.6440915047978741 0.5557290441094851 0.5179010211521602 0.7276447589382534 0.5718004945393402 0.0 0.889473864328523 0.7887877130829714 0.9321389138879891 0.11174373978147989 0.5856308074450162 0.40962527732249765 0.8764028813033214 0.054783380241592905 0.9414094032393195 0.15203225819264143
0.6631586144608985 0.8492060149287323 0.8487460082061712 0.5542185188564097 0.6882956542685092 0.2161760968652593 0.5831336467527845 0.5537441632454921 0.404476696324654 0.889473864328523 0.0 0.35036683141571234 0.980042097041945 0.01692405918353146 0.21908615909919804 0.8384761968791797 0.8576028814865825 0.9708093693659053 0.2667159833205629 0.8052966737259498
0.3281604805242776 0.877512378399607 0.08087057769091899 0.24023795337587672 0.9877736181463037 0.6276869757320455 0.6587379008770049 0.16672681858147975 0.3793929666815249 0.7887877130829714 0.35036683141571234 0.0 0.41824948865065537 0.9536446747124666 0.5676033750944028 0.17950005231424981 0.16347156276955443 0.45948658760156635 0.03276592273515311 0.5609882007705297
0.6919685870783544 0.7829473617836425 0.6630802149951159 0.10681337276942215 0.5225353197663402 0.054702277656029974 0.8036009561835606 0.4935842175644035 0.59854678545238 0.9321389138879891 0.980042097041945 0.41824948865065537 0.0 0.5378549682245989 0.43339143825365933 0.9465662025725665 0.7073373718954626 0.4911824332876882 0.9572240898627552 0.8343663312647006
0.718741389169437 0.01037810365632863 0.5956483385871363 0.22092848269758036 0.33799840586562024 0.12868314010845083 0.5479488025152487 0.9961107472323506 0.7969789878106462 0.11174373978147989 0.01692405918353146 0.9536446747124666 0.5378549682245989 0.0 0.5207854973544779 0.9866717480757373 0.39171282082678505 0.22677471528709403 0.45327287516375925 0.6221297250412753
0.644867771835488 0.8719302151140791 0.2785310542748982 0.7447910038752467 0.5647179178727301 0.8551212956058095 0.3646921063654376 0.06028646062960863 0.9769685770311205 0.5856308074450162 0.21908615909919804 0.5676033750944028 0.43339143825365933 0.5207854973544779 0.0 0.43962517448006067 0.21040801393011122 0.9745865802959541 0.4224025076891772 0.7131026124034414
0.746513293616178 0.6087128000178351 0.5124408437707489 0.9010914705293197 0.4961417782556783 0.40410084217523334 0.39855436225366403 0.3037464251304949 0.5029669169465022 0.40962527732249765 0.8384761968791797 0.17950005231424981 0.9465662025725665 0.9866717480757373 0.43962517448006067 0.0 0.5623179600181855 0.5074478299166205 0.0343536059277445 0.03760651490147415
0.3479832859997325 0.7821444263159072 0.990729296280578 0.8851465377131498 0.24096136902258614 0.9780961137429076 0.17141382688548767 0.5856524050309985 0.15130979906575448 0.8764028813033214 0.8576028814865825 0.16347156276955443 0.7073373718954626 0.39171282082678505 0.21040801393011122 0.5623179600181855 0.0 0.953709431984046 0.023420069973792867 0.009702911843071482
0.638525451200102 0.9211161145494128 0.9429711919150677 0.557979502243171 0.6015764905327377 0.9836579802386024 0.15987110668200688 0.8222529450408542 0.15955781637842326 0.054783380241592905 0.9708093693659053 0.45948658760156635 0.4911824332876882 0.22677471528709403 0.9745865802959541 0.5074478299166205 0.953709431984046 0.0 0.9055921078001671 0.1783022372252525
0.1664389578167078 0.9328961791777185 0.14266325813347525 0.1037182167537577 0.06934094743289654 0.18879416496132995 0.2393547485302605 0.6123887882300396 0.3300078938739155 0.9414094032393195 0.2667159833205629 0.03276592273515311 0.9572240898627552 0.45327287516375925 0.4224025076891772 0.0343536059277445 0.023420069973792867 0.9055921078001671 0.0 0.3148053726278581
0.5356012005677568 0.2779194620328853 0.38696625124655415 0.887710263865152 0.49416537974364194 0.37339969625603897 0.550406916781516 0.356627414771169 0.9144466896775106 0.15203225819264143 0.8052966737259498 0.5609882007705297 0.8343663312647006 0.6221297250412753 0.7131026124034414 0.03760651490147415 0.009702911843071482 0.1783022372252525 0.3148053726278581 0.0

# Optimal Walk
0 13 10 5 12 3 18 15 19 16 14 7 4 11 2 6 8 17 9 1 0
