# MCW Instance
# Type: UNIFORM
# N: 20
# Optimal cost: 2.412117262045373
# Optimal tour (permutation): [0, 15, 18, 13, 6, 17, 3, 14, 5, 11, 16, 2, 19, 7, 1, 9, 10, 8, 12, 4, 0]
# Optimal walk (full path): [0, 15, 18, 13, 6, 3, 17, 3, 14, 5, 11, 16, 2, 19, 7, 1, 9, 10, 8, 12, 4, 15, 0]
# Walk size: 23
# Is walk (has repeats): true

# Distance Matrix
0.0000000000 0.1284310701 0.5502264364 0.6398185980 0.2119275283 0.7950338788 0.6858161207 0.3630181007 0.6646594645 0.4620724265 0.9679538401 0.5326031356 0.1324017035 0.5428223582 0.9224683309 0.0497072589 0.6991721654 0.7968515062 0.6996776481 0.4447249145
0.1284310701 0.0000000000 0.7790119819 0.2045209177 0.3071067042 0.2570658606 0.8487874498 0.0716656054 0.2713363298 0.0503779229 0.7044990259 0.2807454562 0.6425885083 0.8198606903 0.6395655790 0.6057330184 0.8581918221 0.3148936798 0.9367158008 0.7902316415
0.5502264364 0.7790119819 0.0000000000 0.6148596627 0.8480548758 0.5895329566 0.6517937961 0.5647532241 0.4907061600 0.2253632137 0.8201364990 0.3465905018 0.1656745044 0.7882118715 0.8429262206 0.1906009057 0.0391590725 0.6584155989 0.3000338703 0.0949151933
0.6398185980 0.2045209177 0.6148596627 0.0000000000 0.7868455841 0.5352933619 0.2556351815 0.3610180821 0.7633117265 0.5896423538 0.8472598932 0.0971817226 0.8391578191 0.1048593226 0.0618688239 0.1513355391 0.6868996673 0.0686322119 0.7812647620 0.8186182418
0.2119275283 0.3071067042 0.8480548758 0.7868455841 0.0000000000 0.5945111370 0.9515602906 0.9926196927 0.5838962239 0.4646062354 0.2147260022 0.6546272859 0.1058220919 0.5176015021 0.9251548571 0.0857664952 0.6265454405 0.3588015796 0.2262644322 0.8983880942
0.7950338788 0.2570658606 0.5895329566 0.5352933619 0.5945111370 0.0000000000 0.9999780045 0.4922020046 0.3098173729 0.4408130442 0.5715533867 0.0679050627 0.9665571119 0.4293580725 0.2137114549 0.6353957996 0.7546197838 0.9531801225 0.9238759859 0.9415275381
0.6858161207 0.8487874498 0.6517937961 0.2556351815 0.9515602906 0.9999780045 0.0000000000 0.3179788694 0.3170580966 0.5254835177 0.3599167262 0.4115941663 0.2507070911 0.1776603284 0.3675496516 0.7455999410 0.8579463106 0.5954334876 0.5947542639 0.8477819409
0.3630181007 0.0716656054 0.5647532241 0.3610180821 0.9926196927 0.4922020046 0.3179788694 0.0000000000 0.3050191099 0.1099010684 0.3662923859 0.7617560052 0.6545894116 0.9565755781 0.3241788744 0.5476763410 0.4404162486 0.4701538766 0.6769361444 0.2329643817
0.6646594645 0.2713363298 0.4907061600 0.7633117265 0.5838962239 0.3098173729 0.3170580966 0.3050191099 0.0000000000 0.5474337647 0.1852557160 0.8553438234 0.0724640190 0.7129410945 0.1952122869 0.8713447029 0.7205927312 0.4968332474 0.5047750042 0.4746202859
0.4620724265 0.0503779229 0.2253632137 0.5896423538 0.4646062354 0.4408130442 0.5254835177 0.1099010684 0.5474337647 0.0000000000 0.1924722538 0.8822803674 0.5276541926 0.2804500951 0.2966864193 0.7629892534 0.3260858343 0.4028211667 0.5592280976 0.4491578410
0.9679538401 0.7044990259 0.8201364990 0.8472598932 0.2147260022 0.5715533867 0.3599167262 0.3662923859 0.1852557160 0.1924722538 0.0000000000 0.6671642200 0.7683548420 0.5263608581 0.9814599422 0.4794669756 0.2094706682 0.7335354564 0.4808737013 0.8335381829
0.5326031356 0.2807454562 0.3465905018 0.0971817226 0.6546272859 0.0679050627 0.4115941663 0.7617560052 0.8553438234 0.8822803674 0.6671642200 0.0000000000 0.6393076439 0.5581649678 0.9818942750 0.1410841499 0.0962753596 0.6359765525 0.1976474551 0.8702760449
0.1324017035 0.6425885083 0.1656745044 0.8391578191 0.1058220919 0.9665571119 0.2507070911 0.6545894116 0.0724640190 0.5276541926 0.7683548420 0.6393076439 0.0000000000 0.2127089972 0.5138221374 0.4476476326 0.7083417424 0.7099532348 0.7362438471 0.5424202117
0.5428223582 0.8198606903 0.7882118715 0.1048593226 0.5176015021 0.4293580725 0.1776603284 0.9565755781 0.7129410945 0.2804500951 0.5263608581 0.5581649678 0.2127089972 0.0000000000 0.7676692903 0.8513027125 0.6187548200 0.7639348620 0.1279325661 0.3945768196
0.9224683309 0.6395655790 0.8429262206 0.0618688239 0.9251548571 0.2137114549 0.3675496516 0.3241788744 0.1952122869 0.2966864193 0.9814599422 0.9818942750 0.5138221374 0.7676692903 0.0000000000 0.5477090423 0.2067726991 0.7342894643 0.4777097447 0.7647992242
0.0497072589 0.6057330184 0.1906009057 0.1513355391 0.0857664952 0.6353957996 0.7455999410 0.5476763410 0.8713447029 0.7629892534 0.4794669756 0.1410841499 0.4476476326 0.8513027125 0.5477090423 0.0000000000 0.6521772424 0.4304915326 0.0435867915 0.2436347556
0.6991721654 0.8581918221 0.0391590725 0.6868996673 0.6265454405 0.7546197838 0.8579463106 0.4404162486 0.7205927312 0.3260858343 0.2094706682 0.0962753596 0.7083417424 0.6187548200 0.2067726991 0.6521772424 0.0000000000 0.8356151573 0.6957834920 0.8644606762
0.7968515062 0.3148936798 0.6584155989 0.0686322119 0.3588015796 0.9531801225 0.5954334876 0.4701538766 0.4968332474 0.4028211667 0.7335354564 0.6359765525 0.7099532348 0.7639348620 0.7342894643 0.4304915326 0.8356151573 0.0000000000 0.4465159893 0.4381995801
0.6996776481 0.9367158008 0.3000338703 0.7812647620 0.2262644322 0.9238759859 0.5947542639 0.6769361444 0.5047750042 0.5592280976 0.4808737013 0.1976474551 0.7362438471 0.1279325661 0.4777097447 0.0435867915 0.6957834920 0.4465159893 0.0000000000 0.4757594831
0.4447249145 0.7902316415 0.0949151933 0.8186182418 0.8983880942 0.9415275381 0.8477819409 0.2329643817 0.4746202859 0.4491578410 0.8335381829 0.8702760449 0.5424202117 0.3945768196 0.7647992242 0.2436347556 0.8644606762 0.4381995801 0.4757594831 0.0000000000
