# MCW Instance
# Type: UNIFORM
# N: 20
# Optimal cost: 1.935167061148711
# Optimal tour (permutation): [0, 17, 14, 5, 3, 15, 7, 6, 11, 16, 12, 8, 4, 19, 10, 9, 18, 2, 13, 1, 0]
# Optimal walk (full path): [0, 17, 14, 17, 5, 3, 15, 7, 6, 11, 12, 16, 12, 8, 4, 18, 9, 10, 19, 10, 9, 18, 2, 18, 13, 1, 0]
# Walk size: 27
# Is walk (has repeats): true

# Distance Matrix
0.0000000000 0.1690486445 0.5077423124 0.5651851084 0.3259458764 0.8898040286 0.7578060329 0.5675290145 0.1353931602 0.3235246958 0.8404437908 0.4983729741 0.5805304023 0.7809442328 0.2149966815 0.4100291873 0.9226604685 0.0299624252 0.8505490750 0.8422588873
0.1690486445 0.0000000000 0.7307456650 0.6160036050 0.6689500172 0.6616096023 0.4023866366 0.4584383126 0.6956372891 0.1951409574 0.2308761928 0.7365259281 0.7845057697 0.1920171609 0.7366202763 0.3136884726 0.9949755038 0.8974204274 0.3337572097 0.4655267634
0.5077423124 0.7307456650 0.0000000000 0.4425790384 0.0554660842 0.7865959365 0.4748419388 0.7188018975 0.9712770240 0.3255321459 0.7360268183 0.7815735050 0.8571015310 0.7383912989 0.3715432103 0.5547207831 0.5633349393 0.2306858354 0.0048026390 0.3428597623
0.5651851084 0.6160036050 0.4425790384 0.0000000000 0.4525322470 0.3570631590 0.2566200352 0.5676156314 0.6129758706 0.8662600942 0.7365107166 0.2617246892 0.8280880272 0.8731687766 0.7854531513 0.2194865092 0.7189553518 0.3741573786 0.9933415274 0.6951983599
0.3259458764 0.6689500172 0.0554660842 0.4525322470 0.0000000000 0.2594587095 0.7555787969 0.5622034461 0.0656179363 0.4269783500 0.6104392999 0.9153595007 0.9281646330 0.0963708021 0.8744877519 0.5630538601 0.6934837337 0.4108908294 0.0205259556 0.1266853229
0.8898040286 0.6616096023 0.7865959365 0.3570631590 0.2594587095 0.0000000000 0.8491616320 0.7709578009 0.8085287233 0.5966212189 0.7207947719 0.2701430694 0.8792023237 0.3526767266 0.7372784510 0.8774807225 0.2998981693 0.2116950275 0.9190962295 0.9161813722
0.7578060329 0.4023866366 0.4748419388 0.2566200352 0.7555787969 0.8491616320 0.0000000000 0.0243381803 0.7832641532 0.5515543633 0.4210548724 0.1113973248 0.7124589874 0.7793201581 0.7704241483 0.4632274216 0.9675973681 0.1642865604 0.5830394713 0.7892961999
0.5675290145 0.4584383126 0.7188018975 0.5676156314 0.5622034461 0.7709578009 0.0243381803 0.0000000000 0.1913518438 0.0857001494 0.2464787251 0.4804534961 0.2751593822 0.2296530203 0.6007457195 0.0859268772 0.7397234500 0.3144538207 0.2392552304 0.1261868512
0.1353931602 0.6956372891 0.9712770240 0.6129758706 0.0656179363 0.8085287233 0.7832641532 0.1913518438 0.0000000000 0.2085039433 0.6290564515 0.6091203307 0.0459117373 0.2464426502 0.9236398161 0.5936335326 0.2138207490 0.1027727653 0.6845956341 0.5420602589
0.3235246958 0.1951409574 0.3255321459 0.8662600942 0.4269783500 0.5966212189 0.5515543633 0.0857001494 0.2085039433 0.0000000000 0.0099333803 0.4446130530 0.8505952108 0.7753398194 0.2058517509 0.9971488117 0.5820706638 0.4410149698 0.0399522376 0.1165528283
0.8404437908 0.2308761928 0.7360268183 0.7365107166 0.6104392999 0.7207947719 0.4210548724 0.2464787251 0.6290564515 0.0099333803 0.0000000000 0.7833598313 0.2166887599 0.6169110691 0.7134018823 0.6949279073 0.7685326447 0.5197782776 0.6171950970 0.0224936376
0.4983729741 0.7365259281 0.7815735050 0.2617246892 0.9153595007 0.2701430694 0.1113973248 0.4804534961 0.6091203307 0.4446130530 0.7833598313 0.0000000000 0.0598477500 0.8128530473 0.4266827085 0.7505511960 0.5744064967 0.9349027609 0.1260648484 0.9996933760
0.5805304023 0.7845057697 0.8571015310 0.8280880272 0.9281646330 0.8792023237 0.7124589874 0.2751593822 0.0459117373 0.8505952108 0.2166887599 0.0598477500 0.0000000000 0.2702793276 0.3348070069 0.2637218427 0.0303056255 0.6120773404 0.0854967697 0.2879888699
0.7809442328 0.1920171609 0.7383912989 0.8731687766 0.0963708021 0.3526767266 0.7793201581 0.2296530203 0.2464426502 0.7753398194 0.6169110691 0.8128530473 0.2702793276 0.0000000000 0.7696147752 0.3430180412 0.1270987116 0.7135895998 0.0447398246 0.7529488276
0.2149966815 0.7366202763 0.3715432103 0.7854531513 0.8744877519 0.7372784510 0.7704241483 0.6007457195 0.9236398161 0.2058517509 0.7134018823 0.4266827085 0.3348070069 0.7696147752 0.0000000000 0.2364822519 0.1526947359 0.0413067544 0.0744380890 0.2979478150
0.4100291873 0.3136884726 0.5547207831 0.2194865092 0.5630538601 0.8774807225 0.4632274216 0.0859268772 0.5936335326 0.9971488117 0.6949279073 0.7505511960 0.2637218427 0.3430180412 0.2364822519 0.0000000000 0.8861732394 0.3753533226 0.2962716154 0.9585822205
0.9226604685 0.9949755038 0.5633349393 0.7189553518 0.6934837337 0.2998981693 0.9675973681 0.7397234500 0.2138207490 0.5820706638 0.7685326447 0.5744064967 0.0303056255 0.1270987116 0.1526947359 0.8861732394 0.0000000000 0.5734552764 0.5656633727 0.1221678715
0.0299624252 0.8974204274 0.2306858354 0.3741573786 0.4108908294 0.2116950275 0.1642865604 0.3144538207 0.1027727653 0.4410149698 0.5197782776 0.9349027609 0.6120773404 0.7135895998 0.0413067544 0.3753533226 0.5734552764 0.0000000000 0.2918472684 0.9035277441
0.8505490750 0.3337572097 0.0048026390 0.9933415274 0.0205259556 0.9190962295 0.5830394713 0.2392552304 0.6845956341 0.0399522376 0.6171950970 0.1260648484 0.0854967697 0.0447398246 0.0744380890 0.2962716154 0.5656633727 0.2918472684 0.0000000000 0.6243350202
0.8422588873 0.4655267634 0.3428597623 0.6951983599 0.1266853229 0.9161813722 0.7892961999 0.1261868512 0.5420602589 0.1165528283 0.0224936376 0.9996933760 0.2879888699 0.7529488276 0.2979478150 0.9585822205 0.1221678715 0.9035277441 0.6243350202 0.0000000000
