# MCW Instance
# Type: UNIFORM
# N: 20
# Optimal cost: 2.1940850150919835
# Optimal tour (permutation): [0, 19, 14, 16, 9, 8, 17, 11, 13, 10, 5, 3, 6, 1, 2, 4, 15, 12, 18, 7, 0]
# Optimal walk (full path): [0, 7, 19, 14, 9, 16, 9, 8, 17, 11, 13, 10, 3, 5, 3, 6, 1, 2, 4, 12, 15, 12, 18, 7, 0]
# Walk size: 25
# Is walk (has repeats): true

# Distance Matrix
0.0000000000 0.4434498621 0.9524479520 0.9256849713 0.4381919883 0.2704983607 0.9666260636 0.0769677752 0.7544710015 0.6708661430 0.3237044243 0.3849346348 0.4349423230 0.6356723363 0.3315006983 0.3068356081 0.4587744351 0.6968535857 0.6134604862 0.3449867575
0.4434498621 0.0000000000 0.0371232868 0.3733864918 0.9793158476 0.5389795092 0.0382194319 0.2156557977 0.3534609888 0.7745564084 0.8289521810 0.8149417169 0.7464274464 0.9523969897 0.7766339815 0.1928522161 0.7792547187 0.6235336267 0.3196667049 0.3146270097
0.9524479520 0.0371232868 0.0000000000 0.3262168497 0.0428438019 0.2121210655 0.0805919716 0.4282787900 0.7180420888 0.2747789184 0.0416439766 0.7478212508 0.4388213627 0.7439779214 0.2574980316 0.4845862486 0.4592695949 0.0996363555 0.1705297496 0.8534598774
0.9256849713 0.3733864918 0.3262168497 0.0000000000 0.9764146527 0.0751256332 0.1033981181 0.9366227978 0.2987270418 0.4041965712 0.0052348714 0.9657629426 0.1306360141 0.7439550704 0.3690384886 0.8644592616 0.2125916306 0.1279212258 0.8220121271 0.1865090956
0.4381919883 0.9793158476 0.0428438019 0.9764146527 0.0000000000 0.1509319616 0.2494958279 0.7509368752 0.4228858224 0.6477908936 0.8536962340 0.4662725820 0.0181779716 0.4985085732 0.5238139262 0.8315307964 0.3367742528 0.6624836828 0.1896837479 0.9885653165
0.2704983607 0.5389795092 0.2121210655 0.0751256332 0.1509319616 0.0000000000 0.2497238152 0.4331320730 0.7555449161 0.7947776787 0.9751145161 0.2335944613 0.3480127628 0.8548368010 0.2979764864 0.8470607923 0.8184684550 0.5773626522 0.3201319302 0.9540569255
0.9666260636 0.0382194319 0.0805919716 0.1033981181 0.2494958279 0.2497238152 0.0000000000 0.2992143749 0.5161264351 0.4460764422 0.6937646379 0.8090305579 0.3656706886 0.3978912180 0.5924234117 0.1313076076 0.3728542483 0.6703493100 0.6090884685 0.4467199556
0.0769677752 0.2156557977 0.4282787900 0.9366227978 0.7509368752 0.4331320730 0.2992143749 0.0000000000 0.5986791309 0.9867934550 0.2374963330 0.4924427682 0.4188572194 0.9970268469 0.5725156504 0.3412046959 0.8869268149 0.6703724651 0.0006377620 0.2460078706
0.7544710015 0.3534609888 0.7180420888 0.2987270418 0.4228858224 0.7555449161 0.5161264351 0.5986791309 0.0000000000 0.1003303677 0.5802203849 0.7061877239 0.3801352049 0.5077161378 0.5507968329 0.4984134590 0.7171048703 0.1748287972 0.9425527745 0.5593369206
0.6708661430 0.7745564084 0.2747789184 0.4041965712 0.6477908936 0.7947776787 0.4460764422 0.9867934550 0.1003303677 0.0000000000 0.7415200701 0.3867042647 0.1894835108 0.5882278113 0.1593017167 0.6054871834 0.0698554708 0.4757873972 0.2845809345 0.7260397626
0.3237044243 0.8289521810 0.0416439766 0.0052348714 0.8536962340 0.9751145161 0.6937646379 0.2374963330 0.5802203849 0.7415200701 0.0000000000 0.5912297462 0.0796054694 0.3205665140 0.7756127118 0.3013366612 0.8921815590 0.3229925916 0.6892009499 0.2982691526
0.3849346348 0.8149417169 0.7478212508 0.9657629426 0.4662725820 0.2335944613 0.8090305579 0.4924427682 0.7061877239 0.3867042647 0.5912297462 0.0000000000 0.3937763903 0.2372900414 0.5588076365 0.2066269693 0.6645878092 0.0344145135 0.8026920329 0.9106583874
0.4349423230 0.7464274464 0.4388213627 0.1306360141 0.0181779716 0.3480127628 0.3656706886 0.4188572194 0.3801352049 0.1894835108 0.0796054694 0.3937763903 0.0000000000 0.3942203803 0.6353030225 0.0297782817 0.8911086995 0.7711458224 0.0102202540 0.9847535362
0.6356723363 0.9523969897 0.7439779214 0.7439550704 0.4985085732 0.8548368010 0.3978912180 0.9970268469 0.5077161378 0.5882278113 0.3205665140 0.2372900414 0.3942203803 0.0000000000 0.5994007601 0.8608271399 0.5667941913 0.8509858568 0.4209351500 0.9884057581
0.3315006983 0.7766339815 0.2574980316 0.3690384886 0.5238139262 0.2979764864 0.5924234117 0.5725156504 0.5507968329 0.1593017167 0.7756127118 0.5588076365 0.6353030225 0.5994007601 0.0000000000 0.6993307998 0.3612430295 0.4287127199 0.3303286247 0.1620353745
0.3068356081 0.1928522161 0.4845862486 0.8644592616 0.8315307964 0.8470607923 0.1313076076 0.3412046959 0.4984134590 0.6054871834 0.3013366612 0.2066269693 0.0297782817 0.8608271399 0.6993307998 0.0000000000 0.6202961675 0.3091460115 0.3890173584 0.7500581275
0.4587744351 0.7792547187 0.4592695949 0.2125916306 0.3367742528 0.8184684550 0.3728542483 0.8869268149 0.7171048703 0.0698554708 0.8921815590 0.6645878092 0.8911086995 0.5667941913 0.3612430295 0.6202961675 0.0000000000 0.2788425460 0.5538397620 0.2756592420
0.6968535857 0.6235336267 0.0996363555 0.1279212258 0.6624836828 0.5773626522 0.6703493100 0.6703724651 0.1748287972 0.4757873972 0.3229925916 0.0344145135 0.7711458224 0.8509858568 0.4287127199 0.3091460115 0.2788425460 0.0000000000 0.6248201959 0.7147839600
0.6134604862 0.3196667049 0.1705297496 0.8220121271 0.1896837479 0.3201319302 0.6090884685 0.0006377620 0.9425527745 0.2845809345 0.6892009499 0.8026920329 0.0102202540 0.4209351500 0.3303286247 0.3890173584 0.5538397620 0.6248201959 0.0000000000 0.2542853846
0.3449867575 0.3146270097 0.8534598774 0.1865090956 0.9885653165 0.9540569255 0.4467199556 0.2460078706 0.5593369206 0.7260397626 0.2982691526 0.9106583874 0.9847535362 0.9884057581 0.1620353745 0.7500581275 0.2756592420 0.7147839600 0.2542853846 0.0000000000
