# Graph size: 20
# Optimal cost: 1.7156416890134984

# Distance Matrix
0.0 0.14017214331309613 0.04437997993776388 0.7668492359726149 0.1250944069966463 0.7438137766342494 0.4421844577271643 0.46520082289188047 0.5729212492264882 0.8083950747899783 0.7658221456436923 0.6054928348236776 0.767375780747223 0.8555409669101082 0.4139388074635 0.4636407277561444 0.4113915180631508 0.20041661098655772 0.9820696380128674 0.29727917617833666
0.14017214331309613 0.0 0.9956590978499223 0.6459530154118975 0.06130850145672595 0.9871279744669211 0.7259733446338087 0.05066975153693143 0.17336911263117205 0.1620775687944186 0.5639162355629714 0.9358967963682893 0.7043728194975124 0.9313161642416244 0.03276116898015724 0.408549159603092 0.7866124668617052 0.9727960460277121 0.6680241727933591 0.06720927602948179
0.04437997993776388 0.9956590978499223 0.0 0.6957060014224615 0.13456414906307768 0.2508756590051928 0.23212398757191 0.4799665242454456 0.8939580261499888 0.2526661251212119 0.793824255847261 0.21948094048514466 0.9893947071218211 0.2401081244019445 0.21042744499299215 0.5243022802068951 0.29045726898233937 0.34319566481462094 0.7002836486966502 0.6243253706266956
0.7668492359726149 0.6459530154118975 0.6957060014224615 0.0 0.5042096429788837 0.27173138321205437 0.4744789557857786 0.6778296534162719 0.6291472487497045 0.7813709594854235 0.9328099342422841 0.7313366950258535 0.1629176204820576 0.9363834044140648 0.10719587305662182 0.10034407831531045 0.9459212903051862 0.9938644488200599 0.27809586213264015 0.80866186035338
0.1250944069966463 0.06130850145672595 0.13456414906307768 0.5042096429788837 0.0 0.18013062296148952 0.2429299791607611 0.6123503824873737 0.12349102471927031 0.6009396258829196 0.6724549365738173 0.8749677436514585 0.15404829745087245 0.9995857138160771 0.9122125727020728 0.7527280634473252 0.9434550407725284 0.29465971207751207 0.49480788664916076 0.09407839305890309
0.7438137766342494 0.9871279744669211 0.2508756590051928 0.27173138321205437 0.18013062296148952 0.0 0.4767724446176105 0.13344796966474215 0.11958782567971782 0.4176444912986633 0.5524792338070053 0.5673260610663776 0.26475056517033313 0.37078633492327684 0.5203518071702292 0.6901511623165214 0.19016458115861257 0.42997583595722844 0.47562153951164154 0.2545756948049728
0.4421844577271643 0.7259733446338087 0.23212398757191 0.4744789557857786 0.2429299791607611 0.4767724446176105 0.0 0.10094773541853996 0.026376973597395437 0.6174470620082768 0.188432203294578 6.451817527137749E-4 0.4528599668386092 0.12915422295339507 0.621815647574618 0.5528848083102214 0.3627826466142343 0.11836030241148154 0.5052156812989147 0.09167678655044498
0.46520082289188047 0.05066975153693143 0.4799665242454456 0.6778296534162719 0.6123503824873737 0.13344796966474215 0.10094773541853996 0.0 0.4062242353181932 0.8670124924713974 0.15002864796465132 0.7730641776344674 0.5659572060018928 0.8845358200430761 0.05500476711321234 0.7446193404386635 0.053296079756761094 0.03169879664461295 0.19566333861337315 0.12432123295014852
0.5729212492264882 0.17336911263117205 0.8939580261499888 0.6291472487497045 0.12349102471927031 0.11958782567971782 0.026376973597395437 0.4062242353181932 0.0 0.20306174381868403 0.28846945232978016 0.5484347492853494 0.5266362659052882 0.6672529594963723 0.5760489163226344 0.9972651126354652 0.851166248745393 0.3486175752949703 0.41143288474220674 0.9276453931306411
0.8083950747899783 0.1620775687944186 0.2526661251212119 0.7813709594854235 0.6009396258829196 0.4176444912986633 0.6174470620082768 0.8670124924713974 0.20306174381868403 0.0 0.05801407033528827 0.938167397799677 0.0722661611496398 0.751504036819051 0.6940584862977921 0.6247827904087504 0.3804192416200999 0.3261283044309651 0.005617363563245048 0.5304040350181752
0.7658221456436923 0.5639162355629714 0.793824255847261 0.9328099342422841 0.6724549365738173 0.5524792338070053 0.188432203294578 0.15002864796465132 0.28846945232978016 0.05801407033528827 0.0 0.17462979002172352 0.7312559479706608 0.5755184460676422 0.6909085692380056 0.03571609429584599 0.15070588525958462 0.5563852477291923 0.950624360203852 0.8522840319628531
0.6054928348236776 0.9358967963682893 0.21948094048514466 0.7313366950258535 0.8749677436514585 0.5673260610663776 6.451817527137749E-4 0.7730641776344674 0.5484347492853494 0.938167397799677 0.17462979002172352 0.0 0.6683929019186273 0.7369850764491835 0.9675314899604219 0.3705120487973148 0.6332975343136141 0.874775477343397 0.6365556275689326 0.9585140727288233
0.767375780747223 0.7043728194975124 0.9893947071218211 0.1629176204820576 0.15404829745087245 0.26475056517033313 0.4528599668386092 0.5659572060018928 0.5266362659052882 0.0722661611496398 0.7312559479706608 0.6683929019186273 0.0 0.8739396501490398 0.9553235414360193 0.6299582111080111 0.43394336225843644 0.450130103867033 0.2980627762898793 0.42668033381334636
0.8555409669101082 0.9313161642416244 0.2401081244019445 0.9363834044140648 0.9995857138160771 0.37078633492327684 0.12915422295339507 0.8845358200430761 0.6672529594963723 0.751504036819051 0.5755184460676422 0.7369850764491835 0.8739396501490398 0.0 0.9529147950285916 0.8182517945935613 0.7178903455750894 0.156598555781573 0.6389868322749577 0.25604801985703063
0.4139388074635 0.03276116898015724 0.21042744499299215 0.10719587305662182 0.9122125727020728 0.5203518071702292 0.621815647574618 0.05500476711321234 0.5760489163226344 0.6940584862977921 0.6909085692380056 0.9675314899604219 0.9553235414360193 0.9529147950285916 0.0 0.27339713597963067 0.8210021592276161 0.8428591368612686 0.14387221358685154 0.48506172423919247
0.4636407277561444 0.408549159603092 0.5243022802068951 0.10034407831531045 0.7527280634473252 0.6901511623165214 0.5528848083102214 0.7446193404386635 0.9972651126354652 0.6247827904087504 0.03571609429584599 0.3705120487973148 0.6299582111080111 0.8182517945935613 0.27339713597963067 0.0 0.9672036104005197 0.6666049091448843 0.23158014427181528 0.2905288762640972
0.4113915180631508 0.7866124668617052 0.29045726898233937 0.9459212903051862 0.9434550407725284 0.19016458115861257 0.3627826466142343 0.053296079756761094 0.851166248745393 0.3804192416200999 0.15070588525958462 0.6332975343136141 0.43394336225843644 0.7178903455750894 0.8210021592276161 0.9672036104005197 0.0 0.6930449348552729 0.6606719080122089 0.33372211731805423
0.20041661098655772 0.9727960460277121 0.34319566481462094 0.9938644488200599 0.29465971207751207 0.42997583595722844 0.11836030241148154 0.03169879664461295 0.3486175752949703 0.3261283044309651 0.5563852477291923 0.874775477343397 0.450130103867033 0.156598555781573 0.8428591368612686 0.6666049091448843 0.6930449348552729 0.0 0.41913170271165623 0.9361645602191988
0.9820696380128674 0.6680241727933591 0.7002836486966502 0.27809586213264015 0.49480788664916076 0.47562153951164154 0.5052156812989147 0.19566333861337315 0.41143288474220674 0.005617363563245048 0.950624360203852 0.6365556275689326 0.2980627762898793 0.6389868322749577 0.14387221358685154 0.23158014427181528 0.6606719080122089 0.41913170271165623 0.0 0.4075497446176295
0.29727917617833666 0.06720927602948179 0.6243253706266956 0.80866186035338 0.09407839305890309 0.2545756948049728 0.09167678655044498 0.12432123295014852 0.9276453931306411 0.5304040350181752 0.8522840319628531 0.9585140727288233 0.42668033381334636 0.25604801985703063 0.48506172423919247 0.2905288762640972 0.33372211731805423 0.9361645602191988 0.4075497446176295 0.0

# Optimal Walk
0 2 13 17 16 7 5 8 11 6 19 1 14 3 15 10 18 9 12 4 0
