# Graph size: 20
# Optimal cost: 1.2968681600632994

# Distance Matrix
0.0 0.8323822193893883 0.31331256879587055 0.7387284241707047 0.35147252287767916 0.983748079660451 0.7675506450238909 0.5675395633645703 0.06512173051853454 0.7304671535087326 0.6934153574920916 0.714171208798933 0.23914977863303089 0.4581525025033679 0.017011538383377767 0.5304574970762662 0.13324174794026244 0.2316206825742646 0.37258142623606005 0.7944827415052149
0.8323822193893883 0.0 0.18848942154832216 0.1485282574968786 0.2313650324846236 0.3113231098006194 0.6914008574942823 0.11245814354413142 0.8641943178723425 0.4137221457808562 0.7615270410207964 0.04526168353553073 0.920566068682309 0.3790879062540998 0.336564009535253 0.3719388539263915 0.3219783824729847 0.35830147328718986 0.13445343941800825 0.20606571003629437
0.31331256879587055 0.18848942154832216 0.0 0.11360364243726906 0.27217778126789727 0.4089182504897101 0.03975469948652621 0.8959112042751896 0.2730213640045287 0.6830342134615842 0.8993598969070398 0.4666408370976345 0.7915711984107198 0.5448522585536818 0.8666159363157855 0.34356786972201303 0.8937305365165141 0.019750699592943288 0.5846259048253173 0.9097899261411609
0.7387284241707047 0.1485282574968786 0.11360364243726906 0.0 0.6568288358794766 0.9961101191561658 0.8690900850223748 0.025803610484841033 0.5417648418368683 0.6740681885570025 0.8273939252748077 0.08642931058815495 0.28523120233730315 0.03152558256326221 0.951650230666458 0.6656811951589258 0.6653224523758783 0.8572379291127898 0.49651697441892695 0.08896785502563498
0.35147252287767916 0.2313650324846236 0.27217778126789727 0.6568288358794766 0.0 0.6041803565746428 0.9877434073509183 0.07858917989568948 0.4995492235311336 0.46293123982858564 0.0030390421738287765 0.8413889453374003 0.24496348580968152 0.05702222622226272 0.7853333839205693 0.7184555281319284 0.6991773767362184 0.8741648316256223 0.02586663431921643 0.2967627192082638
0.983748079660451 0.3113231098006194 0.4089182504897101 0.9961101191561658 0.6041803565746428 0.0 0.9575019352615811 0.21244526451114665 0.9767040962710475 0.5336679914083021 0.19385521678502748 0.47276333267344284 0.48757234373696745 0.11282468444652416 0.8537420260381403 0.6376123798923969 0.6422218746400125 0.5379640780590131 0.27136050682456736 0.047315194574310326
0.7675506450238909 0.6914008574942823 0.03975469948652621 0.8690900850223748 0.9877434073509183 0.9575019352615811 0.0 0.1144636596946147 0.15818191222786948 0.745533625360936 0.9451817061487362 0.7009418407660812 0.19433967092789206 0.5867034593488206 0.9046561817998863 0.3558679580259899 0.4934179574290526 0.1560147154389394 0.1743730211508684 0.45235683366104007
0.5675395633645703 0.11245814354413142 0.8959112042751896 0.025803610484841033 0.07858917989568948 0.21244526451114665 0.1144636596946147 0.0 0.17613545373706163 0.4575531444905634 0.1811421032732945 0.9256680184122729 0.5628740475034009 0.4160936874175397 0.9162356873640973 0.4155707674660263 0.7639266107206827 0.5752521601392702 0.6969511619759619 0.5182147498793942
0.06512173051853454 0.8641943178723425 0.2730213640045287 0.5417648418368683 0.4995492235311336 0.9767040962710475 0.15818191222786948 0.17613545373706163 0.0 0.10231135265159041 0.5847230891215688 0.8432745571800103 0.782302484952545 0.10087199393546731 0.5103261014891585 0.13857240476959254 0.14002380833349248 0.11011104765207691 0.6968711797945102 0.5535899918501077
0.7304671535087326 0.4137221457808562 0.6830342134615842 0.6740681885570025 0.46293123982858564 0.5336679914083021 0.745533625360936 0.4575531444905634 0.10231135265159041 0.0 0.05012651668117907 0.7791789116814487 0.6413937156956243 0.6046364901280253 0.7486618847105777 0.47966817908628545 0.09309745504626976 0.8896883998432852 0.6523567721259518 0.4803401422266246
0.6934153574920916 0.7615270410207964 0.8993598969070398 0.8273939252748077 0.0030390421738287765 0.19385521678502748 0.9451817061487362 0.1811421032732945 0.5847230891215688 0.05012651668117907 0.0 0.3863844059039909 0.8002448461874 0.14022951892545188 0.14063547462824377 0.8346384132553045 0.14211925713953166 0.650979639832427 0.641798901585871 0.8649688585701113
0.714171208798933 0.04526168353553073 0.4666408370976345 0.08642931058815495 0.8413889453374003 0.47276333267344284 0.7009418407660812 0.9256680184122729 0.8432745571800103 0.7791789116814487 0.3863844059039909 0.0 0.4149538614924754 0.27684609153617223 0.8066737265319543 0.4579098980008409 0.798095231348588 0.8090426942808606 0.37269843660296886 0.3711095551942968
0.23914977863303089 0.920566068682309 0.7915711984107198 0.28523120233730315 0.24496348580968152 0.48757234373696745 0.19433967092789206 0.5628740475034009 0.782302484952545 0.6413937156956243 0.8002448461874 0.4149538614924754 0.0 0.46956986047255966 0.49554358753878514 0.6773646997216726 0.5723321760122694 0.745251334913028 0.6089051363451997 0.09137226265878107
0.4581525025033679 0.3790879062540998 0.5448522585536818 0.03152558256326221 0.05702222622226272 0.11282468444652416 0.5867034593488206 0.4160936874175397 0.10087199393546731 0.6046364901280253 0.14022951892545188 0.27684609153617223 0.46956986047255966 0.0 0.28463697964101475 0.666911468771992 0.2899754175079654 0.6919427421329702 0.05538391384809349 0.09069954301998984
0.017011538383377767 0.336564009535253 0.8666159363157855 0.951650230666458 0.7853333839205693 0.8537420260381403 0.9046561817998863 0.9162356873640973 0.5103261014891585 0.7486618847105777 0.14063547462824377 0.8066737265319543 0.49554358753878514 0.28463697964101475 0.0 0.032756202272145596 0.6072314117806216 0.3007580064943436 0.03169560475637645 0.6063461379896525
0.5304574970762662 0.3719388539263915 0.34356786972201303 0.6656811951589258 0.7184555281319284 0.6376123798923969 0.3558679580259899 0.4155707674660263 0.13857240476959254 0.47966817908628545 0.8346384132553045 0.4579098980008409 0.6773646997216726 0.666911468771992 0.032756202272145596 0.0 0.18250172571258705 0.8487915033641635 0.005535017547856791 0.17180825666694433
0.13324174794026244 0.3219783824729847 0.8937305365165141 0.6653224523758783 0.6991773767362184 0.6422218746400125 0.4934179574290526 0.7639266107206827 0.14002380833349248 0.09309745504626976 0.14211925713953166 0.798095231348588 0.5723321760122694 0.2899754175079654 0.6072314117806216 0.18250172571258705 0.0 0.6197049712461725 0.10640276590936915 0.3747030839213149
0.2316206825742646 0.35830147328718986 0.019750699592943288 0.8572379291127898 0.8741648316256223 0.5379640780590131 0.1560147154389394 0.5752521601392702 0.11011104765207691 0.8896883998432852 0.650979639832427 0.8090426942808606 0.745251334913028 0.6919427421329702 0.3007580064943436 0.8487915033641635 0.6197049712461725 0.0 0.844969019462989 0.024333115745336364
0.37258142623606005 0.13445343941800825 0.5846259048253173 0.49651697441892695 0.02586663431921643 0.27136050682456736 0.1743730211508684 0.6969511619759619 0.6968711797945102 0.6523567721259518 0.641798901585871 0.37269843660296886 0.6089051363451997 0.05538391384809349 0.03169560475637645 0.005535017547856791 0.10640276590936915 0.844969019462989 0.0 0.6097599066341534
0.7944827415052149 0.20606571003629437 0.9097899261411609 0.08896785502563498 0.2967627192082638 0.047315194574310326 0.45235683366104007 0.5182147498793942 0.5535899918501077 0.4803401422266246 0.8649688585701113 0.3711095551942968 0.09137226265878107 0.09069954301998984 0.6063461379896525 0.17180825666694433 0.3747030839213149 0.024333115745336364 0.6097599066341534 0.0

# Optimal Walk
0 14 15 18 1 11 3 7 6 2 17 19 12 5 13 4 10 9 16 8 0
