# MCW Instance
# Type: UNIFORM
# N: 20
# Optimal cost: 1.1259360146631923
# Optimal tour (permutation): [0, 4, 16, 15, 8, 14, 13, 2, 18, 9, 11, 19, 12, 7, 1, 17, 10, 6, 5, 3, 0]
# Optimal walk (full path): [0, 4, 16, 8, 15, 8, 14, 2, 13, 2, 18, 9, 11, 19, 12, 19, 7, 1, 10, 17, 10, 3, 5, 6, 5, 3, 0]
# Walk size: 27
# Is walk (has repeats): true

# Distance Matrix
0.0000000000 0.3308106380 0.6596353497 0.0542447121 0.0634483915 0.4023496562 0.3701035539 0.8189240598 0.7702510954 0.0881505975 0.9574890287 0.1111438893 0.6027945408 0.5995070947 0.7514016497 0.9322546647 0.1840701743 0.4588392554 0.7394366478 0.9297669763
0.3308106380 0.0000000000 0.2535355459 0.0296245612 0.5204159379 0.9731241258 0.7884697833 0.1164743368 0.1956722227 0.6131121503 0.0190756344 0.3993023155 0.1158865434 0.5916857595 0.8022019962 0.5915084952 0.1285296546 0.4605904609 0.9367254510 0.1193279590
0.6596353497 0.2535355459 0.0000000000 0.7297461392 0.5400123845 0.6530432197 0.8079705781 0.3145594348 0.9025893584 0.6897939178 0.5299048748 0.5405651356 0.8034676898 0.0828366522 0.0216149934 0.6728187680 0.9936912231 0.0346829121 0.1073867926 0.6614133837
0.0542447121 0.0296245612 0.7297461392 0.0000000000 0.6520607036 0.0069902734 0.3821557143 0.6182814145 0.2497027225 0.4843901627 0.0001750855 0.3060444637 0.5219394239 0.6948367443 0.5922408968 0.2292731966 0.8636516307 0.9398275893 0.4914348265 0.9273093024
0.0634483915 0.5204159379 0.5400123845 0.6520607036 0.0000000000 0.8871796142 0.0872612587 0.3858244768 0.1078399372 0.5859070485 0.2103604049 0.2362860548 0.3317046901 0.5320256648 0.3180037792 0.7985911143 0.0619534555 0.8035794880 0.6149739300 0.3711262722
0.4023496562 0.9731241258 0.6530432197 0.0069902734 0.8871796142 0.0000000000 0.0239635840 0.8837389651 0.7550418549 0.4530903383 0.9884625460 0.6043570062 0.1054739681 0.8427406285 0.2855929984 0.3162107256 0.1284602217 0.3312367306 0.5856943925 0.8599335442
0.3701035539 0.7884697833 0.8079705781 0.3821557143 0.0872612587 0.0239635840 0.0000000000 0.6031272201 0.5548558968 0.7412659299 0.5844950139 0.5612133921 0.7568318578 0.7746135600 0.6141858293 0.4901477604 0.1797944811 0.4169736316 0.8004186084 0.5691878137
0.8189240598 0.1164743368 0.3145594348 0.6182814145 0.3858244768 0.8837389651 0.6031272201 0.0000000000 0.5607645905 0.9574441285 0.3112551389 0.4474360892 0.7328850585 0.5438442151 0.6094236359 0.3469692288 0.6515456462 0.4926613428 0.6486899758 0.0799767746
0.7702510954 0.1956722227 0.9025893584 0.2497027225 0.1078399372 0.7550418549 0.5548558968 0.5607645905 0.0000000000 0.2572853882 0.6115341997 0.4787994405 0.9057221824 0.4638332531 0.0152595141 0.0908061416 0.0213010903 0.2168743603 0.4250989063 0.2574598347
0.0881505975 0.6131121503 0.6897939178 0.4843901627 0.5859070485 0.4530903383 0.7412659299 0.9574441285 0.2572853882 0.0000000000 0.8795874202 0.0076053044 0.4812016588 0.3274202955 0.4584208159 0.4448688833 0.1692481882 0.4174220695 0.0670036398 0.4906351605
0.9574890287 0.0190756344 0.5299048748 0.0001750855 0.2103604049 0.9884625460 0.5844950139 0.3112551389 0.6115341997 0.8795874202 0.0000000000 0.0649577528 0.2131132073 0.2686395552 0.7458222590 0.7338936862 0.6371435485 0.0233598223 0.7369266984 0.2890375572
0.1111438893 0.3993023155 0.5405651356 0.3060444637 0.2362860548 0.6043570062 0.5612133921 0.4474360892 0.4787994405 0.0076053044 0.0649577528 0.0000000000 0.9721793083 0.2096475832 0.4986600972 0.8048937665 0.6368729415 0.2713843305 0.8737650593 0.0144242426
0.6027945408 0.1158865434 0.8034676898 0.5219394239 0.3317046901 0.1054739681 0.7568318578 0.7328850585 0.9057221824 0.4812016588 0.2131132073 0.9721793083 0.0000000000 0.7044181306 0.8543068365 0.8584100697 0.4739024989 0.4261715218 0.9456771733 0.0100395499
0.5995070947 0.5916857595 0.0828366522 0.6948367443 0.5320256648 0.8427406285 0.7746135600 0.5438442151 0.4638332531 0.3274202955 0.2686395552 0.2096475832 0.7044181306 0.0000000000 0.1708152852 0.4769247199 0.2115319179 0.4042818320 0.3712289015 0.3737612276
0.7514016497 0.8022019962 0.0216149934 0.5922408968 0.3180037792 0.2855929984 0.6141858293 0.6094236359 0.0152595141 0.4584208159 0.7458222590 0.4986600972 0.8543068365 0.1708152852 0.0000000000 0.9377914659 0.8784945754 0.3555766289 0.5370345330 0.2246736318
0.9322546647 0.5915084952 0.6728187680 0.2292731966 0.7985911143 0.3162107256 0.4901477604 0.3469692288 0.0908061416 0.4448688833 0.7338936862 0.8048937665 0.8584100697 0.4769247199 0.9377914659 0.0000000000 0.3317531940 0.5756126077 0.7598556799 0.8582705657
0.1840701743 0.1285296546 0.9936912231 0.8636516307 0.0619534555 0.1284602217 0.1797944811 0.6515456462 0.0213010903 0.1692481882 0.6371435485 0.6368729415 0.4739024989 0.2115319179 0.8784945754 0.3317531940 0.0000000000 0.6645651551 0.6803165200 0.4315794062
0.4588392554 0.4605904609 0.0346829121 0.9398275893 0.8035794880 0.3312367306 0.4169736316 0.4926613428 0.2168743603 0.4174220695 0.0233598223 0.2713843305 0.4261715218 0.4042818320 0.3555766289 0.5756126077 0.6645651551 0.0000000000 0.5888112721 0.5363189380
0.7394366478 0.9367254510 0.1073867926 0.4914348265 0.6149739300 0.5856943925 0.8004186084 0.6486899758 0.4250989063 0.0670036398 0.7369266984 0.8737650593 0.9456771733 0.3712289015 0.5370345330 0.7598556799 0.6803165200 0.5888112721 0.0000000000 0.8048225321
0.9297669763 0.1193279590 0.6614133837 0.9273093024 0.3711262722 0.8599335442 0.5691878137 0.0799767746 0.2574598347 0.4906351605 0.2890375572 0.0144242426 0.0100395499 0.3737612276 0.2246736318 0.8582705657 0.4315794062 0.5363189380 0.8048225321 0.0000000000
