# Graph size: 20
# Optimal cost: 1.9498967116611543

# Distance Matrix
0.0 0.21102398500725272 0.3928468364650983 0.4059078511140889 0.3343369004034472 0.9785730486822367 0.4358830010285365 0.7253693992637147 0.5852971704020259 0.9765147130479361 0.2707520438266693 0.3880282421253206 0.9641205526210463 0.03197824964824503 0.10580253457823763 0.7934826614207254 0.6792378997327521 0.12605601668001287 0.3731668129607538 0.49644233082049827
0.21102398500725272 0.0 0.31667012710507236 0.1326076274761384 0.3292720348926085 0.756319997226014 0.18970057177692556 0.8825654678799159 0.11669410343191788 0.5654162651170421 0.1385528548240511 0.4929812551834313 0.3606270743869149 0.4274562309704778 0.01789779259566504 0.760404659531526 0.21015493843423405 0.5342134334415245 0.08755187616652149 0.5597861976888356
0.3928468364650983 0.31667012710507236 0.0 0.10267639579955945 0.14518366364052426 0.5305188480691628 0.6129495363769909 0.42924768257313173 0.9137471581228852 0.36256529367397283 0.6947778224081315 0.7092724129118608 0.622984303670899 0.06880959036559597 0.33061225935933225 0.8448813498655289 0.29528697916606494 0.40534352431843523 0.3049612908593097 0.5185092179730733
0.4059078511140889 0.1326076274761384 0.10267639579955945 0.0 0.9221337792301783 0.9376938904284081 0.8494709868270071 0.8215897803794876 0.12387411187013375 0.0529714144229676 0.20720874489186836 0.7579542283093798 0.8940927036301621 0.378842815969051 0.3806637511796237 0.3524324100728409 0.2091027383638845 0.7700010625079392 0.2624691204907469 0.7133198169371388
0.3343369004034472 0.3292720348926085 0.14518366364052426 0.9221337792301783 0.0 0.6903419546291051 0.28159787699149597 0.02070298578833285 0.546788241284033 0.6959233498223178 0.8391418802165775 0.5647261400226848 0.30198108201085927 0.18731792979266704 0.6356543716757344 0.15286644118583725 0.33744910351307156 0.46812409163183166 0.6394140824718353 0.7198613637214245
0.9785730486822367 0.756319997226014 0.5305188480691628 0.9376938904284081 0.6903419546291051 0.0 0.2427461222779237 0.4241043355400681 0.9794114503180595 0.29982120182173455 0.7234183425592554 0.20714690196224828 0.3906716229279896 0.9995781716545096 0.26328493611763293 0.40053641557713615 0.34789475879199416 0.337636683939168 0.11482161624944287 0.5788939862315601
0.4358830010285365 0.18970057177692556 0.6129495363769909 0.8494709868270071 0.28159787699149597 0.2427461222779237 0.0 0.9934012203544431 0.40554302797687747 0.036623303886011205 0.8333740496838629 0.4741581972712702 0.23134324391211236 0.5963354058323039 0.27118160418603987 0.8427033802564288 0.9289002488912849 0.7881078978038156 0.718200112845894 0.24807076743743428
0.7253693992637147 0.8825654678799159 0.42924768257313173 0.8215897803794876 0.02070298578833285 0.4241043355400681 0.9934012203544431 0.0 0.7021922850498507 0.17554015224031772 0.8544969430495968 0.7453617965997704 0.5403166782748287 0.7642486885365444 0.7946999072993812 0.6863952152768397 0.4867743804492598 0.33260375295482947 0.6887144052645118 0.3189074477263312
0.5852971704020259 0.11669410343191788 0.9137471581228852 0.12387411187013375 0.546788241284033 0.9794114503180595 0.40554302797687747 0.7021922850498507 0.0 0.6957122167201192 0.0048452577823384635 0.2629784225570705 0.9180641372157916 0.0981514861659768 0.43770199339980176 0.3484277026756225 0.5015835552604647 0.3928328538195289 0.10980285504857146 0.3485713626449235
0.9765147130479361 0.5654162651170421 0.36256529367397283 0.0529714144229676 0.6959233498223178 0.29982120182173455 0.036623303886011205 0.17554015224031772 0.6957122167201192 0.0 0.9385602045445447 0.24915959092170836 0.8525819689745402 0.28955388451441666 0.05211760833439494 0.06382199297887925 0.9420447557789582 0.5638062262305704 0.1373067177713021 0.3480380628832711
0.2707520438266693 0.1385528548240511 0.6947778224081315 0.20720874489186836 0.8391418802165775 0.7234183425592554 0.8333740496838629 0.8544969430495968 0.0048452577823384635 0.9385602045445447 0.0 0.7826748555841894 0.7298656537821983 0.1682068827031563 0.8389468005453765 0.45792703468346074 0.7631698184571457 0.8519744827552422 0.7265418385649498 0.19616428594395752
0.3880282421253206 0.4929812551834313 0.7092724129118608 0.7579542283093798 0.5647261400226848 0.20714690196224828 0.4741581972712702 0.7453617965997704 0.2629784225570705 0.24915959092170836 0.7826748555841894 0.0 0.9661080323335633 0.6026234559113466 0.9666353610855791 0.10656208046482052 0.3403382640969671 0.45361164494281614 0.5106927814449851 0.37641647344902784
0.9641205526210463 0.3606270743869149 0.622984303670899 0.8940927036301621 0.30198108201085927 0.3906716229279896 0.23134324391211236 0.5403166782748287 0.9180641372157916 0.8525819689745402 0.7298656537821983 0.9661080323335633 0.0 0.6003558857215416 0.9058451704340664 0.4249813333453022 0.48945686893645046 0.1645259976961585 0.716502436303439 0.2943265118099714
0.03197824964824503 0.4274562309704778 0.06880959036559597 0.378842815969051 0.18731792979266704 0.9995781716545096 0.5963354058323039 0.7642486885365444 0.0981514861659768 0.28955388451441666 0.1682068827031563 0.6026234559113466 0.6003558857215416 0.0 0.9241783781390158 0.39826830105041255 0.6741187620211329 0.009872000485953492 0.22187268580396446 0.10380968856596684
0.10580253457823763 0.01789779259566504 0.33061225935933225 0.3806637511796237 0.6356543716757344 0.26328493611763293 0.27118160418603987 0.7946999072993812 0.43770199339980176 0.05211760833439494 0.8389468005453765 0.9666353610855791 0.9058451704340664 0.9241783781390158 0.0 0.4766610466057247 0.025590834252299688 0.27595036202273804 0.7518963065458131 0.9318613294954606
0.7934826614207254 0.760404659531526 0.8448813498655289 0.3524324100728409 0.15286644118583725 0.40053641557713615 0.8427033802564288 0.6863952152768397 0.3484277026756225 0.06382199297887925 0.45792703468346074 0.10656208046482052 0.4249813333453022 0.39826830105041255 0.4766610466057247 0.0 0.4348961185565615 0.18731208513707764 0.23308370295174452 0.8328672665343821
0.6792378997327521 0.21015493843423405 0.29528697916606494 0.2091027383638845 0.33744910351307156 0.34789475879199416 0.9289002488912849 0.4867743804492598 0.5015835552604647 0.9420447557789582 0.7631698184571457 0.3403382640969671 0.48945686893645046 0.6741187620211329 0.025590834252299688 0.4348961185565615 0.0 0.7665521611919743 0.05493921851021755 0.9696999186375657
0.12605601668001287 0.5342134334415245 0.40534352431843523 0.7700010625079392 0.46812409163183166 0.337636683939168 0.7881078978038156 0.33260375295482947 0.3928328538195289 0.5638062262305704 0.8519744827552422 0.45361164494281614 0.1645259976961585 0.009872000485953492 0.27595036202273804 0.18731208513707764 0.7665521611919743 0.0 0.027306355784117775 0.22818786657792267
0.3731668129607538 0.08755187616652149 0.3049612908593097 0.2624691204907469 0.6394140824718353 0.11482161624944287 0.718200112845894 0.6887144052645118 0.10980285504857146 0.1373067177713021 0.7265418385649498 0.5106927814449851 0.716502436303439 0.22187268580396446 0.7518963065458131 0.23308370295174452 0.05493921851021755 0.027306355784117775 0.0 0.6265396928477704
0.49644233082049827 0.5597861976888356 0.5185092179730733 0.7133198169371388 0.7198613637214245 0.5788939862315601 0.24807076743743428 0.3189074477263312 0.3485713626449235 0.3480380628832711 0.19616428594395752 0.37641647344902784 0.2943265118099714 0.10380968856596684 0.9318613294954606 0.8328672665343821 0.9696999186375657 0.22818786657792267 0.6265396928477704 0.0

# Optimal Walk
0 13 19 10 8 1 14 16 18 5 11 15 4 7 2 3 9 6 12 17 0
