# Graph size: 20
# Optimal cost: 2.5349396071087105

# Distance Matrix
0.0 0.7321912588278817 0.48555518573421275 0.3955526779263655 0.3334256934544986 0.1366505892679477 0.30676378220210554 0.4895246798462167 0.06118642271382824 0.852936951842981 0.7375626502919767 0.7983030848143345 0.5114078542752237 0.977153218658467 0.9815628340610356 0.5656793966658539 0.48878502728152495 0.2697464710940295 0.16316660099824665 0.4966937565615168
0.7321912588278817 0.0 0.06262123256732532 0.5688131442094849 0.4730895584006606 0.7616577044712927 0.9752673136918275 0.46803815829207895 0.563845543758328 0.1510570241303859 0.1453875393484133 0.7077852194213718 0.492588310938997 0.9358081290950402 0.9389341516821816 0.5100812699329055 0.14249243459904426 0.03519372104667928 0.40512713992738647 0.6517154654190024
0.48555518573421275 0.06262123256732532 0.0 0.7188958265578418 0.423904587403528 0.730398786847761 0.4143990373802573 0.6127144769001107 0.3199662215406045 0.7501778269156134 0.6769090112935687 0.6511796434597258 0.5869301639919979 0.47655136336705217 0.32136570556986266 0.5147367044321985 0.95656209683209 0.24925666862744322 0.8142700753463974 0.8889835134813764
0.3955526779263655 0.5688131442094849 0.7188958265578418 0.0 0.13235955573182334 0.29811980302598906 0.29265358269575104 0.7418159194707116 0.5695843967759292 0.21697123112419614 0.7366702226246474 0.9684863473436127 0.7440962156005009 0.09223297557898236 0.8421863753843141 0.5310711119447495 0.020124716819564292 0.803786386474108 0.020400973951283374 0.13388074070340672
0.3334256934544986 0.4730895584006606 0.423904587403528 0.13235955573182334 0.0 0.8062205438742197 0.3213925909488021 0.5462552664007566 0.4226366830211187 0.5489755864805808 0.6568529235259944 0.25336729241184497 0.6727773243142285 0.2557054188835649 0.5002599941728181 0.3304537784253637 0.9410444873241556 0.6601381679333048 0.4681040918127183 0.7126778213347298
0.1366505892679477 0.7616577044712927 0.730398786847761 0.29811980302598906 0.8062205438742197 0.0 0.6945413641400207 0.8492552589500676 0.3216642712458142 0.28108764997623503 0.0027414418743169078 0.15478168915286628 0.4760267046641633 0.5842885710908641 0.4804675641562761 0.37942466183499945 0.6132377350081735 0.07871616189668551 0.3036483657690153 0.9758106821625061
0.30676378220210554 0.9752673136918275 0.4143990373802573 0.29265358269575104 0.3213925909488021 0.6945413641400207 0.0 0.23751258196850777 0.9473559958047053 0.7846996988492398 0.6251735211232831 0.5660849980639729 0.40148111813222165 0.19066662732530026 0.7731964731842309 0.23619698101324094 0.9959557326193562 0.7148009908938076 0.07201389846411033 0.9268921861655239
0.4895246798462167 0.46803815829207895 0.6127144769001107 0.7418159194707116 0.5462552664007566 0.8492552589500676 0.23751258196850777 0.0 0.8958794200263916 0.771038970513019 0.3502290026891769 0.14368998210923467 0.22082336929082846 0.07088157044849674 0.6869058416637871 0.09488214887160928 0.5626361009620924 0.26347032998825515 0.40084548920300966 0.8001072017578278
0.06118642271382824 0.563845543758328 0.3199662215406045 0.5695843967759292 0.4226366830211187 0.3216642712458142 0.9473559958047053 0.8958794200263916 0.0 0.5237734456990092 0.27218954994625344 0.2830578224331667 0.31502228797117837 0.6553333209933757 0.8449154014364552 0.19819170938891773 0.2303061353403647 0.48745289858817753 0.25007143242128116 0.2597881716719038
0.852936951842981 0.1510570241303859 0.7501778269156134 0.21697123112419614 0.5489755864805808 0.28108764997623503 0.7846996988492398 0.771038970513019 0.5237734456990092 0.0 0.40889089773265386 0.43945232985536953 0.49693872438097153 0.14457268393500744 0.2622343009244674 0.27308526688333334 0.9362086033174909 0.7526039386005348 0.7346086002177088 0.40948396505258033
0.7375626502919767 0.1453875393484133 0.6769090112935687 0.7366702226246474 0.6568529235259944 0.0027414418743169078 0.6251735211232831 0.3502290026891769 0.27218954994625344 0.40889089773265386 0.0 0.6055540367158533 0.34294868332969075 0.5637953595066147 0.8688618147411191 0.22503591439140413 0.478653067334875 0.3172408963795378 0.8117644773463555 0.3184485761622301
0.7983030848143345 0.7077852194213718 0.6511796434597258 0.9684863473436127 0.25336729241184497 0.15478168915286628 0.5660849980639729 0.14368998210923467 0.2830578224331667 0.43945232985536953 0.6055540367158533 0.0 0.6001328736652948 0.16463965895678856 0.6616358524286963 0.5392485359604006 0.812706622687544 0.34107818521648225 0.5706925409144163 0.9134991996658242
0.5114078542752237 0.492588310938997 0.5869301639919979 0.7440962156005009 0.6727773243142285 0.4760267046641633 0.40148111813222165 0.22082336929082846 0.31502228797117837 0.49693872438097153 0.34294868332969075 0.6001328736652948 0.0 0.5218468965330936 0.7792853248306963 0.5545767325643225 0.3773036001992033 0.8788268619335615 0.44519941326206547 0.9659840095352401
0.977153218658467 0.9358081290950402 0.47655136336705217 0.09223297557898236 0.2557054188835649 0.5842885710908641 0.19066662732530026 0.07088157044849674 0.6553333209933757 0.14457268393500744 0.5637953595066147 0.16463965895678856 0.5218468965330936 0.0 0.6824859884843575 0.6097906509959296 0.4979760994461718 0.10343927282176701 0.4718225658663344 0.6928776384556656
0.9815628340610356 0.9389341516821816 0.32136570556986266 0.8421863753843141 0.5002599941728181 0.4804675641562761 0.7731964731842309 0.6869058416637871 0.8449154014364552 0.2622343009244674 0.8688618147411191 0.6616358524286963 0.7792853248306963 0.6824859884843575 0.0 0.5137257588363604 0.6586203133231069 0.08391008332252092 0.5208823854371082 0.6616823429619039
0.5656793966658539 0.5100812699329055 0.5147367044321985 0.5310711119447495 0.3304537784253637 0.37942466183499945 0.23619698101324094 0.09488214887160928 0.19819170938891773 0.27308526688333334 0.22503591439140413 0.5392485359604006 0.5545767325643225 0.6097906509959296 0.5137257588363604 0.0 0.39410537320495564 0.43780090911982006 0.6410333884917122 0.9021704909880054
0.48878502728152495 0.14249243459904426 0.95656209683209 0.020124716819564292 0.9410444873241556 0.6132377350081735 0.9959557326193562 0.5626361009620924 0.2303061353403647 0.9362086033174909 0.478653067334875 0.812706622687544 0.3773036001992033 0.4979760994461718 0.6586203133231069 0.39410537320495564 0.0 0.9131472287299408 0.16882154392313964 0.8988255684374098
0.2697464710940295 0.03519372104667928 0.24925666862744322 0.803786386474108 0.6601381679333048 0.07871616189668551 0.7148009908938076 0.26347032998825515 0.48745289858817753 0.7526039386005348 0.3172408963795378 0.34107818521648225 0.8788268619335615 0.10343927282176701 0.08391008332252092 0.43780090911982006 0.9131472287299408 0.0 0.9876512562940665 0.634053735457175
0.16316660099824665 0.40512713992738647 0.8142700753463974 0.020400973951283374 0.4681040918127183 0.3036483657690153 0.07201389846411033 0.40084548920300966 0.25007143242128116 0.7346086002177088 0.8117644773463555 0.5706925409144163 0.44519941326206547 0.4718225658663344 0.5208823854371082 0.6410333884917122 0.16882154392313964 0.9876512562940665 0.0 0.03953094414400715
0.4966937565615168 0.6517154654190024 0.8889835134813764 0.13388074070340672 0.7126778213347298 0.9758106821625061 0.9268921861655239 0.8001072017578278 0.2597881716719038 0.40948396505258033 0.3184485761622301 0.9134991996658242 0.9659840095352401 0.6928776384556656 0.6616823429619039 0.9021704909880054 0.8988255684374098 0.634053735457175 0.03953094414400715 0.0

# Optimal Walk
0 8 12 7 15 6 18 19 16 3 4 11 13 9 2 1 17 14 10 5 0
