# MCW Instance
# Type: UNIFORM
# N: 20
# Optimal cost: 2.2494599993013953
# Optimal tour (permutation): [0, 8, 6, 18, 14, 11, 13, 10, 12, 16, 9, 3, 7, 17, 4, 19, 5, 15, 1, 2, 0]
# Optimal walk (full path): [0, 8, 6, 14, 18, 14, 11, 13, 10, 12, 16, 9, 16, 3, 17, 7, 17, 4, 19, 5, 15, 1, 2, 0]
# Walk size: 24
# Is walk (has repeats): true

# Distance Matrix
0.0000000000 0.9084636487 0.2138243646 0.8714301621 0.5377285068 0.9457959539 0.8768655784 0.5722681600 0.2519721864 0.8688438175 0.5464120569 0.7311531752 0.4895565899 0.2193189982 0.7989649057 0.4893505672 0.6012844891 0.3584548907 0.8359949973 0.4914781828
0.9084636487 0.0000000000 0.0656350586 0.7078412008 0.9953970546 0.0982765552 0.2089892263 0.3375187432 0.7121101153 0.6275631344 0.0360473798 0.2165511299 0.9787160170 0.0367310358 0.7764268396 0.0828903014 0.2249918734 0.1173793885 0.2622158211 0.8122056699
0.2138243646 0.0656350586 0.0000000000 0.9348060989 0.7111391701 0.7912995881 0.3694472442 0.2494124650 0.6754847920 0.7025633524 0.9122651731 0.2681097339 0.3292981178 0.4916159816 0.3820096708 0.7503991732 0.8901784291 0.9294671485 0.9658865822 0.4481861346
0.8714301621 0.7078412008 0.9348060989 0.0000000000 0.9789684856 0.3116299081 0.1429457562 0.3522356673 0.6116927355 0.6614098535 0.6369306875 0.7240067291 0.2250813721 0.4386805046 0.4906195971 0.9021531015 0.1890794397 0.0642346651 0.6491396578 0.5223935142
0.5377285068 0.9953970546 0.7111391701 0.9789684856 0.0000000000 0.9482173775 0.3598391984 0.8938376333 0.9701174415 0.4034458106 0.8254110174 0.7036415205 0.5970069205 0.3970139155 0.5272702870 0.6374500186 0.4761192654 0.1951970984 0.2552163765 0.1289372613
0.9457959539 0.0982765552 0.7912995881 0.3116299081 0.9482173775 0.0000000000 0.2442890600 0.6771568747 0.5212108655 0.1642627542 0.8863722317 0.5329414915 0.9187411139 0.1735272270 0.1527689595 0.1496132141 0.3394769556 0.6084173064 0.6698263949 0.0217142295
0.8768655784 0.2089892263 0.3694472442 0.1429457562 0.3598391984 0.2442890600 0.0000000000 0.5526221729 0.1013329554 0.7021357174 0.4607602325 0.6924013969 0.8053936945 0.9564029414 0.0981764272 0.2704120982 0.5000706021 0.7784860744 0.1770683436 0.4321104973
0.5722681600 0.3375187432 0.2494124650 0.3522356673 0.8938376333 0.6771568747 0.5526221729 0.0000000000 0.3137933609 0.5883561006 0.9104455255 0.3104894641 0.4627322898 0.4221525232 0.2469931641 0.4950449660 0.2340580243 0.0061689768 0.2302132446 0.8304172948
0.2519721864 0.7121101153 0.6754847920 0.6116927355 0.9701174415 0.5212108655 0.1013329554 0.3137933609 0.0000000000 0.5523316611 0.8745181723 0.7627333357 0.9866320588 0.8592810460 0.6603891673 0.9948074111 0.5016551159 0.7100697590 0.8402248067 0.7445104026
0.8688438175 0.6275631344 0.7025633524 0.6614098535 0.4034458106 0.1642627542 0.7021357174 0.5883561006 0.5523316611 0.0000000000 0.2870144963 0.4432669188 0.8908105621 0.3268537955 0.9085315964 0.5170776886 0.0311801335 0.9200268452 0.3067430919 0.6209959550
0.5464120569 0.0360473798 0.9122651731 0.6369306875 0.8254110174 0.8863722317 0.4607602325 0.9104455255 0.8745181723 0.2870144963 0.0000000000 0.4644077954 0.1291943990 0.0053835777 0.4698920410 0.3087706897 0.7217585551 0.2713388074 0.2666498344 0.2134291245
0.7311531752 0.2165511299 0.2681097339 0.7240067291 0.7036415205 0.5329414915 0.6924013969 0.3104894641 0.7627333357 0.4432669188 0.4644077954 0.0000000000 0.6027183329 0.1357677086 0.1798196610 0.9906864530 0.9747380818 0.6636307477 0.8243543351 0.4650543934
0.4895565899 0.9787160170 0.3292981178 0.2250813721 0.5970069205 0.9187411139 0.8053936945 0.4627322898 0.9866320588 0.8908105621 0.1291943990 0.6027183329 0.0000000000 0.2847614537 0.3676513875 0.6563475828 0.1387637156 0.9974849443 0.2027762517 0.3967957364
0.2193189982 0.0367310358 0.4916159816 0.4386805046 0.3970139155 0.1735272270 0.9564029414 0.4221525232 0.8592810460 0.3268537955 0.0053835777 0.1357677086 0.2847614537 0.0000000000 0.2040241907 0.4557312049 0.1484886554 0.0847548562 0.8942520145 0.0887389430
0.7989649057 0.7764268396 0.3820096708 0.4906195971 0.5272702870 0.1527689595 0.0981764272 0.2469931641 0.6603891673 0.9085315964 0.4698920410 0.1798196610 0.3676513875 0.2040241907 0.0000000000 0.9888694066 0.1268671195 0.1596463626 0.0116127575 0.5340877626
0.4893505672 0.0828903014 0.7503991732 0.9021531015 0.6374500186 0.1496132141 0.2704120982 0.4950449660 0.9948074111 0.5170776886 0.3087706897 0.9906864530 0.6563475828 0.4557312049 0.9888694066 0.0000000000 0.7580821995 0.1769118520 0.6226531153 0.1920442519
0.6012844891 0.2249918734 0.8901784291 0.1890794397 0.4761192654 0.3394769556 0.5000706021 0.2340580243 0.5016551159 0.0311801335 0.7217585551 0.9747380818 0.1387637156 0.1484886554 0.1268671195 0.7580821995 0.0000000000 0.6575003323 0.2585863377 0.1500126877
0.3584548907 0.1173793885 0.9294671485 0.0642346651 0.1951970984 0.6084173064 0.7784860744 0.0061689768 0.7100697590 0.9200268452 0.2713388074 0.6636307477 0.9974849443 0.0847548562 0.1596463626 0.1769118520 0.6575003323 0.0000000000 0.4951765690 0.0736157331
0.8359949973 0.2622158211 0.9658865822 0.6491396578 0.2552163765 0.6698263949 0.1770683436 0.2302132446 0.8402248067 0.3067430919 0.2666498344 0.8243543351 0.2027762517 0.8942520145 0.0116127575 0.6226531153 0.2585863377 0.4951765690 0.0000000000 0.3143491381
0.4914781828 0.8122056699 0.4481861346 0.5223935142 0.1289372613 0.0217142295 0.4321104973 0.8304172948 0.7445104026 0.6209959550 0.2134291245 0.4650543934 0.3967957364 0.0887389430 0.5340877626 0.1920442519 0.1500126877 0.0736157331 0.3143491381 0.0000000000
