# MCW Instance
# Type: UNIFORM
# N: 11
# Optimal cost: 2.1246169154764836
# Optimal tour (permutation): [0, 9, 5, 4, 7, 8, 2, 3, 6, 1, 10, 0]
# Optimal walk (full path): [0, 9, 5, 4, 7, 8, 2, 3, 6, 1, 10, 0]
# Walk size: 12
# Is walk (has repeats): false

# Distance Matrix
0.0000000000 0.9924781664 0.7998823154 0.3472733258 0.6452116949 0.4233036636 0.6031889704 0.5424506152 0.4946963590 0.3091834559 0.1826483344
0.9924781664 0.0000000000 0.5778306503 0.3877088501 0.2352802695 0.7153738318 0.1161066893 0.1934667351 0.5122670975 0.4316292557 0.1435063632
0.7998823154 0.5778306503 0.0000000000 0.1624337442 0.4934312626 0.3848378872 0.2314649770 0.9730094116 0.1897989570 0.4458585172 0.4698694107
0.3472733258 0.3877088501 0.1624337442 0.0000000000 0.5143415915 0.6532813604 0.0747817654 0.4915812916 0.9277536655 0.5675699842 0.7447887145
0.6452116949 0.2352802695 0.4934312626 0.5143415915 0.0000000000 0.2432988401 0.6411918231 0.2374859107 0.2451532830 0.6744189319 0.8742618057
0.4233036636 0.7153738318 0.3848378872 0.6532813604 0.2432988401 0.0000000000 0.6997135341 0.4742587367 0.3134124733 0.3658391873 0.9913264646
0.6031889704 0.1161066893 0.2314649770 0.0747817654 0.6411918231 0.6997135341 0.0000000000 0.7485376039 0.7803272906 0.8819003595 0.7072394399
0.5424506152 0.1934667351 0.9730094116 0.4915812916 0.2374859107 0.4742587367 0.7485376039 0.0000000000 0.0995336680 0.6443847535 0.3981365161
0.4946963590 0.5122670975 0.1897989570 0.9277536655 0.2451532830 0.3134124733 0.7803272906 0.0995336680 0.0000000000 0.8536971468 0.5088234377
0.3091834559 0.4316292557 0.4458585172 0.5675699842 0.6744189319 0.3658391873 0.8819003595 0.6443847535 0.8536971468 0.0000000000 0.6772378780
0.1826483344 0.1435063632 0.4698694107 0.7447887145 0.8742618057 0.9913264646 0.7072394399 0.3981365161 0.5088234377 0.6772378780 0.0000000000
