# Graph size: 11
# Optimal cost: 1.9862301142312349

# Distance Matrix
0.0 0.035735316392923155 0.18613978920104335 0.5096315948919538 0.004500337838693413 0.9227014409666601 0.935724424362036 0.8994416938260362 0.001348370445868552 0.13744854840151655 0.6071784569337467
0.035735316392923155 0.0 0.6826893631952206 0.24261554345191838 0.08862921186088457 0.745716672164318 0.10795814161843276 0.544025877273161 0.15356114027104995 0.019889036141020777 0.35235013597923626
0.18613978920104335 0.6826893631952206 0.0 0.4477678278931464 0.3213686759870875 0.8812792330312582 0.8055314339321152 0.8912189165837384 0.5314530272056248 0.2752219364951627 0.31865282370685855
0.5096315948919538 0.24261554345191838 0.4477678278931464 0.0 0.26813495039197976 0.9302221652523283 0.5134089997471198 0.8876587472350248 0.13428736068195324 0.582487755229587 0.8342943437999952
0.004500337838693413 0.08862921186088457 0.3213686759870875 0.26813495039197976 0.0 0.31959869381939776 0.6151968800989939 0.26866330172480735 0.6234957324429847 0.7909075756244359 0.9105246222607762
0.9227014409666601 0.745716672164318 0.8812792330312582 0.9302221652523283 0.31959869381939776 0.0 0.8748738809742231 0.7439311551618362 0.848222241567008 0.15784694461274962 0.5403149020684221
0.935724424362036 0.10795814161843276 0.8055314339321152 0.5134089997471198 0.6151968800989939 0.8748738809742231 0.0 0.9342161689507842 0.3251537441097039 0.3179536885576236 0.1646733404217916
0.8994416938260362 0.544025877273161 0.8912189165837384 0.8876587472350248 0.26866330172480735 0.7439311551618362 0.9342161689507842 0.0 0.773888348050303 0.8525357126262015 0.6744739443483634
0.001348370445868552 0.15356114027104995 0.5314530272056248 0.13428736068195324 0.6234957324429847 0.848222241567008 0.3251537441097039 0.773888348050303 0.0 0.0981519029713559 0.2853130215449582
0.13744854840151655 0.019889036141020777 0.2752219364951627 0.582487755229587 0.7909075756244359 0.15784694461274962 0.3179536885576236 0.8525357126262015 0.0981519029713559 0.0 0.1250214707738453
0.6071784569337467 0.35235013597923626 0.31865282370685855 0.8342943437999952 0.9105246222607762 0.5403149020684221 0.1646733404217916 0.6744739443483634 0.2853130215449582 0.1250214707738453 0.0

# Optimal Walk
0 7 4 2 10 6 9 5 1 8 3 0
