# MCW Instance
# Type: UNIFORM
# N: 11
# Optimal cost: 0.9255998621318099
# Optimal tour (permutation): [0, 7, 9, 2, 8, 3, 5, 4, 10, 1, 6, 0]
# Optimal walk (full path): [0, 7, 9, 2, 9, 8, 3, 5, 4, 10, 1, 6, 0]
# Walk size: 13
# Is walk (has repeats): true

# Distance Matrix
0.0000000000 0.7179749988 0.3900835612 0.6721511972 0.4860723387 0.7221522979 0.1374402649 0.0315916419 0.9659717250 0.8315244705 0.7639345589
0.7179749988 0.0000000000 0.6047283178 0.5134855308 0.5731031120 0.3137581426 0.0015539852 0.8283549503 0.7241801061 0.2715191413 0.0944331590
0.3900835612 0.6047283178 0.0000000000 0.8681035681 0.9486094868 0.9406285495 0.6056973078 0.4768897936 0.8759458706 0.0350285144 0.2509051866
0.6721511972 0.5134855308 0.8681035681 0.0000000000 0.8616272837 0.1500816805 0.9847810375 0.3203669508 0.0413807477 0.2562513950 0.5898252098
0.4860723387 0.5731031120 0.9486094868 0.8616272837 0.0000000000 0.1293827120 0.4204577750 0.9987477599 0.8212495003 0.5967472656 0.1912825916
0.7221522979 0.3137581426 0.9406285495 0.1500816805 0.1293827120 0.0000000000 0.3464215300 0.7657155657 0.3214249597 0.3600502599 0.9890130029
0.1374402649 0.0015539852 0.6056973078 0.9847810375 0.4204577750 0.3464215300 0.0000000000 0.9362082298 0.9188993326 0.8063252171 0.3545896582
0.0315916419 0.8283549503 0.4768897936 0.3203669508 0.9987477599 0.7657155657 0.9362082298 0.0000000000 0.4310759728 0.0515546297 0.9371612470
0.9659717250 0.7241801061 0.8759458706 0.0413807477 0.8212495003 0.3214249597 0.9188993326 0.4310759728 0.0000000000 0.0268414207 0.7133650420
0.8315244705 0.2715191413 0.0350285144 0.2562513950 0.5967472656 0.3600502599 0.8063252171 0.0515546297 0.0268414207 0.0000000000 0.5415472538
0.7639345589 0.0944331590 0.2509051866 0.5898252098 0.1912825916 0.9890130029 0.3545896582 0.9371612470 0.7133650420 0.5415472538 0.0000000000
