# MCW Instance
# Type: UNIFORM
# N: 11
# Optimal cost: 1.4755411155082017
# Optimal tour (permutation): [0, 9, 4, 6, 3, 10, 2, 7, 5, 8, 1, 0]
# Optimal walk (full path): [0, 9, 4, 6, 3, 10, 2, 7, 8, 5, 8, 1, 9, 0]
# Walk size: 14
# Is walk (has repeats): true

# Distance Matrix
0.0000000000 0.9851967070 0.9118450857 0.7065573364 0.3261273005 0.7578175435 0.1120446767 0.7675157473 0.8592166498 0.0226374681 0.1554956835
0.9851967070 0.0000000000 0.8914226416 0.5617201909 0.8430058539 0.7401774702 0.4473814091 0.2423022238 0.0820231853 0.1251720234 0.7268885744
0.9118450857 0.8914226416 0.0000000000 0.2055566534 0.6828480151 0.8365436108 0.3007822896 0.2076430630 0.6262816898 0.3179292342 0.0302906103
0.7065573364 0.5617201909 0.2055566534 0.0000000000 0.5869953381 0.4570184268 0.0746985309 0.4404614421 0.1428875516 0.8490505838 0.1662055796
0.3261273005 0.8430058539 0.6828480151 0.5869953381 0.0000000000 0.7589836281 0.2809303484 0.5410697679 0.7375697406 0.2993844383 0.9221104814
0.7578175435 0.7401774702 0.8365436108 0.4570184268 0.7589836281 0.0000000000 0.1143068555 0.6505859979 0.0248158780 0.6807750646 0.5081047642
0.1120446767 0.4473814091 0.3007822896 0.0746985309 0.2809303484 0.1143068555 0.0000000000 0.1727800145 0.0671185532 0.8570012493 0.8726199331
0.7675157473 0.2423022238 0.2076430630 0.4404614421 0.5410697679 0.6505859979 0.1727800145 0.0000000000 0.1142866442 0.6955779586 0.8600810916
0.8592166498 0.0820231853 0.6262816898 0.1428875516 0.7375697406 0.0248158780 0.0671185532 0.1142866442 0.0000000000 0.3433997158 0.7641449183
0.0226374681 0.1251720234 0.3179292342 0.8490505838 0.2993844383 0.6807750646 0.8570012493 0.6955779586 0.3433997158 0.0000000000 0.7307656335
0.1554956835 0.7268885744 0.0302906103 0.1662055796 0.9221104814 0.5081047642 0.8726199331 0.8600810916 0.7641449183 0.7307656335 0.0000000000
