# MCW Instance
# Type: UNIFORM
# N: 11
# Optimal cost: 1.7111090779871856
# Optimal tour (permutation): [0, 4, 10, 7, 2, 5, 8, 9, 6, 3, 1, 0]
# Optimal walk (full path): [0, 4, 7, 10, 7, 2, 5, 8, 9, 6, 3, 1, 3, 4, 0]
# Walk size: 15
# Is walk (has repeats): true

# Distance Matrix
0.0000000000 0.8980873354 0.3551381356 0.3728210310 0.1992445269 0.5283947139 0.9506361538 0.7606897757 0.7361009379 0.9377536759 0.8938176473
0.8980873354 0.0000000000 0.5707100800 0.0802435015 0.9095725664 0.8376980144 0.1379573295 0.8225427046 0.8999607389 0.8456123650 0.8209369426
0.3551381356 0.5707100800 0.0000000000 0.7507331092 0.3731856641 0.0719305648 0.2948628526 0.1240774573 0.9686129553 0.3446669766 0.3939634217
0.3728210310 0.0802435015 0.7507331092 0.0000000000 0.1061658635 0.0985250475 0.0396636423 0.9972300872 0.9725804890 0.5615656870 0.5979400293
0.1992445269 0.9095725664 0.3731856641 0.1061658635 0.0000000000 0.9530006483 0.8126939002 0.0231594577 0.5309664425 0.3199953531 0.5786594202
0.5283947139 0.8376980144 0.0719305648 0.0985250475 0.9530006483 0.0000000000 0.7621064299 0.7830320720 0.2659011881 0.4996900927 0.9116541632
0.9506361538 0.1379573295 0.2948628526 0.0396636423 0.8126939002 0.7621064299 0.0000000000 0.8755432353 0.8093254313 0.0760124727 0.5337004905
0.7606897757 0.8225427046 0.1240774573 0.9972300872 0.0231594577 0.7830320720 0.8755432353 0.0000000000 0.3450005374 0.2169169267 0.0944200522
0.7361009379 0.8999607389 0.9686129553 0.9725804890 0.5309664425 0.2659011881 0.8093254313 0.3450005374 0.0000000000 0.2563822704 0.6045690315
0.9377536759 0.8456123650 0.3446669766 0.5615656870 0.3199953531 0.4996900927 0.0760124727 0.2169169267 0.2563822704 0.0000000000 0.2746794983
0.8938176473 0.8209369426 0.3939634217 0.5979400293 0.5786594202 0.9116541632 0.5337004905 0.0944200522 0.6045690315 0.2746794983 0.0000000000
