# MCW Instance
# Type: UNIFORM
# N: 11
# Optimal cost: 1.8254660535183809
# Optimal tour (permutation): [0, 7, 1, 5, 3, 2, 10, 9, 8, 6, 4, 0]
# Optimal walk (full path): [0, 7, 1, 5, 3, 2, 9, 10, 9, 6, 8, 6, 9, 4, 0]
# Walk size: 15
# Is walk (has repeats): true

# Distance Matrix
0.0000000000 0.9072272103 0.3544924658 0.8712905072 0.1054960048 0.7517742270 0.9890776274 0.3290022879 0.2164716382 0.3880844375 0.8023317848
0.9072272103 0.0000000000 0.9298547394 0.9092310074 0.5654275501 0.1261978481 0.4621153220 0.2208728100 0.3305885284 0.3950760449 0.3466033695
0.3544924658 0.9298547394 0.0000000000 0.2576936608 0.5707324575 0.5687292557 0.8672807616 0.4066683394 0.7955589943 0.2611298095 0.7351411712
0.8712905072 0.9092310074 0.2576936608 0.0000000000 0.7879206408 0.1595089850 0.6084808987 0.5530555283 0.7553441703 0.8038876476 0.7153107599
0.1054960048 0.5654275501 0.5707324575 0.7879206408 0.0000000000 0.8439576960 0.6988218026 0.9591207421 0.8544509420 0.1807308533 0.8790311783
0.7517742270 0.1261978481 0.5687292557 0.1595089850 0.8439576960 0.0000000000 0.8889610901 0.4648749379 0.6133818421 0.5346129724 0.6813145818
0.9890776274 0.4621153220 0.8672807616 0.6084808987 0.6988218026 0.8889610901 0.0000000000 0.3907866451 0.0275671786 0.0415174802 0.0944567820
0.3290022879 0.2208728100 0.4066683394 0.5530555283 0.9591207421 0.4648749379 0.3907866451 0.0000000000 0.7360129659 0.2882611067 0.4756343087
0.2164716382 0.3305885284 0.7955589943 0.7553441703 0.8544509420 0.6133818421 0.0275671786 0.7360129659 0.0000000000 0.1527620106 0.1696684912
0.3880844375 0.3950760449 0.2611298095 0.8038876476 0.1807308533 0.5346129724 0.0415174802 0.2882611067 0.1527620106 0.0000000000 0.0233322383
0.8023317848 0.3466033695 0.7351411712 0.7153107599 0.8790311783 0.6813145818 0.0944567820 0.4756343087 0.1696684912 0.0233322383 0.0000000000
