# MCW Instance
# Type: UNIFORM
# N: 11
# Optimal cost: 2.0158390964985493
# Optimal tour (permutation): [0, 2, 7, 3, 10, 5, 9, 8, 6, 1, 4, 0]
# Optimal walk (full path): [0, 2, 7, 3, 10, 5, 10, 9, 8, 9, 6, 9, 1, 4, 0]
# Walk size: 15
# Is walk (has repeats): true

# Distance Matrix
0.0000000000 0.6628170540 0.2167703118 0.8082245558 0.1681867062 0.6572783690 0.4197922965 0.9575825786 0.5188925817 0.6886697538 0.8605319893
0.6628170540 0.0000000000 0.6008128955 0.6582590916 0.2003619594 0.9967936600 0.8480900109 0.6493108962 0.9052266174 0.0745131173 0.8576478160
0.2167703118 0.6008128955 0.0000000000 0.7953768058 0.9480619824 0.6799778922 0.6905771575 0.3632775957 0.3889883229 0.6759827628 0.3523310291
0.8082245558 0.6582590916 0.7953768058 0.0000000000 0.8819927119 0.3371891147 0.3095481915 0.0500204228 0.5236715876 0.5341007186 0.1001191384
0.1681867062 0.2003619594 0.9480619824 0.8819927119 0.0000000000 0.4299357616 0.7857708702 0.4361301303 0.9697007440 0.5763302854 0.9362614195
0.6572783690 0.9967936600 0.6799778922 0.3371891147 0.4299357616 0.0000000000 0.8792065030 0.9601758623 0.8503532908 0.4582642802 0.2209489629
0.4197922965 0.8480900109 0.6905771575 0.3095481915 0.7857708702 0.8792065030 0.0000000000 0.7980891669 0.2271228205 0.0361380390 0.4509597910
0.9575825786 0.6493108962 0.3632775957 0.0500204228 0.4361301303 0.9601758623 0.7980891669 0.0000000000 0.5134711456 0.6492786917 0.4619543382
0.5188925817 0.9052266174 0.3889883229 0.5236715876 0.9697007440 0.8503532908 0.2271228205 0.5134711456 0.0000000000 0.1357285672 0.2968147193
0.6886697538 0.0745131173 0.6759827628 0.5341007186 0.5763302854 0.4582642802 0.0361380390 0.6492786917 0.1357285672 0.0000000000 0.0569587067
0.8605319893 0.8576478160 0.3523310291 0.1001191384 0.9362614195 0.2209489629 0.4509597910 0.4619543382 0.2968147193 0.0569587067 0.0000000000
