# Graph size: 11
# Optimal cost: 2.047781567017549

# Distance Matrix
0.0 0.7559269945310563 0.22472827746632462 0.9852010850567089 0.6984537375071134 0.3350632639054153 0.809022981717034 0.21891616662685043 0.11802494753853565 0.6006861377238433 0.4191822422998105
0.7559269945310563 0.0 0.07987588928916167 0.6905479982325295 0.6427594677454126 0.4101581470532273 0.8660474624513912 0.29819462575024114 0.1153349766316023 0.24943209665801624 0.6939184473406617
0.22472827746632462 0.07987588928916167 0.0 0.5919078258911123 0.7191036537793706 0.20390551407335766 0.2495307768325422 0.18464812924211482 0.39053672730532996 0.08833773442405668 0.5630142933370306
0.9852010850567089 0.6905479982325295 0.5919078258911123 0.0 0.47077774372940406 0.1480865445815538 0.07780317524354285 0.3942967691237961 0.2307926303363934 0.890643333472044 0.2829285232374771
0.6984537375071134 0.6427594677454126 0.7191036537793706 0.47077774372940406 0.0 0.4280190556003347 0.7675267814203791 0.5694215893617525 0.5142103591274845 0.36728525293202985 0.4381170541217009
0.3350632639054153 0.4101581470532273 0.20390551407335766 0.1480865445815538 0.4280190556003347 0.0 0.06167517945194034 0.42050208188531824 0.1887299401170187 0.09543081421036415 0.7631177800753928
0.809022981717034 0.8660474624513912 0.2495307768325422 0.07780317524354285 0.7675267814203791 0.06167517945194034 0.0 0.9767982590360096 0.2754853379282106 0.13332318791893216 0.38565110556183024
0.21891616662685043 0.29819462575024114 0.18464812924211482 0.3942967691237961 0.5694215893617525 0.42050208188531824 0.9767982590360096 0.0 0.11773375642692319 0.8799836689339003 0.5420039488152146
0.11802494753853565 0.1153349766316023 0.39053672730532996 0.2307926303363934 0.5142103591274845 0.1887299401170187 0.2754853379282106 0.11773375642692319 0.0 0.6979806180969819 0.165754129323467
0.6006861377238433 0.24943209665801624 0.08833773442405668 0.890643333472044 0.36728525293202985 0.09543081421036415 0.13332318791893216 0.8799836689339003 0.6979806180969819 0.0 0.3851304730377685
0.4191822422998105 0.6939184473406617 0.5630142933370306 0.2829285232374771 0.4381170541217009 0.7631177800753928 0.38565110556183024 0.5420039488152146 0.165754129323467 0.3851304730377685 0.0

# Optimal Walk
0 7 8 10 4 3 6 5 9 2 1 0
