# MCW Instance
# Type: UNIFORM
# N: 11
# Optimal cost: 1.7011449268973884
# Optimal tour (permutation): [0, 8, 9, 5, 3, 10, 2, 4, 7, 6, 1, 0]
# Optimal walk (full path): [0, 8, 0, 9, 5, 3, 10, 2, 4, 7, 4, 6, 1, 0]
# Walk size: 14
# Is walk (has repeats): true

# Distance Matrix
0.0000000000 0.0022069059 0.7321294677 0.4432000949 0.8855453856 0.8784577727 0.5181852826 0.3429080206 0.1880361363 0.0921638072 0.1999548426
0.0022069059 0.0000000000 0.9808625694 0.7299263055 0.8197105063 0.2917481253 0.1427240772 0.9725621304 0.2951683087 0.4192294107 0.3635963395
0.7321294677 0.9808625694 0.0000000000 0.6185545290 0.0569231812 0.2770932119 0.3219696188 0.1576437246 0.8643671540 0.2970607662 0.2377235810
0.4432000949 0.7299263055 0.6185545290 0.0000000000 0.2319083319 0.1677361616 0.4534734976 0.9663591475 0.4512089108 0.4526592353 0.1737994078
0.8855453856 0.8197105063 0.0569231812 0.2319083319 0.0000000000 0.6857301059 0.2204199048 0.0007085864 0.8926566809 0.5568968010 0.6019178988
0.8784577727 0.2917481253 0.2770932119 0.1677361616 0.6857301059 0.0000000000 0.6082181543 0.3904988676 0.5073256738 0.2299584547 0.5878636613
0.5181852826 0.1427240772 0.3219696188 0.4534734976 0.2204199048 0.6082181543 0.0000000000 0.6918941124 0.3325101646 0.8179873986 0.9409740946
0.3429080206 0.9725621304 0.1576437246 0.9663591475 0.0007085864 0.3904988676 0.6918941124 0.0000000000 0.9633703434 0.6411901289 0.8555970948
0.1880361363 0.2951683087 0.8643671540 0.4512089108 0.8926566809 0.5073256738 0.3325101646 0.9633703434 0.0000000000 0.9332714669 0.5470877805
0.0921638072 0.4192294107 0.2970607662 0.4526592353 0.5568968010 0.2299584547 0.8179873986 0.6411901289 0.9332714669 0.0000000000 0.7796979960
0.1999548426 0.3635963395 0.2377235810 0.1737994078 0.6019178988 0.5878636613 0.9409740946 0.8555970948 0.5470877805 0.7796979960 0.0000000000
