# MCW Instance
# Type: UNIFORM
# N: 11
# Optimal cost: 1.3942114304948037
# Optimal tour (permutation): [0, 6, 4, 7, 5, 10, 8, 9, 3, 2, 1, 0]
# Optimal walk (full path): [0, 6, 4, 6, 7, 5, 8, 10, 8, 9, 3, 2, 3, 1, 6, 0]
# Walk size: 16
# Is walk (has repeats): true

# Distance Matrix
0.0000000000 0.7452132026 0.1629086127 0.5493772932 0.3461286075 0.3850685681 0.0191905211 0.8812289196 0.4510174062 0.6646490914 0.4242564270
0.7452132026 0.0000000000 0.2526581276 0.1021202913 0.3945951718 0.9942317249 0.0999523803 0.4945221475 0.5349289242 0.8284060703 0.4823844113
0.1629086127 0.2526581276 0.0000000000 0.0535547308 0.9875525849 0.2049159512 0.2637223833 0.8470858612 0.5343929861 0.4232711089 0.6327609270
0.5493772932 0.1021202913 0.0535547308 0.0000000000 0.4880514796 0.2730292663 0.4397515761 0.6237919690 0.8768706979 0.3401175344 0.4817407941
0.3461286075 0.3945951718 0.9875525849 0.4880514796 0.0000000000 0.5020363617 0.0640476027 0.9326529373 0.3983498372 0.3644083208 0.9751777644
0.3850685681 0.9942317249 0.2049159512 0.2730292663 0.5020363617 0.0000000000 0.6380856344 0.1072261392 0.0725869651 0.7337418238 0.8665344071
0.0191905211 0.0999523803 0.2637223833 0.4397515761 0.0640476027 0.6380856344 0.0000000000 0.1312299889 0.6832198915 0.8414820888 0.7418176454
0.8812289196 0.4945221475 0.8470858612 0.6237919690 0.9326529373 0.1072261392 0.1312299889 0.0000000000 0.8837004566 0.8691862962 0.5318222712
0.4510174062 0.5349289242 0.5343929861 0.8768706979 0.3983498372 0.0725869651 0.6832198915 0.8837004566 0.0000000000 0.1527485970 0.0573219126
0.6646490914 0.8284060703 0.4232711089 0.3401175344 0.3644083208 0.7337418238 0.8414820888 0.8691862962 0.1527485970 0.0000000000 0.4361977503
0.4242564270 0.4823844113 0.6327609270 0.4817407941 0.9751777644 0.8665344071 0.7418176454 0.5318222712 0.0573219126 0.4361977503 0.0000000000
