# MCW Instance
# Type: UNIFORM
# N: 11
# Optimal cost: 1.5293249481482805
# Optimal tour (permutation): [0, 3, 9, 10, 6, 2, 5, 4, 1, 8, 7, 0]
# Optimal walk (full path): [0, 3, 9, 10, 6, 2, 5, 4, 5, 2, 1, 8, 7, 0]
# Walk size: 14
# Is walk (has repeats): true

# Distance Matrix
0.0000000000 0.6602152349 0.4806422944 0.3045306592 0.7128932082 0.6491522580 0.3521237903 0.2038231656 0.4255012992 0.2156086233 0.6855839674
0.6602152349 0.0000000000 0.0548784696 0.3534502718 0.1138138523 0.8324188592 0.1729475628 0.3249749319 0.1560947807 0.6042780169 0.6892135070
0.4806422944 0.0548784696 0.0000000000 0.8517566836 0.1239766904 0.0450829578 0.1674937083 0.3281809301 0.9766639933 0.7193964606 0.2956808058
0.3045306592 0.3534502718 0.8517566836 0.0000000000 0.4087037067 0.7204562070 0.3936378544 0.5120599303 0.8309359802 0.1161318434 0.9016787965
0.7128932082 0.1138138523 0.1239766904 0.4087037067 0.0000000000 0.0057419732 0.2577185822 0.9960593055 0.9326431971 0.3908038355 0.5483744357
0.6491522580 0.8324188592 0.0450829578 0.7204562070 0.0057419732 0.0000000000 0.3387700733 0.4562736823 0.4953282748 0.2374887849 0.4059567597
0.3521237903 0.1729475628 0.1674937083 0.3936378544 0.2577185822 0.3387700733 0.0000000000 0.5100161339 0.1293876032 0.8989825561 0.1853344173
0.2038231656 0.3249749319 0.3281809301 0.5120599303 0.9960593055 0.4562736823 0.5100161339 0.0000000000 0.1120131987 0.4001170652 0.5039075974
0.4255012992 0.1560947807 0.9766639933 0.8309359802 0.9326431971 0.4953282748 0.1293876032 0.1120131987 0.0000000000 0.1025305761 0.1354862688
0.2156086233 0.6042780169 0.7193964606 0.1161318434 0.3908038355 0.2374887849 0.8989825561 0.4001170652 0.1025305761 0.0000000000 0.1273748433
0.6855839674 0.6892135070 0.2956808058 0.9016787965 0.5483744357 0.4059567597 0.1853344173 0.5039075974 0.1354862688 0.1273748433 0.0000000000
