# MCW Instance
# Type: UNIFORM
# N: 11
# Optimal cost: 1.429749028478633
# Optimal tour (permutation): [0, 7, 8, 10, 9, 5, 3, 1, 4, 6, 2, 0]
# Optimal walk (full path): [0, 7, 8, 3, 10, 3, 9, 3, 5, 3, 1, 4, 0, 2, 6, 2, 0]
# Walk size: 17
# Is walk (has repeats): true

# Distance Matrix
0.0000000000 0.7680144523 0.0126227737 0.6129282699 0.0518013325 0.9852549494 0.6913075288 0.2156496641 0.9193557673 0.2663744126 0.3768524946
0.7680144523 0.0000000000 0.5915879885 0.1605277431 0.2234229889 0.9432807663 0.5768775012 0.8286193509 0.4584342239 0.7326331116 0.2962828322
0.0126227737 0.5915879885 0.0000000000 0.4328002378 0.3256629799 0.6062504172 0.0183900413 0.7096816178 0.3639291487 0.8283706427 0.1289168627
0.6129282699 0.1605277431 0.4328002378 0.0000000000 0.1826644391 0.1469005445 0.7576566437 0.2399949976 0.0867288557 0.0344999327 0.0341855707
0.0518013325 0.2234229889 0.3256629799 0.1826644391 0.0000000000 0.7042537682 0.0888712034 0.3252222440 0.1925941973 0.8347610433 0.1181842347
0.9852549494 0.9432807663 0.6062504172 0.1469005445 0.7042537682 0.0000000000 0.6070002980 0.4064890074 0.9453539506 0.5346144610 0.6833581722
0.6913075288 0.5768775012 0.0183900413 0.7576566437 0.0888712034 0.6070002980 0.0000000000 0.3748936961 0.9206182401 0.8117205239 0.3119435770
0.2156496641 0.8286193509 0.7096816178 0.2399949976 0.3252222440 0.4064890074 0.3748936961 0.0000000000 0.1984207181 0.4007522492 0.8862950735
0.9193557673 0.4584342239 0.3639291487 0.0867288557 0.1925941973 0.9453539506 0.9206182401 0.1984207181 0.0000000000 0.1341317384 0.4610179071
0.2663744126 0.7326331116 0.8283706427 0.0344999327 0.8347610433 0.5346144610 0.8117205239 0.4007522492 0.1341317384 0.0000000000 0.8237771906
0.3768524946 0.2962828322 0.1289168627 0.0341855707 0.1181842347 0.6833581722 0.3119435770 0.8862950735 0.4610179071 0.8237771906 0.0000000000
