# Graph size: 11
# Optimal cost: 1.403045042942265

# Distance Matrix
0.0 0.622125062545333 0.07748285798220944 0.9453091639584517 0.5888034194805966 0.5557503246750861 0.6367370690722826 0.2163346195951421 0.035581961342262214 0.29687941346542457 0.1615893866480922
0.622125062545333 0.0 0.18175940168928473 0.626072145541793 0.8129948814464666 0.04928997251351763 0.6472795607484217 0.5761926555748283 0.00806482355987781 0.31212381121819943 0.9764808333443528
0.07748285798220944 0.18175940168928473 0.0 0.3521669611200652 0.6822853824735526 0.9782399355853175 0.488542775249062 0.2402297766507917 0.9873225187407643 0.9989439042310306 0.5799739046150297
0.9453091639584517 0.626072145541793 0.3521669611200652 0.0 0.4576019079097745 0.36170336708902784 0.7537923593239312 0.9891085546739831 0.7246857755856989 0.6194828935376027 0.034867877410408754
0.5888034194805966 0.8129948814464666 0.6822853824735526 0.4576019079097745 0.0 0.07619957543079381 0.39909822421582763 0.3350388413308589 0.21290149324553498 0.7272909569367322 0.9840708710767737
0.5557503246750861 0.04928997251351763 0.9782399355853175 0.36170336708902784 0.07619957543079381 0.0 0.9178244097274759 0.14044900270156002 0.5066572506356206 0.06691304255494035 0.8031342849444203
0.6367370690722826 0.6472795607484217 0.488542775249062 0.7537923593239312 0.39909822421582763 0.9178244097274759 0.0 0.23111650886096102 0.9804475567148629 0.5176453337803543 0.9984168334209063
0.2163346195951421 0.5761926555748283 0.2402297766507917 0.9891085546739831 0.3350388413308589 0.14044900270156002 0.23111650886096102 0.0 0.06886966696039154 0.713273491668697 0.08357703447581577
0.035581961342262214 0.00806482355987781 0.9873225187407643 0.7246857755856989 0.21290149324553498 0.5066572506356206 0.9804475567148629 0.06886966696039154 0.0 0.8193912388668796 0.8477501261683779
0.29687941346542457 0.31212381121819943 0.9989439042310306 0.6194828935376027 0.7272909569367322 0.06691304255494035 0.5176453337803543 0.713273491668697 0.8193912388668796 0.0 0.2998324000503805
0.1615893866480922 0.9764808333443528 0.5799739046150297 0.034867877410408754 0.9840708710767737 0.8031342849444203 0.9984168334209063 0.08357703447581577 0.8477501261683779 0.2998324000503805 0.0

# Optimal Walk
0 10 3 7 6 4 9 5 1 8 2 0
