# Graph size: 11
# Optimal cost: 2.844559099880795

# Distance Matrix
0.0 0.20825095357369117 0.15734578586073056 0.4592052425656459 0.9711216014055716 0.50347118899351 0.979514502667113 0.1182417308079744 0.4766076677153511 0.5157501146396462 0.7369132556088954
0.20825095357369117 0.0 0.4813129565764125 0.3746621422122609 0.7144424192050811 0.9763281076383068 0.1836550216742816 0.8279334532421876 0.41717994614559406 0.908936535624747 0.07883753878903932
0.15734578586073056 0.4813129565764125 0.0 0.4575325116297959 0.7031414428885018 0.961792469872023 0.13403233853344199 0.9216408487500295 0.5910479899968732 0.823262377365453 0.7042810000644976
0.4592052425656459 0.3746621422122609 0.4575325116297959 0.0 0.5258044029422274 0.6598933457735165 0.37648527904369766 0.391602036657578 0.43135010239802984 0.6663942366027458 0.8924701745798814
0.9711216014055716 0.7144424192050811 0.7031414428885018 0.5258044029422274 0.0 0.8363807102833734 0.39652570458100733 0.8703735513360059 0.8632314654292917 0.21133539469050822 0.8843781230795295
0.50347118899351 0.9763281076383068 0.961792469872023 0.6598933457735165 0.8363807102833734 0.0 0.717764318329248 0.8954038751222182 0.8924562856026561 0.8020488862353102 0.25065049992204724
0.979514502667113 0.1836550216742816 0.13403233853344199 0.37648527904369766 0.39652570458100733 0.717764318329248 0.0 0.15606603160222143 0.7666638922041604 0.09807990152110102 0.11473589193242972
0.1182417308079744 0.8279334532421876 0.9216408487500295 0.391602036657578 0.8703735513360059 0.8954038751222182 0.15606603160222143 0.0 0.9650420367793684 0.9025361063101566 0.9374867361367271
0.4766076677153511 0.41717994614559406 0.5910479899968732 0.43135010239802984 0.8632314654292917 0.8924562856026561 0.7666638922041604 0.9650420367793684 0.0 0.3168598166208668 0.26173822011198244
0.5157501146396462 0.908936535624747 0.823262377365453 0.6663942366027458 0.21133539469050822 0.8020488862353102 0.09807990152110102 0.9025361063101566 0.3168598166208668 0.0 0.8583041964320032
0.7369132556088954 0.07883753878903932 0.7042810000644976 0.8924701745798814 0.8843781230795295 0.25065049992204724 0.11473589193242972 0.9374867361367271 0.26173822011198244 0.8583041964320032 0.0

# Optimal Walk
0 7 2 6 9 4 3 8 10 5 1 0
