# Graph size: 11
# Optimal cost: 1.6504645956208233

# Distance Matrix
0.0 0.5333658831647186 0.9739449461086501 0.12144454488539635 0.8680482107932128 0.3599724211764501 0.723908061760387 0.9167016158338624 0.9599326948449929 0.49426533975726217 0.31840918115314343
0.5333658831647186 0.0 0.2579499049043028 0.13362729337322443 0.251052077885062 0.10863395054032599 0.654663788863705 0.5852933185623965 0.5499394069198871 0.5231346421881637 0.9449071477037881
0.9739449461086501 0.2579499049043028 0.0 0.5830482502692406 0.06379224048013221 0.39789639365830853 0.10934669456967494 0.49983694517694566 0.008184463447550194 0.5505221087836699 0.6615753697346056
0.12144454488539635 0.13362729337322443 0.5830482502692406 0.0 0.712873376417823 0.3411596943112315 0.8300120370934922 0.49783308241639457 0.7969294497258435 0.06547092247229391 0.27302744092984366
0.8680482107932128 0.251052077885062 0.06379224048013221 0.712873376417823 0.0 0.5276885170010105 0.9787867187245882 0.529570012600386 0.9281929536273795 0.6269721851389626 0.3914552551876853
0.3599724211764501 0.10863395054032599 0.39789639365830853 0.3411596943112315 0.5276885170010105 0.0 0.10896904059660051 0.37190515988444117 0.4552278194436229 0.26930424694024 0.41619780866892864
0.723908061760387 0.654663788863705 0.10934669456967494 0.8300120370934922 0.9787867187245882 0.10896904059660051 0.0 0.9322796290509543 0.4621750035252794 0.8590364026353376 0.23543255122210482
0.9167016158338624 0.5852933185623965 0.49983694517694566 0.49783308241639457 0.529570012600386 0.37190515988444117 0.9322796290509543 0.0 0.16228265970675215 0.9711538056890893 0.4864785715783233
0.9599326948449929 0.5499394069198871 0.008184463447550194 0.7969294497258435 0.9281929536273795 0.4552278194436229 0.4621750035252794 0.16228265970675215 0.0 0.7069730669590651 0.15875778173655075
0.49426533975726217 0.5231346421881637 0.5505221087836699 0.06547092247229391 0.6269721851389626 0.26930424694024 0.8590364026353376 0.9711538056890893 0.7069730669590651 0.0 0.5722470336120626
0.31840918115314343 0.9449071477037881 0.6615753697346056 0.27302744092984366 0.3914552551876853 0.41619780866892864 0.23543255122210482 0.4864785715783233 0.15875778173655075 0.5722470336120626 0.0

# Optimal Walk
0 10 8 7 4 2 6 5 1 9 3 0
