# Graph size: 11
# Optimal cost: 1.2092813337312789

# Distance Matrix
0.0 0.7353283279465981 0.5372441907632834 0.053697900155517675 0.991201706878774 0.8716642011047213 0.4218130973559472 0.8736379708412232 0.052501509586510786 0.8921725374331274 0.9520208729930193
0.7353283279465981 0.0 0.2591584196298775 0.09890104365963748 0.2922139707482021 0.33694400825745985 0.7762421189670299 0.5427040225730451 0.22560393987654914 0.7297881022702417 0.11641536110951456
0.5372441907632834 0.2591584196298775 0.0 0.6255167335937756 0.8027086828248698 0.3411514979473904 0.13184016089473904 0.6263149426750961 0.7764204888412272 0.2508143172178675 0.44067397161976096
0.053697900155517675 0.09890104365963748 0.6255167335937756 0.0 0.8328709807183587 0.5825957401564227 0.8624194441566574 0.33930003624500815 0.3229579212900219 0.4368903109876431 0.657325918945547
0.991201706878774 0.2922139707482021 0.8027086828248698 0.8328709807183587 0.0 0.009007381637981204 0.45428743968800045 0.20652877142387716 0.1470791340364006 0.03692677131951194 0.8459265413271403
0.8716642011047213 0.33694400825745985 0.3411514979473904 0.5825957401564227 0.009007381637981204 0.0 0.073395331297476 0.6983569407185964 0.08450452861715785 0.5489776071939262 0.5839361501250965
0.4218130973559472 0.7762421189670299 0.13184016089473904 0.8624194441566574 0.45428743968800045 0.073395331297476 0.0 0.20991383569328614 0.1315238419643454 0.05059530604167106 0.541713788616041
0.8736379708412232 0.5427040225730451 0.6263149426750961 0.33930003624500815 0.20652877142387716 0.6983569407185964 0.20991383569328614 0.0 0.4579604242144226 0.09965879498482266 0.732952941565202
0.052501509586510786 0.22560393987654914 0.7764204888412272 0.3229579212900219 0.1470791340364006 0.08450452861715785 0.1315238419643454 0.4579604242144226 0.0 0.34005676461980805 0.29457860867862073
0.8921725374331274 0.7297881022702417 0.2508143172178675 0.4368903109876431 0.03692677131951194 0.5489776071939262 0.05059530604167106 0.09965879498482266 0.34005676461980805 0.0 0.8167733234345639
0.9520208729930193 0.11641536110951456 0.44067397161976096 0.657325918945547 0.8459265413271403 0.5839361501250965 0.541713788616041 0.732952941565202 0.29457860867862073 0.8167733234345639 0.0

# Optimal Walk
0 8 5 4 9 7 6 2 10 1 3 0
