# MCW Instance
# Type: UNIFORM
# N: 11
# Optimal cost: 1.7666815391899622
# Optimal tour (permutation): [0, 10, 9, 7, 1, 5, 6, 8, 2, 3, 4, 0]
# Optimal walk (full path): [0, 10, 7, 9, 7, 10, 1, 5, 6, 8, 2, 3, 6, 4, 0]
# Walk size: 15
# Is walk (has repeats): true

# Distance Matrix
0.0000000000 0.4058562421 0.3270514276 0.8322563958 0.2940638357 0.7154883054 0.3882785200 0.7480356518 0.9818380059 0.4486508224 0.2717107977
0.4058562421 0.0000000000 0.4010723049 0.9672840236 0.8036285421 0.0845920432 0.5473803287 0.3887098731 0.4974267895 0.8616292595 0.0289579700
0.3270514276 0.4010723049 0.0000000000 0.1631790988 0.8706778159 0.8279164278 0.6530741314 0.9726862224 0.2330266683 0.5396439250 0.3703994378
0.8322563958 0.9672840236 0.1631790988 0.0000000000 0.6704917916 0.9331577059 0.1926632087 0.7874122853 0.5309869168 0.4354752929 0.6633904781
0.2940638357 0.8036285421 0.8706778159 0.6704917916 0.0000000000 0.3619877117 0.1814970175 0.7645523329 0.6521967860 0.7258030526 0.5007231756
0.7154883054 0.0845920432 0.8279164278 0.9331577059 0.3619877117 0.0000000000 0.0388134022 0.6363467258 0.4531707820 0.2460586109 0.4565199461
0.3882785200 0.5473803287 0.6530741314 0.1926632087 0.1814970175 0.0388134022 0.0000000000 0.2077111201 0.2531361184 0.6808069702 0.0199762807
0.7480356518 0.3887098731 0.9726862224 0.7874122853 0.7645523329 0.6363467258 0.2077111201 0.0000000000 0.7698940081 0.0001525669 0.0123681224
0.9818380059 0.4974267895 0.2330266683 0.5309869168 0.6521967860 0.4531707820 0.2531361184 0.7698940081 0.0000000000 0.4879780446 0.5000775569
0.4486508224 0.8616292595 0.5396439250 0.4354752929 0.7258030526 0.2460586109 0.6808069702 0.0001525669 0.4879780446 0.0000000000 0.2383761788
0.2717107977 0.0289579700 0.3703994378 0.6633904781 0.5007231756 0.4565199461 0.0199762807 0.0123681224 0.5000775569 0.2383761788 0.0000000000
