# MCW Instance
# Type: UNIFORM
# N: 11
# Optimal cost: 2.1594180205253077
# Optimal tour (permutation): [0, 8, 7, 3, 6, 10, 5, 2, 4, 9, 1, 0]
# Optimal walk (full path): [0, 7, 8, 7, 3, 6, 10, 5, 2, 5, 4, 9, 1, 0]
# Walk size: 14
# Is walk (has repeats): true

# Distance Matrix
0.0000000000 0.2868112795 0.5793173064 0.5680120216 0.8601439506 0.9782433108 0.4433384337 0.0939473399 0.7591136443 0.5937985455 0.4426172172
0.2868112795 0.0000000000 0.6487598052 0.3401033397 0.4852464807 0.4400770924 0.3435656507 0.3076831313 0.4267890443 0.6180405672 0.8844398572
0.5793173064 0.6487598052 0.0000000000 0.5623600912 0.6049308465 0.1701843537 0.8203093372 0.5232559238 0.7418954186 0.8932527431 0.6468191805
0.5680120216 0.3401033397 0.5623600912 0.0000000000 0.6194791159 0.7898737288 0.0467240349 0.0047283039 0.7016868668 0.9312427930 0.6230385021
0.8601439506 0.4852464807 0.6049308465 0.6194791159 0.0000000000 0.0248665193 0.0403714933 0.1989940157 0.4766605875 0.4664123007 0.5236943334
0.9782433108 0.4400770924 0.1701843537 0.7898737288 0.0248665193 0.0000000000 0.8919623665 0.5971620794 0.6712269538 0.6452301855 0.1010488395
0.4433384337 0.3435656507 0.8203093372 0.0467240349 0.0403714933 0.8919623665 0.0000000000 0.1796772709 0.5142069404 0.8807736031 0.0854804679
0.0939473399 0.3076831313 0.5232559238 0.0047283039 0.1989940157 0.5971620794 0.1796772709 0.0000000000 0.0454948301 0.4680935776 0.0933977068
0.7591136443 0.4267890443 0.7418954186 0.7016868668 0.4766605875 0.6712269538 0.5142069404 0.0454948301 0.0000000000 0.9422538480 0.3962153593
0.5937985455 0.6180405672 0.8932527431 0.9312427930 0.4664123007 0.6452301855 0.8807736031 0.4680935776 0.9422538480 0.0000000000 0.6209049872
0.4426172172 0.8844398572 0.6468191805 0.6230385021 0.5236943334 0.1010488395 0.0854804679 0.0933977068 0.3962153593 0.6209049872 0.0000000000
