# MCW Instance
# Type: UNIFORM
# N: 11
# Optimal cost: 1.8006916604170669
# Optimal tour (permutation): [0, 9, 8, 10, 4, 5, 1, 7, 6, 2, 3, 0]
# Optimal walk (full path): [0, 9, 8, 10, 4, 5, 1, 7, 6, 2, 3, 0]
# Walk size: 12
# Is walk (has repeats): false

# Distance Matrix
0.0000000000 0.6488705203 0.8243038378 0.2706512986 0.5576063000 0.3151474794 0.7319742389 0.3844405990 0.7789807792 0.2810004341 0.4954289036
0.6488705203 0.0000000000 0.7790377028 0.3913633129 0.8789238683 0.0061575773 0.3256920083 0.0942592614 0.6101973790 0.6925009978 0.6872668746
0.8243038378 0.7790377028 0.0000000000 0.0569940738 0.9744556856 0.0114267231 0.0888313307 0.2326334139 0.2541243076 0.6567445475 0.3988450216
0.2706512986 0.3913633129 0.0569940738 0.0000000000 0.4038605761 0.9654207916 0.1654320516 0.1745321083 0.7914083678 0.5167242260 0.1594059563
0.5576063000 0.8789238683 0.9744556856 0.4038605761 0.0000000000 0.1697649439 0.2519312679 0.7254659342 0.5469881188 0.4297561481 0.3197430916
0.3151474794 0.0061575773 0.0114267231 0.9654207916 0.1697649439 0.0000000000 0.2362969386 0.6264799774 0.5040835018 0.6056339597 0.5561385385
0.7319742389 0.3256920083 0.0888313307 0.1654320516 0.2519312679 0.2362969386 0.0000000000 0.1836722838 0.4980488984 0.3560202112 0.3758245153
0.3844405990 0.0942592614 0.2326334139 0.1745321083 0.7254659342 0.6264799774 0.1836722838 0.0000000000 0.3557822104 0.6520991705 0.2969689363
0.7789807792 0.6101973790 0.2541243076 0.7914083678 0.5469881188 0.5040835018 0.4980488984 0.3557822104 0.0000000000 0.0833947427 0.2462226225
0.2810004341 0.6925009978 0.6567445475 0.5167242260 0.4297561481 0.6056339597 0.3560202112 0.6520991705 0.0833947427 0.0000000000 0.8900131492
0.4954289036 0.6872668746 0.3988450216 0.1594059563 0.3197430916 0.5561385385 0.3758245153 0.2969689363 0.2462226225 0.8900131492 0.0000000000
