# Graph size: 11
# Optimal cost: 1.7128523778130667

# Distance Matrix
0.0 0.8073257492009502 0.03942540028419361 0.4446643542838722 0.6278423833418378 0.1062156081154082 0.9052817581179494 0.5867148953715852 0.10821304766197992 0.6315675903918584 0.5811219001243452
0.8073257492009502 0.0 0.9130358112020059 0.8828845555362052 0.19596414775123017 0.6076136670060263 0.9130987599187939 0.866190010065471 0.3127469147487134 0.6483504849177592 0.6319324639859645
0.03942540028419361 0.9130358112020059 0.0 0.22542167670636137 0.43418099907364616 0.8849877521622412 0.8960918454280408 0.2759983897637669 0.7600241198725033 0.5417211934374344 0.2362680832601609
0.4446643542838722 0.8828845555362052 0.22542167670636137 0.0 0.924813484994719 0.9473419861285511 0.23054424967285592 0.1855252138646638 0.15837592155729563 0.19401221300565774 0.17688510693643633
0.6278423833418378 0.19596414775123017 0.43418099907364616 0.924813484994719 0.0 0.7893755713812022 0.08114605764246241 0.5912112861175913 0.2846381724930118 0.10238252227562605 0.049506932429546624
0.1062156081154082 0.6076136670060263 0.8849877521622412 0.9473419861285511 0.7893755713812022 0.0 0.3442799793135196 0.430269173210756 0.1657060017490527 0.5181006755136941 0.4467148780831963
0.9052817581179494 0.9130987599187939 0.8960918454280408 0.23054424967285592 0.08114605764246241 0.3442799793135196 0.0 0.3375868360848292 0.46098265551379425 0.31779881204394356 0.6586347546864145
0.5867148953715852 0.866190010065471 0.2759983897637669 0.1855252138646638 0.5912112861175913 0.430269173210756 0.3375868360848292 0.0 0.8779380577362839 0.11815891217379926 0.21836444455908077
0.10821304766197992 0.3127469147487134 0.7600241198725033 0.15837592155729563 0.2846381724930118 0.1657060017490527 0.46098265551379425 0.8779380577362839 0.0 0.18892197271682287 0.664997981680163
0.6315675903918584 0.6483504849177592 0.5417211934374344 0.19401221300565774 0.10238252227562605 0.5181006755136941 0.31779881204394356 0.11815891217379926 0.18892197271682287 0.0 0.218371969596998
0.5811219001243452 0.6319324639859645 0.2362680832601609 0.17688510693643633 0.049506932429546624 0.4467148780831963 0.6586347546864145 0.21836444455908077 0.664997981680163 0.218371969596998 0.0

# Optimal Walk
0 5 8 1 10 6 4 9 7 3 2 0
