# Graph size: 11
# Optimal cost: 1.7041902524046961

# Distance Matrix
0.0 0.4899536664117987 0.6686292248537234 0.046140696031865436 0.7809785852646455 0.9302153554443898 0.5259379584075184 0.06034669612716703 0.07186462909738389 0.23861562087646693 0.32560026834301425
0.4899536664117987 0.0 0.19864121810463697 0.5816533799562482 0.7603502391115755 0.8010669232403524 0.940450043044592 0.43389530843219837 0.12473777543639752 0.12905767299145865 0.9423789600669172
0.6686292248537234 0.19864121810463697 0.0 0.7863922416258332 0.4499438063464629 0.20679635115473005 0.05715110068222595 0.9868126471489458 0.2454140154884652 0.3239536594621215 0.24851087629739732
0.046140696031865436 0.5816533799562482 0.7863922416258332 0.0 0.47910919283653275 0.2017443018478351 0.853839768316255 0.8071541854106716 0.9451435722027135 0.8086920254763871 0.9409281371400364
0.7809785852646455 0.7603502391115755 0.4499438063464629 0.47910919283653275 0.0 0.7893464445194072 0.9090886838774763 0.27425941402015297 0.5455811153104356 0.39774122347815744 0.3065914129166887
0.9302153554443898 0.8010669232403524 0.20679635115473005 0.2017443018478351 0.7893464445194072 0.0 0.5312564873570054 0.6218862426681447 0.10301396447416866 0.32634408906640877 0.21247774537442077
0.5259379584075184 0.940450043044592 0.05715110068222595 0.853839768316255 0.9090886838774763 0.5312564873570054 0.0 0.6508022763443551 0.6652771210073363 0.1686260625403403 0.351602934402931
0.06034669612716703 0.43389530843219837 0.9868126471489458 0.8071541854106716 0.27425941402015297 0.6218862426681447 0.6508022763443551 0.0 0.22835208769340243 0.8558439069815228 0.2335413791418426
0.07186462909738389 0.12473777543639752 0.2454140154884652 0.9451435722027135 0.5455811153104356 0.10301396447416866 0.6652771210073363 0.22835208769340243 0.0 0.22415920450630356 0.9173893651511998
0.23861562087646693 0.12905767299145865 0.3239536594621215 0.8086920254763871 0.39774122347815744 0.32634408906640877 0.1686260625403403 0.8558439069815228 0.22415920450630356 0.0 0.6027603486406261
0.32560026834301425 0.9423789600669172 0.24851087629739732 0.9409281371400364 0.3065914129166887 0.21247774537442077 0.351602934402931 0.2335413791418426 0.9173893651511998 0.6027603486406261 0.0

# Optimal Walk
0 3 7 4 10 5 2 6 9 1 8 0
