# Graph size: 11
# Optimal cost: 2.023424721114057

# Distance Matrix
0.0 0.28172927937759273 0.4297280058341001 0.39137355487813175 0.2991339435680441 0.5721304739902222 0.1908361882314752 0.46339226685130674 0.8029120777289047 0.6939042078192308 0.7216791805965264
0.28172927937759273 0.0 0.5088019315218335 0.5751599328044945 0.2123340895643493 0.0828575362172923 0.12299146248414683 0.26160655925417975 0.8119849741351274 0.8503973603367602 0.7505726736625118
0.4297280058341001 0.5088019315218335 0.0 0.91157767294229 0.34635394292350985 0.12299816060868307 0.18867926981071903 0.9574042945082939 0.14974445383418722 0.35422539339691095 0.5673481395075126
0.39137355487813175 0.5751599328044945 0.91157767294229 0.0 0.6180345469962075 0.8499196910849268 0.7611427090204977 0.5421208759732361 0.8694568570745368 0.7335674713879897 0.9759186356643215
0.2991339435680441 0.2123340895643493 0.34635394292350985 0.6180345469962075 0.0 0.013104888692308303 0.43020747590445874 0.31133594339391635 0.5532307985380331 0.5450853036943323 0.047149040776012896
0.5721304739902222 0.0828575362172923 0.12299816060868307 0.8499196910849268 0.013104888692308303 0.0 0.10517535051125038 0.9238307431082325 0.8048803522670208 0.7348710301227027 0.8379484144739106
0.1908361882314752 0.12299146248414683 0.18867926981071903 0.7611427090204977 0.43020747590445874 0.10517535051125038 0.0 0.39342039786769234 0.754984236055967 0.5214768711011397 0.14374760709127854
0.46339226685130674 0.26160655925417975 0.9574042945082939 0.5421208759732361 0.31133594339391635 0.9238307431082325 0.39342039786769234 0.0 0.8260313752686594 0.0466432313041798 0.6841868260375991
0.8029120777289047 0.8119849741351274 0.14974445383418722 0.8694568570745368 0.5532307985380331 0.8048803522670208 0.754984236055967 0.8260313752686594 0.0 0.6370850781470768 0.7223864670073162
0.6939042078192308 0.8503973603367602 0.35422539339691095 0.7335674713879897 0.5450853036943323 0.7348710301227027 0.5214768711011397 0.0466432313041798 0.6370850781470768 0.0 0.04086271367153316
0.7216791805965264 0.7505726736625118 0.5673481395075126 0.9759186356643215 0.047149040776012896 0.8379484144739106 0.14374760709127854 0.6841868260375991 0.7223864670073162 0.04086271367153316 0.0

# Optimal Walk
0 6 1 5 8 2 4 10 9 7 3 0
