# MCW Instance
# Type: UNIFORM
# N: 11
# Optimal cost: 1.2380480016357862
# Optimal tour (permutation): [0, 8, 5, 3, 7, 9, 2, 6, 1, 10, 4, 0]
# Optimal walk (full path): [0, 5, 8, 5, 1, 3, 7, 2, 9, 2, 6, 3, 1, 10, 4, 0]
# Walk size: 16
# Is walk (has repeats): true

# Distance Matrix
0.0000000000 0.2335632897 0.1324306784 0.4841745881 0.0269578323 0.1067919853 0.5520626206 0.6490476309 0.3862451773 0.6955290044 0.9461444464
0.2335632897 0.0000000000 0.4018106088 0.0246693136 0.6667827124 0.0840050928 0.8910692072 0.5699521473 0.4300361378 0.9045550250 0.0341008236
0.1324306784 0.4018106088 0.0000000000 0.7280763129 0.6371089090 0.3359774409 0.1814317162 0.0692242855 0.8977490607 0.0351057364 0.7454503542
0.4841745881 0.0246693136 0.7280763129 0.0000000000 0.9696253113 0.9890609992 0.2008147951 0.0755577929 0.5750630908 0.7909784266 0.2964173850
0.0269578323 0.6667827124 0.6371089090 0.9696253113 0.0000000000 0.8320832256 0.9730864571 0.4153413960 0.7279711925 0.8621687900 0.1135045177
0.1067919853 0.0840050928 0.3359774409 0.9890609992 0.8320832256 0.0000000000 0.5127394956 0.2685663036 0.1130545301 0.4005363637 0.5391336716
0.5520626206 0.8910692072 0.1814317162 0.2008147951 0.9730864571 0.5127394956 0.0000000000 0.2930762804 0.4316712402 0.2950249695 0.8433714049
0.6490476309 0.5699521473 0.0692242855 0.0755577929 0.4153413960 0.2685663036 0.2930762804 0.0000000000 0.6935211963 0.1941748983 0.7114136893
0.3862451773 0.4300361378 0.8977490607 0.5750630908 0.7279711925 0.1130545301 0.4316712402 0.6935211963 0.0000000000 0.7970611126 0.6821037318
0.6955290044 0.9045550250 0.0351057364 0.7909784266 0.8621687900 0.4005363637 0.2950249695 0.1941748983 0.7970611126 0.0000000000 0.5850336102
0.9461444464 0.0341008236 0.7454503542 0.2964173850 0.1135045177 0.5391336716 0.8433714049 0.7114136893 0.6821037318 0.5850336102 0.0000000000
