# MCW Instance
# Type: UNIFORM
# N: 11
# Optimal cost: 1.5129818001366202
# Optimal tour (permutation): [0, 7, 8, 3, 2, 6, 5, 1, 4, 9, 10, 0]
# Optimal walk (full path): [0, 7, 8, 3, 2, 6, 5, 6, 1, 4, 9, 10, 0]
# Walk size: 13
# Is walk (has repeats): true

# Distance Matrix
0.0000000000 0.4453337051 0.8437608308 0.4233538747 0.2716778508 0.5511983619 0.8335001837 0.2559067106 0.2571764321 0.7421658020 0.0332702670
0.4453337051 0.0000000000 0.4231525030 0.8351628715 0.3440668495 0.5533962065 0.1342333609 0.5576039417 0.8251651726 0.8435801246 0.4030570599
0.8437608308 0.4231525030 0.0000000000 0.0264737210 0.6320230411 0.9626669379 0.1618769981 0.2720021790 0.4098437545 0.4787136662 0.1333876281
0.4233538747 0.8351628715 0.0264737210 0.0000000000 0.5743530400 0.9610810058 0.8504667808 0.6554574543 0.0646983987 0.2970820916 0.7438915367
0.2716778508 0.3440668495 0.6320230411 0.5743530400 0.0000000000 0.4192236400 0.4348226175 0.9197582136 0.3711860422 0.1291236018 0.6088012568
0.5511983619 0.5533962065 0.9626669379 0.9610810058 0.4192236400 0.0000000000 0.0337520376 0.6047520561 0.4225406263 0.2859657124 0.7342989086
0.8335001837 0.1342333609 0.1618769981 0.8504667808 0.4348226175 0.0337520376 0.0000000000 0.3148834391 0.9970919437 0.8512773045 0.3419549435
0.2559067106 0.5576039417 0.2720021790 0.6554574543 0.9197582136 0.6047520561 0.3148834391 0.0000000000 0.1074724242 0.7851895321 0.2673995533
0.2571764321 0.8251651726 0.4098437545 0.0646983987 0.3711860422 0.4225406263 0.9970919437 0.1074724242 0.0000000000 0.9625914166 0.3968225931
0.7421658020 0.8435801246 0.4787136662 0.2970820916 0.1291236018 0.2859657124 0.8512773045 0.7851895321 0.9625914166 0.0000000000 0.1883553931
0.0332702670 0.4030570599 0.1333876281 0.7438915367 0.6088012568 0.7342989086 0.3419549435 0.2673995533 0.3968225931 0.1883553931 0.0000000000
