# Graph size: 11
# Optimal cost: 1.744549730132797

# Distance Matrix
0.0 0.32720852831850433 0.8726254982280421 0.7874832618609873 0.15228151152405045 0.1271015574594051 0.34469092726963135 0.7115527708367136 0.6491980514672033 0.34692090668272546 0.16705236155840464
0.32720852831850433 0.0 0.6561504626112113 0.5307703395079901 0.8185223486346854 0.08183793401631789 0.9808267019841014 0.21508017643126187 0.6801572824843667 0.2874166662359766 0.6985770570204531
0.8726254982280421 0.6561504626112113 0.0 0.5577254099625247 0.665722283704584 0.97631800355635 0.2189461380886163 0.9108734372225213 0.6697056590330052 0.6050020321357863 0.4730446283786437
0.7874832618609873 0.5307703395079901 0.5577254099625247 0.0 0.9809530156363098 0.683320029199727 0.37500292760459997 0.3484883353289616 0.6290578649128655 0.0576624674279651 0.24188258598801637
0.15228151152405045 0.8185223486346854 0.665722283704584 0.9809530156363098 0.0 0.7382452432083194 0.7356746953894472 0.1913443742687041 0.13659516145302086 0.6646024783525242 0.26013718854587875
0.1271015574594051 0.08183793401631789 0.97631800355635 0.683320029199727 0.7382452432083194 0.0 0.1628856452967704 0.9832774251309524 0.8779419560082347 0.6652466351804796 0.5322686285286506
0.34469092726963135 0.9808267019841014 0.2189461380886163 0.37500292760459997 0.7356746953894472 0.1628856452967704 0.0 0.5281437793480842 0.04974000969161507 0.9487890032702486 0.521399361615416
0.7115527708367136 0.21508017643126187 0.9108734372225213 0.3484883353289616 0.1913443742687041 0.9832774251309524 0.5281437793480842 0.0 0.9560793508321123 0.18018283825349246 0.6262172503200683
0.6491980514672033 0.6801572824843667 0.6697056590330052 0.6290578649128655 0.13659516145302086 0.8779419560082347 0.04974000969161507 0.9560793508321123 0.0 0.04982474737100839 0.764687639481559
0.34692090668272546 0.2874166662359766 0.6050020321357863 0.0576624674279651 0.6646024783525242 0.6652466351804796 0.9487890032702486 0.18018283825349246 0.04982474737100839 0.0 0.12301618715828166
0.16705236155840464 0.6985770570204531 0.4730446283786437 0.24188258598801637 0.26013718854587875 0.5322686285286506 0.521399361615416 0.6262172503200683 0.764687639481559 0.12301618715828166 0.0

# Optimal Walk
0 5 1 7 4 8 6 2 9 3 10 0
