# MCW Instance
# Type: UNIFORM
# N: 11
# Optimal cost: 1.2970826782301546
# Optimal tour (permutation): [0, 8, 7, 4, 9, 5, 10, 6, 3, 2, 1, 0]
# Optimal walk (full path): [0, 8, 4, 7, 4, 9, 5, 10, 6, 2, 3, 2, 6, 1, 0]
# Walk size: 15
# Is walk (has repeats): true

# Distance Matrix
0.0000000000 0.0358107444 0.8276345246 0.2756694051 0.3495403322 0.4449728564 0.3282270388 0.2882929911 0.0883149545 0.6597963803 0.8837556100
0.0358107444 0.0000000000 0.2917407743 0.6035092263 0.9461867578 0.8388548976 0.1622926774 0.7737200324 0.6927902062 0.8357670904 0.2031618643
0.8276345246 0.2917407743 0.0000000000 0.0414333913 0.6991347815 0.3977189037 0.0314710043 0.8929242171 0.2963986877 0.4640434633 0.8657426720
0.2756694051 0.6035092263 0.0414333913 0.0000000000 0.7070309649 0.5188541419 0.9752223989 0.8504081133 0.2589678538 0.9512610137 0.8648120177
0.3495403322 0.9461867578 0.6991347815 0.7070309649 0.0000000000 0.7266917152 0.3147525121 0.0659618638 0.1052569278 0.1133291384 0.4324903514
0.4449728564 0.8388548976 0.3977189037 0.5188541419 0.7266917152 0.0000000000 0.8331562074 0.7758831769 0.8959288987 0.2986710894 0.1388078368
0.3282270388 0.1622926774 0.0314710043 0.9752223989 0.3147525121 0.8331562074 0.0000000000 0.4739024221 0.7403890017 0.6707972573 0.0768667909
0.2882929911 0.7737200324 0.8929242171 0.8504081133 0.0659618638 0.7758831769 0.4739024221 0.0000000000 0.7730472514 0.5436312932 0.2720779533
0.0883149545 0.6927902062 0.2963986877 0.2589678538 0.1052569278 0.8959288987 0.7403890017 0.7730472514 0.0000000000 0.4959628470 0.8494971933
0.6597963803 0.8357670904 0.4640434633 0.9512610137 0.1133291384 0.2986710894 0.6707972573 0.5436312932 0.4959628470 0.0000000000 0.7140182639
0.8837556100 0.2031618643 0.8657426720 0.8648120177 0.4324903514 0.1388078368 0.0768667909 0.2720779533 0.8494971933 0.7140182639 0.0000000000
