# MCW Instance
# Type: EXPONENTIAL
# N: 18
# Optimal cost: 2.7041259994408406
# Optimal tour (permutation): [0, 5, 10, 6, 3, 2, 1, 9, 16, 7, 12, 15, 17, 11, 8, 4, 13, 14, 0]
# Optimal walk (full path): [0, 5, 10, 6, 3, 2, 1, 2, 9, 16, 7, 12, 15, 17, 11, 8, 4, 13, 14, 0]
# Walk size: 20
# Is walk (has repeats): true

# Distance Matrix
0.0000000000 0.8726984191 3.1423644235 1.1118382298 0.7377658472 0.0357847858 0.6462784780 0.2840141203 0.1159262578 1.4407413472 1.2259014037 0.1905860285 0.3764208066 1.5365459342 0.0342430270 1.6475885583 0.0831559771 3.3066821438
0.8726984191 0.0000000000 0.2500583486 1.6196086152 0.9575487710 0.6323124004 0.7660146068 2.9702451008 1.1236191530 1.4122085858 1.8925358456 1.3903960070 2.3809980474 2.1565487554 5.5919097754 0.8928585480 0.4640815760 1.0271150952
3.1423644235 0.2500583486 0.0000000000 0.1427854560 0.3172014169 1.0793243272 0.5284115589 0.5688467022 2.7567115758 0.0689636877 2.1683716847 4.7493422773 1.7215429067 1.0233984249 1.6195479591 0.5317287070 0.1075613531 0.0066787474
1.1118382298 1.6196086152 0.1427854560 0.0000000000 0.8557930323 0.2558172361 0.1217078919 0.3909721515 0.4211369840 2.1713824753 0.8437979688 1.7585022489 0.2738399913 1.9265882949 5.0375108321 4.2763794952 1.8026210384 3.2868525844
0.7377658472 0.9575487710 0.3172014169 0.8557930323 0.0000000000 0.7138333873 0.5218865532 0.9968867778 0.0279506619 0.3118532281 0.3542466121 0.1386222262 0.6382353959 0.2843472698 0.6145261281 0.7203245809 0.7524646477 2.8686632467
0.0357847858 0.6323124004 1.0793243272 0.2558172361 0.7138333873 0.0000000000 0.6488100520 0.2211188119 0.6208775758 0.5316973185 0.0814992605 0.8194152050 0.1222827585 0.6780997968 0.3866970826 2.9280577528 0.0122348069 0.8254651769
0.6462784780 0.7660146068 0.5284115589 0.1217078919 0.5218865532 0.6488100520 0.0000000000 1.0622009374 1.2036540852 0.2242491092 0.0868595126 1.1565282628 0.2838230959 3.6359163118 0.3621189744 2.0191771563 0.7493363634 1.0185792586
0.2840141203 2.9702451008 0.5688467022 0.3909721515 0.9968867778 0.2211188119 1.0622009374 0.0000000000 2.5316948701 0.2606967287 2.5579664516 0.7788489794 0.2348786738 1.1833115201 0.9069643032 0.9221840103 0.1214458109 0.6577573377
0.1159262578 1.1236191530 2.7567115758 0.4211369840 0.0279506619 0.6208775758 1.2036540852 2.5316948701 0.0000000000 1.0261263864 1.4352913821 0.0528538098 0.9666784664 1.2827734745 1.7266618362 1.3230078366 0.8172383026 3.1379940525
1.4407413472 1.4122085858 0.0689636877 2.1713824753 0.3118532281 0.5316973185 0.2242491092 0.2606967287 1.0261263864 0.0000000000 0.4704305678 0.1644825110 0.6922005325 0.9880415461 1.1483242023 3.1066405843 0.0910266866 3.0556395145
1.2259014037 1.8925358456 2.1683716847 0.8437979688 0.3542466121 0.0814992605 0.0868595126 2.5579664516 1.4352913821 0.4704305678 0.0000000000 0.9265767191 2.0514687169 1.4046374827 0.7401940617 2.6857345607 0.6334364220 0.1791261520
0.1905860285 1.3903960070 4.7493422773 1.7585022489 0.1386222262 0.8194152050 1.1565282628 0.7788489794 0.0528538098 0.1644825110 0.9265767191 0.0000000000 0.2655219583 1.5227357728 0.7634060845 1.8996365558 0.6683362305 0.0049335313
0.3764208066 2.3809980474 1.7215429067 0.2738399913 0.6382353959 0.1222827585 0.2838230959 0.2348786738 0.9666784664 0.6922005325 2.0514687169 0.2655219583 0.0000000000 0.7992650923 0.5139453791 0.2355386393 2.8329210565 0.3710114194
1.5365459342 2.1565487554 1.0233984249 1.9265882949 0.2843472698 0.6780997968 3.6359163118 1.1833115201 1.2827734745 0.9880415461 1.4046374827 1.5227357728 0.7992650923 0.0000000000 0.2826751395 1.3123401093 0.2520228442 0.6077263091
0.0342430270 5.5919097754 1.6195479591 5.0375108321 0.6145261281 0.3866970826 0.3621189744 0.9069643032 1.7266618362 1.1483242023 0.7401940617 0.7634060845 0.5139453791 0.2826751395 0.0000000000 0.4930639132 2.6220776984 1.3608724252
1.6475885583 0.8928585480 0.5317287070 4.2763794952 0.7203245809 2.9280577528 2.0191771563 0.9221840103 1.3230078366 3.1066405843 2.6857345607 1.8996365558 0.2355386393 1.3123401093 0.4930639132 0.0000000000 1.9283531861 0.2965154579
0.0831559771 0.4640815760 0.1075613531 1.8026210384 0.7524646477 0.0122348069 0.7493363634 0.1214458109 0.8172383026 0.0910266866 0.6334364220 0.6683362305 2.8329210565 0.2520228442 2.6220776984 1.9283531861 0.0000000000 0.0975916374
3.3066821438 1.0271150952 0.0066787474 3.2868525844 2.8686632467 0.8254651769 1.0185792586 0.6577573377 3.1379940525 3.0556395145 0.1791261520 0.0049335313 0.3710114194 0.6077263091 1.3608724252 0.2965154579 0.0975916374 0.0000000000
