# MCW Instance
# Type: EXPONENTIAL
# N: 18
# Optimal cost: 1.3888739844870392
# Optimal tour (permutation): [0, 14, 8, 17, 1, 3, 2, 6, 13, 4, 12, 5, 15, 10, 16, 9, 7, 11, 0]
# Optimal walk (full path): [0, 14, 8, 14, 17, 1, 17, 3, 2, 6, 2, 4, 13, 4, 12, 5, 15, 10, 9, 16, 9, 7, 9, 11, 0]
# Walk size: 25
# Is walk (has repeats): true

# Distance Matrix
0.0000000000 3.5223360860 2.8890615422 2.0222142458 0.1389746079 0.4121107771 1.2551871328 3.2604392659 1.3140404450 1.1276865734 0.2705066260 0.1546085843 1.7747865496 1.5189435688 0.0446898129 0.3437680988 1.1778095819 0.1937333563
3.5223360860 0.0000000000 1.0104981927 2.9681908021 0.7587811818 2.2737462495 0.2085982142 2.5814894246 2.6186787099 1.5246674003 0.8617899679 0.3488773161 0.3237648513 2.0639387103 0.4000653310 1.8453238636 2.4192421008 0.0745248875
2.8890615422 1.0104981927 0.0000000000 0.1082204155 0.0191772381 0.9800845712 0.0382728497 2.1283367483 0.4623170549 0.8943670544 0.5209551412 0.1564978991 3.8463591468 1.9285838002 1.6927240211 2.2149854410 2.3316079354 1.8937790251
2.0222142458 2.9681908021 0.1082204155 0.0000000000 2.2405885020 0.7682341451 1.4383009344 1.1596423003 0.3614278130 0.5369898923 0.9196709577 0.3132950906 0.2315869667 1.5705163865 2.3229213201 1.0627587506 4.5337125021 0.0496697278
0.1389746079 0.7587811818 0.0191772381 2.2405885020 0.0000000000 0.1848035015 0.6116752434 2.4242107605 5.6368090759 1.5912355166 0.7126636568 0.5463509027 0.0523054081 0.0485883926 0.5706755567 0.2506060038 0.4315398554 1.7804966907
0.4121107771 2.2737462495 0.9800845712 0.7682341451 0.1848035015 0.0000000000 0.3262343365 1.8224539438 1.4862340240 1.0140972777 1.7980391892 0.4113150578 0.2266212493 0.5276507332 1.9591034087 0.0701330603 0.3740028591 0.4809923782
1.2551871328 0.2085982142 0.0382728497 1.4383009344 0.6116752434 0.3262343365 0.0000000000 2.6014894222 1.4969634278 0.9852077426 2.0240730886 0.3337645734 0.2328202764 0.8779662355 1.7181333794 1.2420579571 0.4487445415 1.9769217524
3.2604392659 2.5814894246 2.1283367483 1.1596423003 2.4242107605 1.8224539438 2.6014894222 0.0000000000 0.6912115312 0.0251600410 2.2443664894 0.3257467007 3.0949972604 0.9124970837 1.4802927180 0.2038483455 0.1761634692 3.6551524720
1.3140404450 2.6186787099 0.4623170549 0.3614278130 5.6368090759 1.4862340240 1.4969634278 0.6912115312 0.0000000000 0.1950844770 0.4320563490 0.7422021282 0.5225452936 1.7134219095 0.0285768862 0.2073701127 3.7014857314 0.3555926757
1.1276865734 1.5246674003 0.8943670544 0.5369898923 1.5912355166 1.0140972777 0.9852077426 0.0251600410 0.1950844770 0.0000000000 0.0326873392 0.0432372601 1.2321085175 1.9457030691 0.5320041778 0.8400608782 0.0376419144 2.3344901909
0.2705066260 0.8617899679 0.5209551412 0.9196709577 0.7126636568 1.7980391892 2.0240730886 2.2443664894 0.4320563490 0.0326873392 0.0000000000 0.7206621176 1.1730800516 1.4129321338 4.2920760566 0.0050784989 1.0271271380 0.9311057752
0.1546085843 0.3488773161 0.1564978991 0.3132950906 0.5463509027 0.4113150578 0.3337645734 0.3257467007 0.7422021282 0.0432372601 0.7206621176 0.0000000000 0.6201439006 1.4741238433 0.5319709747 0.7173436348 3.4489809277 0.4736650781
1.7747865496 0.3237648513 3.8463591468 0.2315869667 0.0523054081 0.2266212493 0.2328202764 3.0949972604 0.5225452936 1.2321085175 1.1730800516 0.6201439006 0.0000000000 1.3780940184 0.7541982417 3.2783082243 0.2355441194 1.6785911907
1.5189435688 2.0639387103 1.9285838002 1.5705163865 0.0485883926 0.5276507332 0.8779662355 0.9124970837 1.7134219095 1.9457030691 1.4129321338 1.4741238433 1.3780940184 0.0000000000 0.7167062794 6.6943970142 0.3200009501 0.8668751071
0.0446898129 0.4000653310 1.6927240211 2.3229213201 0.5706755567 1.9591034087 1.7181333794 1.4802927180 0.0285768862 0.5320041778 4.2920760566 0.5319709747 0.7541982417 0.7167062794 0.0000000000 0.8831640260 0.1330218168 0.0769154475
0.3437680988 1.8453238636 2.2149854410 1.0627587506 0.2506060038 0.0701330603 1.2420579571 0.2038483455 0.2073701127 0.8400608782 0.0050784989 0.7173436348 3.2783082243 6.6943970142 0.8831640260 0.0000000000 1.2284222413 0.8958517690
1.1778095819 2.4192421008 2.3316079354 4.5337125021 0.4315398554 0.3740028591 0.4487445415 0.1761634692 3.7014857314 0.0376419144 1.0271271380 3.4489809277 0.2355441194 0.3200009501 0.1330218168 1.2284222413 0.0000000000 1.4294067084
0.1937333563 0.0745248875 1.8937790251 0.0496697278 1.7804966907 0.4809923782 1.9769217524 3.6551524720 0.3555926757 2.3344901909 0.9311057752 0.4736650781 1.6785911907 0.8668751071 0.0769154475 0.8958517690 1.4294067084 0.0000000000
