# MCW Instance
# Type: EXPONENTIAL
# N: 18
# Optimal cost: 2.4746299134582537
# Optimal tour (permutation): [0, 7, 15, 10, 8, 1, 5, 2, 4, 14, 12, 16, 17, 3, 13, 11, 9, 6, 0]
# Optimal walk (full path): [0, 7, 0, 6, 15, 10, 5, 1, 8, 1, 5, 2, 4, 14, 12, 16, 17, 3, 13, 11, 9, 6, 0]
# Walk size: 23
# Is walk (has repeats): true

# Distance Matrix
0.0000000000 2.7940167597 2.2376004653 1.6312738561 0.3804959985 1.8490846530 0.1023688828 0.1430327961 1.3040398557 0.6876781829 0.8443297311 2.0121984342 1.6882677884 0.7491286739 0.3828082133 0.8203310691 1.4802299831 0.1975671169
2.7940167597 0.0000000000 2.6958911064 2.0856048767 4.3129314144 0.0173450304 1.2894941539 0.7889940396 0.1114129431 0.1323119894 0.1807457351 0.6067653509 1.4046559121 2.0635277784 0.3923950632 1.7749749276 0.3275004434 1.3397767934
2.2376004653 2.6958911064 0.0000000000 0.2986512584 0.2042299071 0.0416271389 1.6022214948 0.8807534657 0.9692217617 0.6475680813 0.8385528307 1.7043563932 0.4208561443 0.4279876331 0.7387608749 0.4380336411 1.3344652240 0.4131589261
1.6312738561 2.0856048767 0.2986512584 0.0000000000 0.2797807678 0.5816510054 0.1728275051 0.5835188517 0.5041904111 1.6478864410 1.1980572467 0.4952315914 1.9212426095 0.1565013394 0.6595849842 1.1907717526 0.2035429670 0.0557568456
0.3804959985 4.3129314144 0.2042299071 0.2797807678 0.0000000000 1.5175445071 1.4397773766 0.3966459580 0.9646867551 0.0553946534 2.5105840127 1.4543296010 0.3322253114 0.4021861194 0.1524252632 1.2034926474 0.3464574235 1.3806903895
1.8490846530 0.0173450304 0.0416271389 0.5816510054 1.5175445071 0.0000000000 1.3043274708 1.2946211794 0.8375275531 2.0853858377 0.1542355933 0.4038139041 0.6533334379 0.6770669202 1.5681341913 0.0473336366 1.2794604487 1.6438526739
0.1023688828 1.2894941539 1.6022214948 0.1728275051 1.4397773766 1.3043274708 0.0000000000 0.8176217920 0.5990365317 0.1016188792 1.3074811862 0.6725042132 0.4920927754 1.7518907852 1.1459042261 0.1643840815 0.9033134324 1.2620992095
0.1430327961 0.7889940396 0.8807534657 0.5835188517 0.3966459580 1.2946211794 0.8176217920 0.0000000000 0.9827211775 1.8066769586 1.1225130907 0.3661279270 0.5504942240 3.1189370252 1.7452440657 3.1686855165 0.5041054792 1.2126753674
1.3040398557 0.1114129431 0.9692217617 0.5041904111 0.9646867551 0.8375275531 0.5990365317 0.9827211775 0.0000000000 2.8644139282 1.1782083862 2.9570480555 0.3047678343 1.5543975221 0.6126221153 0.5697360233 1.1364914003 1.2312385882
0.6876781829 0.1323119894 0.6475680813 1.6478864410 0.0553946534 2.0853858377 0.1016188792 1.8066769586 2.8644139282 0.0000000000 0.5778550894 0.0202400686 1.3501146854 4.1635034248 2.9450036629 0.1580982023 0.1328664780 0.3393383756
0.8443297311 0.1807457351 0.8385528307 1.1980572467 2.5105840127 0.1542355933 1.3074811862 1.1225130907 1.1782083862 0.5778550894 0.0000000000 0.5743467623 0.4375331197 0.4737167342 1.8097134669 0.1807005778 1.0395246066 0.2662547749
2.0121984342 0.6067653509 1.7043563932 0.4952315914 1.4543296010 0.4038139041 0.6725042132 0.3661279270 2.9570480555 0.0202400686 0.5743467623 0.0000000000 1.7555480172 0.0922631623 0.3023983935 0.2038712703 0.5297677845 0.9926132149
1.6882677884 1.4046559121 0.4208561443 1.9212426095 0.3322253114 0.6533334379 0.4920927754 0.5504942240 0.3047678343 1.3501146854 0.4375331197 1.7555480172 0.0000000000 1.3173205866 0.2012868948 4.5109692368 0.0835247655 0.4504954551
0.7491286739 2.0635277784 0.4279876331 0.1565013394 0.4021861194 0.6770669202 1.7518907852 3.1189370252 1.5543975221 4.1635034248 0.4737167342 0.0922631623 1.3173205866 0.0000000000 1.9723912321 2.1759297146 0.7118555173 1.5733777843
0.3828082133 0.3923950632 0.7387608749 0.6595849842 0.1524252632 1.5681341913 1.1459042261 1.7452440657 0.6126221153 2.9450036629 1.8097134669 0.3023983935 0.2012868948 1.9723912321 0.0000000000 1.0935493746 0.7624237121 0.2691943514
0.8203310691 1.7749749276 0.4380336411 1.1907717526 1.2034926474 0.0473336366 0.1643840815 3.1686855165 0.5697360233 0.1580982023 0.1807005778 0.2038712703 4.5109692368 2.1759297146 1.0935493746 0.0000000000 0.1898965285 1.9019572598
1.4802299831 0.3275004434 1.3344652240 0.2035429670 0.3464574235 1.2794604487 0.9033134324 0.5041054792 1.1364914003 0.1328664780 1.0395246066 0.5297677845 0.0835247655 0.7118555173 0.7624237121 0.1898965285 0.0000000000 0.1175160915
0.1975671169 1.3397767934 0.4131589261 0.0557568456 1.3806903895 1.6438526739 1.2620992095 1.2126753674 1.2312385882 0.3393383756 0.2662547749 0.9926132149 0.4504954551 1.5733777843 0.2691943514 1.9019572598 0.1175160915 0.0000000000
