# MCW Instance
# Type: EXPONENTIAL
# N: 18
# Optimal cost: 2.1974548680122363
# Optimal tour (permutation): [0, 15, 12, 9, 14, 16, 10, 1, 11, 13, 5, 4, 17, 6, 8, 7, 3, 2, 0]
# Optimal walk (full path): [0, 15, 12, 9, 12, 14, 1, 16, 10, 1, 11, 5, 13, 5, 4, 17, 6, 8, 7, 3, 0, 2, 0]
# Walk size: 23
# Is walk (has repeats): true

# Distance Matrix
0.0000000000 1.8446625451 0.1171130630 0.2436078778 2.4954659186 1.9186757842 1.3994799617 0.5325760722 1.2296100252 2.3629995435 0.6093174886 0.3883336432 2.7847372753 0.7104177437 1.0385487358 0.0558320526 3.2193449544 0.5975007933
1.8446625451 0.0000000000 0.3594221560 2.8803822487 0.4888424467 0.3861887488 1.1435479095 0.1589970617 2.1971682251 1.2726440748 0.0630659095 0.0645552500 2.2456059122 0.8249628068 0.1073159177 0.7482342377 0.1184664363 0.7889054231
0.1171130630 0.3594221560 0.0000000000 2.9634571637 1.0906161724 0.2249005874 0.3686400674 1.2872213711 0.6448584312 1.8003394109 3.9107056955 1.0240319999 1.3325015687 1.9664179244 2.0955208638 0.8179868637 0.7719951252 0.3214396717
0.2436078778 2.8803822487 2.9634571637 0.0000000000 1.8488241438 0.6010144213 1.9364980360 0.2682439541 0.3722428867 2.4419100770 1.9523183951 0.4860462970 0.7224565913 0.7308329302 0.3251708539 0.4724662586 0.4820042145 0.9249908461
2.4954659186 0.4888424467 1.0906161724 1.8488241438 0.0000000000 0.0634903071 0.8523327684 0.8697010739 1.4287749934 1.1580012987 0.8489322695 1.8259394356 0.1730647960 3.7857013028 0.4484209857 0.1878370328 0.9393276971 0.0183868627
1.9186757842 0.3861887488 0.2249005874 0.6010144213 0.0634903071 0.0000000000 1.0627230169 1.9679629342 0.1533369752 1.3074344616 0.1794817406 0.0965290181 1.4526747782 0.0218877535 0.4657910316 3.0940415871 3.4789794845 4.2217136051
1.3994799617 1.1435479095 0.3686400674 1.9364980360 0.8523327684 1.0627230169 0.0000000000 1.0391995860 0.1079577793 0.6747233728 0.6007784134 0.5048056042 1.4404356246 1.9297617872 0.5024209420 0.4031542676 2.6354106312 0.1905945647
0.5325760722 0.1589970617 1.2872213711 0.2682439541 0.8697010739 1.9679629342 1.0391995860 0.0000000000 0.0764500314 1.4887743375 0.6848130889 1.4445056409 0.7082960179 0.5456660920 1.9987300852 0.2202318942 2.1018112213 2.3309226855
1.2296100252 2.1971682251 0.6448584312 0.3722428867 1.4287749934 0.1533369752 0.1079577793 0.0764500314 0.0000000000 3.6012892632 0.6887016757 1.2019689933 5.2838194845 0.0618247980 0.4201138930 0.1823285859 0.4019532516 0.6775681938
2.3629995435 1.2726440748 1.8003394109 2.4419100770 1.1580012987 1.3074344616 0.6747233728 1.4887743375 3.6012892632 0.0000000000 0.3435964313 2.2926399708 0.0642534070 1.8118684778 0.2704216356 0.5556263742 3.3256393717 6.5715239403
0.6093174886 0.0630659095 3.9107056955 1.9523183951 0.8489322695 0.1794817406 0.6007784134 0.6848130889 0.6887016757 0.3435964313 0.0000000000 0.8064776323 0.1553696951 0.1309401773 1.0154312043 0.9291405709 0.1512764251 0.6566086561
0.3883336432 0.0645552500 1.0240319999 0.4860462970 1.8259394356 0.0965290181 0.5048056042 1.4445056409 1.2019689933 2.2926399708 0.8064776323 0.0000000000 0.3191712438 1.0046968717 0.2945632857 0.2295301979 0.6042913397 0.3957291006
2.7847372753 2.2456059122 1.3325015687 0.7224565913 0.1730647960 1.4526747782 1.4404356246 0.7082960179 5.2838194845 0.0642534070 0.1553696951 0.3191712438 0.0000000000 3.1837600643 0.0376786044 0.1274954301 1.3040412348 0.1790645456
0.7104177437 0.8249628068 1.9664179244 0.7308329302 3.7857013028 0.0218877535 1.9297617872 0.5456660920 0.0618247980 1.8118684778 0.1309401773 1.0046968717 3.1837600643 0.0000000000 0.8223183336 1.7291600413 0.7947891454 2.1033461478
1.0385487358 0.1073159177 2.0955208638 0.3251708539 0.4484209857 0.4657910316 0.5024209420 1.9987300852 0.4201138930 0.2704216356 1.0154312043 0.2945632857 0.0376786044 0.8223183336 0.0000000000 0.8159502416 1.4590087637 0.3927090433
0.0558320526 0.7482342377 0.8179868637 0.4724662586 0.1878370328 3.0940415871 0.4031542676 0.2202318942 0.1823285859 0.5556263742 0.9291405709 0.2295301979 0.1274954301 1.7291600413 0.8159502416 0.0000000000 1.1269910191 0.6114102542
3.2193449544 0.1184664363 0.7719951252 0.4820042145 0.9393276971 3.4789794845 2.6354106312 2.1018112213 0.4019532516 3.3256393717 0.1512764251 0.6042913397 1.3040412348 0.7947891454 1.4590087637 1.1269910191 0.0000000000 1.4096165358
0.5975007933 0.7889054231 0.3214396717 0.9249908461 0.0183868627 4.2217136051 0.1905945647 2.3309226855 0.6775681938 6.5715239403 0.6566086561 0.3957291006 0.1790645456 2.1033461478 0.3927090433 0.6114102542 1.4096165358 0.0000000000
