# MCW Instance
# Type: EXPONENTIAL
# N: 18
# Optimal cost: 1.6493740615458552
# Optimal tour (permutation): [0, 8, 1, 17, 15, 14, 9, 6, 5, 11, 13, 10, 16, 12, 7, 2, 3, 4, 0]
# Optimal walk (full path): [0, 4, 8, 1, 17, 15, 16, 14, 9, 6, 5, 11, 13, 16, 10, 16, 12, 7, 8, 2, 3, 2, 8, 4, 0]
# Walk size: 25
# Is walk (has repeats): true

# Distance Matrix
0.0000000000 0.7598859741 0.6280174271 0.9178619983 0.0204413955 0.2094454592 1.9443495009 0.8712352263 0.4588944147 0.4039143099 1.3899001656 1.4022709056 0.8271618765 0.6523330212 0.9070696061 0.2836751196 0.6060589025 1.4305980373
0.7598859741 0.0000000000 1.0344357254 1.7401251112 3.3189451032 1.1992579621 1.7874525704 0.5956192330 0.1301183689 3.3815650054 2.1394103216 1.7526905205 0.3706186258 0.6871328891 1.5263315803 1.8888348689 4.6864347468 0.1013919793
0.6280174271 1.0344357254 0.0000000000 0.0993861467 0.1565588270 1.0668755277 1.5599304068 0.3891896458 0.0788688906 0.1448663686 0.7099957561 2.7333345262 0.4370972821 2.4660406210 0.4260226970 0.6671741343 0.1593435142 0.9482828125
0.9178619983 1.7401251112 0.0993861467 0.0000000000 0.8141062231 1.1643240050 3.0660754585 0.3300946060 1.0175648545 0.2270585921 1.4194221936 1.6982963219 0.4808280703 0.5519905660 4.2571815405 0.3847399801 0.6448514066 0.5937160511
0.0204413955 3.3189451032 0.1565588270 0.8141062231 0.0000000000 0.7689310879 2.3024737856 0.4249754587 0.0211752348 1.4534810931 0.1061752758 0.2554154396 0.3141883217 0.9477183875 1.4880414181 0.0433049691 0.9434485991 0.2112046102
0.2094454592 1.1992579621 1.0668755277 1.1643240050 0.7689310879 0.0000000000 0.0097679550 1.0385565940 0.4628833715 0.1029515244 0.5914228121 0.0197392332 0.3257155845 0.4275435988 0.1103484502 0.9479608176 0.2031878966 0.3941892031
1.9443495009 1.7874525704 1.5599304068 3.0660754585 2.3024737856 0.0097679550 0.0000000000 1.1612309958 1.0446285704 0.0709829252 0.5302054739 0.1721356130 0.3304815961 1.0316865167 2.9081704237 0.3385725438 1.5081089673 0.9891709612
0.8712352263 0.5956192330 0.3891896458 0.3300946060 0.4249754587 1.0385565940 1.1612309958 0.0000000000 0.0259384988 1.4282146122 0.6404569136 0.0882823640 0.2508530787 0.5318300614 0.1112301473 0.0379852543 1.0972400798 0.1135723300
0.4588944147 0.1301183689 0.0788688906 1.0175648545 0.0211752348 0.4628833715 1.0446285704 0.0259384988 0.0000000000 0.3658072552 3.3626582678 0.1478316605 1.6097531506 0.5029492742 1.0733233713 1.1895257942 0.4482619527 0.4704621673
0.4039143099 3.3815650054 0.1448663686 0.2270585921 1.4534810931 0.1029515244 0.0709829252 1.4282146122 0.3658072552 0.0000000000 0.4404431184 0.1537985335 1.6596333373 5.0585226029 0.0619262813 0.0877831729 1.2187481527 5.7963412471
1.3899001656 2.1394103216 0.7099957561 1.4194221936 0.1061752758 0.5914228121 0.5302054739 0.6404569136 3.3626582678 0.4404431184 0.0000000000 0.4804859726 1.0607901262 0.8651467245 0.3057516986 0.4159679829 0.0209631941 0.6363749273
1.4022709056 1.7526905205 2.7333345262 1.6982963219 0.2554154396 0.0197392332 0.1721356130 0.0882823640 0.1478316605 0.1537985335 0.4804859726 0.0000000000 0.3871558947 0.0616310909 1.0403345611 1.5451033630 2.0528213266 0.5212589813
0.8271618765 0.3706186258 0.4370972821 0.4808280703 0.3141883217 0.3257155845 0.3304815961 0.2508530787 1.6097531506 1.6596333373 1.0607901262 0.3871558947 0.0000000000 2.1883292687 4.0008378065 0.4046756066 0.2643800248 2.8245162392
0.6523330212 0.6871328891 2.4660406210 0.5519905660 0.9477183875 0.4275435988 1.0316865167 0.5318300614 0.5029492742 5.0585226029 0.8651467245 0.0616310909 2.1883292687 0.0000000000 1.5162048197 0.0847181784 0.0359529006 0.3844377648
0.9070696061 1.5263315803 0.4260226970 4.2571815405 1.4880414181 0.1103484502 2.9081704237 0.1112301473 1.0733233713 0.0619262813 0.3057516986 1.0403345611 4.0008378065 1.5162048197 0.0000000000 3.3474225775 0.0372133006 0.7370080608
0.2836751196 1.8888348689 0.6671741343 0.3847399801 0.0433049691 0.9479608176 0.3385725438 0.0379852543 1.1895257942 0.0877831729 0.4159679829 1.5451033630 0.4046756066 0.0847181784 3.3474225775 0.0000000000 0.0251429055 0.0726657953
0.6060589025 4.6864347468 0.1593435142 0.6448514066 0.9434485991 0.2031878966 1.5081089673 1.0972400798 0.4482619527 1.2187481527 0.0209631941 2.0528213266 0.2643800248 0.0359529006 0.0372133006 0.0251429055 0.0000000000 0.6147676409
1.4305980373 0.1013919793 0.9482828125 0.5937160511 0.2112046102 0.3941892031 0.9891709612 0.1135723300 0.4704621673 5.7963412471 0.6363749273 0.5212589813 2.8245162392 0.3844377648 0.7370080608 0.0726657953 0.6147676409 0.0000000000
