# MCW Instance
# Type: EXPONENTIAL
# N: 18
# Optimal cost: 1.4566963176433254
# Optimal tour (permutation): [0, 17, 10, 5, 14, 13, 4, 6, 11, 3, 2, 8, 7, 1, 16, 9, 15, 12, 0]
# Optimal walk (full path): [0, 17, 10, 5, 14, 13, 4, 6, 2, 11, 3, 11, 2, 1, 8, 1, 7, 1, 9, 16, 9, 12, 15, 12, 0]
# Walk size: 25
# Is walk (has repeats): true

# Distance Matrix
0.0000000000 1.0905699824 1.4998523250 1.1748824113 1.4191783297 1.1380396283 2.6701088724 0.8928462413 0.2006792487 0.9430307698 0.3906439949 1.2242509673 0.1578829144 0.7668765080 0.4582419492 1.2851180410 3.1637370984 0.0673285820
1.0905699824 0.0000000000 0.0080432866 0.6767807731 1.3925810075 0.3286171128 0.8948556946 0.0508431600 0.0315968620 0.0324498819 0.3888360112 0.2283656565 2.7089921769 0.5486856865 1.4204742767 0.2591612830 0.3752891715 0.8954974963
1.4998523250 0.0080432866 0.0000000000 0.2437555010 0.3800179655 0.7898068320 0.0426361223 0.5123150655 1.6161383587 0.3492348527 0.9006090843 0.0567221116 1.5203535790 0.4085072127 1.3393853037 2.6686894261 1.2575684094 3.1910900400
1.1748824113 0.6767807731 0.2437555010 0.0000000000 0.8557383493 2.5458602083 1.4626806192 0.4768161229 1.4307480825 1.4953086041 0.1658486760 0.0489691684 2.0908175906 0.5096391756 0.6938495690 1.4512464928 0.5431422086 0.5168547015
1.4191783297 1.3925810075 0.3800179655 0.8557383493 0.0000000000 0.3933721398 0.0107237768 0.1985341998 0.2379749596 4.2204310272 2.9745269439 0.1220557121 1.3217909756 0.1616668031 0.2133402938 2.8286346582 0.4273397003 1.1159258711
1.1380396283 0.3286171128 0.7898068320 2.5458602083 0.3933721398 0.0000000000 0.6442287077 0.9226833311 1.1827876038 3.1208234763 0.0836857851 0.5691207634 0.8008866916 0.3841838732 0.0188125883 0.3825769909 2.6200484791 1.0445002356
2.6701088724 0.8948556946 0.0426361223 1.4626806192 0.0107237768 0.6442287077 0.0000000000 1.1406793626 0.4957001389 0.3630055579 0.9266684938 2.5662144459 2.0972839665 2.2876276612 3.3979731909 0.4010611276 0.5935216790 1.1574522612
0.8928462413 0.0508431600 0.5123150655 0.4768161229 0.1985341998 0.9226833311 1.1406793626 0.0000000000 0.3188995343 1.1495403904 0.0970837582 2.3642697622 1.4782754196 0.7439302915 2.0961685244 1.2944144836 1.8863739388 0.0657145788
0.2006792487 0.0315968620 1.6161383587 1.4307480825 0.2379749596 1.1827876038 0.4957001389 0.3188995343 0.0000000000 0.1068569986 1.4066578994 0.7054550866 0.8284248608 0.3972664897 0.1595243481 0.2142280875 1.5831249422 0.6131786036
0.9430307698 0.0324498819 0.3492348527 1.4953086041 4.2204310272 3.1208234763 0.3630055579 1.1495403904 0.1068569986 0.0000000000 0.0988354075 0.2748349127 0.0951850464 0.7832264346 0.9457095263 0.6138959585 0.0363867673 0.3379512222
0.3906439949 0.3888360112 0.9006090843 0.1658486760 2.9745269439 0.0836857851 0.9266684938 0.0970837582 1.4066578994 0.0988354075 0.0000000000 1.1040464425 3.5790205144 1.8630441539 0.3302580939 1.9283826978 0.2351803792 0.0492931336
1.2242509673 0.2283656565 0.0567221116 0.0489691684 0.1220557121 0.5691207634 2.5662144459 2.3642697622 0.7054550866 0.2748349127 1.1040464425 0.0000000000 1.8126922829 5.3987873433 0.0837236082 0.1944466300 2.4309894267 0.4165283750
0.1578829144 2.7089921769 1.5203535790 2.0908175906 1.3217909756 0.8008866916 2.0972839665 1.4782754196 0.8284248608 0.0951850464 3.5790205144 1.8126922829 0.0000000000 1.3795068250 1.4652998700 0.0505588895 0.2421952779 0.1036022843
0.7668765080 0.5486856865 0.4085072127 0.5096391756 0.1616668031 0.3841838732 2.2876276612 0.7439302915 0.3972664897 0.7832264346 1.8630441539 5.3987873433 1.3795068250 0.0000000000 0.1788344794 0.5267034197 0.3723828391 2.7868150713
0.4582419492 1.4204742767 1.3393853037 0.6938495690 0.2133402938 0.0188125883 3.3979731909 2.0961685244 0.1595243481 0.9457095263 0.3302580939 0.0837236082 1.4652998700 0.1788344794 0.0000000000 0.2585889040 3.5746742420 0.1275694746
1.2851180410 0.2591612830 2.6686894261 1.4512464928 2.8286346582 0.3825769909 0.4010611276 1.2944144836 0.2142280875 0.6138959585 1.9283826978 0.1944466300 0.0505588895 0.5267034197 0.2585889040 0.0000000000 0.2439662358 0.4741535380
3.1637370984 0.3752891715 1.2575684094 0.5431422086 0.4273397003 2.6200484791 0.5935216790 1.8863739388 1.5831249422 0.0363867673 0.2351803792 2.4309894267 0.2421952779 0.3723828391 3.5746742420 0.2439662358 0.0000000000 1.2563452533
0.0673285820 0.8954974963 3.1910900400 0.5168547015 1.1159258711 1.0445002356 1.1574522612 0.0657145788 0.6131786036 0.3379512222 0.0492931336 0.4165283750 0.1036022843 2.7868150713 0.1275694746 0.4741535380 1.2563452533 0.0000000000
