# MCW Instance
# Type: EXPONENTIAL
# N: 18
# Optimal cost: 2.0470113748704315
# Optimal tour (permutation): [0, 12, 6, 10, 15, 11, 7, 16, 1, 14, 2, 13, 5, 9, 8, 17, 4, 3, 0]
# Optimal walk (full path): [0, 12, 6, 10, 15, 11, 7, 1, 16, 1, 14, 2, 14, 13, 5, 9, 17, 8, 17, 4, 3, 0]
# Walk size: 22
# Is walk (has repeats): true

# Distance Matrix
0.0000000000 0.6616208875 0.6389239134 0.1076935069 0.7595271015 0.3031208757 2.7907016373 0.2371559505 1.0096499266 1.4584079507 0.1946695286 0.9542487448 0.0190281913 2.0154994476 0.1670244314 0.2035970846 0.3935344641 0.6138806677
0.6616208875 0.0000000000 2.6724205493 0.2140920831 0.6197935308 0.5195862142 1.1545124497 0.0286526050 1.8993786679 0.2903025856 1.5537849314 0.3579508717 0.5989244209 0.4484139889 0.0979932038 0.3444190320 0.0411324988 1.5830918684
0.6389239134 2.6724205493 0.0000000000 0.9687698323 1.1019019823 0.2161057985 1.5266533115 3.7752782775 1.0966451530 2.3448008788 2.3743649951 2.8560255290 0.6481130782 1.6036826959 0.1920048551 1.8117229558 0.5312471112 0.6687308483
0.1076935069 0.2140920831 0.9687698323 0.0000000000 0.0199614469 0.6515858965 0.7558940611 0.9890682075 2.1383700450 1.4816960116 1.6094542309 2.8914871463 0.5639268028 0.2386276774 0.7812140240 0.8428564041 1.1441663611 2.2233599332
0.7595271015 0.6197935308 1.1019019823 0.0199614469 0.0000000000 1.9504546549 1.4361696436 0.2567840897 2.6242468339 3.6271874622 0.3127628687 0.8102099655 0.7953282417 3.1936918666 0.4063310914 3.3098333618 0.6902563794 0.0712557497
0.3031208757 0.5195862142 0.2161057985 0.6515858965 1.9504546549 0.0000000000 1.0461377753 2.0538870796 1.6402147736 0.0355348977 0.3837298310 0.6261303439 0.5568467944 0.0038269572 0.3336534071 0.5859222146 1.3459986107 0.5933187260
2.7907016373 1.1545124497 1.5266533115 0.7558940611 1.4361696436 1.0461377753 0.0000000000 0.6537256540 0.3907775653 0.4829411725 0.3627469041 0.5770020973 0.2044365540 0.6282062835 1.6471125430 2.8956532194 3.1097799622 1.4033149641
0.2371559505 0.0286526050 3.7752782775 0.9890682075 0.2567840897 2.0538870796 0.6537256540 0.0000000000 2.9320526756 1.8613558858 0.4234573377 0.0268641864 0.3181679981 0.0783638932 0.3799940266 0.6075051405 1.6175869571 0.7497789356
1.0096499266 1.8993786679 1.0966451530 2.1383700450 2.6242468339 1.6402147736 0.3907775653 2.9320526756 0.0000000000 0.7667261494 0.6879258324 0.1193383658 0.4998908574 0.9432670170 0.6998584407 0.3971554106 0.2896177317 0.0255450633
1.4584079507 0.2903025856 2.3448008788 1.4816960116 3.6271874622 0.0355348977 0.4829411725 1.8613558858 0.7667261494 0.0000000000 3.4620925271 0.8527218251 0.2863922831 0.9285652714 0.1188243777 1.1371664691 0.5072432261 0.0307357790
0.1946695286 1.5537849314 2.3743649951 1.6094542309 0.3127628687 0.3837298310 0.3627469041 0.4234573377 0.6879258324 3.4620925271 0.0000000000 0.2963813209 0.4015286151 0.1939683835 0.4833067921 0.3693671919 1.0072909645 0.4234344213
0.9542487448 0.3579508717 2.8560255290 2.8914871463 0.8102099655 0.6261303439 0.5770020973 0.0268641864 0.1193383658 0.8527218251 0.2963813209 0.0000000000 3.3305618421 0.6678593385 0.0598496198 0.1345907701 1.0502214760 0.3991858499
0.0190281913 0.5989244209 0.6481130782 0.5639268028 0.7953282417 0.5568467944 0.2044365540 0.3181679981 0.4998908574 0.2863922831 0.4015286151 3.3305618421 0.0000000000 0.0092802509 1.0947331711 2.0935915825 2.6299116953 2.4033662269
2.0154994476 0.4484139889 1.6036826959 0.2386276774 3.1936918666 0.0038269572 0.6282062835 0.0783638932 0.9432670170 0.9285652714 0.1939683835 0.6678593385 0.0092802509 0.0000000000 0.0169585963 2.5630344859 0.3443113202 0.6126873441
0.1670244314 0.0979932038 0.1920048551 0.7812140240 0.4063310914 0.3336534071 1.6471125430 0.3799940266 0.6998584407 0.1188243777 0.4833067921 0.0598496198 1.0947331711 0.0169585963 0.0000000000 1.2150844464 0.8007460016 1.1850402345
0.2035970846 0.3444190320 1.8117229558 0.8428564041 3.3098333618 0.5859222146 2.8956532194 0.6075051405 0.3971554106 1.1371664691 0.3693671919 0.1345907701 2.0935915825 2.5630344859 1.2150844464 0.0000000000 2.7788683017 0.3541057477
0.3935344641 0.0411324988 0.5312471112 1.1441663611 0.6902563794 1.3459986107 3.1097799622 1.6175869571 0.2896177317 0.5072432261 1.0072909645 1.0502214760 2.6299116953 0.3443113202 0.8007460016 2.7788683017 0.0000000000 0.2414782443
0.6138806677 1.5830918684 0.6687308483 2.2233599332 0.0712557497 0.5933187260 1.4033149641 0.7497789356 0.0255450633 0.0307357790 0.4234344213 0.3991858499 2.4033662269 0.6126873441 1.1850402345 0.3541057477 0.2414782443 0.0000000000
