# MCW Instance
# Type: EXPONENTIAL
# N: 18
# Optimal cost: 1.951411365492938
# Optimal tour (permutation): [0, 6, 17, 7, 5, 1, 14, 3, 12, 4, 11, 8, 2, 9, 15, 13, 16, 10, 0]
# Optimal walk (full path): [0, 6, 17, 7, 5, 1, 14, 3, 12, 10, 4, 2, 11, 2, 8, 2, 9, 15, 13, 16, 10, 0]
# Walk size: 22
# Is walk (has repeats): true

# Distance Matrix
0.0000000000 0.9325175484 1.6754108296 1.9119432144 1.5984695121 1.2930223369 0.1259481973 0.4002608908 1.0741557566 0.4587677786 0.0536967529 1.8207379526 0.1217044119 0.5570487040 0.1732973033 1.9461147320 3.9801537178 1.3179845006
0.9325175484 0.0000000000 4.7269262278 0.6833690883 2.0765223005 0.1089209409 0.2814862294 0.4968109079 2.5042737567 1.3270124728 1.3477088225 0.3224433396 1.4756573140 0.4349472162 0.1132330433 1.7865544975 1.2442117289 0.4004097456
1.6754108296 4.7269262278 0.0000000000 0.5507528376 0.0515141002 0.2911604481 0.6666896034 0.5084047856 0.0172975265 0.0441237540 0.9427884539 0.1473299180 0.2451401272 0.9510541136 1.7662626000 3.0760374237 1.3251623310 1.9406081952
1.9119432144 0.6833690883 0.5507528376 0.0000000000 1.8317311660 0.2100742787 0.5302011640 0.0071845954 1.0904156824 0.6603827954 2.9322722383 0.3410903958 0.0248748035 0.7041774495 0.0977831219 0.3720152548 1.1232882323 1.2554856624
1.5984695121 2.0765223005 0.0515141002 1.8317311660 0.0000000000 1.0050830015 1.4907109662 5.5714651740 0.3838292730 0.8161354328 0.0447800183 3.7071900286 0.2678209512 2.4445114562 1.0089642403 0.2581049657 0.7660068878 0.1600209601
1.2930223369 0.1089209409 0.2911604481 0.2100742787 1.0050830015 0.0000000000 1.4966775108 0.0826020073 0.7545185808 0.4314389409 1.2995891611 1.9262751663 0.5007770461 1.2115030705 1.2630420024 0.5185949618 4.3059436005 0.9699571419
0.1259481973 0.2814862294 0.6666896034 0.5302011640 1.4907109662 1.4966775108 0.0000000000 3.2322866345 0.9847059654 0.3661086012 0.7561071548 0.5625034505 0.1793494091 1.9140789488 2.6561951083 1.4057238246 1.4263512293 0.0013786210
0.4002608908 0.4968109079 0.5084047856 0.0071845954 5.5714651740 0.0826020073 3.2322866345 0.0000000000 0.5886114431 1.9707308999 1.3304467907 0.5273525169 1.9134287505 1.3907694446 2.4388129220 0.4363685586 1.0119987577 0.1293468084
1.0741557566 2.5042737567 0.0172975265 1.0904156824 0.3838292730 0.7545185808 0.9847059654 0.5886114431 0.0000000000 1.9789003851 2.0246089983 0.7030851388 0.4206040064 1.4229459417 0.7539198579 0.5626307556 1.2923132791 0.3246099797
0.4587677786 1.3270124728 0.0441237540 0.6603827954 0.8161354328 0.4314389409 0.3661086012 1.9707308999 1.9789003851 0.0000000000 1.3050094508 0.2295171420 1.8810760828 2.1226098594 0.3900639812 0.2285159014 0.2334238308 0.9404308278
0.0536967529 1.3477088225 0.9427884539 2.9322722383 0.0447800183 1.2995891611 0.7561071548 1.3304467907 2.0246089983 1.3050094508 0.0000000000 0.9887599079 0.0340868606 0.4698096145 3.0088003077 1.6861910450 0.0080900677 0.4009093303
1.8207379526 0.3224433396 0.1473299180 0.3410903958 3.7071900286 1.9262751663 0.5625034505 0.5273525169 0.7030851388 0.2295171420 0.9887599079 0.0000000000 1.0582853530 2.3597706154 3.1177461796 1.2885407111 0.5722373899 1.3153497011
0.1217044119 1.4756573140 0.2451401272 0.0248748035 0.2678209512 0.5007770461 0.1793494091 1.9134287505 0.4206040064 1.8810760828 0.0340868606 1.0582853530 0.0000000000 1.0954176747 0.3595815760 0.4481186068 0.5304008335 0.5357981449
0.5570487040 0.4349472162 0.9510541136 0.7041774495 2.4445114562 1.2115030705 1.9140789488 1.3907694446 1.4229459417 2.1226098594 0.4698096145 2.3597706154 1.0954176747 0.0000000000 1.9833145525 0.3275687783 0.1456926998 0.5072162471
0.1732973033 0.1132330433 1.7662626000 0.0977831219 1.0089642403 1.2630420024 2.6561951083 2.4388129220 0.7539198579 0.3900639812 3.0088003077 3.1177461796 0.3595815760 1.9833145525 0.0000000000 1.2793949786 0.1722184829 0.3551826395
1.9461147320 1.7865544975 3.0760374237 0.3720152548 0.2581049657 0.5185949618 1.4057238246 0.4363685586 0.5626307556 0.2285159014 1.6861910450 1.2885407111 0.4481186068 0.3275687783 1.2793949786 0.0000000000 0.8092518637 1.6360814595
3.9801537178 1.2442117289 1.3251623310 1.1232882323 0.7660068878 4.3059436005 1.4263512293 1.0119987577 1.2923132791 0.2334238308 0.0080900677 0.5722373899 0.5304008335 0.1456926998 0.1722184829 0.8092518637 0.0000000000 0.3565516922
1.3179845006 0.4004097456 1.9406081952 1.2554856624 0.1600209601 0.9699571419 0.0013786210 0.1293468084 0.3246099797 0.9404308278 0.4009093303 1.3153497011 0.5357981449 0.5072162471 0.3551826395 1.6360814595 0.3565516922 0.0000000000
