# MCW Instance
# Type: EXPONENTIAL
# N: 18
# Optimal cost: 2.297688534557468
# Optimal tour (permutation): [0, 4, 17, 16, 12, 8, 5, 1, 9, 3, 2, 14, 11, 7, 15, 13, 6, 10, 0]
# Optimal walk (full path): [0, 4, 17, 16, 12, 8, 5, 1, 9, 3, 2, 14, 2, 11, 7, 11, 15, 13, 6, 0, 10, 0]
# Walk size: 22
# Is walk (has repeats): true

# Distance Matrix
0.0000000000 1.7993104141 0.6192496462 0.8225169341 0.1625851086 0.2040799627 0.1795805667 1.3219600112 0.1954997719 0.6564995829 0.0717498050 1.8268740302 0.9279000597 3.6892456735 0.6398325164 0.4275913845 3.7559587668 3.2193120392
1.7993104141 0.0000000000 1.6499482279 0.1579924330 0.2360320064 0.1234797864 1.2301564342 0.3476907161 0.3626512161 0.0457881577 0.5755877908 0.6489500211 2.4564072862 0.2190169258 1.8665141057 1.6850201090 0.2563345200 0.6927953790
0.6192496462 1.6499482279 0.0000000000 0.0575334501 0.3382304909 1.5409659640 0.4856704242 1.4317825151 0.6807618311 0.2334734257 0.8688890481 0.1071191642 0.9135637290 3.5858509197 0.0074311194 1.7157006564 0.3848030170 1.7983107136
0.8225169341 0.1579924330 0.0575334501 0.0000000000 0.3937765470 0.8611440472 0.8015741062 1.3583811317 0.2490728561 0.0642922880 1.4388800395 0.7356502363 0.3557855366 1.6509204167 0.9064840779 7.0261873824 0.8046442902 0.5534049618
0.1625851086 0.2360320064 0.3382304909 0.3937765470 0.0000000000 0.2448579342 1.3062360247 1.1974421427 0.3593114895 1.7463000869 2.1181461380 0.4477152573 1.1902655923 0.5017343213 0.5691664751 3.6669895761 0.7512467376 0.1644218025
0.2040799627 0.1234797864 1.5409659640 0.8611440472 0.2448579342 0.0000000000 0.4167929902 0.6532390755 0.1447611570 0.7508653394 1.8771745142 0.5052624319 1.1485282844 0.3656314838 1.8216295245 0.9220512669 3.1858699867 0.6503471839
0.1795805667 1.2301564342 0.4856704242 0.8015741062 1.3062360247 0.4167929902 0.0000000000 1.0572180163 0.2200151068 1.3971223128 2.2009028599 0.6778139848 0.1951208715 0.1382704327 0.0935286887 0.2998071396 0.2566594036 0.5954206735
1.3219600112 0.3476907161 1.4317825151 1.3583811317 1.1974421427 0.6532390755 1.0572180163 0.0000000000 2.7231601973 0.4515993587 1.9320999860 0.1449939684 0.5037255120 1.7056096529 0.3053909169 1.7333796069 1.2582326736 1.2641511970
0.1954997719 0.3626512161 0.6807618311 0.2490728561 0.3593114895 0.1447611570 0.2200151068 2.7231601973 0.0000000000 1.4784417907 1.2399894611 0.7410646167 0.0194081913 0.5183718640 1.0168676006 1.4715205270 0.5279767933 0.2276877943
0.6564995829 0.0457881577 0.2334734257 0.0642922880 1.7463000869 0.7508653394 1.3971223128 0.4515993587 1.4784417907 0.0000000000 1.1464258641 0.4876939581 2.3765026753 0.2015201624 1.6047181330 0.4377410998 1.4623512823 0.4720239396
0.0717498050 0.5755877908 0.8688890481 1.4388800395 2.1181461380 1.8771745142 2.2009028599 1.9320999860 1.2399894611 1.1464258641 0.0000000000 0.4823466109 0.7390997284 0.2677992721 0.3947221904 0.5500331306 1.6678783049 0.9120565043
1.8268740302 0.6489500211 0.1071191642 0.7356502363 0.4477152573 0.5052624319 0.6778139848 0.1449939684 0.7410646167 0.4876939581 0.4823466109 0.0000000000 0.6324693226 0.3955716817 1.1216718831 0.1036760724 0.3935738495 0.4423417405
0.9279000597 2.4564072862 0.9135637290 0.3557855366 1.1902655923 1.1485282844 0.1951208715 0.5037255120 0.0194081913 2.3765026753 0.7390997284 0.6324693226 0.0000000000 0.8437940487 0.2230503530 0.0955626908 0.0921632581 2.9771056149
3.6892456735 0.2190169258 3.5858509197 1.6509204167 0.5017343213 0.3656314838 0.1382704327 1.7056096529 0.5183718640 0.2015201624 0.2677992721 0.3955716817 0.8437940487 0.0000000000 1.9706292399 0.2336084162 0.2397016643 1.3795937477
0.6398325164 1.8665141057 0.0074311194 0.9064840779 0.5691664751 1.8216295245 0.0935286887 0.3053909169 1.0168676006 1.6047181330 0.3947221904 1.1216718831 0.2230503530 1.9706292399 0.0000000000 0.7220080211 1.4938555872 0.8426121089
0.4275913845 1.6850201090 1.7157006564 7.0261873824 3.6669895761 0.9220512669 0.2998071396 1.7333796069 1.4715205270 0.4377410998 0.5500331306 0.1036760724 0.0955626908 0.2336084162 0.7220080211 0.0000000000 1.1068118785 0.9622546541
3.7559587668 0.2563345200 0.3848030170 0.8046442902 0.7512467376 3.1858699867 0.2566594036 1.2582326736 0.5279767933 1.4623512823 1.6678783049 0.3935738495 0.0921632581 0.2397016643 1.4938555872 1.1068118785 0.0000000000 0.2126508969
3.2193120392 0.6927953790 1.7983107136 0.5534049618 0.1644218025 0.6503471839 0.5954206735 1.2641511970 0.2276877943 0.4720239396 0.9120565043 0.4423417405 2.9771056149 1.3795937477 0.8426121089 0.9622546541 0.2126508969 0.0000000000
