# MCW Instance
# Type: EXPONENTIAL
# N: 18
# Optimal cost: 1.1237526700791611
# Optimal tour (permutation): [0, 3, 17, 8, 1, 5, 13, 9, 6, 11, 7, 12, 10, 14, 4, 2, 16, 15, 0]
# Optimal walk (full path): [0, 3, 17, 8, 17, 1, 17, 5, 13, 9, 6, 9, 13, 11, 7, 12, 7, 10, 14, 4, 2, 16, 15, 16, 3, 0]
# Walk size: 26
# Is walk (has repeats): true

# Distance Matrix
0.0000000000 0.2991470767 0.6444486005 0.0128445025 0.2289816081 0.0907708879 0.2680255809 0.2032895469 0.4068988606 1.1425344784 0.3996109846 5.2856238296 2.2201867409 0.9838202163 0.4205287312 0.4524078034 0.2527293260 2.2147635279
0.2991470767 0.0000000000 0.7739275394 0.3171188014 0.3901979329 0.4330170468 2.1866446008 3.0591798229 0.8458085910 0.7696034386 0.6621380949 3.4765080453 1.6832461820 0.9555130124 0.3935745205 1.2451961378 0.5958657353 0.0232350869
0.6444486005 0.7739275394 0.0000000000 0.5511992193 0.0333180865 0.7466293422 0.3359955558 0.2588382305 0.1096539522 1.6928748403 0.7549108207 0.4529346232 0.4143433799 0.2058227653 2.2912061213 1.5307127946 0.1875384728 0.9467548454
0.0128445025 0.3171188014 0.5511992193 0.0000000000 0.8636477718 0.7045018525 1.4077740044 1.0173246911 0.5808033208 0.3246719338 0.2542019616 0.1324225290 0.4416079792 1.0090867896 2.6975775728 1.0987136088 0.0938061430 0.0583515893
0.2289816081 0.3901979329 0.0333180865 0.8636477718 0.0000000000 0.2909300217 0.2089121067 0.3398394518 0.1087627182 2.0512580472 1.5106542954 0.7631124537 1.3297189065 0.2362006580 0.0473425594 0.8054228384 0.2912500770 0.7748590808
0.0907708879 0.4330170468 0.7466293422 0.7045018525 0.2909300217 0.0000000000 2.3044812316 1.2031656803 1.0150341734 0.9216494784 2.4821412948 0.7997484841 0.5863146755 0.0827459991 0.1700665921 5.2602480174 1.3407926359 0.0122962059
0.2680255809 2.1866446008 0.3359955558 1.4077740044 0.2089121067 2.3044812316 0.0000000000 0.9338500045 0.7129896794 0.0378059772 0.5021936955 0.2255978638 0.5275659164 0.9266700615 0.6921683322 1.2957476035 1.3185000176 3.8214393549
0.2032895469 3.0591798229 0.2588382305 1.0173246911 0.3398394518 1.2031656803 0.9338500045 0.0000000000 0.1525455151 1.4783882232 0.0842379928 0.0901018337 0.0125880978 0.3772012058 0.2038496514 1.9081539664 0.5413533589 0.5220866474
0.4068988606 0.8458085910 0.1096539522 0.5808033208 0.1087627182 1.0150341734 0.7129896794 0.1525455151 0.0000000000 0.1672070476 1.4762096616 0.2695650883 3.1527533993 0.5300563112 0.7808707465 1.1560402012 0.7711419347 0.0590105543
1.1425344784 0.7696034386 1.6928748403 0.3246719338 2.0512580472 0.9216494784 0.0378059772 1.4783882232 0.1672070476 0.0000000000 0.5892198326 0.7577759201 1.2230621693 0.0004723326 2.0708274554 1.2093005376 0.4719909865 0.7353104464
0.3996109846 0.6621380949 0.7549108207 0.2542019616 1.5106542954 2.4821412948 0.5021936955 0.0842379928 1.4762096616 0.5892198326 0.0000000000 0.0704383260 2.0727285269 0.4431061171 0.0616138418 2.0014237723 0.7119774774 0.3555709501
5.2856238296 3.4765080453 0.4529346232 0.1324225290 0.7631124537 0.7997484841 0.2255978638 0.0901018337 0.2695650883 0.7577759201 0.0704383260 0.0000000000 2.9125335410 0.0227982093 3.2366912216 2.6547669833 0.5798365517 0.6289777591
2.2201867409 1.6832461820 0.4143433799 0.4416079792 1.3297189065 0.5863146755 0.5275659164 0.0125880978 3.1527533993 1.2230621693 2.0727285269 2.9125335410 0.0000000000 1.4144236184 1.1007555523 3.5708132188 1.0029522591 2.1307988111
0.9838202163 0.9555130124 0.2058227653 1.0090867896 0.2362006580 0.0827459991 0.9266700615 0.3772012058 0.5300563112 0.0004723326 0.4431061171 0.0227982093 1.4144236184 0.0000000000 0.4663834405 1.1078318524 2.6212032260 2.2297564633
0.4205287312 0.3935745205 2.2912061213 2.6975775728 0.0473425594 0.1700665921 0.6921683322 0.2038496514 0.7808707465 2.0708274554 0.0616138418 3.2366912216 1.1007555523 0.4663834405 0.0000000000 0.3199114292 0.4104710564 0.2389705886
0.4524078034 1.2451961378 1.5307127946 1.0987136088 0.8054228384 5.2602480174 1.2957476035 1.9081539664 1.1560402012 1.2093005376 2.0014237723 2.6547669833 3.5708132188 1.1078318524 0.3199114292 0.0000000000 0.0288443169 1.9775133180
0.2527293260 0.5958657353 0.1875384728 0.0938061430 0.2912500770 1.3407926359 1.3185000176 0.5413533589 0.7711419347 0.4719909865 0.7119774774 0.5798365517 1.0029522591 2.6212032260 0.4104710564 0.0288443169 0.0000000000 1.7541164218
2.2147635279 0.0232350869 0.9467548454 0.0583515893 0.7748590808 0.0122962059 3.8214393549 0.5220866474 0.0590105543 0.7353104464 0.3555709501 0.6289777591 2.1307988111 2.2297564633 0.2389705886 1.9775133180 1.7541164218 0.0000000000
