# MCW Instance
# Type: EXPONENTIAL
# N: 18
# Optimal cost: 1.4904550256030313
# Optimal tour (permutation): [0, 17, 14, 12, 16, 3, 10, 6, 1, 11, 2, 5, 13, 7, 9, 15, 8, 4, 0]
# Optimal walk (full path): [0, 17, 14, 12, 16, 3, 10, 1, 6, 1, 11, 5, 2, 5, 13, 9, 7, 9, 15, 8, 4, 0]
# Walk size: 22
# Is walk (has repeats): true

# Distance Matrix
0.0000000000 0.1524502002 0.2445660229 0.1686286878 0.0484017114 1.3208213418 0.5906971484 0.8432984097 0.4687288149 0.6753714077 0.9734760982 3.2526848601 2.0258299587 0.3008123213 0.6745997588 0.7042281338 0.0797453863 0.0950574833
0.1524502002 0.0000000000 0.8223944020 0.1611098997 1.1492465867 0.1731959118 0.0218254308 1.0576547719 0.2164562418 1.3731850418 0.0749819651 0.1561511713 0.5652345679 0.9336276085 0.9616023429 0.2721223965 0.5374906932 0.4170893107
0.2445660229 0.8223944020 0.0000000000 1.2187079626 2.0226716911 0.0559944468 0.7198579072 0.7095393858 0.4088078394 0.4542650638 0.1075831253 0.1859821358 1.2772970126 1.8392678453 0.7968192012 0.3277487419 1.2575928974 3.4380198879
0.1686286878 0.1611098997 1.2187079626 0.0000000000 0.1061345710 0.4362419824 0.1676364961 1.7433913996 0.4403545663 0.2427465822 0.0044815960 0.1897439665 2.9149805204 1.6059985904 0.4009361748 0.5352440402 0.0322815793 0.7408844143
0.0484017114 1.1492465867 2.0226716911 0.1061345710 0.0000000000 1.6461190106 0.4327398388 2.2946604060 0.0523524250 1.1545227790 1.2073876859 0.2785115438 2.9761473089 1.2369772673 2.7996687395 2.1663083080 0.6567393711 0.5280252197
1.3208213418 0.1731959118 0.0559944468 0.4362419824 1.6461190106 0.0000000000 0.1498533563 0.8282495588 0.7729766817 0.3815013227 0.1488853681 0.1244420937 0.6645708254 0.1638501662 0.7679929547 2.1104412148 0.7871072118 1.3456383888
0.5906971484 0.0218254308 0.7198579072 0.1676364961 0.4327398388 0.1498533563 0.0000000000 1.3591407815 0.3700994069 0.1824901835 0.5897297816 0.7854436597 3.4212344937 1.3464537186 0.2054099617 0.5261469568 1.2256751108 2.2762608055
0.8432984097 1.0576547719 0.7095393858 1.7433913996 2.2946604060 0.8282495588 1.3591407815 0.0000000000 1.1964685048 0.1023615515 0.8920381924 0.9906430155 0.8516807959 2.6622667050 0.4967770169 0.4753636026 1.2646203952 0.6600351056
0.4687288149 0.2164562418 0.4088078394 0.4403545663 0.0523524250 0.7729766817 0.3700994069 1.1964685048 0.0000000000 1.2065349398 0.3948829010 0.3836239548 0.4160100580 0.9265441534 0.0853459114 0.1182593460 4.7152765102 0.9525172712
0.6753714077 1.3731850418 0.4542650638 0.2427465822 1.1545227790 0.3815013227 0.1824901835 0.1023615515 1.2065349398 0.0000000000 0.1014633820 1.2471021426 2.3695636997 0.0375201808 0.2246113941 0.0615534726 0.3986193936 0.2703654158
0.9734760982 0.0749819651 0.1075831253 0.0044815960 1.2073876859 0.1488853681 0.5897297816 0.8920381924 0.3948829010 0.1014633820 0.0000000000 1.6564305870 0.7902261077 0.3994300394 0.4073181609 0.6740764157 0.3093529940 0.2860029441
3.2526848601 0.1561511713 0.1859821358 0.1897439665 0.2785115438 0.1244420937 0.7854436597 0.9906430155 0.3836239548 1.2471021426 1.6564305870 0.0000000000 1.2140702584 1.7055601877 2.2354185835 1.2643920570 0.3121697921 0.9675026701
2.0258299587 0.5652345679 1.2772970126 2.9149805204 2.9761473089 0.6645708254 3.4212344937 0.8516807959 0.4160100580 2.3695636997 0.7902261077 1.2140702584 0.0000000000 0.1220605571 0.0780894447 0.0165380797 0.0159737174 0.2371015129
0.3008123213 0.9336276085 1.8392678453 1.6059985904 1.2369772673 0.1638501662 1.3464537186 2.6622667050 0.9265441534 0.0375201808 0.3994300394 1.7055601877 0.1220605571 0.0000000000 0.1663768406 0.3649762979 2.6503849058 0.3850991746
0.6745997588 0.9616023429 0.7968192012 0.4009361748 2.7996687395 0.7679929547 0.2054099617 0.4967770169 0.0853459114 0.2246113941 0.4073181609 2.2354185835 0.0780894447 0.1663768406 0.0000000000 0.0759140805 0.7869020460 0.0666958142
0.7042281338 0.2721223965 0.3277487419 0.5352440402 2.1663083080 2.1104412148 0.5261469568 0.4753636026 0.1182593460 0.0615534726 0.6740764157 1.2643920570 0.0165380797 0.3649762979 0.0759140805 0.0000000000 0.1898192121 2.4433118557
0.0797453863 0.5374906932 1.2575928974 0.0322815793 0.6567393711 0.7871072118 1.2256751108 1.2646203952 4.7152765102 0.3986193936 0.3093529940 0.3121697921 0.0159737174 2.6503849058 0.7869020460 0.1898192121 0.0000000000 0.8090187970
0.0950574833 0.4170893107 3.4380198879 0.7408844143 0.5280252197 1.3456383888 2.2762608055 0.6600351056 0.9525172712 0.2703654158 0.2860029441 0.9675026701 0.2371015129 0.3850991746 0.0666958142 2.4433118557 0.8090187970 0.0000000000
