# MCW Instance
# Type: EXPONENTIAL
# N: 18
# Optimal cost: 1.7010906016519494
# Optimal tour (permutation): [0, 15, 14, 12, 6, 3, 11, 17, 5, 1, 16, 13, 8, 4, 2, 7, 10, 9, 0]
# Optimal walk (full path): [0, 15, 14, 12, 6, 12, 3, 11, 17, 5, 1, 5, 8, 13, 16, 13, 8, 4, 2, 4, 7, 10, 9, 15, 0]
# Walk size: 25
# Is walk (has repeats): true

# Distance Matrix
0.0000000000 1.8443210834 1.4337999922 2.4699741801 0.3791136498 0.8307009963 0.9930455925 0.9757656215 3.2987537834 0.6881730920 1.4006905552 1.7295749540 1.2946492597 0.6469839453 1.1729328759 0.0016970178 0.7039819003 0.2188139689
1.8443210834 0.0000000000 0.6842231170 0.8863109237 1.9506225744 0.0339513940 1.0879648692 2.0354359399 1.5681431593 2.7843072501 3.1364464904 1.9007240877 0.2474722775 1.7884239752 0.8009487852 0.1395695822 2.6742367824 1.7750254237
1.4337999922 0.6842231170 0.0000000000 1.1275836599 0.0698776316 0.9231960560 0.3592762612 1.3178953397 2.9808364130 0.7598767270 0.3137175826 1.1341878591 0.9509830188 0.7163336740 2.0480486276 0.4133529788 5.5600184667 0.6585898306
2.4699741801 0.8863109237 1.1275836599 0.0000000000 1.0836591524 0.1771804735 0.4553265065 0.5146252256 0.4067702816 2.1514247825 0.9069701354 0.0469160481 0.0419407150 0.6445341832 1.1353031493 0.3748784401 2.0241105579 1.4596293171
0.3791136498 1.9506225744 0.0698776316 1.0836591524 0.0000000000 1.7274751589 3.6101114201 0.1882667280 0.1245804086 2.4565456364 1.1611125398 0.5664406889 0.7692789525 1.6762334694 0.8229442288 4.5269682239 1.5524053341 2.7098023763
0.8307009963 0.0339513940 0.9231960560 0.1771804735 1.7274751589 0.0000000000 0.6326900685 0.7506894726 0.0272391505 1.9197253373 1.9450111539 0.6492803438 1.2914441151 0.2372772108 1.5010205074 0.7488422212 1.4789878207 0.0024057734
0.9930455925 1.0879648692 0.3592762612 0.4553265065 3.6101114201 0.6326900685 0.0000000000 0.5932079245 0.3953838874 1.8045314388 0.6636905600 1.3057078512 0.0597849919 0.3613755211 0.3595880983 0.7360226492 3.5123133667 0.4822100993
0.9757656215 2.0354359399 1.3178953397 0.5146252256 0.1882667280 0.7506894726 0.5932079245 0.0000000000 0.1015649780 0.2618574715 0.1741918949 0.2469194761 1.9240619843 0.1633978331 1.9124940696 0.2540312132 0.5744593239 1.5930517188
3.2987537834 1.5681431593 2.9808364130 0.4067702816 0.1245804086 0.0272391505 0.3953838874 0.1015649780 0.0000000000 0.2022010933 0.1687792907 0.3549910698 4.1629043526 0.0179731084 1.9656310998 0.1697063570 1.2829722331 1.0727898758
0.6881730920 2.7843072501 0.7598767270 2.1514247825 2.4565456364 1.9197253373 1.8045314388 0.2618574715 0.2022010933 0.0000000000 0.0377065569 0.6588385631 1.5360861532 0.4724227368 1.5563942452 0.0462815397 0.1826540670 0.9250379933
1.4006905552 3.1364464904 0.3137175826 0.9069701354 1.1611125398 1.9450111539 0.6636905600 0.1741918949 0.1687792907 0.0377065569 0.0000000000 0.2650600570 0.4246005046 0.7164318065 0.2711802002 2.7660932982 1.4037956587 3.3845450004
1.7295749540 1.9007240877 1.1341878591 0.0469160481 0.5664406889 0.6492803438 1.3057078512 0.2469194761 0.3549910698 0.6588385631 0.2650600570 0.0000000000 7.3794845198 0.6938807360 0.3884268160 2.1747029589 3.2722029232 0.1620257530
1.2946492597 0.2474722775 0.9509830188 0.0419407150 0.7692789525 1.2914441151 0.0597849919 1.9240619843 4.1629043526 1.5360861532 0.4246005046 7.3794845198 0.0000000000 1.3988546698 0.2856674901 0.5006438708 1.8656370207 1.4929983386
0.6469839453 1.7884239752 0.7163336740 0.6445341832 1.6762334694 0.2372772108 0.3613755211 0.1633978331 0.0179731084 0.4724227368 0.7164318065 0.6938807360 1.3988546698 0.0000000000 1.0007671738 1.7844090464 0.0114715447 0.2189221081
1.1729328759 0.8009487852 2.0480486276 1.1353031493 0.8229442288 1.5010205074 0.3595880983 1.9124940696 1.9656310998 1.5563942452 0.2711802002 0.3884268160 0.2856674901 1.0007671738 0.0000000000 0.1743571667 2.0401810868 1.1238560020
0.0016970178 0.1395695822 0.4133529788 0.3748784401 4.5269682239 0.7488422212 0.7360226492 0.2540312132 0.1697063570 0.0462815397 2.7660932982 2.1747029589 0.5006438708 1.7844090464 0.1743571667 0.0000000000 0.3173645206 1.7672124239
0.7039819003 2.6742367824 5.5600184667 2.0241105579 1.5524053341 1.4789878207 3.5123133667 0.5744593239 1.2829722331 0.1826540670 1.4037956587 3.2722029232 1.8656370207 0.0114715447 2.0401810868 0.3173645206 0.0000000000 0.6584661361
0.2188139689 1.7750254237 0.6585898306 1.4596293171 2.7098023763 0.0024057734 0.4822100993 1.5930517188 1.0727898758 0.9250379933 3.3845450004 0.1620257530 1.4929983386 0.2189221081 1.1238560020 1.7672124239 0.6584661361 0.0000000000
