# MCW Instance
# Type: EXPONENTIAL
# N: 18
# Optimal cost: 2.23546839828481
# Optimal tour (permutation): [0, 9, 5, 16, 3, 17, 12, 10, 1, 2, 14, 6, 7, 11, 13, 4, 15, 8, 0]
# Optimal walk (full path): [0, 9, 0, 5, 16, 3, 17, 12, 2, 10, 1, 10, 2, 14, 6, 14, 11, 7, 11, 13, 4, 8, 15, 8, 0]
# Walk size: 25
# Is walk (has repeats): true

# Distance Matrix
0.0000000000 5.6336033605 0.3201789809 0.7153609151 0.8295185488 0.0828460735 0.8733939735 2.2607196032 0.0579196862 0.1950796738 0.8222088262 0.3343913253 0.6495222756 0.4233790653 0.6169497941 7.1336304285 0.2061541191 0.2123561273
5.6336033605 0.0000000000 0.3371698592 0.9381306661 1.7963244891 0.7522771131 1.0051450047 1.5310349475 0.3575260607 1.2457399428 0.3060140274 0.4712464663 2.8066394078 1.2816774113 0.5032501164 0.8593668145 0.7251752128 0.4390264361
0.3201789809 0.3371698592 0.0000000000 0.6927025896 1.8186282388 0.1306845038 0.6146546609 1.0560690770 1.7282829675 0.3840216699 0.0161178721 0.4536528247 0.0364230009 1.2071839718 0.0103944325 0.1882764549 2.8167447422 0.1413059323
0.7153609151 0.9381306661 0.6927025896 0.0000000000 0.5955413189 0.1593845545 0.3538296619 2.2449756031 0.9114224733 3.3478580634 0.2295030454 0.1068013382 0.6859539129 0.0673630752 1.5122439882 1.6342614583 0.0582153888 0.0011247550
0.8295185488 1.7963244891 1.8186282388 0.5955413189 0.0000000000 1.3949797804 0.4615824309 0.9941169495 0.0447593542 0.3109240585 1.9257569778 1.3024204137 1.1854154752 0.0515554563 0.3990469475 1.2352636010 1.7908406210 1.2776192888
0.0828460735 0.7522771131 0.1306845038 0.1593845545 1.3949797804 0.0000000000 0.3480198822 0.9902358283 1.9179802909 0.5848987476 0.9498258752 0.1329458250 0.3239335858 0.3255095105 1.1357475292 0.1828728433 0.0357268720 0.9272146215
0.8733939735 1.0051450047 0.6146546609 0.3538296619 0.4615824309 0.3480198822 0.0000000000 1.7833514975 1.3054254369 1.6063686741 1.1498612211 0.5555443220 3.1508799689 0.6902771258 0.0090862993 0.3573114703 0.2520225497 0.5657058860
2.2607196032 1.5310349475 1.0560690770 2.2449756031 0.9941169495 0.9902358283 1.7833514975 0.0000000000 0.4856261628 1.8431075727 0.6948877125 0.2116076646 1.4288528489 0.3127477586 2.2858681128 2.7710245260 1.3761156787 0.2742574374
0.0579196862 0.3575260607 1.7282829675 0.9114224733 0.0447593542 1.9179802909 1.3054254369 0.4856261628 0.0000000000 1.5357932227 0.6265426960 0.4757348782 0.5164567101 2.3739143596 1.9296707084 0.1327574082 0.0408449413 0.0729817868
0.1950796738 1.2457399428 0.3840216699 3.3478580634 0.3109240585 0.5848987476 1.6063686741 1.8431075727 1.5357932227 0.0000000000 0.6388478112 0.4998915568 0.7534111194 0.6111825957 0.7545676177 1.3756415399 3.3288023503 0.5377646162
0.8222088262 0.3060140274 0.0161178721 0.2295030454 1.9257569778 0.9498258752 1.1498612211 0.6948877125 0.6265426960 0.6388478112 0.0000000000 0.5182100052 1.8395648661 2.1136359150 0.9319155325 0.5888349211 1.0955835886 1.2637709839
0.3343913253 0.4712464663 0.4536528247 0.1068013382 1.3024204137 0.1329458250 0.5555443220 0.2116076646 0.4757348782 0.4998915568 0.5182100052 0.0000000000 1.2478749073 0.0566352288 0.0118498474 0.4485167175 0.7996684823 0.5430248349
0.6495222756 2.8066394078 0.0364230009 0.6859539129 1.1854154752 0.3239335858 3.1508799689 1.4288528489 0.5164567101 0.7534111194 1.8395648661 1.2478749073 0.0000000000 0.2260678221 1.5105905882 0.3200557892 0.4511833603 0.0466924120
0.4233790653 1.2816774113 1.2071839718 0.0673630752 0.0515554563 0.3255095105 0.6902771258 0.3127477586 2.3739143596 0.6111825957 2.1136359150 0.0566352288 0.2260678221 0.0000000000 0.9035630498 0.8721649111 0.6710936326 1.0556494475
0.6169497941 0.5032501164 0.0103944325 1.5122439882 0.3990469475 1.1357475292 0.0090862993 2.2858681128 1.9296707084 0.7545676177 0.9319155325 0.0118498474 1.5105905882 0.9035630498 0.0000000000 0.2038087687 0.2966581369 2.2865864771
7.1336304285 0.8593668145 0.1882764549 1.6342614583 1.2352636010 0.1828728433 0.3573114703 2.7710245260 0.1327574082 1.3756415399 0.5888349211 0.4485167175 0.3200557892 0.8721649111 0.2038087687 0.0000000000 0.2556616109 1.2656653391
0.2061541191 0.7251752128 2.8167447422 0.0582153888 1.7908406210 0.0357268720 0.2520225497 1.3761156787 0.0408449413 3.3288023503 1.0955835886 0.7996684823 0.4511833603 0.6710936326 0.2966581369 0.2556616109 0.0000000000 0.1208944352
0.2123561273 0.4390264361 0.1413059323 0.0011247550 1.2776192888 0.9272146215 0.5657058860 0.2742574374 0.0729817868 0.5377646162 1.2637709839 0.5430248349 0.0466924120 1.0556494475 2.2865864771 1.2656653391 0.1208944352 0.0000000000
