# MCW Instance
# Type: EXPONENTIAL
# N: 18
# Optimal cost: 1.9026686591877398
# Optimal tour (permutation): [0, 15, 5, 12, 7, 17, 9, 2, 11, 16, 3, 1, 8, 10, 14, 13, 6, 4, 0]
# Optimal walk (full path): [0, 15, 5, 12, 5, 15, 7, 9, 17, 9, 2, 11, 16, 3, 1, 8, 10, 4, 14, 4, 13, 6, 13, 4, 0]
# Walk size: 25
# Is walk (has repeats): true

# Distance Matrix
0.0000000000 0.5221419421 2.3573939002 0.2870278111 0.2586544600 1.8413251880 1.8028129863 0.7819950243 0.9673726650 0.5719363113 0.8622973548 2.1302526368 0.9215716109 1.4753678975 0.4294069781 0.1813058087 0.9680101452 1.1733903943
0.5221419421 0.0000000000 0.4793507121 0.0591623330 1.2941393848 0.5906539943 2.1982216900 2.2967381926 0.0138921847 1.2134725459 0.6314729646 0.4600284729 0.2946303889 5.0690167159 1.1989699663 0.8799536536 0.4347436414 0.5552438449
2.3573939002 0.4793507121 0.0000000000 1.1501706678 0.9827924434 1.6601974238 2.6771015290 1.1978432246 0.4985039635 0.0159161157 0.1160831330 0.1292172536 0.8343250276 1.4732789505 1.4872032862 0.4256682764 2.7341314112 0.1687629666
0.2870278111 0.0591623330 1.1501706678 0.0000000000 0.9752419540 0.5620632573 1.3788862876 0.7545594646 0.0889017233 1.6465418125 1.8525217940 0.2092302686 0.3134698090 0.7902927856 0.2675278693 2.9197703205 0.1325101639 0.2690809005
0.2586544600 1.2941393848 0.9827924434 0.9752419540 0.0000000000 0.7254639338 1.2750033770 0.4650115857 1.6256632395 2.3612609642 0.0135495630 0.7053893982 0.2974210545 0.0240802986 0.0185160495 0.1875957917 0.9248700967 0.7047055459
1.8413251880 0.5906539943 1.6601974238 0.5620632573 0.7254639338 0.0000000000 4.8026967190 0.7549367623 2.9080626243 0.4876660378 0.5538785820 1.6710078322 0.1039722448 1.4693275031 0.7064624413 0.0916010049 2.0817449283 1.1837065778
1.8028129863 2.1982216900 2.6771015290 1.3788862876 1.2750033770 4.8026967190 0.0000000000 0.4095083057 0.6230679798 0.8386503389 0.2564080179 0.4640136098 0.3747853023 0.0633158203 1.6330664149 0.9561777188 1.9091323463 0.5656911101
0.7819950243 2.2967381926 1.1978432246 0.7545594646 0.4650115857 0.7549367623 0.4095083057 0.0000000000 0.7389857404 0.1449328374 0.4786408453 1.8974282152 0.8589577738 0.8926910814 1.3459637512 0.1098029417 0.4709724511 0.9440809998
0.9673726650 0.0138921847 0.4985039635 0.0889017233 1.6256632395 2.9080626243 0.6230679798 0.7389857404 0.0000000000 0.1255973692 0.0858072758 2.0243587751 4.5599320043 0.1568844164 0.1116562755 0.6750043709 2.1975573970 0.4084098688
0.5719363113 1.2134725459 0.0159161157 1.6465418125 2.3612609642 0.4876660378 0.8386503389 0.1449328374 0.1255973692 0.0000000000 0.0966833742 1.4976256334 0.6273175175 0.3944976504 0.1644333583 0.0488168510 0.8784385243 0.0371922484
0.8622973548 0.6314729646 0.1160831330 1.8525217940 0.0135495630 0.5538785820 0.2564080179 0.4786408453 0.0858072758 0.0966833742 0.0000000000 0.4452486079 1.7977030040 0.8593584404 1.7165615554 0.1469488706 0.9199938893 0.4028827457
2.1302526368 0.4600284729 0.1292172536 0.2092302686 0.7053893982 1.6710078322 0.4640136098 1.8974282152 2.0243587751 1.4976256334 0.4452486079 0.0000000000 2.5711467578 2.1175657368 0.1510051666 0.4293152412 0.0805623887 0.2477627006
0.9215716109 0.2946303889 0.8343250276 0.3134698090 0.2974210545 0.1039722448 0.3747853023 0.8589577738 4.5599320043 0.6273175175 1.7977030040 2.5711467578 0.0000000000 0.6892269642 1.4659174457 1.8972316074 0.8494688887 1.0303993969
1.4753678975 5.0690167159 1.4732789505 0.7902927856 0.0240802986 1.4693275031 0.0633158203 0.8926910814 0.1568844164 0.3944976504 0.8593584404 2.1175657368 0.6892269642 0.0000000000 1.6911171158 0.6215131598 0.5872595258 0.1600310422
0.4294069781 1.1989699663 1.4872032862 0.2675278693 0.0185160495 0.7064624413 1.6330664149 1.3459637512 0.1116562755 0.1644333583 1.7165615554 0.1510051666 1.4659174457 1.6911171158 0.0000000000 0.7520106660 0.1470981315 0.3408028041
0.1813058087 0.8799536536 0.4256682764 2.9197703205 0.1875957917 0.0916010049 0.9561777188 0.1098029417 0.6750043709 0.0488168510 0.1469488706 0.4293152412 1.8972316074 0.6215131598 0.7520106660 0.0000000000 0.0585979170 0.1533299057
0.9680101452 0.4347436414 2.7341314112 0.1325101639 0.9248700967 2.0817449283 1.9091323463 0.4709724511 2.1975573970 0.8784385243 0.9199938893 0.0805623887 0.8494688887 0.5872595258 0.1470981315 0.0585979170 0.0000000000 1.1223393737
1.1733903943 0.5552438449 0.1687629666 0.2690809005 0.7047055459 1.1837065778 0.5656911101 0.9440809998 0.4084098688 0.0371922484 0.4028827457 0.2477627006 1.0303993969 0.1600310422 0.3408028041 0.1533299057 1.1223393737 0.0000000000
