# Graph size: 23
# Optimal cost: 1.7886154779723462

# Distance Matrix
0.0 0.8495165202727819 0.17263274496660497 0.8849710054208982 0.19912633769517152 0.9650484500725808 0.6350538428112947 0.9403988117702372 0.08637446711317665 0.4504483835676254 0.06894034855717679 0.1080225221073573 0.06452148654920375 0.7023537643475765 0.6690096948706593 0.9027573152347679 0.6115854928635085 0.42243059052440035 0.09944765160370073 0.6503621336375225 0.26653071197294775 0.755186777892576 0.4540113716541232
0.8495165202727819 0.0 0.3496074375754966 0.9934924222672806 0.13493868334337866 0.10934482157813008 0.9452713427066217 0.4041952266764961 0.2181820492200236 0.18100960512278386 0.8379227128438416 0.01730634870189196 0.2473451500801176 0.6130235561255986 0.6918009120995376 0.9453791179986619 0.9428783570328582 0.2842384641311988 0.11870346543238275 0.14320650696986137 0.5528612178825673 0.8986770059093324 0.6136448334830374
0.17263274496660497 0.3496074375754966 0.0 0.6258182759289483 0.0027845151619461106 0.8419885511149666 0.19715063977041924 0.8700192473093386 0.1828910409115858 0.6324724408889804 0.5794033667262782 0.9502809359817365 0.28643613434384063 0.07265581287335154 0.3030572252307058 0.8279618138964431 0.7694548033194467 0.7162031212679645 0.24439157047265803 0.6122464294747789 0.94109923467791 0.8049726297108759 0.05657302083024929
0.8849710054208982 0.9934924222672806 0.6258182759289483 0.0 0.5418574402977729 0.4133370825722813 0.4023250185068765 0.6241495099927915 0.8985081414429238 0.6397771974724507 0.05132726978180513 0.36449915858558857 0.05622796513233219 0.5556163601916876 0.9202854809378723 0.25981027246903887 0.3951070377711554 0.8941769677694071 0.06307788861371033 0.8322688230094347 0.8636698322007068 0.10023212205899745 0.1180494074207048
0.19912633769517152 0.13493868334337866 0.0027845151619461106 0.5418574402977729 0.0 0.8854823110174933 0.5610022013621353 0.8862912570276371 0.4967676151394512 0.7267701162225167 0.8279204159482195 0.3852460090521391 0.872729434979479 0.7578019272228886 0.9858841354252992 0.5412525305944722 0.5701464497283458 0.7751675136180913 0.043020245947247515 0.85045288646388 0.2742264116659261 0.05781276366962251 0.39853760897882073
0.9650484500725808 0.10934482157813008 0.8419885511149666 0.4133370825722813 0.8854823110174933 0.0 0.8141152686751918 0.3369068210196763 0.33487813522444254 0.8199778104951123 0.4989983004219697 0.8357864594226065 0.025327885276356876 0.7421599889160141 0.41322269521209465 0.4590386686103277 0.7198589722290265 0.2423430122016289 0.5006585399372542 0.23538060761919244 0.7359312687633282 0.883041334538583 0.4328143069205923
0.6350538428112947 0.9452713427066217 0.19715063977041924 0.4023250185068765 0.5610022013621353 0.8141152686751918 0.0 0.10571030980384111 0.7183614353706194 0.9820955756831097 0.5344395865357665 0.341813652212529 0.6807745100278257 0.7690127129983527 0.6175302106294928 0.8575816503766752 0.5873094615206675 0.3172546665014264 0.7181511030456398 0.5294680200379505 0.5593253079866514 0.1040686464714422 0.2314688172397381
0.9403988117702372 0.4041952266764961 0.8700192473093386 0.6241495099927915 0.8862912570276371 0.3369068210196763 0.10571030980384111 0.0 0.7454555579847012 0.05845743340149401 0.5426158799038949 0.22261182545123592 0.5355893900400954 0.945223855035984 0.8555702761663825 0.754453997306312 0.8021739954186279 0.1414840221026875 0.21502200006361638 0.9181424423301071 0.3640198584012786 0.7354032829055288 0.16043526574884792
0.08637446711317665 0.2181820492200236 0.1828910409115858 0.8985081414429238 0.4967676151394512 0.33487813522444254 0.7183614353706194 0.7454555579847012 0.0 0.8781679261826125 0.7566649782005432 0.7591783936078427 0.9245736958266207 0.6510025120497018 0.9892852578146342 0.5426306591358254 0.44672073871186313 0.5248058205895563 0.7490467525645913 0.4998749709493655 0.5331863226974477 0.9974272712714319 0.8649425892234387
0.4504483835676254 0.18100960512278386 0.6324724408889804 0.6397771974724507 0.7267701162225167 0.8199778104951123 0.9820955756831097 0.05845743340149401 0.8781679261826125 0.0 0.4416245860980449 0.8370056373526016 0.8609091447259982 0.19569513165410102 0.022292947334352387 0.07189927274099306 0.5929209519942382 0.4900941688232504 0.7289056370148306 0.1499785967189623 0.529032958791508 0.18318069145199167 0.8979367940133213
0.06894034855717679 0.8379227128438416 0.5794033667262782 0.05132726978180513 0.8279204159482195 0.4989983004219697 0.5344395865357665 0.5426158799038949 0.7566649782005432 0.4416245860980449 0.0 0.7383439601758685 0.3844625426416586 0.5379742474825956 0.6065361055846072 0.06663756472484816 0.569904278610732 0.01998183133199516 0.926214129598157 0.685776742776072 0.40328063277627624 0.300514891643354 0.9499049832929451
0.1080225221073573 0.01730634870189196 0.9502809359817365 0.36449915858558857 0.3852460090521391 0.8357864594226065 0.341813652212529 0.22261182545123592 0.7591783936078427 0.8370056373526016 0.7383439601758685 0.0 0.277507626875782 0.7577272607914136 0.8248797823493309 0.20742712754582282 0.5450830680218935 0.905853045977556 0.45279694991180053 0.5697147676732762 0.6772829762311396 0.32129159781756156 0.28094211205075703
0.06452148654920375 0.2473451500801176 0.28643613434384063 0.05622796513233219 0.872729434979479 0.025327885276356876 0.6807745100278257 0.5355893900400954 0.9245736958266207 0.8609091447259982 0.3844625426416586 0.277507626875782 0.0 0.5087935379415589 0.8711590025558201 0.9807880569291357 0.3912926038288087 0.6283260528534518 0.9232997031114744 0.2735404963033833 0.9340008908790214 0.7086540888939856 0.9550765754453981
0.7023537643475765 0.6130235561255986 0.07265581287335154 0.5556163601916876 0.7578019272228886 0.7421599889160141 0.7690127129983527 0.945223855035984 0.6510025120497018 0.19569513165410102 0.5379742474825956 0.7577272607914136 0.5087935379415589 0.0 0.9692431729230652 0.6498057070097876 0.12061637899056665 0.9242450695057295 0.8222542130275412 0.6645317187743458 0.35402175507996525 0.693438877741979 0.29653762762654745
0.6690096948706593 0.6918009120995376 0.3030572252307058 0.9202854809378723 0.9858841354252992 0.41322269521209465 0.6175302106294928 0.8555702761663825 0.9892852578146342 0.022292947334352387 0.6065361055846072 0.8248797823493309 0.8711590025558201 0.9692431729230652 0.0 0.14701595665743905 0.5795094483927345 0.07551012895132847 0.5845057827436692 0.21183979939971065 0.6166299046208007 0.4563315500029813 0.5626151708157018
0.9027573152347679 0.9453791179986619 0.8279618138964431 0.25981027246903887 0.5412525305944722 0.4590386686103277 0.8575816503766752 0.754453997306312 0.5426306591358254 0.07189927274099306 0.06663756472484816 0.20742712754582282 0.9807880569291357 0.6498057070097876 0.14701595665743905 0.0 0.2695335114198396 0.41633089435759385 0.30759154310645453 0.5775447410233527 0.8794595064617325 0.18263505769678234 0.1452765034090494
0.6115854928635085 0.9428783570328582 0.7694548033194467 0.3951070377711554 0.5701464497283458 0.7198589722290265 0.5873094615206675 0.8021739954186279 0.44672073871186313 0.5929209519942382 0.569904278610732 0.5450830680218935 0.3912926038288087 0.12061637899056665 0.5795094483927345 0.2695335114198396 0.0 0.9890129368434553 0.04437006234403129 0.5561472246162916 0.2639489864009301 0.20876546867693202 0.8006734730917088
0.42243059052440035 0.2842384641311988 0.7162031212679645 0.8941769677694071 0.7751675136180913 0.2423430122016289 0.3172546665014264 0.1414840221026875 0.5248058205895563 0.4900941688232504 0.01998183133199516 0.905853045977556 0.6283260528534518 0.9242450695057295 0.07551012895132847 0.41633089435759385 0.9890129368434553 0.0 0.8611306794857979 0.8825946030012879 0.5699933108222092 0.9047325611156939 0.27824362622382404
0.09944765160370073 0.11870346543238275 0.24439157047265803 0.06307788861371033 0.043020245947247515 0.5006585399372542 0.7181511030456398 0.21502200006361638 0.7490467525645913 0.7289056370148306 0.926214129598157 0.45279694991180053 0.9232997031114744 0.8222542130275412 0.5845057827436692 0.30759154310645453 0.04437006234403129 0.8611306794857979 0.0 0.17472434016229887 0.7374162217786486 0.3930576711103644 0.9466283592312025
0.6503621336375225 0.14320650696986137 0.6122464294747789 0.8322688230094347 0.85045288646388 0.23538060761919244 0.5294680200379505 0.9181424423301071 0.4998749709493655 0.1499785967189623 0.685776742776072 0.5697147676732762 0.2735404963033833 0.6645317187743458 0.21183979939971065 0.5775447410233527 0.5561472246162916 0.8825946030012879 0.17472434016229887 0.0 0.023582987306599246 0.5254941655064536 0.8030460966228201
0.26653071197294775 0.5528612178825673 0.94109923467791 0.8636698322007068 0.2742264116659261 0.7359312687633282 0.5593253079866514 0.3640198584012786 0.5331863226974477 0.529032958791508 0.40328063277627624 0.6772829762311396 0.9340008908790214 0.35402175507996525 0.6166299046208007 0.8794595064617325 0.2639489864009301 0.5699933108222092 0.7374162217786486 0.023582987306599246 0.0 0.42189742514783457 0.24272892604248686
0.755186777892576 0.8986770059093324 0.8049726297108759 0.10023212205899745 0.05781276366962251 0.883041334538583 0.1040686464714422 0.7354032829055288 0.9974272712714319 0.18318069145199167 0.300514891643354 0.32129159781756156 0.7086540888939856 0.693438877741979 0.4563315500029813 0.18263505769678234 0.20876546867693202 0.9047325611156939 0.3930576711103644 0.5254941655064536 0.42189742514783457 0.0 0.9307050938618868
0.4540113716541232 0.6136448334830374 0.05657302083024929 0.1180494074207048 0.39853760897882073 0.4328143069205923 0.2314688172397381 0.16043526574884792 0.8649425892234387 0.8979367940133213 0.9499049832929451 0.28094211205075703 0.9550765754453981 0.29653762762654745 0.5626151708157018 0.1452765034090494 0.8006734730917088 0.27824362622382404 0.9466283592312025 0.8030460966228201 0.24272892604248686 0.9307050938618868 0.0

# Optimal Walk
0 12 5 3 17 10 15 14 9 7 6 21 4 22 2 13 16 18 20 19 1 11 8 0
