# Graph size: 23
# Optimal cost: 1.122868785421026

# Distance Matrix
0.0 0.5207605042197155 0.5785866748839923 0.7941776539022537 0.9499615823151495 0.5082099407454744 0.7085502068419341 0.5166402031791284 0.5804782976404338 0.7566393800383918 0.3610937143845572 0.8018869241103754 0.33081362845802265 0.8043579745483241 0.5613298579069581 0.08421121984435809 0.0037416968277027562 0.9001643900715176 0.6700196265176864 0.7907192798117695 0.7225948677662596 0.41432220301436484 0.320107066429105
0.5207605042197155 0.0 0.3943688125532996 0.9673396829560632 0.16886280965040712 0.36167054597392445 0.8961167027926454 0.18512455496150337 0.73436580823399 0.4691290325250054 0.21740664706281576 0.4577511285178919 0.42884301291036464 0.8545819266264834 0.4383306363475705 0.8891861003880449 0.22407883129575612 0.3524496591185069 0.5521486088479779 0.08814377210621727 0.015756357566425905 0.9931211321819708 0.4234529230562447
0.5785866748839923 0.3943688125532996 0.0 0.36393408973432917 0.7459252893000335 0.06710366678189017 0.9351156248910861 0.02818471771030373 0.6798436409755018 0.5962096635126399 0.8882577265929197 0.5007098877575743 0.7339529864762748 0.07460353908916317 0.07983186286975319 0.7547127626019857 0.12772217661028817 0.3200714447902102 0.12401078937366006 0.00467224533758559 0.7893221225459681 0.28466550639729715 0.006426028112546223
0.7941776539022537 0.9673396829560632 0.36393408973432917 0.0 0.439678878143937 0.8835700355339117 0.7139129982201601 0.0644022325603234 0.23564915409721 0.5503088797044475 0.6150706157837807 0.0716847043111869 0.041760888454282274 0.4423632561315155 0.5974421008598949 0.3727590788631062 0.6296169730347404 0.9344406352560122 0.28156753464060913 0.5597132422909669 0.4180586489069952 0.9378227529522718 0.1391310587934914
0.9499615823151495 0.16886280965040712 0.7459252893000335 0.439678878143937 0.0 0.013693890925045693 0.14221334707719846 0.10041849698778482 0.321722904685088 0.7433610161685091 0.02227640270184228 0.7977268247755696 0.26413096117842827 0.34434560887277676 0.40569018786896494 0.7274838157673451 0.10662584173350509 0.5765671099920767 0.005797715963063554 0.10924565747874004 0.2707428333701648 0.01036904687216067 0.5407125438006887
0.5082099407454744 0.36167054597392445 0.06710366678189017 0.8835700355339117 0.013693890925045693 0.0 0.4598847822314994 0.8443526140648855 0.42778248678375796 0.7880600942836429 0.6669540570961958 0.7843524167184253 0.18182894600856847 0.8144102628922983 0.6140993969727734 0.32909781904940194 0.5146252767734366 0.41263495684584106 0.9261786968886334 0.42773442718582744 0.914155438211208 0.5860880445670444 0.49647092854156993
0.7085502068419341 0.8961167027926454 0.9351156248910861 0.7139129982201601 0.14221334707719846 0.4598847822314994 0.0 0.43987838144129887 0.9499250355781977 0.2554196165494297 0.3343359871523083 0.8366327000077476 0.6693163193523775 0.2320006125670454 0.9289124392432229 0.1427165216475489 0.5593126016664995 0.9013471434439735 0.7629170229503862 0.8995225866341191 0.2823633066159995 0.9905990744338422 0.8303360534636319
0.5166402031791284 0.18512455496150337 0.02818471771030373 0.0644022325603234 0.10041849698778482 0.8443526140648855 0.43987838144129887 0.0 2.0792051455165161E-4 0.8805114411136635 0.2560205736320843 0.012775636539990698 0.3504615119831589 0.9085077900250291 0.9196545963074055 0.9514639880869658 0.4423814748132543 0.004486997229304235 0.20867785503005587 0.6153761065345004 0.09393437862268506 0.7358827093297049 0.4066659278536796
0.5804782976404338 0.73436580823399 0.6798436409755018 0.23564915409721 0.321722904685088 0.42778248678375796 0.9499250355781977 2.0792051455165161E-4 0.0 0.11067690798040963 0.3027567582062939 0.1686102087347341 0.4128933886557751 0.4026563792113611 0.890599778063082 0.499146759050231 0.9239567049084295 0.5285561120193832 0.373505499921154 0.2619913638936755 0.0014227579959935621 0.5681634508625153 0.28284324129216165
0.7566393800383918 0.4691290325250054 0.5962096635126399 0.5503088797044475 0.7433610161685091 0.7880600942836429 0.2554196165494297 0.8805114411136635 0.11067690798040963 0.0 0.07908703878580092 0.9698691168015399 0.10877610355542477 0.9836232778693241 0.6531406852423143 0.30159675099201555 0.1921167293448104 0.8890439581225545 0.7233765974527088 0.3874598584989519 0.7630030598729461 0.8540178501941612 1.1183467376929546E-4
0.3610937143845572 0.21740664706281576 0.8882577265929197 0.6150706157837807 0.02227640270184228 0.6669540570961958 0.3343359871523083 0.2560205736320843 0.3027567582062939 0.07908703878580092 0.0 0.8676709915244042 0.45305622489316333 0.4454611453278142 0.6736428768047497 0.502104902372323 0.127456387836408 0.7334200165136388 0.9532844727526906 0.39653720297937467 0.9987310977812017 0.22464621746638713 0.23400359975620355
0.8018869241103754 0.4577511285178919 0.5007098877575743 0.0716847043111869 0.7977268247755696 0.7843524167184253 0.8366327000077476 0.012775636539990698 0.1686102087347341 0.9698691168015399 0.8676709915244042 0.0 0.7694191065911412 0.2687887238119261 0.5690237383144867 0.910942367488865 0.3432028752628945 0.1988854352439 0.7092871415353087 0.5662260269042171 0.8748971129909955 0.22694127449221402 0.21576126820287578
0.33081362845802265 0.42884301291036464 0.7339529864762748 0.041760888454282274 0.26413096117842827 0.18182894600856847 0.6693163193523775 0.3504615119831589 0.4128933886557751 0.10877610355542477 0.45305622489316333 0.7694191065911412 0.0 0.23780301508219026 0.30244488845858 0.25259707581957336 0.6503911517045179 0.7466661640237813 0.4766815886656356 0.49263041550241926 0.9381199653140859 0.606655379626601 0.4730439464517957
0.8043579745483241 0.8545819266264834 0.07460353908916317 0.4423632561315155 0.34434560887277676 0.8144102628922983 0.2320006125670454 0.9085077900250291 0.4026563792113611 0.9836232778693241 0.4454611453278142 0.2687887238119261 0.23780301508219026 0.0 0.37282606295310483 0.8887120637126197 0.8701438662838609 0.032865167278972596 0.767121870721051 0.20840680735663453 0.3732615131196364 0.771005694091014 0.5208287322822849
0.5613298579069581 0.4383306363475705 0.07983186286975319 0.5974421008598949 0.40569018786896494 0.6140993969727734 0.9289124392432229 0.9196545963074055 0.890599778063082 0.6531406852423143 0.6736428768047497 0.5690237383144867 0.30244488845858 0.37282606295310483 0.0 0.5683285961429883 0.23591031019916409 0.40473252432426854 0.6019488138766509 0.5553668519102072 0.1446788341285845 0.40817503593271187 0.4130937387776551
0.08421121984435809 0.8891861003880449 0.7547127626019857 0.3727590788631062 0.7274838157673451 0.32909781904940194 0.1427165216475489 0.9514639880869658 0.499146759050231 0.30159675099201555 0.502104902372323 0.910942367488865 0.25259707581957336 0.8887120637126197 0.5683285961429883 0.0 0.6212795581814273 0.9008639057259799 0.1773482792249902 0.766229984386408 0.46706202253131834 0.9511589978232449 0.0026495673937654285
0.0037416968277027562 0.22407883129575612 0.12772217661028817 0.6296169730347404 0.10662584173350509 0.5146252767734366 0.5593126016664995 0.4423814748132543 0.9239567049084295 0.1921167293448104 0.127456387836408 0.3432028752628945 0.6503911517045179 0.8701438662838609 0.23591031019916409 0.6212795581814273 0.0 0.7734563932361842 0.6521627506585369 0.13517121637411722 0.8888977172981202 0.4392441813491079 0.6019163605273349
0.9001643900715176 0.3524496591185069 0.3200714447902102 0.9344406352560122 0.5765671099920767 0.41263495684584106 0.9013471434439735 0.004486997229304235 0.5285561120193832 0.8890439581225545 0.7334200165136388 0.1988854352439 0.7466661640237813 0.032865167278972596 0.40473252432426854 0.9008639057259799 0.7734563932361842 0.0 0.6817795024268973 0.5373988226221373 0.05304739823233229 0.6016032388123275 0.5654485648626046
0.6700196265176864 0.5521486088479779 0.12401078937366006 0.28156753464060913 0.005797715963063554 0.9261786968886334 0.7629170229503862 0.20867785503005587 0.373505499921154 0.7233765974527088 0.9532844727526906 0.7092871415353087 0.4766815886656356 0.767121870721051 0.6019488138766509 0.1773482792249902 0.6521627506585369 0.6817795024268973 0.0 0.610185987221499 0.5759174288242965 0.8118341105022092 0.6939647471064787
0.7907192798117695 0.08814377210621727 0.00467224533758559 0.5597132422909669 0.10924565747874004 0.42773442718582744 0.8995225866341191 0.6153761065345004 0.2619913638936755 0.3874598584989519 0.39653720297937467 0.5662260269042171 0.49263041550241926 0.20840680735663453 0.5553668519102072 0.766229984386408 0.13517121637411722 0.5373988226221373 0.610185987221499 0.0 0.7334950934476208 0.09073242008205595 0.8174975679027473
0.7225948677662596 0.015756357566425905 0.7893221225459681 0.4180586489069952 0.2707428333701648 0.914155438211208 0.2823633066159995 0.09393437862268506 0.0014227579959935621 0.7630030598729461 0.9987310977812017 0.8748971129909955 0.9381199653140859 0.3732615131196364 0.1446788341285845 0.46706202253131834 0.8888977172981202 0.05304739823233229 0.5759174288242965 0.7334950934476208 0.0 0.04066128707195338 0.565702208232446
0.41432220301436484 0.9931211321819708 0.28466550639729715 0.9378227529522718 0.01036904687216067 0.5860880445670444 0.9905990744338422 0.7358827093297049 0.5681634508625153 0.8540178501941612 0.22464621746638713 0.22694127449221402 0.606655379626601 0.771005694091014 0.40817503593271187 0.9511589978232449 0.4392441813491079 0.6016032388123275 0.8118341105022092 0.09073242008205595 0.04066128707195338 0.0 0.04287882613275873
0.320107066429105 0.4234529230562447 0.006426028112546223 0.1391310587934914 0.5407125438006887 0.49647092854156993 0.8303360534636319 0.4066659278536796 0.28284324129216165 1.1183467376929546E-4 0.23400359975620355 0.21576126820287578 0.4730439464517957 0.5208287322822849 0.4130937387776551 0.0026495673937654285 0.6019163605273349 0.5654485648626046 0.6939647471064787 0.8174975679027473 0.565702208232446 0.04287882613275873 0.0

# Optimal Walk
0 16 15 6 18 10 5 4 21 20 1 8 17 13 7 11 3 12 9 22 19 14 2 0
