# Graph size: 23
# Optimal cost: 2.0673092635293506

# Distance Matrix
0.0 0.8887249411845657 0.36399859144152136 0.5987734406531837 0.8172196552481039 0.649169832784545 0.5057836826834867 0.7415248414437401 0.10189629204342643 0.6018140656570076 0.654003970238686 0.16672634526675856 0.7106880127574778 0.8760491838933236 0.6279612647992355 0.07756192947133478 0.8024244568324856 0.6914737311517584 0.18587136100078328 0.27949520313389453 0.24201975993675373 0.2232672225403135 0.9337533841150681
0.8887249411845657 0.0 0.5578164945292825 0.4508755629524792 0.11331690510614034 0.16581570929849487 0.49368260926160634 0.8405289974493714 0.3300087887771289 0.8951581453558825 0.4728304262042897 0.7216665646066104 0.877445984141378 0.6080238753840056 0.954621489721565 0.9956629294860107 0.9339587242518254 0.08049899701097607 0.16380189768412967 0.3820933430762544 0.36012214095048 0.9334714217682956 0.24333797448617045
0.36399859144152136 0.5578164945292825 0.0 0.41320708781970517 0.15809947988578754 0.46982477875387463 0.5639148126251086 0.935138717131962 0.3869799724476618 0.7372575672245423 0.324161497198313 0.3956725697243122 0.24288202236648426 0.6907810597352982 0.7953932776701744 0.7696655754566981 0.4979440375404396 0.7908644415590117 0.5656376718112852 0.5757717789316161 0.25892684574670466 0.36635888160154706 0.9199374347277426
0.5987734406531837 0.4508755629524792 0.41320708781970517 0.0 0.07190174877911526 0.05400313155276204 0.5957469431288793 0.057401094184844625 0.38188871549280046 0.5854107507767693 0.015927277135618145 0.19019687163730625 0.0021222894656243163 0.09599878880276247 0.05465926639313323 0.6956635664198246 0.8644501174550506 0.18929604179814097 0.20095553681230227 0.3999378931778389 0.8904361264463484 0.11558418073846177 0.07712479635677183
0.8172196552481039 0.11331690510614034 0.15809947988578754 0.07190174877911526 0.0 0.7599743928283943 0.7621039398032765 0.9905582285080194 0.8568318698360561 0.18056092319912287 0.4555826216626947 0.14850969996933083 0.1854548784009049 0.9539088935228776 0.9366108402783676 0.8485684726414139 0.002184469205800621 0.34162422297446293 0.3006449884610459 0.8503913901464614 0.43772367444903093 0.1323414343429431 0.555355686513192
0.649169832784545 0.16581570929849487 0.46982477875387463 0.05400313155276204 0.7599743928283943 0.0 0.9547871723540821 0.2671111132853805 0.603030144400855 0.1895861055708885 0.46511859398564015 0.23410432338945542 0.18795908185117205 0.6503846721413653 0.66692469338483 0.9317239020197026 0.316530378816551 0.8585136796412993 0.8460570017378173 0.8229735794512214 0.8196723236778475 0.932874706142712 0.06972578134159457
0.5057836826834867 0.49368260926160634 0.5639148126251086 0.5957469431288793 0.7621039398032765 0.9547871723540821 0.0 0.4164150591096103 0.02420620399525153 0.36558031232584787 0.9402033457413943 0.5731905413342878 0.15557894059323063 0.9919410430600565 0.7975336269368977 0.41525025672448435 0.951579988921193 0.23342537273577302 0.39544803511953075 0.3289559528873318 0.4531374184341026 0.25668975129604177 0.9037900812641925
0.7415248414437401 0.8405289974493714 0.935138717131962 0.057401094184844625 0.9905582285080194 0.2671111132853805 0.4164150591096103 0.0 0.11389555052781575 0.783014607104872 0.888064492021812 0.2011018793993471 0.4136584406425503 0.3492060235157415 0.35042084556357955 0.8126280301935941 0.18348438904532283 0.31705628043619427 0.14813302211099522 0.5218432919737721 0.0991137741200655 0.38260392220553097 0.715888658346889
0.10189629204342643 0.3300087887771289 0.3869799724476618 0.38188871549280046 0.8568318698360561 0.603030144400855 0.02420620399525153 0.11389555052781575 0.0 0.6377124473302553 0.4918305541828616 0.8493778545120793 0.7683897894488463 0.13524215943581286 0.606603268342151 0.7618504012341455 0.640525581920534 0.40348612716330023 0.7233939216067928 0.3809782733044672 0.29138744852039766 0.13301656654032157 0.9561181222750382
0.6018140656570076 0.8951581453558825 0.7372575672245423 0.5854107507767693 0.18056092319912287 0.1895861055708885 0.36558031232584787 0.783014607104872 0.6377124473302553 0.0 0.600738681179219 0.06053548011193122 0.9539764613863843 0.34940456251793006 0.9992946953122159 0.7112154009220131 0.7961786894829069 0.23021514953684752 0.09440043185150371 0.7727628044971928 0.5843195803927572 0.6395519935753443 0.029883369240120694
0.654003970238686 0.4728304262042897 0.324161497198313 0.015927277135618145 0.4555826216626947 0.46511859398564015 0.9402033457413943 0.888064492021812 0.4918305541828616 0.600738681179219 0.0 0.7032218902312302 0.8042262037132563 0.06889091115624157 0.358517176544622 0.9332440792942251 0.6801579472544186 0.6566455062830823 0.8063257486014482 0.4236212309960333 0.1885350942894226 0.46187992278718115 0.9043350142533862
0.16672634526675856 0.7216665646066104 0.3956725697243122 0.19019687163730625 0.14850969996933083 0.23410432338945542 0.5731905413342878 0.2011018793993471 0.8493778545120793 0.06053548011193122 0.7032218902312302 0.0 0.9713475586749484 0.900067718737658 0.42565203241878724 0.1560159111331546 0.1328926107274193 0.6901107737838873 0.15478365559173912 0.972138794667722 0.29840772821113926 0.6861722810395384 0.7185176332794709
0.7106880127574778 0.877445984141378 0.24288202236648426 0.0021222894656243163 0.1854548784009049 0.18795908185117205 0.15557894059323063 0.4136584406425503 0.7683897894488463 0.9539764613863843 0.8042262037132563 0.9713475586749484 0.0 0.9494854271440502 0.14687663928350103 0.4318529710648591 0.23543618946086786 0.19584195898033296 0.43976041692285894 0.1380978948180035 0.14617897246587752 0.3109223163797873 0.869475838659851
0.8760491838933236 0.6080238753840056 0.6907810597352982 0.09599878880276247 0.9539088935228776 0.6503846721413653 0.9919410430600565 0.3492060235157415 0.13524215943581286 0.34940456251793006 0.06889091115624157 0.900067718737658 0.9494854271440502 0.0 0.0654912289083941 0.7169129472124302 0.32134842718430523 0.46908527360035457 0.5354279689588741 0.4991708972335912 0.3375399022488085 0.9108654785423315 0.8033470325583424
0.6279612647992355 0.954621489721565 0.7953932776701744 0.05465926639313323 0.9366108402783676 0.66692469338483 0.7975336269368977 0.35042084556357955 0.606603268342151 0.9992946953122159 0.358517176544622 0.42565203241878724 0.14687663928350103 0.0654912289083941 0.0 0.18358876331716356 0.9513426480412381 0.8739614707259447 0.04381218822506172 0.5282365998910388 0.42545216574022615 0.5451208686807242 0.9950788930996453
0.07756192947133478 0.9956629294860107 0.7696655754566981 0.6956635664198246 0.8485684726414139 0.9317239020197026 0.41525025672448435 0.8126280301935941 0.7618504012341455 0.7112154009220131 0.9332440792942251 0.1560159111331546 0.4318529710648591 0.7169129472124302 0.18358876331716356 0.0 0.8166516487366614 0.5391641849455205 0.23154317359993892 0.38988647033887813 0.6063463576126666 0.5497115494388033 0.011167416581859158
0.8024244568324856 0.9339587242518254 0.4979440375404396 0.8644501174550506 0.002184469205800621 0.316530378816551 0.951579988921193 0.18348438904532283 0.640525581920534 0.7961786894829069 0.6801579472544186 0.1328926107274193 0.23543618946086786 0.32134842718430523 0.9513426480412381 0.8166516487366614 0.0 0.1595665046195358 0.3654781105432682 0.10442294641475869 0.32326074975581187 0.5401604470293473 0.963531255092219
0.6914737311517584 0.08049899701097607 0.7908644415590117 0.18929604179814097 0.34162422297446293 0.8585136796412993 0.23342537273577302 0.31705628043619427 0.40348612716330023 0.23021514953684752 0.6566455062830823 0.6901107737838873 0.19584195898033296 0.46908527360035457 0.8739614707259447 0.5391641849455205 0.1595665046195358 0.0 0.09616574691278201 0.41095964353694214 0.6320902766704249 0.8812767678855846 0.3930114865860391
0.18587136100078328 0.16380189768412967 0.5656376718112852 0.20095553681230227 0.3006449884610459 0.8460570017378173 0.39544803511953075 0.14813302211099522 0.7233939216067928 0.09440043185150371 0.8063257486014482 0.15478365559173912 0.43976041692285894 0.5354279689588741 0.04381218822506172 0.23154317359993892 0.3654781105432682 0.09616574691278201 0.0 0.5674541743122953 0.6690282434297217 0.43593805976775113 0.09278949493495314
0.27949520313389453 0.3820933430762544 0.5757717789316161 0.3999378931778389 0.8503913901464614 0.8229735794512214 0.3289559528873318 0.5218432919737721 0.3809782733044672 0.7727628044971928 0.4236212309960333 0.972138794667722 0.1380978948180035 0.4991708972335912 0.5282365998910388 0.38988647033887813 0.10442294641475869 0.41095964353694214 0.5674541743122953 0.0 0.2087954898335228 0.23696272608747637 0.27940620492586477
0.24201975993675373 0.36012214095048 0.25892684574670466 0.8904361264463484 0.43772367444903093 0.8196723236778475 0.4531374184341026 0.0991137741200655 0.29138744852039766 0.5843195803927572 0.1885350942894226 0.29840772821113926 0.14617897246587752 0.3375399022488085 0.42545216574022615 0.6063463576126666 0.32326074975581187 0.6320902766704249 0.6690282434297217 0.2087954898335228 0.0 0.4541703875904849 0.8988448373156054
0.2232672225403135 0.9334714217682956 0.36635888160154706 0.11558418073846177 0.1323414343429431 0.932874706142712 0.25668975129604177 0.38260392220553097 0.13301656654032157 0.6395519935753443 0.46187992278718115 0.6861722810395384 0.3109223163797873 0.9108654785423315 0.5451208686807242 0.5497115494388033 0.5401604470293473 0.8812767678855846 0.43593805976775113 0.23696272608747637 0.4541703875904849 0.0 0.9510593174123361
0.9337533841150681 0.24333797448617045 0.9199374347277426 0.07712479635677183 0.555355686513192 0.06972578134159457 0.9037900812641925 0.715888658346889 0.9561181222750382 0.029883369240120694 0.9043350142533862 0.7185176332794709 0.869475838659851 0.8033470325583424 0.9950788930996453 0.011167416581859158 0.963531255092219 0.3930114865860391 0.09278949493495314 0.27940620492586477 0.8988448373156054 0.9510593174123361 0.0

# Optimal Walk
0 15 22 11 9 5 12 7 20 2 19 16 4 1 17 18 14 13 10 3 21 8 6 0
