# MCW Instance
# Type: UNIFORM
# N: 23
# Optimal cost: 1.4176763387746
# Optimal tour (permutation): [0, 19, 14, 17, 21, 13, 8, 6, 12, 2, 1, 18, 11, 22, 5, 20, 4, 3, 9, 7, 10, 16, 15, 0]
# Optimal walk (full path): [0, 19, 0, 14, 17, 21, 13, 6, 8, 6, 12, 2, 1, 18, 11, 22, 5, 22, 20, 22, 4, 3, 4, 9, 7, 10, 16, 15, 0]
# Walk size: 29
# Is walk (has repeats): true

# Distance Matrix
0.0000000000 0.8922724501 0.4508302376 0.4119913025 0.4485981276 0.7799398908 0.6696019277 0.6767785048 0.1980939223 0.5196302625 0.4659395966 0.8425133098 0.2977617245 0.9084708232 0.0245054964 0.0068367798 0.5778104940 0.4448047978 0.4951271622 0.0170063083 0.9144757777 0.7155083331 0.8800279232
0.8922724501 0.0000000000 0.1264811807 0.7178365355 0.6153702824 0.3682094436 0.3119551491 0.5112085547 0.6180473998 0.1189700117 0.5372436247 0.8780238686 0.3972099672 0.3022064951 0.3451595322 0.4983946350 0.4568435567 0.5400612919 0.0344883564 0.4750991014 0.0712745590 0.7626405789 0.3363994783
0.4508302376 0.1264811807 0.0000000000 0.6575161531 0.7583388340 0.8899434027 0.9431077908 0.2120743213 0.7132141776 0.6828058030 0.4613255591 0.2590695773 0.1157888643 0.5675777839 0.3640215664 0.9982463300 0.9910401967 0.2324154110 0.2962308194 0.3793238058 0.3497483677 0.3174839826 0.6541350207
0.4119913025 0.7178365355 0.6575161531 0.0000000000 0.0386903190 0.6659730051 0.5770326504 0.7013600412 0.9197760381 0.3580704062 0.4782146241 0.6124135972 0.7221545121 0.8316321426 0.3196914874 0.7404130050 0.0832118234 0.8155763348 0.6024736559 0.0947288650 0.1862619303 0.1767249743 0.5661138166
0.4485981276 0.6153702824 0.7583388340 0.0386903190 0.0000000000 0.4838977664 0.3102750510 0.1335522622 0.5152837157 0.0301331613 0.6889255629 0.8063900226 0.8049287564 0.7939903999 0.9304547674 0.3392284642 0.1266092383 0.0612184250 0.1648830326 0.4073514846 0.0443008799 0.4385571175 0.0313945339
0.7799398908 0.3682094436 0.8899434027 0.6659730051 0.4838977664 0.0000000000 0.7853979139 0.5648412647 0.2812158374 0.5962574023 0.7920409439 0.8963732910 0.1319954589 0.3004308449 0.8503303198 0.4475503069 0.7904924705 0.0760497873 0.1068426914 0.5509319118 0.3505504990 0.8422668634 0.0381377380
0.6696019277 0.3119551491 0.9431077908 0.5770326504 0.3102750510 0.7853979139 0.0000000000 0.3559136272 0.0451011358 0.6934706222 0.2396187471 0.8296971986 0.0197623443 0.2266875691 0.1397481123 0.8292230087 0.2200396406 0.6200153730 0.2116699599 0.7626495523 0.4217013185 0.2702227191 0.3646430101
0.6767785048 0.5112085547 0.2120743213 0.7013600412 0.1335522622 0.5648412647 0.3559136272 0.0000000000 0.4458793553 0.0598759645 0.0251912669 0.5892894329 0.3777947096 0.9196469529 0.3056637215 0.6035157229 0.8072803978 0.9393950802 0.7008010023 0.2000643779 0.6457752394 0.3478670542 0.9433409951
0.1980939223 0.6180473998 0.7132141776 0.9197760381 0.5152837157 0.2812158374 0.0451011358 0.4458793553 0.0000000000 0.2320059891 0.4910075834 0.1069243249 0.5226900046 0.6890829046 0.7707345859 0.1641531378 0.5780674904 0.1156678300 0.2897187759 0.3329930847 0.1288631522 0.7002016037 0.2688397172
0.5196302625 0.1189700117 0.6828058030 0.3580704062 0.0301331613 0.5962574023 0.6934706222 0.0598759645 0.2320059891 0.0000000000 0.7127685205 0.1456552491 0.7263262282 0.3021525093 0.4369831540 0.4428774570 0.7175307954 0.5258687975 0.1954651458 0.8829108817 0.5299795470 0.6926505028 0.4144262394
0.4659395966 0.5372436247 0.4613255591 0.4782146241 0.6889255629 0.7920409439 0.2396187471 0.0251912669 0.4910075834 0.7127685205 0.0000000000 0.9214169731 0.8522928611 0.7752699049 0.1982255613 0.0950161886 0.0564032959 0.1856043210 0.1376045166 0.6549558450 0.1102107613 0.6880973846 0.8713863531
0.8425133098 0.8780238686 0.2590695773 0.6124135972 0.8063900226 0.8963732910 0.8296971986 0.5892894329 0.1069243249 0.1456552491 0.9214169731 0.0000000000 0.1842004549 0.3106121016 0.6112328533 0.8521106872 0.7004161650 0.9245823150 0.0162317322 0.1107988973 0.4436104271 0.4363356023 0.0690962614
0.2977617245 0.3972099672 0.1157888643 0.7221545121 0.8049287564 0.1319954589 0.0197623443 0.3777947096 0.5226900046 0.7263262282 0.8522928611 0.1842004549 0.0000000000 0.9420239730 0.2747267635 0.9901968732 0.9802895741 0.3376842925 0.3702841971 0.7916648936 0.5257533163 0.6863576519 0.6881888538
0.9084708232 0.3022064951 0.5675777839 0.8316321426 0.7939903999 0.3004308449 0.2266875691 0.9196469529 0.6890829046 0.3021525093 0.7752699049 0.3106121016 0.9420239730 0.0000000000 0.6832505948 0.3436295893 0.7248381329 0.5011355753 0.8470255332 0.9129678717 0.9794352967 0.1465554202 0.6024163254
0.0245054964 0.3451595322 0.3640215664 0.3196914874 0.9304547674 0.8503303198 0.1397481123 0.3056637215 0.7707345859 0.4369831540 0.1982255613 0.6112328533 0.2747267635 0.6832505948 0.0000000000 0.3638612293 0.9668417691 0.0258546926 0.5656336387 0.0428709389 0.2378511646 0.8007298603 0.0162246965
0.0068367798 0.4983946350 0.9982463300 0.7404130050 0.3392284642 0.4475503069 0.8292230087 0.6035157229 0.1641531378 0.4428774570 0.0950161886 0.8521106872 0.9901968732 0.3436295893 0.3638612293 0.0000000000 0.0632617582 0.9419361255 0.6806316020 0.1765908370 0.9064846703 0.9666713833 0.6729908851
0.5778104940 0.4568435567 0.9910401967 0.0832118234 0.1266092383 0.7904924705 0.2200396406 0.8072803978 0.5780674904 0.7175307954 0.0564032959 0.7004161650 0.9802895741 0.7248381329 0.9668417691 0.0632617582 0.0000000000 0.2519123629 0.5095084801 0.8632143874 0.6766086094 0.5007749799 0.1720142017
0.4448047978 0.5400612919 0.2324154110 0.8155763348 0.0612184250 0.0760497873 0.6200153730 0.9393950802 0.1156678300 0.5258687975 0.1856043210 0.9245823150 0.3376842925 0.5011355753 0.0258546926 0.9419361255 0.2519123629 0.0000000000 0.7075321949 0.3386491919 0.3108939000 0.0481321146 0.7667896931
0.4951271622 0.0344883564 0.2962308194 0.6024736559 0.1648830326 0.1068426914 0.2116699599 0.7008010023 0.2897187759 0.1954651458 0.1376045166 0.0162317322 0.3702841971 0.8470255332 0.5656336387 0.6806316020 0.5095084801 0.7075321949 0.0000000000 0.6669682325 0.2396822452 0.9493139953 0.3412913145
0.0170063083 0.4750991014 0.3793238058 0.0947288650 0.4073514846 0.5509319118 0.7626495523 0.2000643779 0.3329930847 0.8829108817 0.6549558450 0.1107988973 0.7916648936 0.9129678717 0.0428709389 0.1765908370 0.8632143874 0.3386491919 0.6669682325 0.0000000000 0.4920427892 0.2460134204 0.6780975674
0.9144757777 0.0712745590 0.3497483677 0.1862619303 0.0443008799 0.3505504990 0.4217013185 0.6457752394 0.1288631522 0.5299795470 0.1102107613 0.4436104271 0.5257533163 0.9794352967 0.2378511646 0.9064846703 0.6766086094 0.3108939000 0.2396822452 0.4920427892 0.0000000000 0.4345943154 0.0065622719
0.7155083331 0.7626405789 0.3174839826 0.1767249743 0.4385571175 0.8422668634 0.2702227191 0.3478670542 0.7002016037 0.6926505028 0.6880973846 0.4363356023 0.6863576519 0.1465554202 0.8007298603 0.9666713833 0.5007749799 0.0481321146 0.9493139953 0.2460134204 0.4345943154 0.0000000000 0.8873772592
0.8800279232 0.3363994783 0.6541350207 0.5661138166 0.0313945339 0.0381377380 0.3646430101 0.9433409951 0.2688397172 0.4144262394 0.8713863531 0.0690962614 0.6881888538 0.6024163254 0.0162246965 0.6729908851 0.1720142017 0.7667896931 0.3412913145 0.6780975674 0.0065622719 0.8873772592 0.0000000000
