# Graph size: 23
# Optimal cost: 1.704428532176531

# Distance Matrix
0.0 0.018077190378746666 0.8583976176747287 0.4614940345295051 0.40466916593136015 0.40158995129494446 0.6504100368636302 0.05901943800363574 0.918256333065958 0.043744262273076484 0.7947286976171812 0.9691601730184249 0.34652004140298354 0.5368980837445878 0.2775195508021253 0.0273200351663353 0.3566989929626707 0.481625990862932 0.5819703467212385 0.5913488214846728 0.6279217790225823 0.9676966382682587 0.18036635220516462
0.018077190378746666 0.0 0.11017798083149932 0.9529324495272535 0.8603182103304522 0.06615232823999184 0.2567732556911795 0.24395372255024728 0.6131184959373975 0.03304292115118512 0.945014292855016 0.20492539203591809 0.970926782591991 0.27640743148015634 0.20733918058455791 0.9411444645154854 0.8482770287893145 0.29156858539681796 0.34846684232104574 0.31737269792568146 0.8736528108358075 0.974319308057293 0.010238186922046366
0.8583976176747287 0.11017798083149932 0.0 0.44676654295944906 0.574846660125174 0.29087563306621 0.7835925481699075 0.2955227180470237 0.9474074636339501 0.877647777137708 0.7859227436791325 0.021922897444972 0.19600129277549716 0.4556254963020865 0.18552909165679798 0.3334991005763652 0.7676130110279848 0.9998378662562121 0.9996185723348999 0.842330752083178 0.40586676901122287 0.191261997036698 0.6182722742725077
0.4614940345295051 0.9529324495272535 0.44676654295944906 0.0 0.1260236055107392 0.8473459475566076 0.7967186941114408 0.41403104261897206 0.9607096848354894 0.9536438722303636 0.2717076662894532 0.48522526569188595 0.9824459928632949 0.5269787961742088 0.06179869289591744 0.050901636982769505 0.8546799606217357 0.7925579521419088 0.790109271332612 0.2661763794712795 0.8719872055140088 0.5474767138975908 0.761563194606172
0.40466916593136015 0.8603182103304522 0.574846660125174 0.1260236055107392 0.0 0.2590706688935407 0.814077343600803 0.27379146751017325 0.9890389868149334 0.0033609301567025796 0.7791023396161741 0.09250494923752373 0.2521805883174558 0.23670272689697414 0.6715905481109126 0.29555569954459926 0.5365573218329123 0.00926415970125094 0.9978693776438842 0.33450386084820605 0.569023706167716 0.605330813480016 0.6306278789120974
0.40158995129494446 0.06615232823999184 0.29087563306621 0.8473459475566076 0.2590706688935407 0.0 0.567457818239501 0.06454424649007906 0.5188208539087409 0.24431013972817672 0.7698871674717049 0.730412086241823 0.8833757922407334 0.19431904885460882 0.40031959200166056 0.035704443669482 0.2586684356364134 0.7155494656199602 0.8785202354679915 0.24698194146407038 0.9567969112311682 0.44955838933969694 0.6816042134429094
0.6504100368636302 0.2567732556911795 0.7835925481699075 0.7967186941114408 0.814077343600803 0.567457818239501 0.0 0.2556532413185353 0.15610923743006755 0.4747192244884181 0.892634275173322 0.27808960934981153 0.8945302469480244 0.2099960451935251 0.9466070026843824 0.5964893819393501 0.6604388818854966 0.7905130382331418 0.7103328574968067 0.1266550658550899 0.7063706803749377 0.7718829744398894 0.7055666771164136
0.05901943800363574 0.24395372255024728 0.2955227180470237 0.41403104261897206 0.27379146751017325 0.06454424649007906 0.2556532413185353 0.0 0.7482608195052833 0.39929624144159215 0.31029823356230435 0.23884692747172542 0.013851613451255629 0.890954137792462 0.2866762477349568 0.43685332894037365 0.06472975265088632 0.142691853744925 0.1956910649773166 0.7026946591162022 0.3250480211896213 0.8714962665530689 0.004310952237431942
0.918256333065958 0.6131184959373975 0.9474074636339501 0.9607096848354894 0.9890389868149334 0.5188208539087409 0.15610923743006755 0.7482608195052833 0.0 0.9063891214335829 0.819843449434435 0.29737077838122983 0.5995017909715008 0.7019023059680581 0.7684092343337301 0.6669434217205229 0.891044695488465 0.7234583742548202 0.44131657333132635 0.40416613781425104 0.11295529540594007 0.05544236929671509 0.13756223679809254
0.043744262273076484 0.03304292115118512 0.877647777137708 0.9536438722303636 0.0033609301567025796 0.24431013972817672 0.4747192244884181 0.39929624144159215 0.9063891214335829 0.0 0.3961928266749256 0.3757812748450322 0.2930628475658903 0.5377318712313256 0.3609995890976987 0.06209411204151771 0.7150452607087063 0.6197329082994839 0.46303756751595426 0.22877939628239252 0.5749789027373454 0.7855650448566579 0.34418518526760833
0.7947286976171812 0.945014292855016 0.7859227436791325 0.2717076662894532 0.7791023396161741 0.7698871674717049 0.892634275173322 0.31029823356230435 0.819843449434435 0.3961928266749256 0.0 0.7822697602571417 0.28454077369909014 0.8407604967125617 0.5194931577057172 0.8266531645715445 0.30967232706208436 0.9925400926792245 0.6506924482977596 0.249628601732659 0.9298856079205472 0.08839554008531336 0.5551614445424615
0.9691601730184249 0.20492539203591809 0.021922897444972 0.48522526569188595 0.09250494923752373 0.730412086241823 0.27808960934981153 0.23884692747172542 0.29737077838122983 0.3757812748450322 0.7822697602571417 0.0 0.3075700423827725 0.6212275971024733 0.9037217409660594 0.934025492505059 0.6984987445246424 0.7150330893591028 0.4052880599717713 0.710288660961779 0.37055306737643 0.15744724143484 0.566750558127311
0.34652004140298354 0.970926782591991 0.19600129277549716 0.9824459928632949 0.2521805883174558 0.8833757922407334 0.8945302469480244 0.013851613451255629 0.5995017909715008 0.2930628475658903 0.28454077369909014 0.3075700423827725 0.0 0.556373759517219 0.10358392864207266 0.6488016207608979 0.4930716593718292 0.6601733272013227 0.7227931365907598 0.1772781593733721 0.32262785528360505 0.029691285646027188 0.6558708971983574
0.5368980837445878 0.27640743148015634 0.4556254963020865 0.5269787961742088 0.23670272689697414 0.19431904885460882 0.2099960451935251 0.890954137792462 0.7019023059680581 0.5377318712313256 0.8407604967125617 0.6212275971024733 0.556373759517219 0.0 0.9778976702228251 0.618950145769918 0.6685806493634862 0.42887787151641643 0.2457206383936592 0.738455617049784 0.7683602788453741 0.6111562692030972 0.5112499738524836
0.2775195508021253 0.20733918058455791 0.18552909165679798 0.06179869289591744 0.6715905481109126 0.40031959200166056 0.9466070026843824 0.2866762477349568 0.7684092343337301 0.3609995890976987 0.5194931577057172 0.9037217409660594 0.10358392864207266 0.9778976702228251 0.0 0.9661929607628915 0.6578193801823783 0.665843238245939 0.44637665116642633 0.048538796419877794 0.6260954269084327 0.14009947022410119 0.01081094667478355
0.0273200351663353 0.9411444645154854 0.3334991005763652 0.050901636982769505 0.29555569954459926 0.035704443669482 0.5964893819393501 0.43685332894037365 0.6669434217205229 0.06209411204151771 0.8266531645715445 0.934025492505059 0.6488016207608979 0.618950145769918 0.9661929607628915 0.0 0.11994541837068762 0.8931377219743215 0.6379542200210037 0.2717934952966634 0.9202552102997209 0.9397452430743825 0.05870768482900235
0.3566989929626707 0.8482770287893145 0.7676130110279848 0.8546799606217357 0.5365573218329123 0.2586684356364134 0.6604388818854966 0.06472975265088632 0.891044695488465 0.7150452607087063 0.30967232706208436 0.6984987445246424 0.4930716593718292 0.6685806493634862 0.6578193801823783 0.11994541837068762 0.0 0.9339816871180118 0.6297601452788238 0.1290941104183354 0.6551205601035096 0.6017591555130247 0.6111000342959435
0.481625990862932 0.29156858539681796 0.9998378662562121 0.7925579521419088 0.00926415970125094 0.7155494656199602 0.7905130382331418 0.142691853744925 0.7234583742548202 0.6197329082994839 0.9925400926792245 0.7150330893591028 0.6601733272013227 0.42887787151641643 0.665843238245939 0.8931377219743215 0.9339816871180118 0.0 0.05264653542294295 0.5681591262666517 0.06281666611423642 0.8402560305801007 0.31555954110222095
0.5819703467212385 0.34846684232104574 0.9996185723348999 0.790109271332612 0.9978693776438842 0.8785202354679915 0.7103328574968067 0.1956910649773166 0.44131657333132635 0.46303756751595426 0.6506924482977596 0.4052880599717713 0.7227931365907598 0.2457206383936592 0.44637665116642633 0.6379542200210037 0.6297601452788238 0.05264653542294295 0.0 0.6288542820752636 0.4297054886556023 0.8333108411129091 0.5401885222939461
0.5913488214846728 0.31737269792568146 0.842330752083178 0.2661763794712795 0.33450386084820605 0.24698194146407038 0.1266550658550899 0.7026946591162022 0.40416613781425104 0.22877939628239252 0.249628601732659 0.710288660961779 0.1772781593733721 0.738455617049784 0.048538796419877794 0.2717934952966634 0.1290941104183354 0.5681591262666517 0.6288542820752636 0.0 0.3828710566842184 0.8051645532020881 0.43131083239540824
0.6279217790225823 0.8736528108358075 0.40586676901122287 0.8719872055140088 0.569023706167716 0.9567969112311682 0.7063706803749377 0.3250480211896213 0.11295529540594007 0.5749789027373454 0.9298856079205472 0.37055306737643 0.32262785528360505 0.7683602788453741 0.6260954269084327 0.9202552102997209 0.6551205601035096 0.06281666611423642 0.4297054886556023 0.3828710566842184 0.0 0.21100731473360856 0.48967471491967063
0.9676966382682587 0.974319308057293 0.191261997036698 0.5474767138975908 0.605330813480016 0.44955838933969694 0.7718829744398894 0.8714962665530689 0.05544236929671509 0.7855650448566579 0.08839554008531336 0.15744724143484 0.029691285646027188 0.6111562692030972 0.14009947022410119 0.9397452430743825 0.6017591555130247 0.8402560305801007 0.8333108411129091 0.8051645532020881 0.21100731473360856 0.0 0.24737566336101524
0.18036635220516462 0.010238186922046366 0.6182722742725077 0.761563194606172 0.6306278789120974 0.6816042134429094 0.7055666771164136 0.004310952237431942 0.13756223679809254 0.34418518526760833 0.5551614445424615 0.566750558127311 0.6558708971983574 0.5112499738524836 0.01081094667478355 0.05870768482900235 0.6111000342959435 0.31555954110222095 0.5401885222939461 0.43131083239540824 0.48967471491967063 0.24737566336101524 0.0

# Optimal Walk
0 1 2 11 9 4 18 17 20 8 21 10 12 16 7 22 14 19 6 13 5 15 3 0
