# MCW Instance
# Type: UNIFORM
# N: 23
# Optimal cost: 1.965983974899404
# Optimal tour (permutation): [0, 1, 4, 9, 21, 18, 3, 14, 7, 11, 6, 19, 22, 17, 15, 5, 13, 2, 16, 8, 20, 12, 10, 0]
# Optimal walk (full path): [0, 1, 4, 9, 21, 18, 3, 18, 14, 7, 15, 11, 6, 19, 15, 17, 22, 17, 15, 5, 2, 13, 2, 16, 20, 8, 20, 12, 0, 10, 0]
# Walk size: 31
# Is walk (has repeats): true

# Distance Matrix
0.0000000000 0.0085284125 0.2702678225 0.4638695853 0.9402392827 0.6399709362 0.5393032514 0.7852662399 0.9187062694 0.6234893116 0.0969201343 0.1893138419 0.0267933063 0.9333422267 0.2718387523 0.5194290238 0.3475235151 0.1954576017 0.4097293386 0.2184857566 0.4296799860 0.0576106506 0.0851195759
0.0085284125 0.0000000000 0.2495804235 0.8145406688 0.1253224270 0.9585894823 0.7080212225 0.6748349306 0.9686364410 0.5239132625 0.1419059396 0.8423195669 0.7996573119 0.4360965852 0.9590046522 0.8372859679 0.2967121229 0.5887969543 0.9392643857 0.3814743725 0.7082214798 0.6184034253 0.7951056073
0.2702678225 0.2495804235 0.0000000000 0.2752849194 0.8078442788 0.0520918060 0.9257807490 0.4508397456 0.4921861440 0.8884596905 0.9974171889 0.4743637566 0.8133385895 0.0018854121 0.7469689834 0.7645165115 0.0207422675 0.3955435175 0.4561520818 0.3177212160 0.7503442526 0.9930489977 0.8705407249
0.4638695853 0.8145406688 0.2752849194 0.0000000000 0.7872009336 0.8437458480 0.3549908758 0.9493530399 0.3493464476 0.4060142038 0.4341555559 0.7230563550 0.9092040355 0.6180570681 0.2420288863 0.7087736245 0.8462854847 0.5079372794 0.0892049847 0.7875745005 0.6825669977 0.3552294934 0.8836194187
0.9402392827 0.1253224270 0.8078442788 0.7872009336 0.0000000000 0.1830856337 0.7664571758 0.6534986035 0.8230626551 0.1974565674 0.3096790808 0.5882057556 0.7022193040 0.6585694581 0.8884246265 0.8008244664 0.9695176766 0.6114818807 0.8258042567 0.8046757174 0.6153630064 0.6474436299 0.7095285489
0.6399709362 0.9585894823 0.0520918060 0.8437458480 0.1830856337 0.0000000000 0.7939678785 0.9508669127 0.4054306030 0.6669226509 0.7447534440 0.3449747107 0.2039896000 0.9187884667 0.6449911809 0.0279312743 0.4652898032 0.5642933547 0.4106294175 0.1403152439 0.5786285086 0.5109785551 0.5456017528
0.5393032514 0.7080212225 0.9257807490 0.3549908758 0.7664571758 0.7939678785 0.0000000000 0.3094102004 0.1172395416 0.9571444978 0.8858540139 0.1684708533 0.8701054849 0.8582837131 0.8309973097 0.3994810124 0.9795748273 0.3648971596 0.3119085671 0.0762894926 0.5859384287 0.3059426549 0.3685768850
0.7852662399 0.6748349306 0.4508397456 0.9493530399 0.6534986035 0.9508669127 0.3094102004 0.0000000000 0.3125488632 0.7717199633 0.4103291822 0.6197202560 0.4776712272 0.2712870537 0.1082841019 0.0941737727 0.5340541099 0.3654914877 0.4350851132 0.8637772354 0.3701188800 0.6163984681 0.7715620947
0.9187062694 0.9686364410 0.4921861440 0.3493464476 0.8230626551 0.4054306030 0.1172395416 0.3125488632 0.0000000000 0.6684666501 0.3562427949 0.6137656951 0.8989386470 0.2564999563 0.7344551787 0.7027859744 0.1199969919 0.4762253151 0.8678069949 0.7417073265 0.0042137252 0.2505250892 0.8216126231
0.6234893116 0.5239132625 0.8884596905 0.4060142038 0.1974565674 0.6669226509 0.9571444978 0.7717199633 0.6684666501 0.0000000000 0.2982968044 0.6514283892 0.4410469658 0.2263008516 0.3357156596 0.2367706571 0.2665584655 0.8804024144 0.3612252104 0.9989858941 0.3782395698 0.0922388860 0.2152438189
0.0969201343 0.1419059396 0.9974171889 0.4341555559 0.3096790808 0.7447534440 0.8858540139 0.4103291822 0.3562427949 0.2982968044 0.0000000000 0.7649633103 0.9144528460 0.3301685690 0.1636275161 0.5651843537 0.8585084661 0.3537824912 0.7226481864 0.8879738423 0.8051673431 0.6322336262 0.6939946607
0.1893138419 0.8423195669 0.4743637566 0.7230563550 0.5882057556 0.3449747107 0.1684708533 0.6197202560 0.6137656951 0.6514283892 0.7649633103 0.0000000000 0.6448495982 0.8051023225 0.5209213648 0.2162236792 0.9749310480 0.3012641630 0.3640420187 0.2494393694 0.6032810067 0.2970749719 0.4180555118
0.0267933063 0.7996573119 0.8133385895 0.9092040355 0.7022193040 0.2039896000 0.8701054849 0.4776712272 0.8989386470 0.4410469658 0.9144528460 0.6448495982 0.0000000000 0.8015813659 0.5862187543 0.8035993820 0.2499074643 0.3775532523 0.9260572189 0.3013190480 0.0538845588 0.5865245383 0.7183802555
0.9333422267 0.4360965852 0.0018854121 0.6180570681 0.6585694581 0.9187884667 0.8582837131 0.2712870537 0.2564999563 0.2263008516 0.3301685690 0.8051023225 0.8015813659 0.0000000000 0.4218637463 0.1522707234 0.5780909869 0.2068909780 0.3060280571 0.7975103152 0.9945797471 0.3640253190 0.1266298264
0.2718387523 0.9590046522 0.7469689834 0.2420288863 0.8884246265 0.6449911809 0.8309973097 0.1082841019 0.7344551787 0.3357156596 0.1636275161 0.5209213648 0.5862187543 0.4218637463 0.0000000000 0.2773736554 0.4246371189 0.3899397805 0.0782426639 0.2396591959 0.9223386277 0.8281458346 0.7305617326
0.5194290238 0.8372859679 0.7645165115 0.7087736245 0.8008244664 0.0279312743 0.3994810124 0.0941737727 0.7027859744 0.2367706571 0.5651843537 0.2162236792 0.8035993820 0.1522707234 0.2773736554 0.0000000000 0.0992562242 0.0164121951 0.8329780704 0.0181379997 0.3679301647 0.7757672855 0.4922464226
0.3475235151 0.2967121229 0.0207422675 0.8462854847 0.9695176766 0.4652898032 0.9795748273 0.5340541099 0.1199969919 0.2665584655 0.8585084661 0.9749310480 0.2499074643 0.5780909869 0.4246371189 0.0992562242 0.0000000000 0.2964437768 0.7559824239 0.9203741728 0.0078378405 0.8327076145 0.9349752090
0.1954576017 0.5887969543 0.3955435175 0.5079372794 0.6114818807 0.5642933547 0.3648971596 0.3654914877 0.4762253151 0.8804024144 0.3537824912 0.3012641630 0.3775532523 0.2068909780 0.3899397805 0.0164121951 0.2964437768 0.0000000000 0.6706389403 0.9676961551 0.8196841863 0.9220013936 0.0137716649
0.4097293386 0.9392643857 0.4561520818 0.0892049847 0.8258042567 0.4106294175 0.3119085671 0.4350851132 0.8678069949 0.3612252104 0.7226481864 0.3640420187 0.9260572189 0.3060280571 0.0782426639 0.8329780704 0.7559824239 0.6706389403 0.0000000000 0.9045231330 0.5015009630 0.1485178329 0.3322465766
0.2184857566 0.3814743725 0.3177212160 0.7875745005 0.8046757174 0.1403152439 0.0762894926 0.8637772354 0.7417073265 0.9989858941 0.8879738423 0.2494393694 0.3013190480 0.7975103152 0.2396591959 0.0181379997 0.9203741728 0.9676961551 0.9045231330 0.0000000000 0.8297078326 0.2829500423 0.4105502077
0.4296799860 0.7082214798 0.7503442526 0.6825669977 0.6153630064 0.5786285086 0.5859384287 0.3701188800 0.0042137252 0.3782395698 0.8051673431 0.6032810067 0.0538845588 0.9945797471 0.9223386277 0.3679301647 0.0078378405 0.8196841863 0.5015009630 0.8297078326 0.0000000000 0.8873048370 0.4554055020
0.0576106506 0.6184034253 0.9930489977 0.3552294934 0.6474436299 0.5109785551 0.3059426549 0.6163984681 0.2505250892 0.0922388860 0.6322336262 0.2970749719 0.5865245383 0.3640253190 0.8281458346 0.7757672855 0.8327076145 0.9220013936 0.1485178329 0.2829500423 0.8873048370 0.0000000000 0.7570700986
0.0851195759 0.7951056073 0.8705407249 0.8836194187 0.7095285489 0.5456017528 0.3685768850 0.7715620947 0.8216126231 0.2152438189 0.6939946607 0.4180555118 0.7183802555 0.1266298264 0.7305617326 0.4922464226 0.9349752090 0.0137716649 0.3322465766 0.4105502077 0.4554055020 0.7570700986 0.0000000000
