# Graph size: 23
# Optimal cost: 1.6899427520638297

# Distance Matrix
0.0 0.8363450927327665 0.24484800876405122 0.45153010852345465 0.14447423661639347 0.6688536457473504 0.7179242973577387 0.08656018456211056 0.6543166301799817 0.7967586702951674 0.13568152551049062 0.5716672681934102 0.5913081853903684 0.4694289784472371 0.7023905311758409 0.33080829172400694 0.197856542559391 0.12331157403881532 0.12902815472565865 0.21226465736713374 0.07818782240423616 0.8376026778272948 0.6842636383467313
0.8363450927327665 0.0 0.5546845176280443 0.8883485848584773 0.37706287092037905 0.983933109966274 0.3241706730784295 0.3634662949285449 0.02830518304762819 0.38670855673299975 0.7597011363080298 0.050462405245351505 0.4681126325247428 0.7474567232896915 0.2620195572220352 0.8888272692178517 0.7158171125856926 0.1948222722256594 0.8402354240118433 0.08772921970095526 0.8164991738883582 0.5458587056232501 0.290725118442694
0.24484800876405122 0.5546845176280443 0.0 0.5846446535068521 0.2777438988014497 0.9480695800815058 0.4245262719116216 0.738860004172476 0.43991521622815477 0.3480116914307224 0.0822696933528152 0.8126105111813461 0.8983874012387436 0.4256508168173313 0.3797946317433082 0.2232846586219186 0.815898961234078 0.7049498322821784 0.6129447417247607 0.5120373282677416 0.46417074895393884 0.6537079922316293 0.516643453276766
0.45153010852345465 0.8883485848584773 0.5846446535068521 0.0 0.4673188230662393 0.6161567835643595 0.7194590719262215 0.12119942932560135 0.8662407882089229 0.47377266588814604 0.413275635640424 0.2778938491265588 0.8523642992738413 0.6606732535301049 0.7496150239331022 0.03625331736890003 0.05540935963121696 0.4356274923211728 0.5778824208194083 0.4470134065749216 0.1765492888272595 0.6892652487623657 0.6001749131443141
0.14447423661639347 0.37706287092037905 0.2777438988014497 0.4673188230662393 0.0 0.03762947499845937 0.9123669916313176 0.47544722347875257 0.15970990609076752 0.16129318075134502 0.7712151090219911 0.7982359190023499 0.20572983727330385 0.6557642902407849 0.5476350807268681 0.12642171127596158 0.19321481912532357 0.7649293707966841 0.9636550683200766 0.6397852404561921 0.05952340011096624 0.07385015428017194 0.26020004125246465
0.6688536457473504 0.983933109966274 0.9480695800815058 0.6161567835643595 0.03762947499845937 0.0 0.5247533726201202 0.8351207535117966 0.28716608669634636 0.32751217027896884 0.7318329462066803 0.8918431887473954 0.04106727214142325 0.3003926954988475 0.48318264711363546 0.3096859078294951 0.5806552456633699 0.41224178215971086 0.4759105020681361 0.3518912878245931 0.057360931096297696 0.3012856440136862 0.16516039111788894
0.7179242973577387 0.3241706730784295 0.4245262719116216 0.7194590719262215 0.9123669916313176 0.5247533726201202 0.0 0.5781528460349437 0.4051903261309149 0.8930453783414155 0.7307780559378759 0.697039908350834 0.23992050223044037 0.4450150931320469 0.33232347337036894 0.8612866938319175 0.9919695637495614 0.33268187472567845 0.03942273945780539 0.7433786444663527 0.5315161563096069 0.6804331734950808 0.3879298857760204
0.08656018456211056 0.3634662949285449 0.738860004172476 0.12119942932560135 0.47544722347875257 0.8351207535117966 0.5781528460349437 0.0 0.39390799570455537 0.8735453994053226 0.996562492894563 0.8570946151180269 0.5814595027462826 0.16084993446037876 0.5584969956570196 0.6889095675097868 0.040326386512700374 0.014616113831057875 0.4125357521621754 0.37803644645033374 0.811145733142767 0.5150770728477982 0.5018009459255957
0.6543166301799817 0.02830518304762819 0.43991521622815477 0.8662407882089229 0.15970990609076752 0.28716608669634636 0.4051903261309149 0.39390799570455537 0.0 0.849187248600737 0.6495813246808773 0.5288160043417738 0.6167684314259209 0.8085635918940515 0.2994712245503641 0.8346541697110558 0.5746581779633312 0.00693332487023568 0.2793964655631552 0.5166604629495943 0.2771291958150084 0.18415020743268296 0.7154161290182208
0.7967586702951674 0.38670855673299975 0.3480116914307224 0.47377266588814604 0.16129318075134502 0.32751217027896884 0.8930453783414155 0.8735453994053226 0.849187248600737 0.0 0.39067005668675314 0.07013766173378122 0.2783995099788057 0.6677533334194342 0.8098018867057943 0.13548073749287204 0.07817806603439514 0.345505395636743 0.054815955330296595 0.48046314020094605 0.8709949113756926 0.580991116454564 0.6567530551971589
0.13568152551049062 0.7597011363080298 0.0822696933528152 0.413275635640424 0.7712151090219911 0.7318329462066803 0.7307780559378759 0.996562492894563 0.6495813246808773 0.39067005668675314 0.0 0.46028696914888745 0.8000041864453868 0.9441362432006927 0.4221511011399093 0.6671800498921345 0.578259328059843 0.9173384594226731 0.635233928395804 0.450941380306371 0.9300036911278834 0.6225409174003108 0.8968197826944639
0.5716672681934102 0.050462405245351505 0.8126105111813461 0.2778938491265588 0.7982359190023499 0.8918431887473954 0.697039908350834 0.8570946151180269 0.5288160043417738 0.07013766173378122 0.46028696914888745 0.0 0.2974968972935247 0.6293895585073387 0.6947837429719872 0.3262982837228847 0.7852227597061113 0.28924379531915545 0.030290918104587616 0.4008765966078177 0.863206960924188 0.11597531550832108 0.30218983599122506
0.5913081853903684 0.4681126325247428 0.8983874012387436 0.8523642992738413 0.20572983727330385 0.04106727214142325 0.23992050223044037 0.5814595027462826 0.6167684314259209 0.2783995099788057 0.8000041864453868 0.2974968972935247 0.0 0.5353964211968084 0.7512847589708744 0.6914456077736271 0.3332490648400226 0.6163756945474945 0.8485970867293066 0.46860084174225436 0.6425599069903994 0.09553000534909029 0.6555852549409684
0.4694289784472371 0.7474567232896915 0.4256508168173313 0.6606732535301049 0.6557642902407849 0.3003926954988475 0.4450150931320469 0.16084993446037876 0.8085635918940515 0.6677533334194342 0.9441362432006927 0.6293895585073387 0.5353964211968084 0.0 0.07488966751621251 0.7418753997644801 0.92088036853498 0.8637493795831231 0.7059684726572725 0.04736022862304501 0.5376556676592414 0.44816197843572936 0.8619215469916603
0.7023905311758409 0.2620195572220352 0.3797946317433082 0.7496150239331022 0.5476350807268681 0.48318264711363546 0.33232347337036894 0.5584969956570196 0.2994712245503641 0.8098018867057943 0.4221511011399093 0.6947837429719872 0.7512847589708744 0.07488966751621251 0.0 0.5937935719109652 0.42654953308643984 0.8096422679697104 0.4292004416481342 0.09080643472283234 0.16349316252034374 0.756660597799015 0.6437139153246205
0.33080829172400694 0.8888272692178517 0.2232846586219186 0.03625331736890003 0.12642171127596158 0.3096859078294951 0.8612866938319175 0.6889095675097868 0.8346541697110558 0.13548073749287204 0.6671800498921345 0.3262982837228847 0.6914456077736271 0.7418753997644801 0.5937935719109652 0.0 0.24452350083524954 0.7829568469140947 0.39145706500706534 0.7839751368456295 0.6830193204237825 0.30589476754192746 0.7705213897074378
0.197856542559391 0.7158171125856926 0.815898961234078 0.05540935963121696 0.19321481912532357 0.5806552456633699 0.9919695637495614 0.040326386512700374 0.5746581779633312 0.07817806603439514 0.578259328059843 0.7852227597061113 0.3332490648400226 0.92088036853498 0.42654953308643984 0.24452350083524954 0.0 0.5379410866014079 0.2702869261892695 0.6537992339127409 0.5464964954320352 0.8631540523578964 0.07095669689110395
0.12331157403881532 0.1948222722256594 0.7049498322821784 0.4356274923211728 0.7649293707966841 0.41224178215971086 0.33268187472567845 0.014616113831057875 0.00693332487023568 0.345505395636743 0.9173384594226731 0.28924379531915545 0.6163756945474945 0.8637493795831231 0.8096422679697104 0.7829568469140947 0.5379410866014079 0.0 0.8119318031581931 0.6667309910732305 0.8170225586468886 0.7367919766303516 0.027650613206874675
0.12902815472565865 0.8402354240118433 0.6129447417247607 0.5778824208194083 0.9636550683200766 0.4759105020681361 0.03942273945780539 0.4125357521621754 0.2793964655631552 0.054815955330296595 0.635233928395804 0.030290918104587616 0.8485970867293066 0.7059684726572725 0.4292004416481342 0.39145706500706534 0.2702869261892695 0.8119318031581931 0.0 0.6031211105459025 0.272555814639846 0.6260271602638693 0.03385473138019357
0.21226465736713374 0.08772921970095526 0.5120373282677416 0.4470134065749216 0.6397852404561921 0.3518912878245931 0.7433786444663527 0.37803644645033374 0.5166604629495943 0.48046314020094605 0.450941380306371 0.4008765966078177 0.46860084174225436 0.04736022862304501 0.09080643472283234 0.7839751368456295 0.6537992339127409 0.6667309910732305 0.6031211105459025 0.0 0.5185452825640894 0.6545914107452692 0.53790288030045
0.07818782240423616 0.8164991738883582 0.46417074895393884 0.1765492888272595 0.05952340011096624 0.057360931096297696 0.5315161563096069 0.811145733142767 0.2771291958150084 0.8709949113756926 0.9300036911278834 0.863206960924188 0.6425599069903994 0.5376556676592414 0.16349316252034374 0.6830193204237825 0.5464964954320352 0.8170225586468886 0.272555814639846 0.5185452825640894 0.0 0.7729174713230397 0.2371101724968464
0.8376026778272948 0.5458587056232501 0.6537079922316293 0.6892652487623657 0.07385015428017194 0.3012856440136862 0.6804331734950808 0.5150770728477982 0.18415020743268296 0.580991116454564 0.6225409174003108 0.11597531550832108 0.09553000534909029 0.44816197843572936 0.756660597799015 0.30589476754192746 0.8631540523578964 0.7367919766303516 0.6260271602638693 0.6545914107452692 0.7729174713230397 0.0 0.8325334150724443
0.6842636383467313 0.290725118442694 0.516643453276766 0.6001749131443141 0.26020004125246465 0.16516039111788894 0.3879298857760204 0.5018009459255957 0.7154161290182208 0.6567530551971589 0.8968197826944639 0.30218983599122506 0.6555852549409684 0.8619215469916603 0.6437139153246205 0.7705213897074378 0.07095669689110395 0.027650613206874675 0.03385473138019357 0.53790288030045 0.2371101724968464 0.8325334150724443 0.0

# Optimal Walk
0 10 2 15 3 16 9 18 6 11 21 12 5 4 20 14 13 19 1 8 22 17 7 0
