# MCW Instance
# Type: UNIFORM
# N: 23
# Optimal cost: 2.397986809089889
# Optimal tour (permutation): [0, 18, 5, 7, 16, 8, 22, 6, 19, 20, 1, 15, 11, 14, 2, 13, 4, 17, 12, 9, 21, 10, 3, 0]
# Optimal walk (full path): [0, 18, 5, 7, 16, 8, 22, 6, 19, 1, 20, 1, 15, 11, 14, 11, 2, 11, 13, 4, 12, 17, 12, 9, 21, 10, 3, 0]
# Walk size: 28
# Is walk (has repeats): true

# Distance Matrix
0.0000000000 0.3733187842 0.6074232681 0.2711556047 0.9603691332 0.9739325549 0.8286793128 0.5266688386 0.7547531894 0.6321366938 0.8417675108 0.5265114862 0.6480476208 0.6254350420 0.3269361270 0.2642957588 0.4476509156 0.6183730175 0.2485760213 0.9013759907 0.4055803323 0.4558036550 0.5968444952
0.3733187842 0.0000000000 0.3820640171 0.4554651474 0.9376458655 0.8055827297 0.3706842375 0.1513613107 0.9474793864 0.1458731590 0.2700197750 0.5144727422 0.1520486655 0.5908735127 0.1910536036 0.0807782195 0.1147230694 0.8751019117 0.1355098010 0.0607275672 0.0731885276 0.7301375448 0.3255512680
0.6074232681 0.3820640171 0.0000000000 0.6715843702 0.8201217064 0.5687398825 0.5690927087 0.3836565007 0.0953245357 0.2106788205 0.7845382290 0.0335702276 0.6487731974 0.5961069606 0.3253550838 0.5009075930 0.6662628639 0.8160942531 0.5427465955 0.9189401446 0.5628053336 0.2049849577 0.1037885814
0.2711556047 0.4554651474 0.6715843702 0.0000000000 0.1958574096 0.2436638655 0.6855244982 0.9427455701 0.9598012872 0.8088855850 0.0352447802 0.3648842554 0.9091827873 0.3344186082 0.2513838108 0.7449532765 0.9491703442 0.8013779246 0.7316555479 0.4666005789 0.4259041990 0.4647499775 0.5594750609
0.9603691332 0.9376458655 0.8201217064 0.1958574096 0.0000000000 0.2343499301 0.2319046475 0.9538028695 0.7847820710 0.6563611440 0.5493062011 0.1786956531 0.2253964638 0.0440490785 0.5219639305 0.6812568397 0.9788771806 0.7037384177 0.2031419899 0.4126281773 0.5311457989 0.6058830016 0.7124088515
0.9739325549 0.8055827297 0.5687398825 0.2436638655 0.2343499301 0.0000000000 0.0464474230 0.0756746920 0.2089796976 0.6535274289 0.8434692020 0.4158288446 0.3881584682 0.4945424578 0.7720005234 0.6129896671 0.8725318755 0.7919316835 0.0582537233 0.3643779141 0.3307391096 0.8526012159 0.5916958071
0.8286793128 0.3706842375 0.5690927087 0.6855244982 0.2319046475 0.0464474230 0.0000000000 0.9470319572 0.2607205502 0.6706699990 0.6427007281 0.4481869914 0.1376108973 0.7504014030 0.1632864615 0.9173393704 0.8527406401 0.7323053913 0.5364463056 0.0215696402 0.3370865025 0.5763473611 0.0155598386
0.5266688386 0.1513613107 0.3836565007 0.9427455701 0.9538028695 0.0756746920 0.9470319572 0.0000000000 0.7632368703 0.4041139257 0.4243650468 0.2525957310 0.8279458196 0.2698053297 0.1632079050 0.2522950349 0.1707276816 0.9117703524 0.1407782261 0.8092505673 0.5196640134 0.4146850227 0.4490669624
0.7547531894 0.9474793864 0.0953245357 0.9598012872 0.7847820710 0.2089796976 0.2607205502 0.7632368703 0.0000000000 0.9857736440 0.5787228809 0.7159089625 0.6814412181 0.4706672396 0.8453648269 0.7129809615 0.0958547453 0.7224999797 0.1235157105 0.5237949533 0.6713163727 0.6457029868 0.0087924496
0.6321366938 0.1458731590 0.2106788205 0.8088855850 0.6563611440 0.6535274289 0.6706699990 0.4041139257 0.9857736440 0.0000000000 0.8006099429 0.6318659091 0.1737871170 0.8504066083 0.3906490333 0.6304707813 0.5412058899 0.9529599690 0.3088942126 0.9346705462 0.2138647600 0.0713854069 0.9427851948
0.8417675108 0.2700197750 0.7845382290 0.0352447802 0.5493062011 0.8434692020 0.6427007281 0.4243650468 0.5787228809 0.8006099429 0.0000000000 0.6364612807 0.4180048911 0.5735749997 0.6438821536 0.1208246701 0.9581655137 0.9977770133 0.3781534704 0.7704719707 0.5471561211 0.1156318580 0.9044019554
0.5265114862 0.5144727422 0.0335702276 0.3648842554 0.1786956531 0.4158288446 0.4481869914 0.2525957310 0.7159089625 0.6318659091 0.6364612807 0.0000000000 0.1587861940 0.1844454565 0.0267566001 0.0294434846 0.7886102264 0.2141019343 0.2570764423 0.8490044415 0.7714427541 0.5693955248 0.3106407597
0.6480476208 0.1520486655 0.6487731974 0.9091827873 0.2253964638 0.3881584682 0.1376108973 0.8279458196 0.6814412181 0.1737871170 0.4180048911 0.1587861940 0.0000000000 0.5249055253 0.7097677759 0.3683986633 0.6334501752 0.0719511350 0.4446575686 0.4633997916 0.4878606761 0.8320449543 0.2614530563
0.6254350420 0.5908735127 0.5961069606 0.3344186082 0.0440490785 0.4945424578 0.7504014030 0.2698053297 0.4706672396 0.8504066083 0.5735749997 0.1844454565 0.5249055253 0.0000000000 0.7666695886 0.8074190554 0.7984042378 0.6082396444 0.1760971737 0.7045238311 0.7193465393 0.3750007238 0.7064392188
0.3269361270 0.1910536036 0.3253550838 0.2513838108 0.5219639305 0.7720005234 0.1632864615 0.1632079050 0.8453648269 0.3906490333 0.6438821536 0.0267566001 0.7097677759 0.7666695886 0.0000000000 0.9370943783 0.9589743575 0.3057445148 0.9954023279 0.3054701885 0.4211847577 0.1715652107 0.6985050552
0.2642957588 0.0807782195 0.5009075930 0.7449532765 0.6812568397 0.6129896671 0.9173393704 0.2522950349 0.7129809615 0.6304707813 0.1208246701 0.0294434846 0.3683986633 0.8074190554 0.9370943783 0.0000000000 0.6470511941 0.4537824278 0.9195118441 0.4126424881 0.8237293668 0.5410763787 0.1303039733
0.4476509156 0.1147230694 0.6662628639 0.9491703442 0.9788771806 0.8725318755 0.8527406401 0.1707276816 0.0958547453 0.5412058899 0.9581655137 0.7886102264 0.6334501752 0.7984042378 0.9589743575 0.6470511941 0.0000000000 0.6755034347 0.8559505923 0.7661920343 0.7673460293 0.2764661303 0.1472848837
0.6183730175 0.8751019117 0.8160942531 0.8013779246 0.7037384177 0.7919316835 0.7323053913 0.9117703524 0.7224999797 0.9529599690 0.9977770133 0.2141019343 0.0719511350 0.6082396444 0.3057445148 0.4537824278 0.6755034347 0.0000000000 0.4784316658 0.3801570330 0.5843252771 0.5646724881 0.3363684670
0.2485760213 0.1355098010 0.5427465955 0.7316555479 0.2031419899 0.0582537233 0.5364463056 0.1407782261 0.1235157105 0.3088942126 0.3781534704 0.2570764423 0.4446575686 0.1760971737 0.9954023279 0.9195118441 0.8559505923 0.4784316658 0.0000000000 0.6372461865 0.8481799843 0.9920517979 0.9139601848
0.9013759907 0.0607275672 0.9189401446 0.4666005789 0.4126281773 0.3643779141 0.0215696402 0.8092505673 0.5237949533 0.9346705462 0.7704719707 0.8490044415 0.4633997916 0.7045238311 0.3054701885 0.4126424881 0.7661920343 0.3801570330 0.6372461865 0.0000000000 0.3066288792 0.4600382025 0.8588647648
0.4055803323 0.0731885276 0.5628053336 0.4259041990 0.5311457989 0.3307391096 0.3370865025 0.5196640134 0.6713163727 0.2138647600 0.5471561211 0.7714427541 0.4878606761 0.7193465393 0.4211847577 0.8237293668 0.7673460293 0.5843252771 0.8481799843 0.3066288792 0.0000000000 0.3548205387 0.5765916748
0.4558036550 0.7301375448 0.2049849577 0.4647499775 0.6058830016 0.8526012159 0.5763473611 0.4146850227 0.6457029868 0.0713854069 0.1156318580 0.5693955248 0.8320449543 0.3750007238 0.1715652107 0.5410763787 0.2764661303 0.5646724881 0.9920517979 0.4600382025 0.3548205387 0.0000000000 0.9811704238
0.5968444952 0.3255512680 0.1037885814 0.5594750609 0.7124088515 0.5916958071 0.0155598386 0.4490669624 0.0087924496 0.9427851948 0.9044019554 0.3106407597 0.2614530563 0.7064392188 0.6985050552 0.1303039733 0.1472848837 0.3363684670 0.9139601848 0.8588647648 0.5765916748 0.9811704238 0.0000000000
