# MCW Instance
# Type: UNIFORM
# N: 23
# Optimal cost: 1.657619787615055
# Optimal tour (permutation): [0, 15, 19, 18, 13, 12, 1, 14, 3, 2, 4, 8, 7, 17, 9, 21, 16, 11, 6, 22, 5, 20, 10, 0]
# Optimal walk (full path): [0, 15, 19, 18, 13, 12, 1, 14, 3, 14, 2, 14, 4, 8, 7, 17, 9, 21, 16, 11, 16, 6, 22, 20, 5, 20, 22, 10, 17, 0]
# Walk size: 30
# Is walk (has repeats): true

# Distance Matrix
0.0000000000 0.3253870107 0.0731359497 0.6619903303 0.1912008361 0.9098821178 0.1680398217 0.7550106860 0.3955146620 0.6027889127 0.6917743029 0.4272725887 0.6170859600 0.3258880146 0.6728160237 0.0126501705 0.6710921555 0.0203526069 0.1079390047 0.5037962785 0.3989595584 0.5708572539 0.3995957569
0.3253870107 0.0000000000 0.3607999407 0.4279344355 0.2500732770 0.6238432371 0.7208610567 0.6414629361 0.4684936148 0.5009137936 0.1576942669 0.6782812539 0.0373811566 0.8399464706 0.0778510975 0.8181569159 0.8567361944 0.6600574655 0.5608752780 0.6835108430 0.9255306760 0.1518426207 0.9511833491
0.0731359497 0.3607999407 0.0000000000 0.2886889290 0.8380577979 0.1365693396 0.7917889166 0.1024410975 0.4780974286 0.7047287587 0.7534652982 0.9542047175 0.4516995805 0.2712835629 0.0576685334 0.8110783477 0.9097392526 0.3718606827 0.5175183822 0.6799109236 0.8029978178 0.1423021000 0.7283623118
0.6619903303 0.4279344355 0.2886889290 0.0000000000 0.1477203480 0.2853778376 0.5734014653 0.1279235325 0.3636948702 0.9349592477 0.3133173324 0.6157608254 0.5873193199 0.6979570081 0.0020694842 0.1727447722 0.7797076069 0.9772412996 0.8656868799 0.4534808661 0.0990116831 0.0849336684 0.5719918205
0.1912008361 0.2500732770 0.8380577979 0.1477203480 0.0000000000 0.6380874197 0.5758166825 0.3576931117 0.1556672826 0.9244619422 0.6907203642 0.5936583304 0.1571696285 0.9181468736 0.0538347402 0.1116141500 0.9882125173 0.8341315943 0.8947362353 0.6558005884 0.9359614742 0.8634045672 0.6114302853
0.9098821178 0.6238432371 0.1365693396 0.2853778376 0.6380874197 0.0000000000 0.5738860986 0.1487437985 0.2767958427 0.1981848039 0.1809766048 0.4079910434 0.8396268969 0.9746267726 0.9891347248 0.4842967811 0.8929109243 0.6722842802 0.5297343362 0.3998853740 0.0203238695 0.5997963872 0.8250776031
0.1680398217 0.7208610567 0.7917889166 0.5734014653 0.5758166825 0.5738860986 0.0000000000 0.9754523244 0.5648926241 0.3043015537 0.1760529747 0.6262499921 0.3853232939 0.8740546874 0.8242143048 0.4904575066 0.1491195757 0.7861121087 0.2195127880 0.6222869783 0.1481170481 0.9929623118 0.0790149613
0.7550106860 0.6414629361 0.1024410975 0.1279235325 0.3576931117 0.1487437985 0.9754523244 0.0000000000 0.1629425067 0.0917865006 0.7632701194 0.1572916033 0.1144625000 0.5846354611 0.6444401504 0.6657637532 0.5846400660 0.0262638717 0.7984952386 0.5761442144 0.1456297559 0.4861063643 0.8778041158
0.3955146620 0.4684936148 0.4780974286 0.3636948702 0.1556672826 0.2767958427 0.5648926241 0.1629425067 0.0000000000 0.6222133322 0.2545137335 0.6996202037 0.5534819115 0.6745209655 0.5210138751 0.7086545908 0.7868258157 0.3042065113 0.9757008691 0.8259631476 0.9429378692 0.7749817221 0.3914648277
0.6027889127 0.5009137936 0.7047287587 0.9349592477 0.9244619422 0.1981848039 0.3043015537 0.0917865006 0.6222133322 0.0000000000 0.5422987220 0.8857252269 0.4064216684 0.1416769473 0.7142556170 0.2647577906 0.2370615070 0.0403845853 0.8720008851 0.3070019775 0.1823976872 0.1030473325 0.7682634870
0.6917743029 0.1576942669 0.7534652982 0.3133173324 0.6907203642 0.1809766048 0.1760529747 0.7632701194 0.2545137335 0.5422987220 0.0000000000 0.5602384817 0.4307440789 0.1907349828 0.3534260027 0.2000110446 0.6489951249 0.0563726318 0.2062905642 0.7082418662 0.6806995571 0.3985322737 0.0760669480
0.4272725887 0.6782812539 0.9542047175 0.6157608254 0.5936583304 0.4079910434 0.6262499921 0.1572916033 0.6996202037 0.8857252269 0.5602384817 0.0000000000 0.9591894260 0.8104495864 0.1464340869 0.5983577199 0.0072118611 0.3414426494 0.3492348529 0.4363914336 0.1608399703 0.1871736020 0.7233451007
0.6170859600 0.0373811566 0.4516995805 0.5873193199 0.1571696285 0.8396268969 0.3853232939 0.1144625000 0.5534819115 0.4064216684 0.4307440789 0.9591894260 0.0000000000 0.0684818915 0.2489515725 0.4135673692 0.1234301758 0.1936673913 0.3373785436 0.1844633801 0.9459152224 0.2597115690 0.5380671159
0.3258880146 0.8399464706 0.2712835629 0.6979570081 0.9181468736 0.9746267726 0.8740546874 0.5846354611 0.6745209655 0.1416769473 0.1907349828 0.8104495864 0.0684818915 0.0000000000 0.3612147149 0.7482273714 0.9311225307 0.9679507428 0.0862664885 0.1726729307 0.4095748369 0.3609839088 0.0409295659
0.6728160237 0.0778510975 0.0576685334 0.0020694842 0.0538347402 0.9891347248 0.8242143048 0.6444401504 0.5210138751 0.7142556170 0.3534260027 0.1464340869 0.2489515725 0.3612147149 0.0000000000 0.6007615849 0.3950948560 0.3143246647 0.7091669919 0.8319530837 0.1335962519 0.6584422674 0.9020629018
0.0126501705 0.8181569159 0.8110783477 0.1727447722 0.1116141500 0.4842967811 0.4904575066 0.6657637532 0.7086545908 0.2647577906 0.2000110446 0.5983577199 0.4135673692 0.7482273714 0.6007615849 0.0000000000 0.4802164647 0.4348300143 0.9809657280 0.0017438661 0.7124558760 0.7645387247 0.9053780449
0.6710921555 0.8567361944 0.9097392526 0.7797076069 0.9882125173 0.8929109243 0.1491195757 0.5846400660 0.7868258157 0.2370615070 0.6489951249 0.0072118611 0.1234301758 0.9311225307 0.3950948560 0.4802164647 0.0000000000 0.8688757402 0.4147708236 0.5155820250 0.3281997510 0.1244594057 0.8656830287
0.0203526069 0.6600574655 0.3718606827 0.9772412996 0.8341315943 0.6722842802 0.7861121087 0.0262638717 0.3042065113 0.0403845853 0.0563726318 0.3414426494 0.1936673913 0.9679507428 0.3143246647 0.4348300143 0.8688757402 0.0000000000 0.3450270225 0.4520948662 0.5645009818 0.5198760439 0.0276732258
0.1079390047 0.5608752780 0.5175183822 0.8656868799 0.8947362353 0.5297343362 0.2195127880 0.7984952386 0.9757008691 0.8720008851 0.2062905642 0.3492348529 0.3373785436 0.0862664885 0.7091669919 0.9809657280 0.4147708236 0.3450270225 0.0000000000 0.1173708698 0.7952336308 0.5616577482 0.6212086031
0.5037962785 0.6835108430 0.6799109236 0.4534808661 0.6558005884 0.3998853740 0.6222869783 0.5761442144 0.8259631476 0.3070019775 0.7082418662 0.4363914336 0.1844633801 0.1726729307 0.8319530837 0.0017438661 0.5155820250 0.4520948662 0.1173708698 0.0000000000 0.6306340922 0.7869193426 0.4742701753
0.3989595584 0.9255306760 0.8029978178 0.0990116831 0.9359614742 0.0203238695 0.1481170481 0.1456297559 0.9429378692 0.1823976872 0.6806995571 0.1608399703 0.9459152224 0.4095748369 0.1335962519 0.7124558760 0.3281997510 0.5645009818 0.7952336308 0.6306340922 0.0000000000 0.8641701707 0.0169001513
0.5708572539 0.1518426207 0.1423021000 0.0849336684 0.8634045672 0.5997963872 0.9929623118 0.4861063643 0.7749817221 0.1030473325 0.3985322737 0.1871736020 0.2597115690 0.3609839088 0.6584422674 0.7645387247 0.1244594057 0.5198760439 0.5616577482 0.7869193426 0.8641701707 0.0000000000 0.9358609388
0.3995957569 0.9511833491 0.7283623118 0.5719918205 0.6114302853 0.8250776031 0.0790149613 0.8778041158 0.3914648277 0.7682634870 0.0760669480 0.7233451007 0.5380671159 0.0409295659 0.9020629018 0.9053780449 0.8656830287 0.0276732258 0.6212086031 0.4742701753 0.0169001513 0.9358609388 0.0000000000
