# Graph size: 23
# Optimal cost: 1.184730508058422

# Distance Matrix
0.0 0.33538461269015374 0.12819789451031693 0.7347143674263409 0.30161219434688025 0.8046322235363552 0.6476971954000351 0.6381802086266309 0.054101685707186875 0.10018709387089209 0.41793503037049073 0.956599284916359 0.8805890851821595 0.3528808431531668 0.9261861498720838 0.19918434322583844 0.1177485755763743 0.9275293877696006 0.8274344222676935 0.7789784056643461 0.5034974958369666 0.3046212648689348 0.3314220764311696
0.33538461269015374 0.0 0.6865473344844665 0.2549944240823254 0.13299708390891984 0.2805644642265138 0.3202742811108491 0.4907166005399175 0.25311072448455874 0.8289170211466808 0.12099152962817727 0.21197841997627687 0.6320653844050825 5.455031024663715E-4 0.8159120555441225 0.06804364027103493 0.5744683486280437 0.3050641412014661 0.015299531060994465 0.16902104731086987 0.2772504522823488 0.01877060426304311 0.6250418165279075
0.12819789451031693 0.6865473344844665 0.0 0.282023873026255 0.7819472058272847 0.7017212778532388 0.03927019748253624 0.8486115909203037 0.6445408960932301 0.014253317334524507 0.3593923586409735 0.3953219261875326 0.19081391681693471 0.9208749957041525 0.9493842807857389 0.07414007671784106 0.05426503856983278 0.9251094834641174 0.4819126387591399 0.26604108301466256 0.8039927924201035 0.0657913045763151 0.2558356137499834
0.7347143674263409 0.2549944240823254 0.282023873026255 0.0 0.4082803073492981 0.8615505148266166 0.02347875836544422 0.972857011120685 0.4648963982502925 0.578630085262927 0.8350597608534512 0.3495845272290474 0.7499297037921254 0.3015324960404131 0.39529248281501683 0.9109705427576018 0.13414824190946995 0.4837350628924322 0.13593653128712968 0.06208915107847268 0.01861296361600051 0.42446665944490314 0.01629386544036404
0.30161219434688025 0.13299708390891984 0.7819472058272847 0.4082803073492981 0.0 0.06743075830393164 0.8422021438934583 0.009053943041153034 0.23339337689808592 0.8803715382920924 0.3052548814160887 0.9059030888066898 0.8657169083017693 0.8602018390921502 0.9377815608509046 0.03533298882699165 0.001278102718154317 0.29007419953708224 0.11822946879476248 0.7670776509032616 0.7690303604832531 0.2664578565168353 0.1575796092894497
0.8046322235363552 0.2805644642265138 0.7017212778532388 0.8615505148266166 0.06743075830393164 0.0 0.2261270057974557 0.09199337884927605 0.9691638906997331 0.6035908609639693 0.29067674159733725 0.9111527055116638 0.5407309081144012 0.49129594677660715 0.35130956095850574 0.09109966484961096 0.8049383374888553 0.868392871672555 0.6671318650715 0.2115446540840239 0.8364407139863842 0.5579653146195779 0.20244099433379315
0.6476971954000351 0.3202742811108491 0.03927019748253624 0.02347875836544422 0.8422021438934583 0.2261270057974557 0.0 0.9732488374494164 0.9569927471595941 0.7860029741033743 0.15660034959954705 0.0025854682969636 0.07846193689583769 0.9974837524994764 0.010150714557873752 0.4258544845747181 0.43880173925050225 0.9123172341683716 0.8017881493284014 0.702638910855554 0.6843849715510354 0.631238812185118 0.5236898117962765
0.6381802086266309 0.4907166005399175 0.8486115909203037 0.972857011120685 0.009053943041153034 0.09199337884927605 0.9732488374494164 0.0 0.8569054880331809 0.9405734634402615 0.3917825177388461 0.9767713707231356 0.4252157936558816 0.9821272189146807 0.3957499968686802 0.16281041244078498 0.15332870137800791 0.8660318120883826 0.9821317308292814 0.3069725104018606 0.7156384945355854 0.4215505388987596 0.3032258203036151
0.054101685707186875 0.25311072448455874 0.6445408960932301 0.4648963982502925 0.23339337689808592 0.9691638906997331 0.9569927471595941 0.8569054880331809 0.0 0.9021278461257154 0.5063073080513752 0.805783234795954 0.5767390624724678 0.7454476630334176 0.8566146922581775 0.9277413086873643 0.9329434813191257 0.7981220420629686 0.8699610015993585 0.9199241296059933 0.8535009371502316 0.8406411256088807 0.4341255469643398
0.10018709387089209 0.8289170211466808 0.014253317334524507 0.578630085262927 0.8803715382920924 0.6035908609639693 0.7860029741033743 0.9405734634402615 0.9021278461257154 0.0 0.9936093239400097 0.20735765965029196 0.3189343519015081 0.8697941632779236 0.9525452958277316 0.929148983415828 0.4807634406929726 0.10503543459498454 0.35946176895209614 0.4568444361087409 0.8871160298445295 0.22731840980993645 0.850789579566576
0.41793503037049073 0.12099152962817727 0.3593923586409735 0.8350597608534512 0.3052548814160887 0.29067674159733725 0.15660034959954705 0.3917825177388461 0.5063073080513752 0.9936093239400097 0.0 0.14790159729024066 0.6499493720216252 0.7578289319058488 0.37720870909187454 0.026986910088172222 0.29548441076777765 0.017255723865669204 0.21111905538304976 0.3833600568911557 0.9813517283919169 0.5078815272790622 0.4068558920063131
0.956599284916359 0.21197841997627687 0.3953219261875326 0.3495845272290474 0.9059030888066898 0.9111527055116638 0.0025854682969636 0.9767713707231356 0.805783234795954 0.20735765965029196 0.14790159729024066 0.0 0.9323083013627949 0.906243724877436 0.3237283537622411 0.025447763403746104 0.48255538689724553 0.14232752176003893 0.2186703574484835 0.842941661092512 0.3103593699433077 0.7935257179331139 0.11184176200969564
0.8805890851821595 0.6320653844050825 0.19081391681693471 0.7499297037921254 0.8657169083017693 0.5407309081144012 0.07846193689583769 0.4252157936558816 0.5767390624724678 0.3189343519015081 0.6499493720216252 0.9323083013627949 0.0 0.449796680583722 0.7310525626058779 0.33687281507777833 0.49033100575999133 0.6185738645846091 0.6800657695851272 0.23950751476325527 0.3810669954636716 0.5681266697718864 0.46801797651540533
0.3528808431531668 5.455031024663715E-4 0.9208749957041525 0.3015324960404131 0.8602018390921502 0.49129594677660715 0.9974837524994764 0.9821272189146807 0.7454476630334176 0.8697941632779236 0.7578289319058488 0.906243724877436 0.449796680583722 0.0 0.4604621422861387 0.3069668185457175 0.2847229751569589 0.2582421910652357 0.2442619621537223 0.9168285257443651 0.3740059735200987 0.23015649641982927 0.6924491316680714
0.9261861498720838 0.8159120555441225 0.9493842807857389 0.39529248281501683 0.9377815608509046 0.35130956095850574 0.010150714557873752 0.3957499968686802 0.8566146922581775 0.9525452958277316 0.37720870909187454 0.3237283537622411 0.7310525626058779 0.4604621422861387 0.0 0.7841169167944393 0.012428115506813331 0.8381790523833842 0.9594972853398459 0.20670386562651955 0.44276858488340143 0.053424522234732263 0.5611842522318401
0.19918434322583844 0.06804364027103493 0.07414007671784106 0.9109705427576018 0.03533298882699165 0.09109966484961096 0.4258544845747181 0.16281041244078498 0.9277413086873643 0.929148983415828 0.026986910088172222 0.025447763403746104 0.33687281507777833 0.3069668185457175 0.7841169167944393 0.0 0.7077891138279592 0.11557161622141565 0.9842083312337027 0.20634225530759653 0.33764144964439424 0.016819279841138735 0.8114250203649849
0.1177485755763743 0.5744683486280437 0.05426503856983278 0.13414824190946995 0.001278102718154317 0.8049383374888553 0.43880173925050225 0.15332870137800791 0.9329434813191257 0.4807634406929726 0.29548441076777765 0.48255538689724553 0.49033100575999133 0.2847229751569589 0.012428115506813331 0.7077891138279592 0.0 0.7670062919752488 0.8064641024302043 0.9418788833491261 0.5461545427716139 0.4873328741197194 0.9406026003287091
0.9275293877696006 0.3050641412014661 0.9251094834641174 0.4837350628924322 0.29007419953708224 0.868392871672555 0.9123172341683716 0.8660318120883826 0.7981220420629686 0.10503543459498454 0.017255723865669204 0.14232752176003893 0.6185738645846091 0.2582421910652357 0.8381790523833842 0.11557161622141565 0.7670062919752488 0.0 0.4767422023799295 0.7193911439987961 0.2982633908447109 0.9474769060720348 0.22979952235445567
0.8274344222676935 0.015299531060994465 0.4819126387591399 0.13593653128712968 0.11822946879476248 0.6671318650715 0.8017881493284014 0.9821317308292814 0.8699610015993585 0.35946176895209614 0.21111905538304976 0.2186703574484835 0.6800657695851272 0.2442619621537223 0.9594972853398459 0.9842083312337027 0.8064641024302043 0.4767422023799295 0.0 0.7475772568564235 0.15275697663816346 0.4990341949793875 0.4208687496153434
0.7789784056643461 0.16902104731086987 0.26604108301466256 0.06208915107847268 0.7670776509032616 0.2115446540840239 0.702638910855554 0.3069725104018606 0.9199241296059933 0.4568444361087409 0.3833600568911557 0.842941661092512 0.23950751476325527 0.9168285257443651 0.20670386562651955 0.20634225530759653 0.9418788833491261 0.7193911439987961 0.7475772568564235 0.0 0.3826642616764234 0.6255203788004172 0.6991822482511386
0.5034974958369666 0.2772504522823488 0.8039927924201035 0.01861296361600051 0.7690303604832531 0.8364407139863842 0.6843849715510354 0.7156384945355854 0.8535009371502316 0.8871160298445295 0.9813517283919169 0.3103593699433077 0.3810669954636716 0.3740059735200987 0.44276858488340143 0.33764144964439424 0.5461545427716139 0.2982633908447109 0.15275697663816346 0.3826642616764234 0.0 0.2789260711935314 0.3517114483671284
0.3046212648689348 0.01877060426304311 0.0657913045763151 0.42446665944490314 0.2664578565168353 0.5579653146195779 0.631238812185118 0.4215505388987596 0.8406411256088807 0.22731840980993645 0.5078815272790622 0.7935257179331139 0.5681266697718864 0.23015649641982927 0.053424522234732263 0.016819279841138735 0.4873328741197194 0.9474769060720348 0.4990341949793875 0.6255203788004172 0.2789260711935314 0.0 0.6315131209370991
0.3314220764311696 0.6250418165279075 0.2558356137499834 0.01629386544036404 0.1575796092894497 0.20244099433379315 0.5236898117962765 0.3032258203036151 0.4341255469643398 0.850789579566576 0.4068558920063131 0.11184176200969564 0.46801797651540533 0.6924491316680714 0.5611842522318401 0.8114250203649849 0.9406026003287091 0.22979952235445567 0.4208687496153434 0.6991822482511386 0.3517114483671284 0.6315131209370991 0.0

# Optimal Walk
0 9 2 21 18 13 1 15 17 10 11 12 6 22 20 19 3 14 16 7 5 4 8 0
