# Graph size: 23
# Optimal cost: 1.6462555408100639

# Distance Matrix
0.0 0.47882978716379965 0.3759987457625219 0.6348431203267013 0.17213778434995808 0.8981918252205536 0.3053715509437873 0.7191483781415722 0.8556081606199414 0.9588990841326573 0.6137090315401292 0.770175183029928 0.8751755052551489 0.5435843574706299 0.4195403724310639 0.601096719840366 0.25022287288819534 0.868802350407127 0.18648620989970277 0.24635127980635618 0.7085578073368572 0.9988900602191664 0.848974745470896
0.47882978716379965 0.0 0.18291958074032788 0.07846360322442403 0.8500474403836263 0.37444430715905397 0.7874432834488566 0.1964757162188051 0.6019048162837345 0.2781758709490645 0.5524078430183826 0.7225153421369548 0.21607070535691453 0.24068843944560492 0.6324655690780128 0.778426317117467 0.32462988327752196 0.642669341274202 0.6210759497600512 0.3816257706351127 0.09628835470823971 0.5287003149900191 0.06799145466955447
0.3759987457625219 0.18291958074032788 0.0 0.23249234723535528 0.813838244486446 0.23857942000560062 0.13971927542735396 0.5322808496030536 0.8038420890808555 0.703827957154166 0.9979404189819987 0.15776519416314894 0.04791318970675473 0.19701053394891344 0.9249698018946684 0.6994765447486955 0.2746943971545316 0.14278551710786436 0.9606916123620223 0.5823169279925626 0.5826147951888658 0.45214209436600095 0.832006831837351
0.6348431203267013 0.07846360322442403 0.23249234723535528 0.0 0.7304929052881589 0.675730475977899 0.7250695703347804 0.2536805654383768 0.01312808635191054 0.6084311825525428 0.5819429017809098 0.25857864051819723 0.012576956669993145 0.5295227401649595 0.330198354477791 0.07563488685335351 0.49437713063890576 0.29217017366509557 0.15041157140319972 0.21549129856764637 0.3259404392350852 0.9534139932955095 0.9946797690094825
0.17213778434995808 0.8500474403836263 0.813838244486446 0.7304929052881589 0.0 0.8466055048653186 0.49049810639813474 0.1254483033040915 0.4302488536709985 0.24872127460796434 0.2734788009624647 0.8605759346309642 0.7326148103049347 0.1159493706311987 0.6604125229752951 0.25273269483755456 0.6348686520134476 0.7483075660295719 0.4786176326590922 0.22069876901152863 0.27384241906465034 0.7184203195634672 0.8393418438346049
0.8981918252205536 0.37444430715905397 0.23857942000560062 0.675730475977899 0.8466055048653186 0.0 0.0015926340832679298 0.03865335156459704 0.42918007852845863 0.9926927376770085 0.727968645200264 0.22353212309213777 0.08852386700947967 0.794606759133665 0.08781675636209263 0.6143602385766733 0.019080129372722188 0.6032701809781242 0.47398875759522296 0.3971306535396839 0.8932926122959686 0.5718195201834723 0.21805230192730551
0.3053715509437873 0.7874432834488566 0.13971927542735396 0.7250695703347804 0.49049810639813474 0.0015926340832679298 0.0 0.06658494463974207 0.43872959384149635 0.9848125319817695 0.47330070991533135 0.3345688803739203 0.39363810934293053 0.4978757085535426 0.06262249634589967 0.39018833037723977 0.009404756068823183 0.8830975640588958 0.13916205773757673 0.24763511851485054 0.19443581083449202 0.15715142887719746 0.8211784141563053
0.7191483781415722 0.1964757162188051 0.5322808496030536 0.2536805654383768 0.1254483033040915 0.03865335156459704 0.06658494463974207 0.0 0.33259295879123574 0.4730713017793441 0.7747955729539856 0.05723657633711687 0.9044213366644571 0.29349907081085613 0.907312290666393 0.8538416729511152 0.38885544626702695 0.8602364321919805 0.693611748361917 0.654853342071222 0.2047482979268137 0.5895986115032411 0.7511406822812062
0.8556081606199414 0.6019048162837345 0.8038420890808555 0.01312808635191054 0.4302488536709985 0.42918007852845863 0.43872959384149635 0.33259295879123574 0.0 0.1004939362296634 0.2084210127742806 0.4906747228429933 0.16439964918212857 0.6134908384825385 0.45047591836665934 0.25968364044158865 0.6307870988663286 0.26086980313704 0.5424662585040063 0.6421835650435606 0.4366521198197837 0.12214258514451859 0.5646052525879748
0.9588990841326573 0.2781758709490645 0.703827957154166 0.6084311825525428 0.24872127460796434 0.9926927376770085 0.9848125319817695 0.4730713017793441 0.1004939362296634 0.0 0.6654608224912764 0.4608521689607139 0.9581090708849704 0.11073674924889498 0.672524761569198 0.4587759439254404 0.3192201353460564 0.7630780721045496 0.6994874791131285 0.4667055513746621 0.35842467229966046 0.016785385612239745 0.6297083750664829
0.6137090315401292 0.5524078430183826 0.9979404189819987 0.5819429017809098 0.2734788009624647 0.727968645200264 0.47330070991533135 0.7747955729539856 0.2084210127742806 0.6654608224912764 0.0 0.2845564909865391 0.5206500971003661 0.433180572243949 0.7309352418546998 0.6444477435434589 0.969542773480935 0.5905178477803344 0.6357751549052463 0.8532183615895704 0.08182116513617455 0.22245727021442008 0.561180167288678
0.770175183029928 0.7225153421369548 0.15776519416314894 0.25857864051819723 0.8605759346309642 0.22353212309213777 0.3345688803739203 0.05723657633711687 0.4906747228429933 0.4608521689607139 0.2845564909865391 0.0 0.4089212784256576 0.5905708795323569 0.7869515454289815 0.5792336484122746 0.3344886518446849 0.9910376022894265 0.5920414438116292 0.049376024694118725 0.746177611925442 0.6359505451053602 0.5200941633333266
0.8751755052551489 0.21607070535691453 0.04791318970675473 0.012576956669993145 0.7326148103049347 0.08852386700947967 0.39363810934293053 0.9044213366644571 0.16439964918212857 0.9581090708849704 0.5206500971003661 0.4089212784256576 0.0 0.9013084488745571 0.48006892474799445 0.5421351207006725 0.3383083149558016 0.31816651782719796 0.43680560421245196 0.3061507686850853 0.5608479416790119 0.5111556489952135 0.6729219352786192
0.5435843574706299 0.24068843944560492 0.19701053394891344 0.5295227401649595 0.1159493706311987 0.794606759133665 0.4978757085535426 0.29349907081085613 0.6134908384825385 0.11073674924889498 0.433180572243949 0.5905708795323569 0.9013084488745571 0.0 0.6839158471054959 0.8367571859751254 0.6996930850219714 0.16652820239231614 0.3277584065906276 0.8778463404374068 0.11520191493723908 0.6157797259969541 0.8940582108644417
0.4195403724310639 0.6324655690780128 0.9249698018946684 0.330198354477791 0.6604125229752951 0.08781675636209263 0.06262249634589967 0.907312290666393 0.45047591836665934 0.672524761569198 0.7309352418546998 0.7869515454289815 0.48006892474799445 0.6839158471054959 0.0 0.01202891909050352 0.832054299738146 0.5904734439681086 0.2356216632656456 0.5501288170209775 0.4957632719899433 0.8502790877871442 0.6751582378541261
0.601096719840366 0.778426317117467 0.6994765447486955 0.07563488685335351 0.25273269483755456 0.6143602385766733 0.39018833037723977 0.8538416729511152 0.25968364044158865 0.4587759439254404 0.6444477435434589 0.5792336484122746 0.5421351207006725 0.8367571859751254 0.01202891909050352 0.0 0.28796485525880855 0.5663730166074536 0.6675259638628809 0.4197032546023629 0.6305604485379395 0.524099935036829 0.5481307417399207
0.25022287288819534 0.32462988327752196 0.2746943971545316 0.49437713063890576 0.6348686520134476 0.019080129372722188 0.009404756068823183 0.38885544626702695 0.6307870988663286 0.3192201353460564 0.969542773480935 0.3344886518446849 0.3383083149558016 0.6996930850219714 0.832054299738146 0.28796485525880855 0.0 0.020558528450245972 0.021613495774498337 0.5946280227031104 0.8311653703126464 0.4092991742150368 0.5889023141267696
0.868802350407127 0.642669341274202 0.14278551710786436 0.29217017366509557 0.7483075660295719 0.6032701809781242 0.8830975640588958 0.8602364321919805 0.26086980313704 0.7630780721045496 0.5905178477803344 0.9910376022894265 0.31816651782719796 0.16652820239231614 0.5904734439681086 0.5663730166074536 0.020558528450245972 0.0 0.9430635207289512 0.26572845288562597 0.4476208886341052 0.17509119924893946 0.9584058100927296
0.18648620989970277 0.6210759497600512 0.9606916123620223 0.15041157140319972 0.4786176326590922 0.47398875759522296 0.13916205773757673 0.693611748361917 0.5424662585040063 0.6994874791131285 0.6357751549052463 0.5920414438116292 0.43680560421245196 0.3277584065906276 0.2356216632656456 0.6675259638628809 0.021613495774498337 0.9430635207289512 0.0 0.813197635147065 0.11727936883328671 0.2134390334135956 0.2044925945628926
0.24635127980635618 0.3816257706351127 0.5823169279925626 0.21549129856764637 0.22069876901152863 0.3971306535396839 0.24763511851485054 0.654853342071222 0.6421835650435606 0.4667055513746621 0.8532183615895704 0.049376024694118725 0.3061507686850853 0.8778463404374068 0.5501288170209775 0.4197032546023629 0.5946280227031104 0.26572845288562597 0.813197635147065 0.0 0.6036042604102243 0.44609921282834286 0.22920315031207106
0.7085578073368572 0.09628835470823971 0.5826147951888658 0.3259404392350852 0.27384241906465034 0.8932926122959686 0.19443581083449202 0.2047482979268137 0.4366521198197837 0.35842467229966046 0.08182116513617455 0.746177611925442 0.5608479416790119 0.11520191493723908 0.4957632719899433 0.6305604485379395 0.8311653703126464 0.4476208886341052 0.11727936883328671 0.6036042604102243 0.0 0.8487291474427866 0.18678590102010717
0.9988900602191664 0.5287003149900191 0.45214209436600095 0.9534139932955095 0.7184203195634672 0.5718195201834723 0.15715142887719746 0.5895986115032411 0.12214258514451859 0.016785385612239745 0.22245727021442008 0.6359505451053602 0.5111556489952135 0.6157797259969541 0.8502790877871442 0.524099935036829 0.4092991742150368 0.17509119924893946 0.2134390334135956 0.44609921282834286 0.8487291474427866 0.0 0.017006900931866853
0.848974745470896 0.06799145466955447 0.832006831837351 0.9946797690094825 0.8393418438346049 0.21805230192730551 0.8211784141563053 0.7511406822812062 0.5646052525879748 0.6297083750664829 0.561180167288678 0.5200941633333266 0.6729219352786192 0.8940582108644417 0.6751582378541261 0.5481307417399207 0.5889023141267696 0.9584058100927296 0.2044925945628926 0.22920315031207106 0.18678590102010717 0.017006900931866853 0.0

# Optimal Walk
0 19 11 7 5 18 17 16 6 14 15 3 12 2 8 9 21 22 1 10 20 13 4 0
