# Graph size: 23
# Optimal cost: 1.984741398172274

# Distance Matrix
0.0 0.3393156543834406 0.5570430957638962 0.7525090593839979 0.5307010134822797 0.42629656611810796 0.2628053135720123 0.6898851028051562 0.7715267796437012 0.6016513151865757 0.27549729726657934 0.5283217568122415 0.5275130037589666 0.3915723554861529 0.4141823261633599 0.0014122135092783372 0.9296904468319382 0.2539362290477829 0.28587820476589954 0.9504044257022827 0.952361389724615 0.01798696422941881 0.7288617482822304
0.3393156543834406 0.0 0.9183762082716923 0.5773214115247286 0.7229154116943851 0.3143926125938509 0.4316519897989912 0.4568233914137678 0.6041447728401104 0.48501184940025455 0.7529152647708762 0.6461146568698081 0.4927334495515796 0.650734756494912 0.4226981565856093 0.3601681327690718 0.6911583308276308 0.838871691557288 0.21940497136833947 0.12426662970440316 0.46784280871701955 0.29887461487717215 0.2627541808751772
0.5570430957638962 0.9183762082716923 0.0 0.13438865332101368 0.6731458371338864 0.8005209836437303 0.861499387954489 0.1208836491276778 0.621129454161868 0.2319110722972837 0.36351622867292244 0.517712958761256 0.3042740503326462 0.5031682455326314 0.7048191195239912 0.2795722786451177 0.2124121048864892 0.6923965321433904 0.573798103828065 0.2605004412600168 0.5125027997415764 0.8323631779843844 0.10794251866121796
0.7525090593839979 0.5773214115247286 0.13438865332101368 0.0 0.6701181361589681 0.112471171362173 0.7295386304323151 0.8225451053409851 0.7574296464753538 0.18018748091711556 0.73153959990809 0.03435636035907186 0.5371593515832325 0.017763738239962024 0.4146859133566394 0.38788568098665854 0.06988396397395524 0.8016956843090689 0.7502951543761959 0.21802245552906607 0.5347608706858666 0.5909808994282968 0.4265033167624718
0.5307010134822797 0.7229154116943851 0.6731458371338864 0.6701181361589681 0.0 0.3898767568790139 0.09244113605491255 0.17819412447825 0.6518142418340452 0.9452158686231212 0.3257959266953844 0.8126035477502275 0.947243840806961 0.35459926707608713 0.8673731393443345 0.5597624284359818 0.14584009132829412 0.42529167511153176 0.6750408559227677 0.07861296353481095 0.061522786967573406 0.9472599342139801 0.3010626098237599
0.42629656611810796 0.3143926125938509 0.8005209836437303 0.112471171362173 0.3898767568790139 0.0 0.8949896748373023 0.06360246544873371 0.9730360657985943 0.4148894969795107 0.829512535321441 0.0990004663644497 0.22195584762124143 0.7862418217678453 0.09821019043262258 0.5411072897870887 0.4752581302233241 0.9125936106130106 0.7458166068544404 0.6123800967451516 0.9857575695267092 0.4839609351466694 0.49453469667535943
0.2628053135720123 0.4316519897989912 0.861499387954489 0.7295386304323151 0.09244113605491255 0.8949896748373023 0.0 0.027194069307976965 0.864278714722618 0.9179352989698158 0.7951630294158246 0.9321267151367252 0.12476768089088397 0.2691913208024518 0.8528330670211302 0.18276798593263022 0.5709724266339694 0.9202378836596855 0.6662053019148558 0.48931357764523153 0.9898104751221306 0.5939703873833873 0.666825227400287
0.6898851028051562 0.4568233914137678 0.1208836491276778 0.8225451053409851 0.17819412447825 0.06360246544873371 0.027194069307976965 0.0 0.9876122342567556 0.18001911315986818 0.3936212586838713 0.3744409448375209 0.3480023725965724 0.18940921201887617 0.7719942781379369 0.5944358867046726 0.6211874077467522 0.760021191844796 0.559408408568578 0.07513202772745842 0.6385630702982489 0.3877074225100652 0.4385644815726658
0.7715267796437012 0.6041447728401104 0.621129454161868 0.7574296464753538 0.6518142418340452 0.9730360657985943 0.864278714722618 0.9876122342567556 0.0 0.21556993524417867 0.9338238276117888 0.5911426918003713 0.5445887724908849 0.3684743100369511 0.8333403540140711 0.9549900730380114 0.18979471662639025 0.5184643991796659 0.5747131722105409 0.2629268222138107 0.06524510748518098 0.6321710714817007 0.05607219466113522
0.6016513151865757 0.48501184940025455 0.2319110722972837 0.18018748091711556 0.9452158686231212 0.4148894969795107 0.9179352989698158 0.18001911315986818 0.21556993524417867 0.0 0.5684612664204232 0.6549842630235921 0.7747732449954422 0.09310579837899202 0.3649477857142306 0.0138500605086197 0.16656812899090678 0.866467208347281 0.11093444449793233 0.5060642241197348 0.7135415702183711 0.5791197623608119 0.24295337746046974
0.27549729726657934 0.7529152647708762 0.36351622867292244 0.73153959990809 0.3257959266953844 0.829512535321441 0.7951630294158246 0.3936212586838713 0.9338238276117888 0.5684612664204232 0.0 0.57933840954965 0.1875059599241723 0.21134705216234362 0.4650914490289395 0.15802258742763386 0.15422488585093874 0.6605679242761331 0.5431546463185059 0.778861652944707 0.9520454658996615 0.4837598640420603 0.050966696710748716
0.5283217568122415 0.6461146568698081 0.517712958761256 0.03435636035907186 0.8126035477502275 0.0990004663644497 0.9321267151367252 0.3744409448375209 0.5911426918003713 0.6549842630235921 0.57933840954965 0.0 0.16421466699506382 0.5089103321991567 0.9222094045805604 0.5173186449020842 0.5301308400318937 0.5522235576753532 0.8814711585801386 0.20431271303009357 0.5604649343837862 0.8138956304201769 0.0638316795926892
0.5275130037589666 0.4927334495515796 0.3042740503326462 0.5371593515832325 0.947243840806961 0.22195584762124143 0.12476768089088397 0.3480023725965724 0.5445887724908849 0.7747732449954422 0.1875059599241723 0.16421466699506382 0.0 0.31132074601030624 0.6432540764375778 0.1619946856458816 0.5062386241916021 0.7435032286679675 0.6618668298707607 0.20078235070017292 0.3635692194635133 0.7098126490933447 0.360974932400862
0.3915723554861529 0.650734756494912 0.5031682455326314 0.017763738239962024 0.35459926707608713 0.7862418217678453 0.2691913208024518 0.18940921201887617 0.3684743100369511 0.09310579837899202 0.21134705216234362 0.5089103321991567 0.31132074601030624 0.0 0.7725146677601629 0.8952764958954418 0.32263013531592044 0.06618627004908118 0.9672393515414321 0.262865559163031 0.05966230841087494 0.3262178819580457 0.7009230958844919
0.4141823261633599 0.4226981565856093 0.7048191195239912 0.4146859133566394 0.8673731393443345 0.09821019043262258 0.8528330670211302 0.7719942781379369 0.8333403540140711 0.3649477857142306 0.4650914490289395 0.9222094045805604 0.6432540764375778 0.7725146677601629 0.0 0.9263165079132328 0.418450526980478 0.8677756297139131 0.6575932169383685 0.13948443018594636 0.34482224179051335 0.1058472770635206 0.40778053085527455
0.0014122135092783372 0.3601681327690718 0.2795722786451177 0.38788568098665854 0.5597624284359818 0.5411072897870887 0.18276798593263022 0.5944358867046726 0.9549900730380114 0.0138500605086197 0.15802258742763386 0.5173186449020842 0.1619946856458816 0.8952764958954418 0.9263165079132328 0.0 0.2876709885930365 0.04884019068807233 0.3359041749812961 0.8134011957441147 0.5849764933744848 0.6352820716712435 0.649545828007025
0.9296904468319382 0.6911583308276308 0.2124121048864892 0.06988396397395524 0.14584009132829412 0.4752581302233241 0.5709724266339694 0.6211874077467522 0.18979471662639025 0.16656812899090678 0.15422488585093874 0.5301308400318937 0.5062386241916021 0.32263013531592044 0.418450526980478 0.2876709885930365 0.0 0.4083167150920173 0.9547047665791205 0.5704095118968165 0.5614112263361865 0.3041637605800471 0.7530079934642177
0.2539362290477829 0.838871691557288 0.6923965321433904 0.8016956843090689 0.42529167511153176 0.9125936106130106 0.9202378836596855 0.760021191844796 0.5184643991796659 0.866467208347281 0.6605679242761331 0.5522235576753532 0.7435032286679675 0.06618627004908118 0.8677756297139131 0.04884019068807233 0.4083167150920173 0.0 0.382762062812927 0.31271898244498975 0.3126459757618366 0.3641220691350058 0.1529384043966745
0.28587820476589954 0.21940497136833947 0.573798103828065 0.7502951543761959 0.6750408559227677 0.7458166068544404 0.6662053019148558 0.559408408568578 0.5747131722105409 0.11093444449793233 0.5431546463185059 0.8814711585801386 0.6618668298707607 0.9672393515414321 0.6575932169383685 0.3359041749812961 0.9547047665791205 0.382762062812927 0.0 0.8255883340314094 0.3983321192265461 0.5949574510678205 0.28580336679584395
0.9504044257022827 0.12426662970440316 0.2605004412600168 0.21802245552906607 0.07861296353481095 0.6123800967451516 0.48931357764523153 0.07513202772745842 0.2629268222138107 0.5060642241197348 0.778861652944707 0.20431271303009357 0.20078235070017292 0.262865559163031 0.13948443018594636 0.8134011957441147 0.5704095118968165 0.31271898244498975 0.8255883340314094 0.0 0.3223314500773832 0.28010635283991303 0.22747455254915194
0.952361389724615 0.46784280871701955 0.5125027997415764 0.5347608706858666 0.061522786967573406 0.9857575695267092 0.9898104751221306 0.6385630702982489 0.06524510748518098 0.7135415702183711 0.9520454658996615 0.5604649343837862 0.3635692194635133 0.05966230841087494 0.34482224179051335 0.5849764933744848 0.5614112263361865 0.3126459757618366 0.3983321192265461 0.3223314500773832 0.0 0.7782861927514533 0.6951967370833146
0.01798696422941881 0.29887461487717215 0.8323631779843844 0.5909808994282968 0.9472599342139801 0.4839609351466694 0.5939703873833873 0.3877074225100652 0.6321710714817007 0.5791197623608119 0.4837598640420603 0.8138956304201769 0.7098126490933447 0.3262178819580457 0.1058472770635206 0.6352820716712435 0.3041637605800471 0.3641220691350058 0.5949574510678205 0.28010635283991303 0.7782861927514533 0.0 0.9847677734956065
0.7288617482822304 0.2627541808751772 0.10794251866121796 0.4265033167624718 0.3010626098237599 0.49453469667535943 0.666825227400287 0.4385644815726658 0.05607219466113522 0.24295337746046974 0.050966696710748716 0.0638316795926892 0.360974932400862 0.7009230958844919 0.40778053085527455 0.649545828007025 0.7530079934642177 0.1529384043966745 0.28580336679584395 0.22747455254915194 0.6951967370833146 0.9847677734956065 0.0

# Optimal Walk
0 17 15 9 18 1 19 4 20 8 22 10 2 16 13 3 11 12 6 7 5 14 21 0
