# Graph size: 23
# Optimal cost: 1.6574172697760188

# Distance Matrix
0.0 0.9789801403989519 0.25603379876203936 0.9176908441197162 0.34980723994312346 0.732588915000963 0.7066894870850102 0.06334625736986021 0.6966191489440925 0.8824853718525564 0.6644464046137144 0.6900289330523357 0.9269974746266085 0.5552547035854993 0.8994588916977889 0.14010796210693954 0.43280260580487373 0.9896452911713177 0.3837648973770781 0.9222509593464121 0.17220292478520238 0.625380765885539 0.6631460475068619
0.9789801403989519 0.0 0.9059761641137727 0.8388222288462736 0.06880414211940555 0.9862899264095284 0.7267922674153631 0.24657892948236793 0.8765467524772087 0.4696056798454761 0.20688773500241064 0.15436832005579404 0.5212656918548537 0.4754572533176872 0.5348085513499159 0.7947785908075385 0.6075961013593472 0.812244049525579 0.6672896775244267 0.44232066453160224 0.3918152452151016 0.3266711726475626 0.917381931006807
0.25603379876203936 0.9059761641137727 0.0 0.4591901792390949 0.9253172920713911 0.9517169239412592 0.9752428897761202 0.39036988704358666 0.6898494268528784 0.2982185329933358 0.6714365744710062 0.844919122836305 0.4215611222609609 0.43366115755383605 0.6373135911438759 0.09658656390219622 0.9312701333190474 0.5786696791306627 0.6430199011156658 0.5644209725779605 0.11995043301215058 0.06986639049165488 0.8009085578352347
0.9176908441197162 0.8388222288462736 0.4591901792390949 0.0 0.5928445364694999 0.06129883739690145 0.08717226697664582 0.010605969453410635 0.24069142696634338 0.9773382510348209 0.3242928114788033 0.9917104089734889 0.11000429522691235 0.16836775854323627 0.9930445923573329 0.0010768083316904375 0.5979197262578683 0.4751706920695128 0.29534141186941565 0.8638693518716765 0.33876297759157326 0.6492436719587582 0.771074348131994
0.34980723994312346 0.06880414211940555 0.9253172920713911 0.5928445364694999 0.0 0.2610385117326448 0.01851171550587405 0.08591104809369665 0.7357828930686205 0.31060747100159525 0.19007698995685518 0.7355410564076703 0.35892926439051887 0.35612777377381666 0.1953888495240057 0.6496809332973981 0.8017515721604108 0.5328918426138434 0.8090638045995696 0.5417806140793132 0.23308579214234593 0.12096572142306894 0.758469073877211
0.732588915000963 0.9862899264095284 0.9517169239412592 0.06129883739690145 0.2610385117326448 0.0 0.9462752466900413 0.4722104256717494 0.9138327606901814 0.8462888748741201 0.045149423027447844 0.469682054245267 0.8324146246664896 0.004236413802337413 0.9977065655362297 0.8302936088426102 0.7964633487336407 0.24034418208326835 0.6571190460527031 0.10670157416980586 0.42879430438973964 0.1073050189008401 0.886436032956111
0.7066894870850102 0.7267922674153631 0.9752428897761202 0.08717226697664582 0.01851171550587405 0.9462752466900413 0.0 0.6479326126830082 0.5125566717143224 0.01562432019286164 0.29707774480506377 0.3738934326528097 0.24771424239472106 0.44288401121784615 0.12444601861191762 0.9651725079454285 0.2601368089408257 0.8492068329458604 0.12813308571902005 0.6068359365306568 0.005177565611509727 0.8990496668610493 0.858311697772718
0.06334625736986021 0.24657892948236793 0.39036988704358666 0.010605969453410635 0.08591104809369665 0.4722104256717494 0.6479326126830082 0.0 0.6055841179187419 0.6773400096258282 0.410742642487791 0.36524137713089655 0.9115492635412055 0.9886133038081996 0.30773077958478035 0.44542731196670615 0.8191789491516254 0.21028208644195523 0.7292630828932866 0.8158197548044057 0.8960638172075992 0.6864931897161514 0.37331386315259807
0.6966191489440925 0.8765467524772087 0.6898494268528784 0.24069142696634338 0.7357828930686205 0.9138327606901814 0.5125566717143224 0.6055841179187419 0.0 0.18654334009165363 0.49423252084590286 0.6225885041125876 0.09080959377267639 0.06299763088542443 0.03535041869472566 0.3271891103006508 0.7277739291450354 0.249771170207298 0.6294229145772418 0.24424337048780675 0.22079243088609635 0.45166352467771487 0.4860184960567391
0.8824853718525564 0.4696056798454761 0.2982185329933358 0.9773382510348209 0.31060747100159525 0.8462888748741201 0.01562432019286164 0.6773400096258282 0.18654334009165363 0.0 0.049727411039241276 0.9912377279938451 0.0712110463948723 0.007690207435360863 0.8074133177635505 0.754984754417884 0.28746340166472295 0.41718864363560315 0.6790967803359279 0.9668851377553174 0.7673600820732296 0.2632236325929307 0.9669029655819182
0.6644464046137144 0.20688773500241064 0.6714365744710062 0.3242928114788033 0.19007698995685518 0.045149423027447844 0.29707774480506377 0.410742642487791 0.49423252084590286 0.049727411039241276 0.0 0.25305808676028196 0.9089071277650398 0.17394565987499988 0.328765133622554 0.34909531273252703 0.3444560769038616 0.782982242154028 0.852897841911988 0.25856549300863274 0.5427389342786633 0.8397785480682708 0.3030626489586411
0.6900289330523357 0.15436832005579404 0.844919122836305 0.9917104089734889 0.7355410564076703 0.469682054245267 0.3738934326528097 0.36524137713089655 0.6225885041125876 0.9912377279938451 0.25305808676028196 0.0 0.5737435968340527 0.7399137871132347 0.1341556257186819 0.2536511926787639 0.15927897520598833 0.10272841855525805 0.014413461644864789 0.022086530143186178 0.6895556871191545 0.9810095726292584 0.9589707202846978
0.9269974746266085 0.5212656918548537 0.4215611222609609 0.11000429522691235 0.35892926439051887 0.8324146246664896 0.24771424239472106 0.9115492635412055 0.09080959377267639 0.0712110463948723 0.9089071277650398 0.5737435968340527 0.0 0.2757708913157435 0.8517868747457731 0.3420380726990978 0.8734460412610571 0.9417839711468734 0.3794250449663693 0.9959709740027596 0.5282511829669053 0.5797626780430477 0.4642579304326161
0.5552547035854993 0.4754572533176872 0.43366115755383605 0.16836775854323627 0.35612777377381666 0.004236413802337413 0.44288401121784615 0.9886133038081996 0.06299763088542443 0.007690207435360863 0.17394565987499988 0.7399137871132347 0.2757708913157435 0.0 0.019323783385503446 0.8261791625523165 0.6918698292007673 0.510600077568417 0.8626272244671663 0.39513531000095536 0.5384860071018277 0.6412780473803121 0.9887245707749411
0.8994588916977889 0.5348085513499159 0.6373135911438759 0.9930445923573329 0.1953888495240057 0.9977065655362297 0.12444601861191762 0.30773077958478035 0.03535041869472566 0.8074133177635505 0.328765133622554 0.1341556257186819 0.8517868747457731 0.019323783385503446 0.0 0.3380728174845663 0.9042347427424675 0.842647109542116 0.5297771681508874 0.8403589958635542 0.9161787540986331 0.14466604426741614 0.3738975402130168
0.14010796210693954 0.7947785908075385 0.09658656390219622 0.0010768083316904375 0.6496809332973981 0.8302936088426102 0.9651725079454285 0.44542731196670615 0.3271891103006508 0.754984754417884 0.34909531273252703 0.2536511926787639 0.3420380726990978 0.8261791625523165 0.3380728174845663 0.0 0.734211663873979 0.4545004027214665 0.7720954661905264 0.29643047803688083 0.05050990224077201 0.9157070244375534 0.7741747247020753
0.43280260580487373 0.6075961013593472 0.9312701333190474 0.5979197262578683 0.8017515721604108 0.7964633487336407 0.2601368089408257 0.8191789491516254 0.7277739291450354 0.28746340166472295 0.3444560769038616 0.15927897520598833 0.8734460412610571 0.6918698292007673 0.9042347427424675 0.734211663873979 0.0 0.23625472448446572 0.050197241684030836 0.08937792953152812 0.24267099367982314 0.5840789799600269 0.2206590103013516
0.9896452911713177 0.812244049525579 0.5786696791306627 0.4751706920695128 0.5328918426138434 0.24034418208326835 0.8492068329458604 0.21028208644195523 0.249771170207298 0.41718864363560315 0.782982242154028 0.10272841855525805 0.9417839711468734 0.510600077568417 0.842647109542116 0.4545004027214665 0.23625472448446572 0.0 0.6916962628397522 0.8619833837544105 0.3975576934518231 0.24687053223048905 0.6624859076096365
0.3837648973770781 0.6672896775244267 0.6430199011156658 0.29534141186941565 0.8090638045995696 0.6571190460527031 0.12813308571902005 0.7292630828932866 0.6294229145772418 0.6790967803359279 0.852897841911988 0.014413461644864789 0.3794250449663693 0.8626272244671663 0.5297771681508874 0.7720954661905264 0.050197241684030836 0.6916962628397522 0.0 0.20002418120592436 0.7871537303676376 0.02277582286419999 0.6771999868845936
0.9222509593464121 0.44232066453160224 0.5644209725779605 0.8638693518716765 0.5417806140793132 0.10670157416980586 0.6068359365306568 0.8158197548044057 0.24424337048780675 0.9668851377553174 0.25856549300863274 0.022086530143186178 0.9959709740027596 0.39513531000095536 0.8403589958635542 0.29643047803688083 0.08937792953152812 0.8619833837544105 0.20002418120592436 0.0 0.844888058155147 0.3270263182742329 0.35527141931880046
0.17220292478520238 0.3918152452151016 0.11995043301215058 0.33876297759157326 0.23308579214234593 0.42879430438973964 0.005177565611509727 0.8960638172075992 0.22079243088609635 0.7673600820732296 0.5427389342786633 0.6895556871191545 0.5282511829669053 0.5384860071018277 0.9161787540986331 0.05050990224077201 0.24267099367982314 0.3975576934518231 0.7871537303676376 0.844888058155147 0.0 0.45128384370481733 0.21985921786396045
0.625380765885539 0.3266711726475626 0.06986639049165488 0.6492436719587582 0.12096572142306894 0.1073050189008401 0.8990496668610493 0.6864931897161514 0.45166352467771487 0.2632236325929307 0.8397785480682708 0.9810095726292584 0.5797626780430477 0.6412780473803121 0.14466604426741614 0.9157070244375534 0.5840789799600269 0.24687053223048905 0.02277582286419999 0.3270263182742329 0.45128384370481733 0.0 0.23682452747384863
0.6631460475068619 0.917381931006807 0.8009085578352347 0.771074348131994 0.758469073877211 0.886436032956111 0.858311697772718 0.37331386315259807 0.4860184960567391 0.9669029655819182 0.3030626489586411 0.9589707202846978 0.4642579304326161 0.9887245707749411 0.3738975402130168 0.7741747247020753 0.2206590103013516 0.6624859076096365 0.6771999868845936 0.35527141931880046 0.21985921786396045 0.23682452747384863 0.0

# Optimal Walk
0 7 12 8 14 13 5 10 9 6 4 1 20 22 16 18 19 11 17 21 2 15 3 0
