# MCW Instance
# Type: UNIFORM
# N: 23
# Optimal cost: 1.9109510078307284
# Optimal tour (permutation): [0, 7, 15, 4, 3, 2, 8, 11, 6, 18, 20, 19, 10, 21, 12, 14, 13, 9, 1, 5, 16, 17, 22, 0]
# Optimal walk (full path): [0, 7, 15, 4, 2, 3, 2, 8, 6, 11, 6, 18, 20, 19, 20, 10, 21, 12, 9, 14, 13, 14, 9, 1, 5, 1, 9, 16, 17, 22, 0]
# Walk size: 31
# Is walk (has repeats): true

# Distance Matrix
0.0000000000 0.7716571691 0.8968461628 0.1186654910 0.7552502729 0.8410238693 0.9371041522 0.0388686089 0.2301959731 0.8570780210 0.3513856656 0.9905984904 0.6153718621 0.2820037631 0.4986757358 0.9163118347 0.4883209561 0.6743857408 0.1512315073 0.2436639527 0.5803138256 0.7357262167 0.1503228320
0.7716571691 0.0000000000 0.6221546139 0.6253500349 0.0867759784 0.0151525650 0.8827669662 0.4852302028 0.7720000514 0.0318419124 0.3717528921 0.3749478154 0.1164768180 0.5769063693 0.2013198169 0.6308143800 0.9667548940 0.6884360833 0.6328260671 0.6131451252 0.5356691307 0.1882338557 0.7621923894
0.8968461628 0.6221546139 0.0000000000 0.0159966119 0.0408435048 0.9794531825 0.9125902349 0.0683620941 0.0775852339 0.4968173967 0.6560673052 0.8543938850 0.1991008396 0.6702904428 0.1836242590 0.2546365410 0.4904420833 0.1781086343 0.8223561030 0.8159185815 0.0173153495 0.2113718694 0.8586251419
0.1186654910 0.6253500349 0.0159966119 0.0000000000 0.1944643493 0.9068651786 0.4499320162 0.4678326472 0.6849520521 0.4747694256 0.4581046563 0.4742086091 0.7476577637 0.2514592535 0.2487705794 0.8681402419 0.3764893398 0.9800047376 0.3357208250 0.4939116172 0.6126281786 0.6591825037 0.1966400682
0.7552502729 0.0867759784 0.0408435048 0.1944643493 0.0000000000 0.0873283145 0.5016613197 0.4874690843 0.7029103595 0.8905524513 0.3164993143 0.1271799836 0.7374576855 0.4005752141 0.9240407433 0.0527006768 0.9181521465 0.4181052626 0.7604573284 0.8727330098 0.0718117216 0.4552533997 0.9981379068
0.8410238693 0.0151525650 0.9794531825 0.9068651786 0.0873283145 0.0000000000 0.4237064027 0.8626489135 0.7332448995 0.1367439749 0.1199802363 0.7690383067 0.4554930465 0.4314927695 0.5161900916 0.4237723473 0.7767183680 0.2836989932 0.2880672330 0.1855115683 0.9054003857 0.9617693064 0.8702872328
0.9371041522 0.8827669662 0.9125902349 0.4499320162 0.5016613197 0.4237064027 0.0000000000 0.6929247421 0.0746992604 0.7952582648 0.8033803010 0.0680533424 0.6960873184 0.2902587965 0.4364621562 0.3817235442 0.8702813298 0.4513134935 0.0085212429 0.9713689077 0.5716680300 0.9631978226 0.2882242122
0.0388686089 0.4852302028 0.0683620941 0.4678326472 0.4874690843 0.8626489135 0.6929247421 0.0000000000 0.2104146457 0.2452674382 0.7853401799 0.8906788288 0.3684147039 0.2593792889 0.1423075417 0.1093189219 0.2724211140 0.6424102430 0.8556999209 0.6020538496 0.5826044956 0.7989805495 0.4559605178
0.2301959731 0.7720000514 0.0775852339 0.6849520521 0.7029103595 0.7332448995 0.0746992604 0.2104146457 0.0000000000 0.5530505228 0.6289334534 0.4482607075 0.5370230670 0.9949931755 0.9207601159 0.8565900300 0.3723810115 0.8213921423 0.6374473959 0.5467808214 0.8980784157 0.6444900331 0.6357132426
0.8570780210 0.0318419124 0.4968173967 0.4747694256 0.8905524513 0.1367439749 0.7952582648 0.2452674382 0.5530505228 0.0000000000 0.0581130849 0.7862853983 0.0615397619 0.7681560079 0.0038767308 0.4825358650 0.0807058218 0.5974640653 0.6274191559 0.7603687379 0.4275663632 0.9121017898 0.2930084907
0.3513856656 0.3717528921 0.6560673052 0.4581046563 0.3164993143 0.1199802363 0.8033803010 0.7853401799 0.6289334534 0.0581130849 0.0000000000 0.5590283812 0.2041705265 0.8018034974 0.8644234052 0.6130437107 0.9048322601 0.4349953561 0.7220327963 0.6569195867 0.1063172935 0.0953050094 0.2482295435
0.9905984904 0.3749478154 0.8543938850 0.4742086091 0.1271799836 0.7690383067 0.0680533424 0.8906788288 0.4482607075 0.7862853983 0.5590283812 0.0000000000 0.7938383535 0.2448082699 0.4806070184 0.9714347804 0.9541831220 0.7680078602 0.7455922498 0.2004898031 0.2378586557 0.6079674821 0.2776371080
0.6153718621 0.1164768180 0.1991008396 0.7476577637 0.7374576855 0.4554930465 0.6960873184 0.3684147039 0.5370230670 0.0615397619 0.2041705265 0.7938383535 0.0000000000 0.9041053139 0.3338000324 0.3587050702 0.7357888971 0.7941384550 0.1407223787 0.7624023139 0.4539717556 0.0568199191 0.1750805834
0.2820037631 0.5769063693 0.6702904428 0.2514592535 0.4005752141 0.4314927695 0.2902587965 0.2593792889 0.9949931755 0.7681560079 0.8018034974 0.2448082699 0.9041053139 0.0000000000 0.1089483369 0.9120568582 0.9426552753 0.3453702733 0.9358228292 0.6122301349 0.4735755923 0.1963166248 0.9787889348
0.4986757358 0.2013198169 0.1836242590 0.2487705794 0.9240407433 0.5161900916 0.4364621562 0.1423075417 0.9207601159 0.0038767308 0.8644234052 0.4806070184 0.3338000324 0.1089483369 0.0000000000 0.3631289779 0.8550147862 0.7821611243 0.6685925525 0.6705093451 0.7909418017 0.9151705743 0.5948406019
0.9163118347 0.6308143800 0.2546365410 0.8681402419 0.0527006768 0.4237723473 0.3817235442 0.1093189219 0.8565900300 0.4825358650 0.6130437107 0.9714347804 0.3587050702 0.9120568582 0.3631289779 0.0000000000 0.6607428617 0.7914780416 0.6536565359 0.2654584652 0.7222334964 0.7355818438 0.5432077744
0.4883209561 0.9667548940 0.4904420833 0.3764893398 0.9181521465 0.7767183680 0.8702813298 0.2724211140 0.3723810115 0.0807058218 0.9048322601 0.9541831220 0.7357888971 0.9426552753 0.8550147862 0.6607428617 0.0000000000 0.1786025192 0.8398816107 0.4053827165 0.3055020742 0.6936306778 0.4190128546
0.6743857408 0.6884360833 0.1781086343 0.9800047376 0.4181052626 0.2836989932 0.4513134935 0.6424102430 0.8213921423 0.5974640653 0.4349953561 0.7680078602 0.7941384550 0.3453702733 0.7821611243 0.7914780416 0.1786025192 0.0000000000 0.4441009672 0.3809779416 0.4387102029 0.2477280775 0.2060881715
0.1512315073 0.6328260671 0.8223561030 0.3357208250 0.7604573284 0.2880672330 0.0085212429 0.8556999209 0.6374473959 0.6274191559 0.7220327963 0.7455922498 0.1407223787 0.9358228292 0.6685925525 0.6536565359 0.8398816107 0.4441009672 0.0000000000 0.9748107915 0.0248687382 0.1304196312 0.2653773359
0.2436639527 0.6131451252 0.8159185815 0.4939116172 0.8727330098 0.1855115683 0.9713689077 0.6020538496 0.5467808214 0.7603687379 0.6569195867 0.2004898031 0.7624023139 0.6122301349 0.6705093451 0.2654584652 0.4053827165 0.3809779416 0.9748107915 0.0000000000 0.0300522465 0.6497710384 0.6402386300
0.5803138256 0.5356691307 0.0173153495 0.6126281786 0.0718117216 0.9054003857 0.5716680300 0.5826044956 0.8980784157 0.4275663632 0.1063172935 0.2378586557 0.4539717556 0.4735755923 0.7909418017 0.7222334964 0.3055020742 0.4387102029 0.0248687382 0.0300522465 0.0000000000 0.9282314550 0.8574553687
0.7357262167 0.1882338557 0.2113718694 0.6591825037 0.4552533997 0.9617693064 0.9631978226 0.7989805495 0.6444900331 0.9121017898 0.0953050094 0.6079674821 0.0568199191 0.1963166248 0.9151705743 0.7355818438 0.6936306778 0.2477280775 0.1304196312 0.6497710384 0.9282314550 0.0000000000 0.7692304385
0.1503228320 0.7621923894 0.8586251419 0.1966400682 0.9981379068 0.8702872328 0.2882242122 0.4559605178 0.6357132426 0.2930084907 0.2482295435 0.2776371080 0.1750805834 0.9787889348 0.5948406019 0.5432077744 0.4190128546 0.2060881715 0.2653773359 0.6402386300 0.8574553687 0.7692304385 0.0000000000
