# Graph size: 23
# Optimal cost: 1.9370772443193391

# Distance Matrix
0.0 0.12126163066255624 0.9410411845814097 0.1699167364530203 0.01721310646042029 0.27888866632897524 0.6832461320736887 0.6823264001761452 0.6812116867750235 0.7975887609026042 0.1678584968186131 0.9493331334659492 0.8858048101138012 0.4308516858333822 0.1927658753909024 0.07302324996175058 0.4806905749974818 0.2649351606369208 0.3884196294686112 0.5531545539359324 0.7097419425379279 0.8210232315794406 0.15730521237150452
0.12126163066255624 0.0 0.16306161081801018 0.1861448905310531 0.9860751848293223 0.07367194797166132 0.41696228044156713 0.9514686217445559 0.6222488903253254 0.6844706381887223 0.2563811653446667 0.481979354037979 0.5807594669687067 0.12998678873074243 0.2250080149938153 0.37367367181819533 0.5032601282518516 0.5114458575810357 0.3241601244107566 0.836921317459072 0.23230914095563204 0.47290619237436293 0.945119264807782
0.9410411845814097 0.16306161081801018 0.0 0.0622712884496911 0.8722130858317552 0.03604456070004591 0.7599659825040858 0.9808894046985436 0.5425132999323976 0.32897789977678005 0.21913450349278518 0.9362592265418679 0.6486088647074939 0.4840543258581216 0.35176423138651436 0.308192708489633 0.057486124886889756 0.6445850739338745 0.8940244706417856 0.18586056786016414 0.9112513016862226 0.7167786133256145 0.3809411808319285
0.1699167364530203 0.1861448905310531 0.0622712884496911 0.0 0.7734667895411228 0.9371393745276867 0.23067687179151297 0.7288557083056337 0.33035551785666484 0.019898571412591215 0.43268255145402557 0.008497307169967883 0.09675275759244306 0.49092719825190745 0.5223060981566429 0.5627526451791435 0.8370093268933624 0.05826502260995392 0.7670490247894953 0.35856712195019447 0.34412565812570683 0.5525190009562009 0.0818803563605961
0.01721310646042029 0.9860751848293223 0.8722130858317552 0.7734667895411228 0.0 0.4790144387431563 0.49250276264131077 0.6960291498663823 0.5435513093453852 0.9594221081096427 0.20027843691179636 0.9160567776199778 0.22503268193568682 0.7505428638378608 0.9682710724193117 0.8175044411321969 0.6816484592245184 0.4521125594962425 0.49946777319407154 0.3066531456001813 0.39801815593096457 0.6017375100656017 0.27115812301911824
0.27888866632897524 0.07367194797166132 0.03604456070004591 0.9371393745276867 0.4790144387431563 0.0 0.514628771937413 0.513709607803459 0.7269052213083439 0.8312278227188189 0.607786574523084 0.1855426405904026 0.07201450944321286 0.02079163442905274 0.2919291386498779 0.015773678242042788 0.8976721575209022 0.2872584519886556 0.31824945311654307 0.07792981364441576 0.516104974745723 0.7450856958141245 0.5811175880470116
0.6832461320736887 0.41696228044156713 0.7599659825040858 0.23067687179151297 0.49250276264131077 0.514628771937413 0.0 0.20585042066137882 0.7743878546172612 0.6658939378927852 0.461305992057098 0.37653294941179316 0.5262896158306305 0.6352772922778293 0.9129748598504445 0.21366932290759855 0.7438903825778646 0.7005585427269604 0.41871568413173055 0.8662974814019069 0.3117254983177551 0.4519025017724936 0.3441777261563356
0.6823264001761452 0.9514686217445559 0.9808894046985436 0.7288557083056337 0.6960291498663823 0.513709607803459 0.20585042066137882 0.0 0.7757825283114089 0.21906285503503187 0.1286150505157625 0.4122786278846784 0.13438071265789808 0.8200214640679299 0.5231190087269595 0.9867266412682123 0.15992792738111694 0.06659171735028713 0.6670127864087617 0.605559367371691 0.66373496930102 0.13621815548379934 0.0267810333427283
0.6812116867750235 0.6222488903253254 0.5425132999323976 0.33035551785666484 0.5435513093453852 0.7269052213083439 0.7743878546172612 0.7757825283114089 0.0 0.737629484699439 0.7725588027083398 0.6734578884565363 0.2111410635021328 0.04844496559625733 0.08056031764768135 0.9443293195381774 0.9976729133454244 0.5564981524131866 0.9534462461781338 0.5623169499454567 0.8232944670985862 0.9371938226891606 0.184533207414594
0.7975887609026042 0.6844706381887223 0.32897789977678005 0.019898571412591215 0.9594221081096427 0.8312278227188189 0.6658939378927852 0.21906285503503187 0.737629484699439 0.0 0.08660019199220181 0.7513077426165047 0.8887137865175901 0.711260526597081 0.7159249819371016 0.3271562709344745 0.9126315450017559 0.6407171241306655 0.5056395259500291 0.6656970874252355 0.08181727182409937 0.40403775349093407 0.020765829430148153
0.1678584968186131 0.2563811653446667 0.21913450349278518 0.43268255145402557 0.20027843691179636 0.607786574523084 0.461305992057098 0.1286150505157625 0.7725588027083398 0.08660019199220181 0.0 0.5747061048142909 0.3691501005028458 0.46206181443671757 0.10458141538959487 0.5124981176306379 0.8927809608500601 0.6184380673394235 0.4900363614168891 0.7019582501378069 0.9971661717687759 0.6613969662259932 0.3104329339237998
0.9493331334659492 0.481979354037979 0.9362592265418679 0.008497307169967883 0.9160567776199778 0.1855426405904026 0.37653294941179316 0.4122786278846784 0.6734578884565363 0.7513077426165047 0.5747061048142909 0.0 0.7789445982565179 0.4338180098043718 0.7517015157353154 0.17614594604565315 0.9399366604083248 0.03169559015713974 0.7018269296582771 0.37576447703912486 0.6719676541261863 0.15438565221571077 0.05020795749402973
0.8858048101138012 0.5807594669687067 0.6486088647074939 0.09675275759244306 0.22503268193568682 0.07201450944321286 0.5262896158306305 0.13438071265789808 0.2111410635021328 0.8887137865175901 0.3691501005028458 0.7789445982565179 0.0 0.9328862645304985 0.7972931502625158 0.9296994420787478 0.6244323237476871 0.7038982394701704 0.7459127604105682 0.7070384872683573 0.10854720635497139 0.43742784355305564 0.6809748128574175
0.4308516858333822 0.12998678873074243 0.4840543258581216 0.49092719825190745 0.7505428638378608 0.02079163442905274 0.6352772922778293 0.8200214640679299 0.04844496559625733 0.711260526597081 0.46206181443671757 0.4338180098043718 0.9328862645304985 0.0 0.44885857449605704 0.982185345524962 0.7327516936053782 0.3452592964593987 0.7947880871533763 0.08300582335611228 0.13229939160346338 0.27134708680331965 0.35043254504813404
0.1927658753909024 0.2250080149938153 0.35176423138651436 0.5223060981566429 0.9682710724193117 0.2919291386498779 0.9129748598504445 0.5231190087269595 0.08056031764768135 0.7159249819371016 0.10458141538959487 0.7517015157353154 0.7972931502625158 0.44885857449605704 0.0 0.9589844104074647 0.1624920146724953 0.30374861658030516 0.3476253357763156 0.12337638954336372 0.99750641586282 0.2181785399286923 0.198859185136802
0.07302324996175058 0.37367367181819533 0.308192708489633 0.5627526451791435 0.8175044411321969 0.015773678242042788 0.21366932290759855 0.9867266412682123 0.9443293195381774 0.3271562709344745 0.5124981176306379 0.17614594604565315 0.9296994420787478 0.982185345524962 0.9589844104074647 0.0 0.30271488862366247 0.5621578641136208 0.5913271613999896 0.6258614827542051 0.776996033174727 0.3129452274258355 0.9738938432199499
0.4806905749974818 0.5032601282518516 0.057486124886889756 0.8370093268933624 0.6816484592245184 0.8976721575209022 0.7438903825778646 0.15992792738111694 0.9976729133454244 0.9126315450017559 0.8927809608500601 0.9399366604083248 0.6244323237476871 0.7327516936053782 0.1624920146724953 0.30271488862366247 0.0 0.9807513354641054 0.9512417972933009 0.6404046184594244 0.850310779539145 0.09794434739476465 0.36892008033366575
0.2649351606369208 0.5114458575810357 0.6445850739338745 0.05826502260995392 0.4521125594962425 0.2872584519886556 0.7005585427269604 0.06659171735028713 0.5564981524131866 0.6407171241306655 0.6184380673394235 0.03169559015713974 0.7038982394701704 0.3452592964593987 0.30374861658030516 0.5621578641136208 0.9807513354641054 0.0 0.8212685208934658 0.8305009202658179 0.5159465274749728 0.4802410267455197 0.715529522167607
0.3884196294686112 0.3241601244107566 0.8940244706417856 0.7670490247894953 0.49946777319407154 0.31824945311654307 0.41871568413173055 0.6670127864087617 0.9534462461781338 0.5056395259500291 0.4900363614168891 0.7018269296582771 0.7459127604105682 0.7947880871533763 0.3476253357763156 0.5913271613999896 0.9512417972933009 0.8212685208934658 0.0 0.012176373453389955 0.19040585775627905 0.6121372380332366 0.9513589714103377
0.5531545539359324 0.836921317459072 0.18586056786016414 0.35856712195019447 0.3066531456001813 0.07792981364441576 0.8662974814019069 0.605559367371691 0.5623169499454567 0.6656970874252355 0.7019582501378069 0.37576447703912486 0.7070384872683573 0.08300582335611228 0.12337638954336372 0.6258614827542051 0.6404046184594244 0.8305009202658179 0.012176373453389955 0.0 0.4765988573078058 0.8832665054713371 0.7517750426325129
0.7097419425379279 0.23230914095563204 0.9112513016862226 0.34412565812570683 0.39801815593096457 0.516104974745723 0.3117254983177551 0.66373496930102 0.8232944670985862 0.08181727182409937 0.9971661717687759 0.6719676541261863 0.10854720635497139 0.13229939160346338 0.99750641586282 0.776996033174727 0.850310779539145 0.5159465274749728 0.19040585775627905 0.4765988573078058 0.0 0.16993263566835137 0.4363873893491418
0.8210232315794406 0.47290619237436293 0.7167786133256145 0.5525190009562009 0.6017375100656017 0.7450856958141245 0.4519025017724936 0.13621815548379934 0.9371938226891606 0.40403775349093407 0.6613969662259932 0.15438565221571077 0.43742784355305564 0.27134708680331965 0.2181785399286923 0.3129452274258355 0.09794434739476465 0.4802410267455197 0.6121372380332366 0.8832665054713371 0.16993263566835137 0.0 0.25759723282117697
0.15730521237150452 0.945119264807782 0.3809411808319285 0.0818803563605961 0.27115812301911824 0.5811175880470116 0.3441777261563356 0.0267810333427283 0.184533207414594 0.020765829430148153 0.3104329339237998 0.05020795749402973 0.6809748128574175 0.35043254504813404 0.198859185136802 0.9738938432199499 0.36892008033366575 0.715529522167607 0.9513589714103377 0.7517750426325129 0.4363873893491418 0.25759723282117697 0.0

# Optimal Walk
0 4 15 6 7 22 9 17 11 3 10 14 8 13 18 19 5 12 20 21 16 2 1 0
