# MCW Instance
# Type: UNIFORM
# N: 23
# Optimal cost: 2.4217962850226065
# Optimal tour (permutation): [0, 3, 10, 21, 6, 1, 13, 4, 22, 7, 8, 11, 18, 12, 9, 20, 17, 15, 19, 2, 5, 16, 14, 0]
# Optimal walk (full path): [0, 3, 10, 21, 6, 1, 13, 4, 22, 7, 8, 11, 18, 12, 9, 12, 20, 17, 2, 15, 2, 19, 2, 5, 16, 14, 0]
# Walk size: 27
# Is walk (has repeats): true

# Distance Matrix
0.0000000000 0.5976501211 0.4648663049 0.1526506325 0.8039840638 0.7454859542 0.9962756819 0.3690875586 0.4392354392 0.9679319264 0.5290159681 0.6272922191 0.5220469440 0.9021653716 0.2253279685 0.9067244817 0.5802399255 0.4745419767 0.4448050951 0.5279586666 0.8426167333 0.9659359875 0.5638204441
0.5976501211 0.0000000000 0.1132538090 0.8458485242 0.5553531296 0.3910011098 0.0134484108 0.7969716759 0.5603519988 0.5781947168 0.7209862155 0.9742381084 0.8906625336 0.2007864349 0.6023549669 0.3641039543 0.8104904437 0.9868893410 0.8779475210 0.6784301047 0.9653491977 0.5118449280 0.1533306624
0.4648663049 0.1132538090 0.0000000000 0.8735069833 0.7708618981 0.0426345014 0.9631339865 0.3013055508 0.6838271399 0.6162163628 0.7272473606 0.6633947096 0.5799449737 0.3664678666 0.2387425203 0.0092553262 0.4479499585 0.0763251802 0.3039103214 0.1232593160 0.8765002743 0.4248779358 0.4370323195
0.1526506325 0.8458485242 0.8735069833 0.0000000000 0.7783718451 0.3580234772 0.4235898855 0.5759815562 0.4996735553 0.2628206072 0.0914808764 0.6294740191 0.6770886405 0.4470825842 0.5060191436 0.2927690115 0.0942440462 0.8500735319 0.9846375852 0.9758428513 0.1991738067 0.1085883714 0.3012010913
0.8039840638 0.5553531296 0.7708618981 0.7783718451 0.0000000000 0.8765375425 0.7326215544 0.1708922157 0.5224167252 0.2009116563 0.6509837832 0.1277019699 0.2610918510 0.2839982857 0.6334747497 0.9943712066 0.8863102844 0.8964005540 0.8468836626 0.9762912857 0.5050096376 0.3356324308 0.0563335425
0.7454859542 0.3910011098 0.0426345014 0.3580234772 0.8765375425 0.0000000000 0.8286233251 0.3351078633 0.9958388544 0.6167401094 0.2818269636 0.4272407347 0.9855056203 0.3572083933 0.1460536677 0.5603358576 0.0199962052 0.8793935287 0.6303236561 0.5356634704 0.2542295059 0.3308916180 0.6165072555
0.9962756819 0.0134484108 0.9631339865 0.4235898855 0.7326215544 0.8286233251 0.0000000000 0.0246677047 0.9405384262 0.2860151757 0.1134830237 0.5877964913 0.7977263999 0.9688471346 0.8834464363 0.4747119201 0.7595651109 0.6872560764 0.2801946696 0.3406777103 0.3344534525 0.0115948600 0.6683143415
0.3690875586 0.7969716759 0.3013055508 0.5759815562 0.1708922157 0.3351078633 0.0246677047 0.0000000000 0.0695834453 0.1526844090 0.9280934573 0.4025511139 0.4809800420 0.4037425120 0.9244959846 0.2382406164 0.8166651265 0.7732820604 0.7242813688 0.2165333168 0.5517700091 0.1779119695 0.1758453300
0.4392354392 0.5603519988 0.6838271399 0.4996735553 0.5224167252 0.9958388544 0.9405384262 0.0695834453 0.0000000000 0.5222456301 0.2559654379 0.0656401789 0.6243114310 0.5475227877 0.9423159973 0.3008068726 0.9461770816 0.4110995391 0.5844784560 0.6845625789 0.3107901401 0.4807966054 0.2573518182
0.9679319264 0.5781947168 0.6162163628 0.2628206072 0.2009116563 0.6167401094 0.2860151757 0.1526844090 0.5222456301 0.0000000000 0.9754234545 0.6476902873 0.0259924942 0.6619527255 0.8691627470 0.7451389413 0.9871616598 0.6322021856 0.7732743825 0.8826999772 0.9911717739 0.5894749447 0.3684703814
0.5290159681 0.7209862155 0.7272473606 0.0914808764 0.6509837832 0.2818269636 0.1134830237 0.9280934573 0.2559654379 0.9754234545 0.0000000000 0.9095231988 0.1638841212 0.8101762332 0.8881510922 0.7200207020 0.9957029028 0.8022748025 0.7665134254 0.1499166055 0.5010708870 0.0486354050 0.8069391127
0.6272922191 0.9742381084 0.6633947096 0.6294740191 0.1277019699 0.4272407347 0.5877964913 0.4025511139 0.0656401789 0.6476902873 0.9095231988 0.0000000000 0.4181882362 0.1795102182 0.8681574998 0.3045310809 0.3742070069 0.8336586463 0.1701418391 0.6201431464 0.9744259967 0.1288536069 0.4329695950
0.5220469440 0.8906625336 0.5799449737 0.6770886405 0.2610918510 0.9855056203 0.7977263999 0.4809800420 0.6243114310 0.0259924942 0.1638841212 0.4181882362 0.0000000000 0.5479746455 0.6092498297 0.8891672163 0.3250936260 0.4447776670 0.1282623309 0.5163975991 0.0045051149 0.4959521420 0.6707757700
0.9021653716 0.2007864349 0.3664678666 0.4470825842 0.2839982857 0.3572083933 0.9688471346 0.4037425120 0.5475227877 0.6619527255 0.8101762332 0.1795102182 0.5479746455 0.0000000000 0.5913733038 0.2822530276 0.6822795071 0.6987049676 0.6710287731 0.5162577130 0.9807729972 0.9500585797 0.5300609373
0.2253279685 0.6023549669 0.2387425203 0.5060191436 0.6334747497 0.1460536677 0.8834464363 0.9244959846 0.9423159973 0.8691627470 0.8881510922 0.8681574998 0.6092498297 0.5913733038 0.0000000000 0.3135742525 0.0840988342 0.3838787452 0.6125782023 0.8624252279 0.4552491627 0.5712494351 0.2570047444
0.9067244817 0.3641039543 0.0092553262 0.2927690115 0.9943712066 0.5603358576 0.4747119201 0.2382406164 0.3008068726 0.7451389413 0.7200207020 0.3045310809 0.8891672163 0.2822530276 0.3135742525 0.0000000000 0.9897364046 0.8476243815 0.4020330974 0.3366047421 0.8455730418 0.5154087033 0.4232839278
0.5802399255 0.8104904437 0.4479499585 0.0942440462 0.8863102844 0.0199962052 0.7595651109 0.8166651265 0.9461770816 0.9871616598 0.9957029028 0.3742070069 0.3250936260 0.6822795071 0.0840988342 0.9897364046 0.0000000000 0.3183424169 0.4527887155 0.2150995652 0.6028253286 0.3843957152 0.2283623464
0.4745419767 0.9868893410 0.0763251802 0.8500735319 0.8964005540 0.8793935287 0.6872560764 0.7732820604 0.4110995391 0.6322021856 0.8022748025 0.8336586463 0.4447776670 0.6987049676 0.3838787452 0.8476243815 0.3183424169 0.0000000000 0.7562783280 0.8202682437 0.1834926360 0.9823134455 0.2981854638
0.4448050951 0.8779475210 0.3039103214 0.9846375852 0.8468836626 0.6303236561 0.2801946696 0.7242813688 0.5844784560 0.7732743825 0.7665134254 0.1701418391 0.1282623309 0.6710287731 0.6125782023 0.4020330974 0.4527887155 0.7562783280 0.0000000000 0.9277860327 0.9833411002 0.8307494849 0.8083910460
0.5279586666 0.6784301047 0.1232593160 0.9758428513 0.9762912857 0.5356634704 0.3406777103 0.2165333168 0.6845625789 0.8826999772 0.1499166055 0.6201431464 0.5163975991 0.5162577130 0.8624252279 0.3366047421 0.2150995652 0.8202682437 0.9277860327 0.0000000000 0.7942504732 0.4807745977 0.9215133334
0.8426167333 0.9653491977 0.8765002743 0.1991738067 0.5050096376 0.2542295059 0.3344534525 0.5517700091 0.3107901401 0.9911717739 0.5010708870 0.9744259967 0.0045051149 0.9807729972 0.4552491627 0.8455730418 0.6028253286 0.1834926360 0.9833411002 0.7942504732 0.0000000000 0.1008270766 0.3488729197
0.9659359875 0.5118449280 0.4248779358 0.1085883714 0.3356324308 0.3308916180 0.0115948600 0.1779119695 0.4807966054 0.5894749447 0.0486354050 0.1288536069 0.4959521420 0.9500585797 0.5712494351 0.5154087033 0.3843957152 0.9823134455 0.8307494849 0.4807745977 0.1008270766 0.0000000000 0.2928374905
0.5638204441 0.1533306624 0.4370323195 0.3012010913 0.0563335425 0.6165072555 0.6683143415 0.1758453300 0.2573518182 0.3684703814 0.8069391127 0.4329695950 0.6707757700 0.5300609373 0.2570047444 0.4232839278 0.2283623464 0.2981854638 0.8083910460 0.9215133334 0.3488729197 0.2928374905 0.0000000000
