# Graph size: 23
# Optimal cost: 1.929924428416078

# Distance Matrix
0.0 0.052023706547979054 0.08175624992918296 0.5567132701613882 0.511536015194926 0.9370190116227677 0.08906815354311093 0.8335111757097843 0.23161918679328164 0.12090512973408163 0.5136232126432081 0.31784187546731846 0.20661038332931525 0.330376145778983 0.24296661168151668 0.5491493450022618 0.34438256288688973 0.18766121189335216 0.7713390044733716 0.5257291198699594 0.991989282596894 0.6903683432633089 0.6711293834753457
0.052023706547979054 0.0 0.31378802750310963 0.767004165434957 0.9184564336200275 0.36052467966423485 0.02134231383607854 0.6837296826789848 0.5682191147218024 0.8583048827367232 0.514670454018501 0.18758711866544597 0.789141495716923 0.6942711695421729 0.8966384310432095 0.5791636042152492 0.45671653346654717 0.65258347132596 0.6890663084262263 0.7088061085338334 0.45278506704262866 0.5653234998292839 0.8654071225575312
0.08175624992918296 0.31378802750310963 0.0 0.7533161920199185 0.744689612184905 0.9448875365112966 0.36536025671759087 0.3482136955861983 0.055508806555108814 0.8463532781652887 0.48964334996784453 0.3422014072276357 0.6998659704916127 0.984753090109198 0.6209979500573823 0.9648768487269854 0.7232817645564252 0.7972260043426365 0.046606149468329305 0.25440133673719034 0.82776722056605 0.8363091382992507 0.2674465298072969
0.5567132701613882 0.767004165434957 0.7533161920199185 0.0 0.17875060164262024 0.6923306891011017 0.6081689548226126 0.07171972968366613 0.002335434971104 0.2042979952028171 0.7283609704248818 0.8223253250789944 0.09919450056107015 0.8058221265060108 0.05774657401727612 0.8624730203484363 0.5946260166943137 0.629685321189431 0.3024838466419496 0.6788633460790768 0.9290386035374955 0.34947280467139885 0.41454890783818765
0.511536015194926 0.9184564336200275 0.744689612184905 0.17875060164262024 0.0 0.47847397149193227 0.6809661296453959 0.7014241058770847 0.013033016659587782 0.13283958418712738 0.76060490111176 0.448744493624735 0.9614998704357196 0.02281502571409444 0.39089614807532014 0.15388541750653795 0.1829766909963847 0.17716253576458774 0.1300905236471761 0.5002796606336459 0.7716913639176529 0.23990580243338766 0.5578952979035603
0.9370190116227677 0.36052467966423485 0.9448875365112966 0.6923306891011017 0.47847397149193227 0.0 0.06224345381495411 0.46945777033640945 0.22424510219664306 0.14671925339676262 0.3602339429362674 0.6146493639680146 0.7149292006254947 0.27019437263016843 0.7583777230235574 0.7429911257715207 0.16633121610966795 0.2630670137023966 0.2621619267986307 0.12193865425653483 0.21007754752950836 0.9397159475711861 0.5564065179964417
0.08906815354311093 0.02134231383607854 0.36536025671759087 0.6081689548226126 0.6809661296453959 0.06224345381495411 0.0 0.6342020939534361 0.43393023450769186 0.0029682184515875676 0.6871125316188937 0.5910119723823899 0.9227245453550817 0.3305481503903196 0.6355080214058908 0.2520129128867765 0.9625157095407598 0.21340872125247845 0.6585897799828808 0.05621012358273825 0.7006896062143168 0.23835852646225575 0.6776851748486027
0.8335111757097843 0.6837296826789848 0.3482136955861983 0.07171972968366613 0.7014241058770847 0.46945777033640945 0.6342020939534361 0.0 0.8271830678603654 0.22764431687832487 0.656811971780321 0.1850359005912522 0.5058191900281678 0.4997506923902989 0.7621539601829961 0.1081307764080508 0.28511001247767553 0.7586516790604194 0.010124498735640475 0.822492477907541 0.37409116096756 0.6185620062968981 0.35979318331200383
0.23161918679328164 0.5682191147218024 0.055508806555108814 0.002335434971104 0.013033016659587782 0.22424510219664306 0.43393023450769186 0.8271830678603654 0.0 0.035848798046342334 0.001796197030802027 0.7910809308549659 0.5871067680737917 0.5800960217526739 0.6871341636985557 0.49613265469232526 0.12865783891212423 0.24218842457370882 0.2468890256410473 0.9680005032236544 0.35023613944315113 0.6410644381050139 0.49157861317554674
0.12090512973408163 0.8583048827367232 0.8463532781652887 0.2042979952028171 0.13283958418712738 0.14671925339676262 0.0029682184515875676 0.22764431687832487 0.035848798046342334 0.0 0.10702251974235555 0.0028885500156846655 0.8149468130295708 0.06769978616920436 0.25036738270668 0.02862758951203459 0.6218302453403195 0.44492536337382893 0.23941190107996213 0.8085921925507341 0.2756970369704087 0.6181076900308834 0.44659189814567213
0.5136232126432081 0.514670454018501 0.48964334996784453 0.7283609704248818 0.76060490111176 0.3602339429362674 0.6871125316188937 0.656811971780321 0.001796197030802027 0.10702251974235555 0.0 0.40837906668261825 0.3419772630398179 0.6964824091898427 0.1912006920706938 0.3684265459843469 0.29799734115825127 0.18625562471351753 0.02146050762194851 0.1117471086190498 0.32763653564440176 0.4377961102374244 0.6692937214857679
0.31784187546731846 0.18758711866544597 0.3422014072276357 0.8223253250789944 0.448744493624735 0.6146493639680146 0.5910119723823899 0.1850359005912522 0.7910809308549659 0.0028885500156846655 0.40837906668261825 0.0 0.09696873728378563 0.364138089188627 0.4249435996681973 0.09457276418929417 0.431559490230477 0.5209981808302405 0.7514833586601251 0.9272284037718191 0.7782735100914201 0.9580822985837926 0.5386259891840682
0.20661038332931525 0.789141495716923 0.6998659704916127 0.09919450056107015 0.9614998704357196 0.7149292006254947 0.9227245453550817 0.5058191900281678 0.5871067680737917 0.8149468130295708 0.3419772630398179 0.09696873728378563 0.0 0.7884485980022722 0.03727088371347209 0.9185950664448506 0.6373707591770705 0.4263007405234098 0.46702781667058024 0.1422566450789826 0.4309194097352135 0.33646235418958703 0.6190677395010323
0.330376145778983 0.6942711695421729 0.984753090109198 0.8058221265060108 0.02281502571409444 0.27019437263016843 0.3305481503903196 0.4997506923902989 0.5800960217526739 0.06769978616920436 0.6964824091898427 0.364138089188627 0.7884485980022722 0.0 0.1110147600097553 0.3448473254388018 0.5553464496465953 0.7047076676606944 0.6158484804502069 0.06652671700956392 0.610759701721765 0.7864288540103741 0.9466959899049029
0.24296661168151668 0.8966384310432095 0.6209979500573823 0.05774657401727612 0.39089614807532014 0.7583777230235574 0.6355080214058908 0.7621539601829961 0.6871341636985557 0.25036738270668 0.1912006920706938 0.4249435996681973 0.03727088371347209 0.1110147600097553 0.0 0.3903367683611523 0.19433272092726206 0.4921439234634052 0.6022656487537922 0.5514840271649825 0.9803136514569984 0.7875477659814764 0.7924657418660114
0.5491493450022618 0.5791636042152492 0.9648768487269854 0.8624730203484363 0.15388541750653795 0.7429911257715207 0.2520129128867765 0.1081307764080508 0.49613265469232526 0.02862758951203459 0.3684265459843469 0.09457276418929417 0.9185950664448506 0.3448473254388018 0.3903367683611523 0.0 0.8887955750397977 0.1569175905593726 0.7099027313300156 0.16341509981161084 0.6856366424028394 0.6592761189893818 0.8660230226154959
0.34438256288688973 0.45671653346654717 0.7232817645564252 0.5946260166943137 0.1829766909963847 0.16633121610966795 0.9625157095407598 0.28511001247767553 0.12865783891212423 0.6218302453403195 0.29799734115825127 0.431559490230477 0.6373707591770705 0.5553464496465953 0.19433272092726206 0.8887955750397977 0.0 0.11347341617452145 0.07814333389314287 0.7971326643148333 0.9278874335329899 0.7884565260186478 0.9912501968083557
0.18766121189335216 0.65258347132596 0.7972260043426365 0.629685321189431 0.17716253576458774 0.2630670137023966 0.21340872125247845 0.7586516790604194 0.24218842457370882 0.44492536337382893 0.18625562471351753 0.5209981808302405 0.4263007405234098 0.7047076676606944 0.4921439234634052 0.1569175905593726 0.11347341617452145 0.0 0.9557809799107426 0.3212230757032005 0.3451782064242298 0.16553137797631323 0.315345682721217
0.7713390044733716 0.6890663084262263 0.046606149468329305 0.3024838466419496 0.1300905236471761 0.2621619267986307 0.6585897799828808 0.010124498735640475 0.2468890256410473 0.23941190107996213 0.02146050762194851 0.7514833586601251 0.46702781667058024 0.6158484804502069 0.6022656487537922 0.7099027313300156 0.07814333389314287 0.9557809799107426 0.0 0.7955677475494072 0.35468749069342753 0.4716633421322869 0.08135516486900773
0.5257291198699594 0.7088061085338334 0.25440133673719034 0.6788633460790768 0.5002796606336459 0.12193865425653483 0.05621012358273825 0.822492477907541 0.9680005032236544 0.8085921925507341 0.1117471086190498 0.9272284037718191 0.1422566450789826 0.06652671700956392 0.5514840271649825 0.16341509981161084 0.7971326643148333 0.3212230757032005 0.7955677475494072 0.0 0.5887314093682866 0.28004581977047993 0.8743560307505607
0.991989282596894 0.45278506704262866 0.82776722056605 0.9290386035374955 0.7716913639176529 0.21007754752950836 0.7006896062143168 0.37409116096756 0.35023613944315113 0.2756970369704087 0.32763653564440176 0.7782735100914201 0.4309194097352135 0.610759701721765 0.9803136514569984 0.6856366424028394 0.9278874335329899 0.3451782064242298 0.35468749069342753 0.5887314093682866 0.0 0.5486591124144748 0.4542426487583239
0.6903683432633089 0.5653234998292839 0.8363091382992507 0.34947280467139885 0.23990580243338766 0.9397159475711861 0.23835852646225575 0.6185620062968981 0.6410644381050139 0.6181076900308834 0.4377961102374244 0.9580822985837926 0.33646235418958703 0.7864288540103741 0.7875477659814764 0.6592761189893818 0.7884565260186478 0.16553137797631323 0.4716633421322869 0.28004581977047993 0.5486591124144748 0.0 0.8082160281787909
0.6711293834753457 0.8654071225575312 0.2674465298072969 0.41454890783818765 0.5578952979035603 0.5564065179964417 0.6776851748486027 0.35979318331200383 0.49157861317554674 0.44659189814567213 0.6692937214857679 0.5386259891840682 0.6190677395010323 0.9466959899049029 0.7924657418660114 0.8660230226154959 0.9912501968083557 0.315345682721217 0.08135516486900773 0.8743560307505607 0.4542426487583239 0.8082160281787909 0.0

# Optimal Walk
0 2 22 18 7 16 17 21 19 13 4 10 8 3 14 12 11 9 15 6 5 20 1 0
