# MCW Instance
# Type: UNIFORM
# N: 23
# Optimal cost: 2.14369293762535
# Optimal tour (permutation): [0, 20, 18, 19, 5, 12, 7, 22, 14, 9, 17, 8, 13, 1, 3, 15, 6, 10, 11, 21, 4, 16, 2, 0]
# Optimal walk (full path): [0, 20, 18, 19, 5, 12, 7, 22, 14, 9, 17, 8, 13, 1, 13, 8, 3, 15, 6, 10, 11, 21, 4, 16, 0, 2, 0]
# Walk size: 27
# Is walk (has repeats): true

# Distance Matrix
0.0000000000 0.6313665916 0.0251031747 0.9182593956 0.2996236505 0.4632527894 0.0428621984 0.7760012195 0.6674045010 0.4103423183 0.8577892609 0.6118632126 0.6220574681 0.8431345450 0.4207845641 0.6444479271 0.0075733143 0.8817698476 0.2942196400 0.5910372662 0.0606938810 0.5998485457 0.5172488696
0.6313665916 0.0000000000 0.9106463323 0.8365347998 0.4958749484 0.6913599775 0.9831741400 0.3330995100 0.5109209862 0.7417598323 0.3904536950 0.1770202555 0.7158313998 0.0064820907 0.5753546600 0.8197751965 0.4172683041 0.5326413260 0.5466939633 0.8117949396 0.8391197450 0.7180480632 0.9705607394
0.0251031747 0.9106463323 0.0000000000 0.8712858781 0.7242738895 0.7264374984 0.9427643865 0.1452618651 0.1714859859 0.4258546855 0.9724647874 0.2721896675 0.7730430611 0.9522769920 0.2236469455 0.5988178949 0.6511568076 0.3843443641 0.8589521391 0.1781727203 0.3044924141 0.4301070165 0.4094807678
0.9182593956 0.8365347998 0.8712858781 0.0000000000 0.9813686719 0.2709672364 0.4729886713 0.4545325370 0.0927956607 0.4889299310 0.8017031868 0.5368518057 0.5264084458 0.8960572395 0.3576510586 0.1617971430 0.7002583219 0.2437820881 0.8733615074 0.9329560728 0.5370710110 0.3247933558 0.8468347802
0.2996236505 0.4958749484 0.7242738895 0.9813686719 0.0000000000 0.3620770444 0.6205886372 0.8121241470 0.3991787405 0.6577927543 0.8305581822 0.6905717828 0.6967222278 0.8454599508 0.4036621482 0.8246699458 0.2838274410 0.8995431951 0.4233519856 0.5521589140 0.3689121635 0.1803206330 0.3284583153
0.4632527894 0.6913599775 0.7264374984 0.2709672364 0.3620770444 0.0000000000 0.3178774626 0.8337318421 0.3582922530 0.1486165814 0.2702258630 0.4947608198 0.1825222117 0.8239599716 0.4308262031 0.9355507501 0.9032482969 0.1471967299 0.5177329754 0.0502333784 0.8944438398 0.5781019191 0.7535229768
0.0428621984 0.9831741400 0.9427643865 0.4729886713 0.6205886372 0.3178774626 0.0000000000 0.2908741148 0.0386177185 0.4236183467 0.0218207834 0.4951718173 0.7339912829 0.6511753420 0.5492919724 0.0860389057 0.9632907369 0.9084980114 0.8848634266 0.3808856889 0.7237468874 0.1600937916 0.3239058224
0.7760012195 0.3330995100 0.1452618651 0.4545325370 0.8121241470 0.8337318421 0.2908741148 0.0000000000 0.7259710730 0.2594943714 0.7187671926 0.0823411353 0.1799716653 0.9604146877 0.3499273800 0.4641132924 0.5109595420 0.4955689383 0.5571178805 0.9851875684 0.3422686272 0.7347173153 0.1191112128
0.6674045010 0.5109209862 0.1714859859 0.0927956607 0.3991787405 0.3582922530 0.0386177185 0.7259710730 0.0000000000 0.9182205016 0.3852686270 0.2780244454 0.4420755479 0.0042686556 0.8308539620 0.9619008836 0.3147345563 0.1413814060 0.1364950733 0.5380328448 0.2101057643 0.7046489951 0.6419878250
0.4103423183 0.7417598323 0.4258546855 0.4889299310 0.6577927543 0.1486165814 0.4236183467 0.2594943714 0.9182205016 0.0000000000 0.8330037753 0.3643165227 0.7782541756 0.6745759855 0.0875127202 0.4811608845 0.9873020775 0.0629113196 0.8470462436 0.0604750915 0.8056793535 0.2693538163 0.7299624352
0.8577892609 0.3904536950 0.9724647874 0.8017031868 0.8305581822 0.2702258630 0.0218207834 0.7187671926 0.3852686270 0.8330037753 0.0000000000 0.0290727414 0.1859206338 0.6714049716 0.6342962235 0.5648953600 0.1080364061 0.8756048128 0.4611981022 0.7481979787 0.1764833684 0.3310136082 0.2307684232
0.6118632126 0.1770202555 0.2721896675 0.5368518057 0.6905717828 0.4947608198 0.4951718173 0.0823411353 0.2780244454 0.3643165227 0.0290727414 0.0000000000 0.9480032679 0.7079346638 0.9244371034 0.5451525427 0.6577219779 0.8472341462 0.6858441898 0.7141122768 0.8307513391 0.1248950151 0.2099645165
0.6220574681 0.7158313998 0.7730430611 0.5264084458 0.6967222278 0.1825222117 0.7339912829 0.1799716653 0.4420755479 0.7782541756 0.1859206338 0.9480032679 0.0000000000 0.4998916025 0.6350276341 0.5267302440 0.9088423838 0.3610456568 0.9449222274 0.5846784958 0.7501627979 0.2790039127 0.8195355832
0.8431345450 0.0064820907 0.9522769920 0.8960572395 0.8454599508 0.8239599716 0.6511753420 0.9604146877 0.0042686556 0.6745759855 0.6714049716 0.7079346638 0.4998916025 0.0000000000 0.2176154896 0.7074545996 0.7364898169 0.6783568442 0.0519182481 0.7508139096 0.1835205422 0.8784215166 0.7337748910
0.4207845641 0.5753546600 0.2236469455 0.3576510586 0.4036621482 0.4308262031 0.5492919724 0.3499273800 0.8308539620 0.0875127202 0.6342962235 0.9244371034 0.6350276341 0.2176154896 0.0000000000 0.8405814470 0.3745626781 0.9215128452 0.3087107890 0.0514451125 0.2895205493 0.5756175668 0.0885267957
0.6444479271 0.8197751965 0.5988178949 0.1617971430 0.8246699458 0.9355507501 0.0860389057 0.4641132924 0.9619008836 0.4811608845 0.5648953600 0.5451525427 0.5267302440 0.7074545996 0.8405814470 0.0000000000 0.6507290154 0.9615859230 0.7817600671 0.5518231749 0.6821690166 0.4265789910 0.3355033314
0.0075733143 0.4172683041 0.6511568076 0.7002583219 0.2838274410 0.9032482969 0.9632907369 0.5109595420 0.3147345563 0.9873020775 0.1080364061 0.6577219779 0.9088423838 0.7364898169 0.3745626781 0.6507290154 0.0000000000 0.7315088916 0.3652639579 0.1812626896 0.9818190001 0.2311719370 0.4103305022
0.8817698476 0.5326413260 0.3843443641 0.2437820881 0.8995431951 0.1471967299 0.9084980114 0.4955689383 0.1413814060 0.0629113196 0.8756048128 0.8472341462 0.3610456568 0.6783568442 0.9215128452 0.9615859230 0.7315088916 0.0000000000 0.9922132556 0.7426932153 0.4819143798 0.1706790997 0.6321819328
0.2942196400 0.5466939633 0.8589521391 0.8733615074 0.4233519856 0.5177329754 0.8848634266 0.5571178805 0.1364950733 0.8470462436 0.4611981022 0.6858441898 0.9449222274 0.0519182481 0.3087107890 0.7817600671 0.3652639579 0.9922132556 0.0000000000 0.0087484445 0.1022304228 0.4058672705 0.1374844033
0.5910372662 0.8117949396 0.1781727203 0.9329560728 0.5521589140 0.0502333784 0.3808856889 0.9851875684 0.5380328448 0.0604750915 0.7481979787 0.7141122768 0.5846784958 0.7508139096 0.0514451125 0.5518231749 0.1812626896 0.7426932153 0.0087484445 0.0000000000 0.1693262157 0.2557344159 0.3137753980
0.0606938810 0.8391197450 0.3044924141 0.5370710110 0.3689121635 0.8944438398 0.7237468874 0.3422686272 0.2101057643 0.8056793535 0.1764833684 0.8307513391 0.7501627979 0.1835205422 0.2895205493 0.6821690166 0.9818190001 0.4819143798 0.1022304228 0.1693262157 0.0000000000 0.4778055686 0.3298889963
0.5998485457 0.7180480632 0.4301070165 0.3247933558 0.1803206330 0.5781019191 0.1600937916 0.7347173153 0.7046489951 0.2693538163 0.3310136082 0.1248950151 0.2790039127 0.8784215166 0.5756175668 0.4265789910 0.2311719370 0.1706790997 0.4058672705 0.2557344159 0.4778055686 0.0000000000 0.7150204870
0.5172488696 0.9705607394 0.4094807678 0.8468347802 0.3284583153 0.7535229768 0.3239058224 0.1191112128 0.6419878250 0.7299624352 0.2307684232 0.2099645165 0.8195355832 0.7337748910 0.0885267957 0.3355033314 0.4103305022 0.6321819328 0.1374844033 0.3137753980 0.3298889963 0.7150204870 0.0000000000
