# Graph size: 23
# Optimal cost: 1.6143759518536804

# Distance Matrix
0.0 0.6198700688920484 0.24280653062590163 0.3891475410970605 0.6571819613084908 0.8784909880132442 0.36124891971928885 0.8515583806637982 0.8980578279149081 0.024484975596199443 0.03210996643184838 0.5157183469754768 0.8781596874226156 0.531506222457519 0.6382121765427893 0.23661438462968798 0.07094100964304251 0.3670952832255414 0.11923604004205146 0.6046993516671988 0.4099573870111265 0.2236755680271012 0.2646262943998181
0.6198700688920484 0.0 0.7287192250107464 0.21077111251134806 0.5817954835578429 0.9416265343402449 0.1352252176968627 0.0581506183124173 0.2841138043933975 0.4537848592021162 0.37391251782948143 0.7215835801364909 0.5652270984114331 0.7184380305229336 0.20015441733686856 0.2959114369164183 0.030289566108243737 0.9760949621282662 0.269576347792317 0.928932398404766 0.9044773482976872 0.30030487554710994 0.12424182060096389
0.24280653062590163 0.7287192250107464 0.0 0.6941088061204166 0.9857008078435838 0.26350941137297723 0.8759978736789904 0.3940540780382962 0.12457005004208965 0.732541973394741 0.3997552157581189 0.33926304873961444 0.7284702083753777 0.9168517608436828 0.037953794423035925 0.436589132285528 0.7407049200904281 0.47319386790888585 0.7871918990363767 0.24326052221125605 0.7810175636088654 0.6824409606980865 0.688973075186004
0.3891475410970605 0.21077111251134806 0.6941088061204166 0.0 0.9947666001381475 0.6504019258779629 0.4573362459548853 0.6787515931209434 0.9987349111726977 0.20096498587123113 0.21442121644635592 0.4609342023429067 0.20195840599820802 0.6507064372950292 0.4490360529900008 0.07222198757839382 0.18402104368076944 0.7834311178531876 0.1892040924795988 0.6716530612077338 0.30850956068300994 0.11561172376937068 0.37237674467571746
0.6571819613084908 0.5817954835578429 0.9857008078435838 0.9947666001381475 0.0 0.7529331384595164 0.27158797543009117 0.034871109748097706 0.5884282455826455 0.41311784697756293 0.8277504209968208 0.1188551077922062 0.5629544717353167 0.5314369233551237 0.04385713637898192 0.3286178452638372 0.2168437870398663 0.7130272442851382 0.0350973629342618 0.5372437318124601 0.13125190795544583 0.6345679605207089 0.7703120531726287
0.8784909880132442 0.9416265343402449 0.26350941137297723 0.6504019258779629 0.7529331384595164 0.0 0.902281366221691 0.7715270686739856 0.9922879207599914 0.19914818260199585 0.9196664802941581 0.8792956600953257 0.5975418530681448 0.6498058813564057 0.607162361397098 0.028832362435394554 0.29112796486875325 0.1736781999439363 0.156948095817804 0.46200367902967576 0.25474763622688446 0.2719727764812738 0.569836006214862
0.36124891971928885 0.1352252176968627 0.8759978736789904 0.4573362459548853 0.27158797543009117 0.902281366221691 0.0 0.9654865045534073 0.9864820973678899 0.22944358052228453 0.23770193416319274 0.7346288716593213 0.6768901173095079 0.10164974787608405 0.17606263735183447 0.8802329366140622 0.9733051599796427 0.2546981559134206 0.6253374047050546 0.4777050572440815 0.15213848719516943 0.24021479322071448 0.03718106457194936
0.8515583806637982 0.0581506183124173 0.3940540780382962 0.6787515931209434 0.034871109748097706 0.7715270686739856 0.9654865045534073 0.0 0.8324313263346175 0.5324702247144678 0.7033295650669602 0.041378533608406265 0.9409016837587352 0.5589377944860483 0.9677479055408025 0.8491413838262237 0.9640189098267029 0.3579071643490802 0.9195216453875147 0.6902497036055845 0.8971935894877 0.7281389831475188 0.8199211158364491
0.8980578279149081 0.2841138043933975 0.12457005004208965 0.9987349111726977 0.5884282455826455 0.9922879207599914 0.9864820973678899 0.8324313263346175 0.0 0.3043328480734443 0.5212400137897593 0.4656384521664927 0.7178486351171446 0.2106850748970619 0.1487516964679968 0.642104196545851 0.20352367867791987 0.466363667304738 0.6425498174703371 0.957367979313091 0.3477079742170136 0.8889176590016357 0.6759614052838729
0.024484975596199443 0.4537848592021162 0.732541973394741 0.20096498587123113 0.41311784697756293 0.19914818260199585 0.22944358052228453 0.5324702247144678 0.3043328480734443 0.0 0.5684434584760956 0.8045288694545227 0.2679485997015473 0.22909871597134224 0.8612794865157802 0.2209976006023604 0.9188044532405398 0.8709745703720774 0.4760387411899629 0.2926084633567845 0.04206075092479322 0.4642034565055072 0.5227006145810825
0.03210996643184838 0.37391251782948143 0.3997552157581189 0.21442121644635592 0.8277504209968208 0.9196664802941581 0.23770193416319274 0.7033295650669602 0.5212400137897593 0.5684434584760956 0.0 0.03194417875200528 0.7440439727595219 0.5472013112511 0.3310121494145427 0.0760012232170757 0.24650370423506884 0.7982114315289182 0.2672890586605121 0.14798850772380012 0.7676421332880187 0.6661482615396844 0.12029401430483722
0.5157183469754768 0.7215835801364909 0.33926304873961444 0.4609342023429067 0.1188551077922062 0.8792956600953257 0.7346288716593213 0.041378533608406265 0.4656384521664927 0.8045288694545227 0.03194417875200528 0.0 0.11064168235564142 0.7920603462875803 0.46516417368900564 0.3093968083523654 0.4006341656176253 0.9637830972109508 0.973009086494834 0.7004473804517927 0.01745545269964177 0.634374712467355 0.8476665035780545
0.8781596874226156 0.5652270984114331 0.7284702083753777 0.20195840599820802 0.5629544717353167 0.5975418530681448 0.6768901173095079 0.9409016837587352 0.7178486351171446 0.2679485997015473 0.7440439727595219 0.11064168235564142 0.0 0.12826889156902654 0.6551659578923096 0.17726101380053405 0.9824136399666223 0.8194051492753808 0.011727143156481268 0.5397228217276627 0.25636745718302867 0.7847328799114089 0.7881440999182053
0.531506222457519 0.7184380305229336 0.9168517608436828 0.6507064372950292 0.5314369233551237 0.6498058813564057 0.10164974787608405 0.5589377944860483 0.2106850748970619 0.22909871597134224 0.5472013112511 0.7920603462875803 0.12826889156902654 0.0 0.14562916932607617 0.0057422695028604975 0.9087759968459654 0.3984475133898051 0.184829025962845 0.9404592577582497 0.901035446819763 0.9515805745119262 0.5292225300432204
0.6382121765427893 0.20015441733686856 0.037953794423035925 0.4490360529900008 0.04385713637898192 0.607162361397098 0.17606263735183447 0.9677479055408025 0.1487516964679968 0.8612794865157802 0.3310121494145427 0.46516417368900564 0.6551659578923096 0.14562916932607617 0.0 0.16141114131203282 0.49437539651873286 0.6375455978021519 8.839556372072233E-4 0.39560073468320756 0.27648191586750426 0.25270394501226656 0.48421021613234916
0.23661438462968798 0.2959114369164183 0.436589132285528 0.07222198757839382 0.3286178452638372 0.028832362435394554 0.8802329366140622 0.8491413838262237 0.642104196545851 0.2209976006023604 0.0760012232170757 0.3093968083523654 0.17726101380053405 0.0057422695028604975 0.16141114131203282 0.0 0.5595349969600079 0.3226381102935776 0.2329126111371551 0.4219205047447827 0.28567102934894983 0.3615355002492254 0.2282186846641988
0.07094100964304251 0.030289566108243737 0.7407049200904281 0.18402104368076944 0.2168437870398663 0.29112796486875325 0.9733051599796427 0.9640189098267029 0.20352367867791987 0.9188044532405398 0.24650370423506884 0.4006341656176253 0.9824136399666223 0.9087759968459654 0.49437539651873286 0.5595349969600079 0.0 0.5638339119393494 0.10237381700596149 0.5505680397009696 0.9491234226593491 0.4477037505571084 0.5447605047253864
0.3670952832255414 0.9760949621282662 0.47319386790888585 0.7834311178531876 0.7130272442851382 0.1736781999439363 0.2546981559134206 0.3579071643490802 0.466363667304738 0.8709745703720774 0.7982114315289182 0.9637830972109508 0.8194051492753808 0.3984475133898051 0.6375455978021519 0.3226381102935776 0.5638339119393494 0.0 0.06303216337896622 0.7419653997275183 0.9829885792250991 0.5919691105490248 0.5968821503034828
0.11923604004205146 0.269576347792317 0.7871918990363767 0.1892040924795988 0.0350973629342618 0.156948095817804 0.6253374047050546 0.9195216453875147 0.6425498174703371 0.4760387411899629 0.2672890586605121 0.973009086494834 0.011727143156481268 0.184829025962845 8.839556372072233E-4 0.2329126111371551 0.10237381700596149 0.06303216337896622 0.0 0.10976213465298845 0.6812915567076256 0.47580433357450824 0.603167466373777
0.6046993516671988 0.928932398404766 0.24326052221125605 0.6716530612077338 0.5372437318124601 0.46200367902967576 0.4777050572440815 0.6902497036055845 0.957367979313091 0.2926084633567845 0.14798850772380012 0.7004473804517927 0.5397228217276627 0.9404592577582497 0.39560073468320756 0.4219205047447827 0.5505680397009696 0.7419653997275183 0.10976213465298845 0.0 0.18488832745199502 0.5313017395471973 0.08637667096954404
0.4099573870111265 0.9044773482976872 0.7810175636088654 0.30850956068300994 0.13125190795544583 0.25474763622688446 0.15213848719516943 0.8971935894877 0.3477079742170136 0.04206075092479322 0.7676421332880187 0.01745545269964177 0.25636745718302867 0.901035446819763 0.27648191586750426 0.28567102934894983 0.9491234226593491 0.9829885792250991 0.6812915567076256 0.18488832745199502 0.0 0.5020043829652503 0.9812578427705791
0.2236755680271012 0.30030487554710994 0.6824409606980865 0.11561172376937068 0.6345679605207089 0.2719727764812738 0.24021479322071448 0.7281389831475188 0.8889176590016357 0.4642034565055072 0.6661482615396844 0.634374712467355 0.7847328799114089 0.9515805745119262 0.25270394501226656 0.3615355002492254 0.4477037505571084 0.5919691105490248 0.47580433357450824 0.5313017395471973 0.5020043829652503 0.0 0.2514215986076518
0.2646262943998181 0.12424182060096389 0.688973075186004 0.37237674467571746 0.7703120531726287 0.569836006214862 0.03718106457194936 0.8199211158364491 0.6759614052838729 0.5227006145810825 0.12029401430483722 0.8476665035780545 0.7881440999182053 0.5292225300432204 0.48421021613234916 0.2282186846641988 0.5447605047253864 0.5968821503034828 0.603167466373777 0.08637667096954404 0.9812578427705791 0.2514215986076518 0.0

# Optimal Walk
0 9 20 11 10 15 13 5 3 21 6 22 19 12 17 18 14 2 8 4 7 1 16 0
