# MCW Instance
# Type: UNIFORM
# N: 23
# Optimal cost: 1.704428532176531
# Optimal tour (permutation): [0, 1, 2, 11, 9, 4, 18, 17, 20, 8, 21, 10, 12, 16, 7, 22, 14, 19, 6, 13, 5, 15, 3, 0]
# Optimal walk (full path): [0, 1, 2, 11, 4, 9, 4, 17, 18, 17, 20, 8, 21, 10, 21, 12, 7, 16, 7, 22, 14, 19, 6, 13, 5, 15, 3, 15, 0]
# Walk size: 29
# Is walk (has repeats): true

# Distance Matrix
0.0000000000 0.0180771904 0.8583976177 0.4614940345 0.4046691659 0.4015899513 0.6504100369 0.0590194380 0.9182563331 0.0437442623 0.7947286976 0.9691601730 0.3465200414 0.5368980837 0.2775195508 0.0273200352 0.3566989930 0.4816259909 0.5819703467 0.5913488215 0.6279217790 0.9676966383 0.1803663522
0.0180771904 0.0000000000 0.1101779808 0.9529324495 0.8603182103 0.0661523282 0.2567732557 0.2439537226 0.6131184959 0.0330429212 0.9450142929 0.2049253920 0.9709267826 0.2764074315 0.2073391806 0.9411444645 0.8482770288 0.2915685854 0.3484668423 0.3173726979 0.8736528108 0.9743193081 0.0102381869
0.8583976177 0.1101779808 0.0000000000 0.4467665430 0.5748466601 0.2908756331 0.7835925482 0.2955227180 0.9474074636 0.8776477771 0.7859227437 0.0219228974 0.1960012928 0.4556254963 0.1855290917 0.3334991006 0.7676130110 0.9998378663 0.9996185723 0.8423307521 0.4058667690 0.1912619970 0.6182722743
0.4614940345 0.9529324495 0.4467665430 0.0000000000 0.1260236055 0.8473459476 0.7967186941 0.4140310426 0.9607096848 0.9536438722 0.2717076663 0.4852252657 0.9824459929 0.5269787962 0.0617986929 0.0509016370 0.8546799606 0.7925579521 0.7901092713 0.2661763795 0.8719872055 0.5474767139 0.7615631946
0.4046691659 0.8603182103 0.5748466601 0.1260236055 0.0000000000 0.2590706689 0.8140773436 0.2737914675 0.9890389868 0.0033609302 0.7791023396 0.0925049492 0.2521805883 0.2367027269 0.6715905481 0.2955556995 0.5365573218 0.0092641597 0.9978693776 0.3345038608 0.5690237062 0.6053308135 0.6306278789
0.4015899513 0.0661523282 0.2908756331 0.8473459476 0.2590706689 0.0000000000 0.5674578182 0.0645442465 0.5188208539 0.2443101397 0.7698871675 0.7304120862 0.8833757922 0.1943190489 0.4003195920 0.0357044437 0.2586684356 0.7155494656 0.8785202355 0.2469819415 0.9567969112 0.4495583893 0.6816042134
0.6504100369 0.2567732557 0.7835925482 0.7967186941 0.8140773436 0.5674578182 0.0000000000 0.2556532413 0.1561092374 0.4747192245 0.8926342752 0.2780896093 0.8945302469 0.2099960452 0.9466070027 0.5964893819 0.6604388819 0.7905130382 0.7103328575 0.1266550659 0.7063706804 0.7718829744 0.7055666771
0.0590194380 0.2439537226 0.2955227180 0.4140310426 0.2737914675 0.0645442465 0.2556532413 0.0000000000 0.7482608195 0.3992962414 0.3102982336 0.2388469275 0.0138516135 0.8909541378 0.2866762477 0.4368533289 0.0647297527 0.1426918537 0.1956910650 0.7026946591 0.3250480212 0.8714962666 0.0043109522
0.9182563331 0.6131184959 0.9474074636 0.9607096848 0.9890389868 0.5188208539 0.1561092374 0.7482608195 0.0000000000 0.9063891214 0.8198434494 0.2973707784 0.5995017910 0.7019023060 0.7684092343 0.6669434217 0.8910446955 0.7234583743 0.4413165733 0.4041661378 0.1129552954 0.0554423693 0.1375622368
0.0437442623 0.0330429212 0.8776477771 0.9536438722 0.0033609302 0.2443101397 0.4747192245 0.3992962414 0.9063891214 0.0000000000 0.3961928267 0.3757812748 0.2930628476 0.5377318712 0.3609995891 0.0620941120 0.7150452607 0.6197329083 0.4630375675 0.2287793963 0.5749789027 0.7855650449 0.3441851853
0.7947286976 0.9450142929 0.7859227437 0.2717076663 0.7791023396 0.7698871675 0.8926342752 0.3102982336 0.8198434494 0.3961928267 0.0000000000 0.7822697603 0.2845407737 0.8407604967 0.5194931577 0.8266531646 0.3096723271 0.9925400927 0.6506924483 0.2496286017 0.9298856079 0.0883955401 0.5551614445
0.9691601730 0.2049253920 0.0219228974 0.4852252657 0.0925049492 0.7304120862 0.2780896093 0.2388469275 0.2973707784 0.3757812748 0.7822697603 0.0000000000 0.3075700424 0.6212275971 0.9037217410 0.9340254925 0.6984987445 0.7150330894 0.4052880600 0.7102886610 0.3705530674 0.1574472414 0.5667505581
0.3465200414 0.9709267826 0.1960012928 0.9824459929 0.2521805883 0.8833757922 0.8945302469 0.0138516135 0.5995017910 0.2930628476 0.2845407737 0.3075700424 0.0000000000 0.5563737595 0.1035839286 0.6488016208 0.4930716594 0.6601733272 0.7227931366 0.1772781594 0.3226278553 0.0296912856 0.6558708972
0.5368980837 0.2764074315 0.4556254963 0.5269787962 0.2367027269 0.1943190489 0.2099960452 0.8909541378 0.7019023060 0.5377318712 0.8407604967 0.6212275971 0.5563737595 0.0000000000 0.9778976702 0.6189501458 0.6685806494 0.4288778715 0.2457206384 0.7384556170 0.7683602788 0.6111562692 0.5112499739
0.2775195508 0.2073391806 0.1855290917 0.0617986929 0.6715905481 0.4003195920 0.9466070027 0.2866762477 0.7684092343 0.3609995891 0.5194931577 0.9037217410 0.1035839286 0.9778976702 0.0000000000 0.9661929608 0.6578193802 0.6658432382 0.4463766512 0.0485387964 0.6260954269 0.1400994702 0.0108109467
0.0273200352 0.9411444645 0.3334991006 0.0509016370 0.2955556995 0.0357044437 0.5964893819 0.4368533289 0.6669434217 0.0620941120 0.8266531646 0.9340254925 0.6488016208 0.6189501458 0.9661929608 0.0000000000 0.1199454184 0.8931377220 0.6379542200 0.2717934953 0.9202552103 0.9397452431 0.0587076848
0.3566989930 0.8482770288 0.7676130110 0.8546799606 0.5365573218 0.2586684356 0.6604388819 0.0647297527 0.8910446955 0.7150452607 0.3096723271 0.6984987445 0.4930716594 0.6685806494 0.6578193802 0.1199454184 0.0000000000 0.9339816871 0.6297601453 0.1290941104 0.6551205601 0.6017591555 0.6111000343
0.4816259909 0.2915685854 0.9998378663 0.7925579521 0.0092641597 0.7155494656 0.7905130382 0.1426918537 0.7234583743 0.6197329083 0.9925400927 0.7150330894 0.6601733272 0.4288778715 0.6658432382 0.8931377220 0.9339816871 0.0000000000 0.0526465354 0.5681591263 0.0628166661 0.8402560306 0.3155595411
0.5819703467 0.3484668423 0.9996185723 0.7901092713 0.9978693776 0.8785202355 0.7103328575 0.1956910650 0.4413165733 0.4630375675 0.6506924483 0.4052880600 0.7227931366 0.2457206384 0.4463766512 0.6379542200 0.6297601453 0.0526465354 0.0000000000 0.6288542821 0.4297054887 0.8333108411 0.5401885223
0.5913488215 0.3173726979 0.8423307521 0.2661763795 0.3345038608 0.2469819415 0.1266550659 0.7026946591 0.4041661378 0.2287793963 0.2496286017 0.7102886610 0.1772781594 0.7384556170 0.0485387964 0.2717934953 0.1290941104 0.5681591263 0.6288542821 0.0000000000 0.3828710567 0.8051645532 0.4313108324
0.6279217790 0.8736528108 0.4058667690 0.8719872055 0.5690237062 0.9567969112 0.7063706804 0.3250480212 0.1129552954 0.5749789027 0.9298856079 0.3705530674 0.3226278553 0.7683602788 0.6260954269 0.9202552103 0.6551205601 0.0628166661 0.4297054887 0.3828710567 0.0000000000 0.2110073147 0.4896747149
0.9676966383 0.9743193081 0.1912619970 0.5474767139 0.6053308135 0.4495583893 0.7718829744 0.8714962666 0.0554423693 0.7855650449 0.0883955401 0.1574472414 0.0296912856 0.6111562692 0.1400994702 0.9397452431 0.6017591555 0.8402560306 0.8333108411 0.8051645532 0.2110073147 0.0000000000 0.2473756634
0.1803663522 0.0102381869 0.6182722743 0.7615631946 0.6306278789 0.6816042134 0.7055666771 0.0043109522 0.1375622368 0.3441851853 0.5551614445 0.5667505581 0.6558708972 0.5112499739 0.0108109467 0.0587076848 0.6111000343 0.3155595411 0.5401885223 0.4313108324 0.4896747149 0.2473756634 0.0000000000
