# MCW Instance
# Type: UNIFORM
# N: 23
# Optimal cost: 1.580645439543851
# Optimal tour (permutation): [0, 14, 20, 17, 22, 2, 4, 7, 5, 1, 21, 18, 11, 16, 8, 9, 10, 19, 15, 3, 12, 13, 6, 0]
# Optimal walk (full path): [0, 13, 14, 20, 17, 20, 2, 22, 2, 4, 5, 7, 5, 1, 5, 21, 11, 18, 11, 16, 8, 9, 10, 19, 15, 19, 3, 12, 13, 6, 13, 0]
# Walk size: 32
# Is walk (has repeats): true

# Distance Matrix
0.0000000000 0.9358445762 0.1743191295 0.8172752336 0.6062216512 0.5922538570 0.3487575143 0.3195290314 0.9809775804 0.6421399330 0.4041572517 0.5950048552 0.9775064901 0.0435409143 0.4453814561 0.3179474072 0.9020211979 0.1955578143 0.4531973182 0.9998193983 0.2838202853 0.9174706676 0.3165324167
0.9358445762 0.0000000000 0.1394578862 0.7292992954 0.5757898335 0.1112754544 0.4152235576 0.6876829711 0.9483837777 0.6886411758 0.8642423624 0.8169858867 0.6970522061 0.7699062930 0.5416892767 0.6631225775 0.3833892303 0.9093640873 0.9821667116 0.9207522187 0.8075082946 0.8836333902 0.8955809398
0.1743191295 0.1394578862 0.0000000000 0.6313573364 0.0751768097 0.2929970374 0.9215215950 0.2922196799 0.2061352062 0.4192337585 0.9390010692 0.9993708133 0.2848516422 0.6744469587 0.3825119806 0.4282587627 0.1246902508 0.2966824578 0.2507125487 0.6677863771 0.1674469536 0.3006663589 0.0106512662
0.8172752336 0.7292992954 0.6313573364 0.0000000000 0.6665406995 0.8724340553 0.0757838052 0.3982938029 0.3244473864 0.1627711631 0.4384576275 0.1952165745 0.0687475319 0.5912659277 0.3923754800 0.4216831853 0.0901088739 0.7642459569 0.3275532724 0.0279212155 0.2828472121 0.2189283334 0.8980112269
0.6062216512 0.5757898335 0.0751768097 0.6665406995 0.0000000000 0.0882687112 0.3326476660 0.3883910823 0.3578782002 0.7069608346 0.3258400694 0.5079363677 0.7070293361 0.3296794880 0.7161964455 0.3176125594 0.5999003960 0.9215891448 0.4783823684 0.1978885728 0.6049121487 0.5204350297 0.8016087452
0.5922538570 0.1112754544 0.2929970374 0.8724340553 0.0882687112 0.0000000000 0.9389502066 0.0669762254 0.0023799182 0.7326939266 0.6888153631 0.5218437286 0.5086088154 0.7646605659 0.7514409468 0.3385966493 0.8723310669 0.4851554195 0.8132212960 0.0253710912 0.5586620645 0.0483949003 0.8647542003
0.3487575143 0.4152235576 0.9215215950 0.0757838052 0.3326476660 0.9389502066 0.0000000000 0.4234405213 0.0839673635 0.4150019612 0.5544774889 0.8360762116 0.6166043906 0.0160159812 0.9617553155 0.9911413550 0.4775979504 0.7405191490 0.8092202624 0.6201640317 0.5576373177 0.9207387670 0.9476535472
0.3195290314 0.6876829711 0.2922196799 0.3982938029 0.3883910823 0.0669762254 0.4234405213 0.0000000000 0.3516735306 0.2458848389 0.2941477486 0.5414125279 0.5628735325 0.3264367149 0.7590002972 0.7583908523 0.8112646329 0.4398787179 0.1079033943 0.9257238718 0.4766178276 0.1302310799 0.8234392428
0.9809775804 0.9483837777 0.2061352062 0.3244473864 0.3578782002 0.0023799182 0.0839673635 0.3516735306 0.0000000000 0.0509274539 0.2837397040 0.2016782951 0.4505174157 0.3278859365 0.4477591613 0.0948310651 0.0220496973 0.7480808545 0.2862040209 0.2588693960 0.5077050666 0.2196789104 0.2759259348
0.6421399330 0.6886411758 0.4192337585 0.1627711631 0.7069608346 0.7326939266 0.4150019612 0.2458848389 0.0509274539 0.0000000000 0.0437671835 0.2799154337 0.6605741656 0.6979703377 0.4659002121 0.1469676485 0.3762058362 0.2097770432 0.3106914980 0.5899311589 0.6589501905 0.9116372546 0.4275486044
0.4041572517 0.8642423624 0.9390010692 0.4384576275 0.3258400694 0.6888153631 0.5544774889 0.2941477486 0.2837397040 0.0437671835 0.0000000000 0.4583342455 0.9531105886 0.7331203984 0.7451999256 0.5289167160 0.1180075216 0.2552244532 0.4896382194 0.0124499869 0.2913960309 0.4052917331 0.3222309385
0.5950048552 0.8169858867 0.9993708133 0.1952165745 0.5079363677 0.5218437286 0.8360762116 0.5414125279 0.2016782951 0.2799154337 0.4583342455 0.0000000000 0.3055306521 0.6064148566 0.8142714960 0.6321591514 0.0274165040 0.5474985928 0.0096998406 0.0151974346 0.6563893055 0.0441597454 0.0328061466
0.9775064901 0.6970522061 0.2848516422 0.0687475319 0.7070293361 0.5086088154 0.6166043906 0.5628735325 0.4505174157 0.6605741656 0.9531105886 0.3055306521 0.0000000000 0.0499498262 0.8857912791 0.4962753124 0.5144446333 0.8430075368 0.1567978057 0.8004880376 0.7220886181 0.4560960573 0.6931516960
0.0435409143 0.7699062930 0.6744469587 0.5912659277 0.3296794880 0.7646605659 0.0160159812 0.3264367149 0.3278859365 0.6979703377 0.7331203984 0.6064148566 0.0499498262 0.0000000000 0.1045597563 0.5989140641 0.2511310571 0.7624989997 0.4549904288 0.3560379660 0.3932036279 0.8196305272 0.7229431486
0.4453814561 0.5416892767 0.3825119806 0.3923754800 0.7161964455 0.7514409468 0.9617553155 0.7590002972 0.4477591613 0.4659002121 0.7451999256 0.8142714960 0.8857912791 0.1045597563 0.0000000000 0.7502665247 0.2368673175 0.6488467798 0.1944920997 0.7822468036 0.0877007304 0.6158286898 0.9934366712
0.3179474072 0.6631225775 0.4282587627 0.4216831853 0.3176125594 0.3385966493 0.9911413550 0.7583908523 0.0948310651 0.1469676485 0.5289167160 0.6321591514 0.4962753124 0.5989140641 0.7502665247 0.0000000000 0.1837045931 0.8789711893 0.6638100115 0.0684018845 0.7274907266 0.6323264307 0.7445118177
0.9020211979 0.3833892303 0.1246902508 0.0901088739 0.5999003960 0.8723310669 0.4775979504 0.8112646329 0.0220496973 0.3762058362 0.1180075216 0.0274165040 0.5144446333 0.2511310571 0.2368673175 0.1837045931 0.0000000000 0.8206714957 0.0904464992 0.1817930231 0.9612131886 0.5751771327 0.7266384827
0.1955578143 0.9093640873 0.2966824578 0.7642459569 0.9215891448 0.4851554195 0.7405191490 0.4398787179 0.7480808545 0.2097770432 0.2552244532 0.5474985928 0.8430075368 0.7624989997 0.6488467798 0.8789711893 0.8206714957 0.0000000000 0.5319613766 0.8194966397 0.0042926503 0.9673017391 0.3940892465
0.4531973182 0.9821667116 0.2507125487 0.3275532724 0.4783823684 0.8132212960 0.8092202624 0.1079033943 0.2862040209 0.3106914980 0.4896382194 0.0096998406 0.1567978057 0.4549904288 0.1944920997 0.6638100115 0.0904464992 0.5319613766 0.0000000000 0.6306202584 0.3025605896 0.3538694753 0.8979570003
0.9998193983 0.9207522187 0.6677863771 0.0279212155 0.1978885728 0.0253710912 0.6201640317 0.9257238718 0.2588693960 0.5899311589 0.0124499869 0.0151974346 0.8004880376 0.3560379660 0.7822468036 0.0684018845 0.1817930231 0.8194966397 0.6306202584 0.0000000000 0.2931336738 0.3802028596 0.0317568116
0.2838202853 0.8075082946 0.1674469536 0.2828472121 0.6049121487 0.5586620645 0.5576373177 0.4766178276 0.5077050666 0.6589501905 0.2913960309 0.6563893055 0.7220886181 0.3932036279 0.0877007304 0.7274907266 0.9612131886 0.0042926503 0.3025605896 0.2931336738 0.0000000000 0.2126593248 0.3902676172
0.9174706676 0.8836333902 0.3006663589 0.2189283334 0.5204350297 0.0483949003 0.9207387670 0.1302310799 0.2196789104 0.9116372546 0.4052917331 0.0441597454 0.4560960573 0.8196305272 0.6158286898 0.6323264307 0.5751771327 0.9673017391 0.3538694753 0.3802028596 0.2126593248 0.0000000000 0.5942454829
0.3165324167 0.8955809398 0.0106512662 0.8980112269 0.8016087452 0.8647542003 0.9476535472 0.8234392428 0.2759259348 0.4275486044 0.3222309385 0.0328061466 0.6931516960 0.7229431486 0.9934366712 0.7445118177 0.7266384827 0.3940892465 0.8979570003 0.0317568116 0.3902676172 0.5942454829 0.0000000000
