# Graph size: 23
# Optimal cost: 1.8965915428103615

# Distance Matrix
0.0 0.8415894439291431 0.8093621065964995 0.7236200231038606 0.17792142782332032 0.03783249075233053 0.7891064871944942 0.5710379743261546 0.9571190994862138 0.3595793884824393 0.5495703730935328 0.08360572155802926 0.45288852446463623 0.46287538329138267 0.2068791528536854 0.2874396031141011 0.1878153299687484 0.6245189047285244 0.4402950390918795 0.833527372334501 0.816425613638881 0.9517448130230329 0.9854708137050352
0.8415894439291431 0.0 0.706439181695707 0.5273376452569657 0.30377682963730135 0.2592276475330373 0.4447275560748597 0.09709434727943755 0.943101965832664 0.6935242309774814 0.35620177444421497 0.2832073658844053 0.18529647338111377 0.20882358055596162 0.22786209666457413 0.48710710015916336 0.3484588231006176 0.1408527079647095 0.3281327860893395 0.3921075205612472 0.11678269087993887 0.849789910927096 0.07813264741990034
0.8093621065964995 0.706439181695707 0.0 0.5871582205301928 0.02752854453034881 0.18720265295697236 0.6290746175978993 0.02407084425889472 0.1666296650279554 0.9735991949253312 0.7244866894810756 0.5240702710544209 0.31539475439303977 0.648245063254203 0.6487987346090376 0.4489358267710083 0.7292456481672387 0.2929353494051741 0.7679407167970098 0.08266135525049645 0.44915577845139254 0.30270245482596203 0.15294952816890584
0.7236200231038606 0.5273376452569657 0.5871582205301928 0.0 0.23147700569701268 0.547430882297296 0.07897799790527715 0.04418368221298863 0.04324004564095929 0.9917004338935701 0.2545170506533071 0.4615958892989811 0.07161586543216159 0.8744650712460621 0.12443124226109514 0.09561596495653168 0.1661339268689649 0.6002711289673608 0.15396696838495616 0.723547078308568 0.8561187074735386 0.24856060293932813 0.6612036245684275
0.17792142782332032 0.30377682963730135 0.02752854453034881 0.23147700569701268 0.0 0.7879810755939537 0.514658053901391 0.7374711652181805 0.03163616818877468 0.4465889817490105 0.7381872650302114 0.6023375448169341 0.11164490068048816 0.35674555991844437 0.057929569555769 0.17237182765763248 0.7491448939803752 0.6937970324463594 0.31134897113929993 0.6799771693262444 0.8022463677335208 0.41838396766493013 0.7449349379300282
0.03783249075233053 0.2592276475330373 0.18720265295697236 0.547430882297296 0.7879810755939537 0.0 0.3693759993040474 0.3205463614592775 0.6060819525652444 0.194052526616307 0.9847096674627864 0.018710880973658472 0.731724548678209 0.49125567289404526 0.11249429520365628 0.6082964931896458 0.161124796306377 0.5913754609746334 0.729292710431024 0.03129849026676457 0.7445125796825227 0.7698591001783749 0.9626901319988527
0.7891064871944942 0.4447275560748597 0.6290746175978993 0.07897799790527715 0.514658053901391 0.3693759993040474 0.0 0.14770241690314578 0.32885734043171944 0.6502496679187545 0.5121370463863683 0.9693545691714315 0.2103468576191897 0.7473603078906338 0.3959497654051005 0.10375628139178028 0.033644068251749815 0.6746112881710126 0.6917351888343704 0.6739258826691344 0.4111463446568484 0.15716154832343432 0.7197337340146855
0.5710379743261546 0.09709434727943755 0.02407084425889472 0.04418368221298863 0.7374711652181805 0.3205463614592775 0.14770241690314578 0.0 0.6142607096652734 0.5833221752484704 0.516881211809147 0.6820496593196784 0.9073718017078443 0.7703025678961598 0.35087522353259737 0.11546601746034846 0.023151735935705298 0.47525565570407025 0.7121822077960673 0.6415169229370911 0.5488758796850994 0.8916744533997144 0.2194369932210214
0.9571190994862138 0.943101965832664 0.1666296650279554 0.04324004564095929 0.03163616818877468 0.6060819525652444 0.32885734043171944 0.6142607096652734 0.0 0.4047168332669365 0.7579260601940299 0.7395598463548287 0.17169936266092123 0.27832329303277614 0.6547649468727751 0.30958160735092577 0.9253149958459086 0.3867356411944336 0.8550782806766609 0.22965261310004048 0.501589739155419 0.7446091596948217 0.5125413774938048
0.3595793884824393 0.6935242309774814 0.9735991949253312 0.9917004338935701 0.4465889817490105 0.194052526616307 0.6502496679187545 0.5833221752484704 0.4047168332669365 0.0 0.48495246320233476 0.6372213564062738 0.8449905550719863 0.3874549156350179 0.5202884301256762 0.2638475121613698 0.8422574235204184 0.06753508195606561 0.8327834044746533 0.7087326945347546 0.5703702317373863 0.29743080765099184 0.3232316641324319
0.5495703730935328 0.35620177444421497 0.7244866894810756 0.2545170506533071 0.7381872650302114 0.9847096674627864 0.5121370463863683 0.516881211809147 0.7579260601940299 0.48495246320233476 0.0 0.7455310216646137 0.01292303315122334 0.3510812738344531 0.8160652448140701 0.9922252922605903 0.9987046531484652 0.389814863472254 0.5807251863680115 0.05275787341143601 0.8349591578869151 0.7891304970511314 0.3913331079139223
0.08360572155802926 0.2832073658844053 0.5240702710544209 0.4615958892989811 0.6023375448169341 0.018710880973658472 0.9693545691714315 0.6820496593196784 0.7395598463548287 0.6372213564062738 0.7455310216646137 0.0 0.22953159781488097 0.31026102774305264 0.4883909386772046 0.6469107667143245 0.5958743706004537 0.9998967374062997 0.5201969553944038 0.3409962453704458 0.7107241346269293 0.08887110045408486 0.010000157041810231
0.45288852446463623 0.18529647338111377 0.31539475439303977 0.07161586543216159 0.11164490068048816 0.731724548678209 0.2103468576191897 0.9073718017078443 0.17169936266092123 0.8449905550719863 0.01292303315122334 0.22953159781488097 0.0 0.217357275671896 0.2822054891824487 0.9911335583041657 0.10155144356167611 0.2776037680234845 0.6424331417054899 0.8883458366861938 0.46007106251399665 0.9168530516346264 0.9827915981647501
0.46287538329138267 0.20882358055596162 0.648245063254203 0.8744650712460621 0.35674555991844437 0.49125567289404526 0.7473603078906338 0.7703025678961598 0.27832329303277614 0.3874549156350179 0.3510812738344531 0.31026102774305264 0.217357275671896 0.0 0.9374888916680909 0.23256525714308252 0.3552028214012911 0.9171040518066281 0.30383422414577965 0.6035037521068131 0.7056187796721602 0.08951841316412212 0.36428023628417106
0.2068791528536854 0.22786209666457413 0.6487987346090376 0.12443124226109514 0.057929569555769 0.11249429520365628 0.3959497654051005 0.35087522353259737 0.6547649468727751 0.5202884301256762 0.8160652448140701 0.4883909386772046 0.2822054891824487 0.9374888916680909 0.0 0.37411111996092716 0.972945009456944 0.2246013049453699 0.3957819864675438 0.3148142758573247 0.514096889035713 0.2290461387356011 0.814578194245293
0.2874396031141011 0.48710710015916336 0.4489358267710083 0.09561596495653168 0.17237182765763248 0.6082964931896458 0.10375628139178028 0.11546601746034846 0.30958160735092577 0.2638475121613698 0.9922252922605903 0.6469107667143245 0.9911335583041657 0.23256525714308252 0.37411111996092716 0.0 0.39292754343441383 0.006097992096286031 0.6975644471906498 0.5641467662649697 0.36144545961303176 0.7664739869679736 0.44994420576485084
0.1878153299687484 0.3484588231006176 0.7292456481672387 0.1661339268689649 0.7491448939803752 0.161124796306377 0.033644068251749815 0.023151735935705298 0.9253149958459086 0.8422574235204184 0.9987046531484652 0.5958743706004537 0.10155144356167611 0.3552028214012911 0.972945009456944 0.39292754343441383 0.0 0.5632959862980189 0.6098528575504917 0.34961777011226725 0.5319230346524835 0.2205257876145662 0.6241506528596086
0.6245189047285244 0.1408527079647095 0.2929353494051741 0.6002711289673608 0.6937970324463594 0.5913754609746334 0.6746112881710126 0.47525565570407025 0.3867356411944336 0.06753508195606561 0.389814863472254 0.9998967374062997 0.2776037680234845 0.9171040518066281 0.2246013049453699 0.006097992096286031 0.5632959862980189 0.0 0.7030923285823454 0.4494377904194793 0.8967693878325441 0.8808350375376478 0.8094384265634016
0.4402950390918795 0.3281327860893395 0.7679407167970098 0.15396696838495616 0.31134897113929993 0.729292710431024 0.6917351888343704 0.7121822077960673 0.8550782806766609 0.8327834044746533 0.5807251863680115 0.5201969553944038 0.6424331417054899 0.30383422414577965 0.3957819864675438 0.6975644471906498 0.6098528575504917 0.7030923285823454 0.0 0.27397649376654487 0.8558524736449737 0.5083563263837619 0.6619068329415654
0.833527372334501 0.3921075205612472 0.08266135525049645 0.723547078308568 0.6799771693262444 0.03129849026676457 0.6739258826691344 0.6415169229370911 0.22965261310004048 0.7087326945347546 0.05275787341143601 0.3409962453704458 0.8883458366861938 0.6035037521068131 0.3148142758573247 0.5641467662649697 0.34961777011226725 0.4494377904194793 0.27397649376654487 0.0 0.6561725581997868 0.6804839579302456 0.5896236775821839
0.816425613638881 0.11678269087993887 0.44915577845139254 0.8561187074735386 0.8022463677335208 0.7445125796825227 0.4111463446568484 0.5488758796850994 0.501589739155419 0.5703702317373863 0.8349591578869151 0.7107241346269293 0.46007106251399665 0.7056187796721602 0.514096889035713 0.36144545961303176 0.5319230346524835 0.8967693878325441 0.8558524736449737 0.6561725581997868 0.0 0.6266354119059291 0.7154450629043032
0.9517448130230329 0.849789910927096 0.30270245482596203 0.24856060293932813 0.41838396766493013 0.7698591001783749 0.15716154832343432 0.8916744533997144 0.7446091596948217 0.29743080765099184 0.7891304970511314 0.08887110045408486 0.9168530516346264 0.08951841316412212 0.2290461387356011 0.7664739869679736 0.2205257876145662 0.8808350375376478 0.5083563263837619 0.6804839579302456 0.6266354119059291 0.0 0.35131809629597466
0.9854708137050352 0.07813264741990034 0.15294952816890584 0.6612036245684275 0.7449349379300282 0.9626901319988527 0.7197337340146855 0.2194369932210214 0.5125413774938048 0.3232316641324319 0.3913331079139223 0.010000157041810231 0.9827915981647501 0.36428023628417106 0.814578194245293 0.44994420576485084 0.6241506528596086 0.8094384265634016 0.6619068329415654 0.5896236775821839 0.7154450629043032 0.35131809629597466 0.0

# Optimal Walk
0 19 10 12 18 3 8 14 4 2 7 16 6 15 17 9 1 20 13 21 11 22 5 0
