# MCW Instance
# Type: UNIFORM
# N: 23
# Optimal cost: 2.084949727427866
# Optimal tour (permutation): [0, 21, 1, 19, 15, 6, 7, 22, 20, 8, 13, 3, 17, 11, 18, 14, 12, 5, 2, 16, 4, 9, 10, 0]
# Optimal walk (full path): [0, 1, 21, 1, 19, 15, 6, 7, 22, 20, 22, 8, 13, 3, 17, 11, 18, 14, 12, 5, 2, 16, 4, 16, 9, 10, 0]
# Walk size: 27
# Is walk (has repeats): true

# Distance Matrix
0.0000000000 0.1526317932 0.5563355181 0.2519875092 0.5663599097 0.5489121429 0.7155005830 0.4527739937 0.7576419442 0.4236751843 0.2445180115 0.3054484117 0.8427696500 0.7736488001 0.7071093484 0.6535616462 0.5389062121 0.7267140215 0.1021771032 0.8692367504 0.2137560881 0.7182701613 0.5644744026
0.1526317932 0.0000000000 0.3256732519 0.7973099884 0.4794295264 0.5910707866 0.1158226054 0.7392986779 0.8387812928 0.4293866992 0.3514936571 0.8126788801 0.1998153849 0.0994830723 0.7531236746 0.5410138836 0.6976991606 0.8914574152 0.3976771527 0.0364003828 0.4619511430 0.0782110985 0.4306112176
0.5563355181 0.3256732519 0.0000000000 0.0746324173 0.1156572487 0.0145163862 0.2675728106 0.3055818751 0.6272272203 0.7552269665 0.3124693754 0.5993146818 0.8972898922 0.8186383251 0.5007816903 0.6622502185 0.0111777903 0.7454197389 0.0404637624 0.2227110298 0.9165529393 0.6592025560 0.5675011345
0.2519875092 0.7973099884 0.0746324173 0.0000000000 0.2814990171 0.3960778691 0.1218244574 0.5591759471 0.1506726954 0.5966363052 0.1943927561 0.2553132275 0.2624900730 0.0494608558 0.7647442519 0.5262597831 0.0205200476 0.0696254442 0.8825429495 0.0960732975 0.2862147739 0.6587126649 0.0551715692
0.5663599097 0.4794295264 0.1156572487 0.2814990171 0.0000000000 0.2803760965 0.4467740742 0.5510672946 0.2007357489 0.9305546197 0.3939223703 0.8418987746 0.2289152880 0.5894616829 0.1582576026 0.7145974901 0.0260595428 0.9585059555 0.3901205896 0.1449804745 0.9578393076 0.6519891271 0.3554722940
0.5489121429 0.5910707866 0.0145163862 0.3960778691 0.2803760965 0.0000000000 0.1017846704 0.8709303769 0.8717777180 0.6240556720 0.6855764498 0.9746193990 0.0738736470 0.1671578795 0.8523484827 0.9138852222 0.9181733775 0.1535773555 0.8534261565 0.8074244363 0.7936830171 0.3349397119 0.2899072920
0.7155005830 0.1158226054 0.2675728106 0.1218244574 0.4467740742 0.1017846704 0.0000000000 0.0172526078 0.9936821571 0.5452954422 0.7277109687 0.9409279090 0.1788070511 0.5049709315 0.1484119031 0.1731068569 0.1107492690 0.8149342395 0.1213895592 0.9700566310 0.7652428694 0.7554755186 0.4744216013
0.4527739937 0.7392986779 0.3055818751 0.5591759471 0.5510672946 0.8709303769 0.0172526078 0.0000000000 0.0689124481 0.8402401941 0.2617908906 0.4127036669 0.5628821670 0.3636519466 0.2390985554 0.4903787486 0.7142644945 0.5747548309 0.2012038657 0.5740105703 0.2990617804 0.5043456202 0.0689697532
0.7576419442 0.8387812928 0.6272272203 0.1506726954 0.2007357489 0.8717777180 0.9936821571 0.0689124481 0.0000000000 0.9540381295 0.3201314378 0.7109480851 0.8489382009 0.0580983977 0.7002349360 0.4438548232 0.8273866491 0.7992074118 0.8720069405 0.0985131490 0.8613933471 0.4521405864 0.0187815312
0.4236751843 0.4293866992 0.7552269665 0.5966363052 0.9305546197 0.6240556720 0.5452954422 0.8402401941 0.9540381295 0.0000000000 0.2057408054 0.3260237304 0.0929546837 0.0883761591 0.3534834241 0.2855399266 0.0594459266 0.6013482367 0.3783026122 0.4965735985 0.5944398127 0.7059035640 0.8835097901
0.2445180115 0.3514936571 0.3124693754 0.1943927561 0.3939223703 0.6855764498 0.7277109687 0.2617908906 0.3201314378 0.2057408054 0.0000000000 0.9224920548 0.8191600195 0.8935492032 0.6418378701 0.5407266042 0.4505253139 0.2827481703 0.7227689593 0.3586207277 0.2240748138 0.4022471647 0.2481130725
0.3054484117 0.8126788801 0.5993146818 0.2553132275 0.8418987746 0.9746193990 0.9409279090 0.4127036669 0.7109480851 0.3260237304 0.9224920548 0.0000000000 0.7183950571 0.8133235670 0.9614122341 0.5241596394 0.1681153743 0.1467022679 0.1818217098 0.9246994904 0.4030882993 0.4148359012 0.8825301778
0.8427696500 0.1998153849 0.8972898922 0.2624900730 0.2289152880 0.0738736470 0.1788070511 0.5628821670 0.8489382009 0.0929546837 0.8191600195 0.7183950571 0.0000000000 0.3064424470 0.0408991548 0.7337683325 0.6608301475 0.9268312369 0.2833449340 0.3838406905 0.1910035576 0.8039799733 0.8398046635
0.7736488001 0.0994830723 0.8186383251 0.0494608558 0.5894616829 0.1671578795 0.5049709315 0.3636519466 0.0580983977 0.0883761591 0.8935492032 0.8133235670 0.3064424470 0.0000000000 0.7792837992 0.8754681028 0.2094412890 0.8391285046 0.8401857640 0.8258884378 0.5167330416 0.8409159689 0.2363477566
0.7071093484 0.7531236746 0.5007816903 0.7647442519 0.1582576026 0.8523484827 0.1484119031 0.2390985554 0.7002349360 0.3534834241 0.6418378701 0.9614122341 0.0408991548 0.7792837992 0.0000000000 0.4262353979 0.9420322271 0.4720926261 0.0516423102 0.5354415303 0.8081698339 0.6609836427 0.7778405329
0.6535616462 0.5410138836 0.6622502185 0.5262597831 0.7145974901 0.9138852222 0.1731068569 0.4903787486 0.4438548232 0.2855399266 0.5407266042 0.5241596394 0.7337683325 0.8754681028 0.4262353979 0.0000000000 0.7242139872 0.8390376233 0.9186221537 0.1884756322 0.8087313084 0.6487436047 0.6258185078
0.5389062121 0.6976991606 0.0111777903 0.0205200476 0.0260595428 0.9181733775 0.1107492690 0.7142644945 0.8273866491 0.0594459266 0.4505253139 0.1681153743 0.6608301475 0.2094412890 0.9420322271 0.7242139872 0.0000000000 0.5661618169 0.3433636439 0.0283302931 0.8245564730 0.9608897767 0.6652202062
0.7267140215 0.8914574152 0.7454197389 0.0696254442 0.9585059555 0.1535773555 0.8149342395 0.5747548309 0.7992074118 0.6013482367 0.2827481703 0.1467022679 0.9268312369 0.8391285046 0.4720926261 0.8390376233 0.5661618169 0.0000000000 0.8525956388 0.5835709280 0.6421705141 0.5452423826 0.4305339014
0.1021771032 0.3976771527 0.0404637624 0.8825429495 0.3901205896 0.8534261565 0.1213895592 0.2012038657 0.8720069405 0.3783026122 0.7227689593 0.1818217098 0.2833449340 0.8401857640 0.0516423102 0.9186221537 0.3433636439 0.8525956388 0.0000000000 0.6105010271 0.6745018030 0.4937242993 0.9051395200
0.8692367504 0.0364003828 0.2227110298 0.0960732975 0.1449804745 0.8074244363 0.9700566310 0.5740105703 0.0985131490 0.4965735985 0.3586207277 0.9246994904 0.3838406905 0.8258884378 0.5354415303 0.1884756322 0.0283302931 0.5835709280 0.6105010271 0.0000000000 0.4168013645 0.5934825283 0.2925570399
0.2137560881 0.4619511430 0.9165529393 0.2862147739 0.9578393076 0.7936830171 0.7652428694 0.2990617804 0.8613933471 0.5944398127 0.2240748138 0.4030882993 0.1910035576 0.5167330416 0.8081698339 0.8087313084 0.8245564730 0.6421705141 0.6745018030 0.4168013645 0.0000000000 0.8717940566 0.0066335900
0.7182701613 0.0782110985 0.6592025560 0.6587126649 0.6519891271 0.3349397119 0.7554755186 0.5043456202 0.4521405864 0.7059035640 0.4022471647 0.4148359012 0.8039799733 0.8409159689 0.6609836427 0.6487436047 0.9608897767 0.5452423826 0.4937242993 0.5934825283 0.8717940566 0.0000000000 0.4890020073
0.5644744026 0.4306112176 0.5675011345 0.0551715692 0.3554722940 0.2899072920 0.4744216013 0.0689697532 0.0187815312 0.8835097901 0.2481130725 0.8825301778 0.8398046635 0.2363477566 0.7778405329 0.6258185078 0.6652202062 0.4305339014 0.9051395200 0.2925570399 0.0066335900 0.4890020073 0.0000000000
