# Graph size: 23
# Optimal cost: 1.7361468329465124

# Distance Matrix
0.0 0.5481138549026573 0.5853363722032453 0.8970375375214457 0.8217966110686055 0.33921935791140134 0.82441020339341 0.1230581854521553 0.4500361280840286 0.4605876376817445 0.49195123687400033 0.30238599548025424 0.8208699654657967 0.7703386111035277 0.2964297597626272 0.22536496150185992 0.9527684384297745 0.6336881345938565 0.3942878275096715 0.4235497855982532 0.32149739059883253 0.848556018200428 0.8226246952191595
0.5481138549026573 0.0 0.463810200021893 0.3357574769434013 0.41199530521861205 0.7205564524474496 0.05959024652863487 0.5305903738080009 0.13504150428787798 0.590257383476328 0.9331907419019219 0.2378595063210852 0.6614326226955841 0.8731036266792174 0.4264202189958056 0.6581523556074023 0.27475168005294204 0.6720047386787604 0.7016853841308697 0.4547402605487615 0.9888953691130736 0.5379223542639825 0.00156974815779376
0.5853363722032453 0.463810200021893 0.0 0.2177709491553773 0.8083739914432563 0.8567391043383823 0.8421745764462207 0.4056575265148158 0.7177994004949779 0.5220554456171075 0.20397376028109926 0.6606675002496835 0.9140191353130565 0.2601555325622298 0.7536601368818817 0.7170038986249234 0.029706552514373374 0.18529806362235846 0.8814378001062466 0.47220973196463967 0.6138184132361167 0.9066512843023042 0.8704412160165416
0.8970375375214457 0.3357574769434013 0.2177709491553773 0.0 0.17651621980870313 0.9321828766888844 0.7826059644589889 0.8284385001528866 0.10979426485403032 0.23058213314692733 0.7238642046468433 0.10670311597879034 0.5620575405797267 0.9630462432649065 0.2836154706276873 0.8069145032642592 0.4110048685956996 0.1296752467025385 0.641276019950062 0.634174665019718 0.09887831070422559 0.7911591801707888 0.48568153030889394
0.8217966110686055 0.41199530521861205 0.8083739914432563 0.17651621980870313 0.0 0.7927046362997331 0.35095293052782117 0.031266488488591704 0.7342866669273577 0.8405109250726069 0.5492626574917773 0.12392331288269154 0.4868400868018318 0.4202890041211712 0.27770624282193357 0.42810737632531737 0.6051662593065766 0.5660570299679866 0.1884662193941541 0.5816319972895411 0.8351010600236938 0.8484898539359002 0.0047124372805352754
0.33921935791140134 0.7205564524474496 0.8567391043383823 0.9321828766888844 0.7927046362997331 0.0 0.8939972419394752 0.44229061589782004 0.9666498795696009 0.17085176890522746 0.4488368025956412 0.9204780967621047 0.519787901493776 0.3891233408676821 0.3180905096969827 0.4490667545067131 0.6001134055431696 0.04012889228243255 0.4628845779083949 0.4261613544073959 0.5359108127389304 0.27492633509122233 0.3502024448162733
0.82441020339341 0.05959024652863487 0.8421745764462207 0.7826059644589889 0.35095293052782117 0.8939972419394752 0.0 0.5839547151378678 0.5841041563752356 0.387603654608884 0.04978118423278899 0.9052397207269736 0.6223498378874964 0.9297893276212386 0.5922698793297724 0.8029915283175982 0.9229631036184947 0.9123451212136753 0.6675379624184234 0.7993784438356738 0.9044609115522851 0.3545250392837207 0.3211227721350838
0.1230581854521553 0.5305903738080009 0.4056575265148158 0.8284385001528866 0.031266488488591704 0.44229061589782004 0.5839547151378678 0.0 0.24622425077616206 0.35123011150709527 0.38717441810029163 0.16715766698124868 0.4658587611888996 0.9678064915571952 0.09408147558436086 0.7777231784585007 0.059457549042461144 0.2914771730839819 0.28438285222338255 0.33141546695921587 0.029385375092564003 0.9253943979082633 0.4289642635497527
0.4500361280840286 0.13504150428787798 0.7177994004949779 0.10979426485403032 0.7342866669273577 0.9666498795696009 0.5841041563752356 0.24622425077616206 0.0 0.30802770113926925 0.7927228202466998 0.7741168624343486 0.06508527345272319 0.0015918852850344 0.12506847531534382 0.4644697382996209 0.07599765598565988 0.8906297680892228 0.5668745318496098 0.4168420540132116 0.38611493829428933 0.4523134790009178 0.8489861190443629
0.4605876376817445 0.590257383476328 0.5220554456171075 0.23058213314692733 0.8405109250726069 0.17085176890522746 0.387603654608884 0.35123011150709527 0.30802770113926925 0.0 0.09551654669971676 0.7773298615878956 0.8363378306879548 0.44972034491064716 0.811353202198978 0.7283661540648236 0.9246577220165801 0.4827336166157479 0.07612491592226378 0.406589376345606 0.6948460435349861 0.7330911869015082 0.915029612040627
0.49195123687400033 0.9331907419019219 0.20397376028109926 0.7238642046468433 0.5492626574917773 0.4488368025956412 0.04978118423278899 0.38717441810029163 0.7927228202466998 0.09551654669971676 0.0 0.2004909561392374 0.4776783919242624 0.8083658003163998 0.7323802581778517 0.47109865267533513 0.65365331915342 0.05225738419195325 0.29520061435077205 0.5218558958015483 0.5685074382843143 0.08013878743552005 0.150430690577522
0.30238599548025424 0.2378595063210852 0.6606675002496835 0.10670311597879034 0.12392331288269154 0.9204780967621047 0.9052397207269736 0.16715766698124868 0.7741168624343486 0.7773298615878956 0.2004909561392374 0.0 0.13905074609496193 0.9643872212089901 0.5390975045020241 0.3236732921790555 0.4386654967925042 0.02118995427007475 0.9694571074116561 0.46088887411043955 0.1705558793729124 0.18168888041164044 0.4504256096657122
0.8208699654657967 0.6614326226955841 0.9140191353130565 0.5620575405797267 0.4868400868018318 0.519787901493776 0.6223498378874964 0.4658587611888996 0.06508527345272319 0.8363378306879548 0.4776783919242624 0.13905074609496193 0.0 0.6691726494664052 0.07715843573285097 0.29440810242570725 0.04943296071599579 0.18872477245353825 0.3814638545343835 0.2498152253001883 0.9628835466484206 0.685350667748927 0.9877825649311386
0.7703386111035277 0.8731036266792174 0.2601555325622298 0.9630462432649065 0.4202890041211712 0.3891233408676821 0.9297893276212386 0.9678064915571952 0.0015918852850344 0.44972034491064716 0.8083658003163998 0.9643872212089901 0.6691726494664052 0.0 0.20825068348095965 0.6354630993380661 0.39130511524288913 0.5188684703490187 0.7221147195277883 0.07580453595682124 0.5420205365927327 0.8842554362520537 0.5401841468224383
0.2964297597626272 0.4264202189958056 0.7536601368818817 0.2836154706276873 0.27770624282193357 0.3180905096969827 0.5922698793297724 0.09408147558436086 0.12506847531534382 0.811353202198978 0.7323802581778517 0.5390975045020241 0.07715843573285097 0.20825068348095965 0.0 0.048230431790692974 0.557236248231507 0.6772004493764763 0.6485328754970092 0.8134541265899068 0.19727209384654876 0.3314161539815279 0.1503816645101418
0.22536496150185992 0.6581523556074023 0.7170038986249234 0.8069145032642592 0.42810737632531737 0.4490667545067131 0.8029915283175982 0.7777231784585007 0.4644697382996209 0.7283661540648236 0.47109865267533513 0.3236732921790555 0.29440810242570725 0.6354630993380661 0.048230431790692974 0.0 0.6155359989625682 0.4886664157336633 0.6338148906333007 0.9163038775232707 0.16805469471345114 0.5581250072625598 0.8857750440012562
0.9527684384297745 0.27475168005294204 0.029706552514373374 0.4110048685956996 0.6051662593065766 0.6001134055431696 0.9229631036184947 0.059457549042461144 0.07599765598565988 0.9246577220165801 0.65365331915342 0.4386654967925042 0.04943296071599579 0.39130511524288913 0.557236248231507 0.6155359989625682 0.0 0.5465662835056819 0.9793677904359308 0.6397038374054581 0.7329797445069565 0.07898436830861544 0.4750001587037066
0.6336881345938565 0.6720047386787604 0.18529806362235846 0.1296752467025385 0.5660570299679866 0.04012889228243255 0.9123451212136753 0.2914771730839819 0.8906297680892228 0.4827336166157479 0.05225738419195325 0.02118995427007475 0.18872477245353825 0.5188684703490187 0.6772004493764763 0.4886664157336633 0.5465662835056819 0.0 0.4273756963194336 0.4426673024850033 0.04852451723061657 0.5246125765889331 0.6336065130030075
0.3942878275096715 0.7016853841308697 0.8814378001062466 0.641276019950062 0.1884662193941541 0.4628845779083949 0.6675379624184234 0.28438285222338255 0.5668745318496098 0.07612491592226378 0.29520061435077205 0.9694571074116561 0.3814638545343835 0.7221147195277883 0.6485328754970092 0.6338148906333007 0.9793677904359308 0.4273756963194336 0.0 0.19717116951824287 0.9589858436632736 0.16166670776294256 0.08429439913810977
0.4235497855982532 0.4547402605487615 0.47220973196463967 0.634174665019718 0.5816319972895411 0.4261613544073959 0.7993784438356738 0.33141546695921587 0.4168420540132116 0.406589376345606 0.5218558958015483 0.46088887411043955 0.2498152253001883 0.07580453595682124 0.8134541265899068 0.9163038775232707 0.6397038374054581 0.4426673024850033 0.19717116951824287 0.0 0.7939169400659767 0.9624466369904796 0.9958172633530976
0.32149739059883253 0.9888953691130736 0.6138184132361167 0.09887831070422559 0.8351010600236938 0.5359108127389304 0.9044609115522851 0.029385375092564003 0.38611493829428933 0.6948460435349861 0.5685074382843143 0.1705558793729124 0.9628835466484206 0.5420205365927327 0.19727209384654876 0.16805469471345114 0.7329797445069565 0.04852451723061657 0.9589858436632736 0.7939169400659767 0.0 0.9314006461592225 0.9945825730317528
0.848556018200428 0.5379223542639825 0.9066512843023042 0.7911591801707888 0.8484898539359002 0.27492633509122233 0.3545250392837207 0.9253943979082633 0.4523134790009178 0.7330911869015082 0.08013878743552005 0.18168888041164044 0.685350667748927 0.8842554362520537 0.3314161539815279 0.5581250072625598 0.07898436830861544 0.5246125765889331 0.16166670776294256 0.9624466369904796 0.9314006461592225 0.0 0.5587618806203464
0.8226246952191595 0.00156974815779376 0.8704412160165416 0.48568153030889394 0.0047124372805352754 0.3502024448162733 0.3211227721350838 0.4289642635497527 0.8489861190443629 0.915029612040627 0.150430690577522 0.4504256096657122 0.9877825649311386 0.5401841468224383 0.1503816645101418 0.8857750440012562 0.4750001587037066 0.6336065130030075 0.08429439913810977 0.9958172633530976 0.9945825730317528 0.5587618806203464 0.0

# Optimal Walk
0 15 14 12 19 13 8 16 2 21 10 6 1 22 4 18 9 5 17 11 3 20 7 0
