# Graph size: 23
# Optimal cost: 1.5077757985275373

# Distance Matrix
0.0 0.5997943142099346 0.9960669086621601 0.7641127301594878 0.04601442285849733 0.25741668725713174 0.9916178192943577 0.1746611345910074 0.8754716413060855 0.234225415786243 0.6822017362742802 0.7845059154478609 0.06997934810358564 0.31044961122618897 0.5382493144892492 0.29442554105008945 0.4998332445430732 0.5801466578932705 0.07594461202485137 0.14073852743611714 0.5365080457242505 0.9259812080159343 0.8305479444361188
0.5997943142099346 0.0 0.5883269175817301 0.6479672717262169 0.7072464946990988 0.6210634990659751 0.2571325112108328 0.19854090341181996 0.6213640702006066 0.13411399871885354 0.3358183093465502 0.5442218402253401 0.8563235015053574 0.8636743395663636 0.15913952197954118 0.4136458549088853 0.5900014259144079 0.4833544286799484 0.5296695169702212 0.9956843306955224 0.612024530415024 0.7992116009011206 0.14987857323294262
0.9960669086621601 0.5883269175817301 0.0 0.11649241897647822 0.3448189386894994 0.5336107411409985 0.7971638886117945 0.3820199773888763 0.822714057657217 0.3244404046236996 0.42228138011429583 0.18640637044484076 0.25144584691391214 0.48903176093686396 0.18073141946643811 0.042344144216427404 0.615131283921754 0.298416233794354 0.5170019491042216 0.7764112447443873 0.42376186456375897 0.735097103238273 0.8131739889671373
0.7641127301594878 0.6479672717262169 0.11649241897647822 0.0 0.7505346015780526 0.10149095673510256 0.9662988587146157 0.786246611226568 0.4201628959399165 0.7044661046766628 0.05469790071749703 0.7726391061170113 0.2203898544828259 0.6266843346694643 0.749926349982246 0.2736806401016382 0.9831833171152555 0.7033242162527915 0.5566807680928955 0.6524984924057009 0.8320401275503689 0.6532365082857774 0.6590556475528389
0.04601442285849733 0.7072464946990988 0.3448189386894994 0.7505346015780526 0.0 0.6705678383169422 0.7748000697912607 0.11574983958821583 0.6957615416563835 0.6312877460816096 0.021016841348717175 0.6316763262390283 0.8271759496032958 0.25829924089235523 0.38719761318074675 0.7943770550147244 0.012714828473684325 0.07786320116661583 0.021387148406399104 0.4539751339960727 0.925800995002579 0.9974672522546206 0.07798645528017323
0.25741668725713174 0.6210634990659751 0.5336107411409985 0.10149095673510256 0.6705678383169422 0.0 0.29627956497236263 0.473745612288776 0.9769323814472308 0.9043595943222339 0.33771064064958556 0.4611467043506383 0.17364150705910686 0.7626970200986883 0.8784932769382463 0.5379494202089711 0.7101141851805629 0.10376730094719422 0.23861214363008043 0.20710017143453152 0.26000245089879503 0.9336035793296545 0.16449815379778832
0.9916178192943577 0.2571325112108328 0.7971638886117945 0.9662988587146157 0.7748000697912607 0.29627956497236263 0.0 0.3317669470247534 0.977685193298481 0.8698346849077744 0.13914325543626305 0.27838664142598757 0.9069893261191769 0.07128546314022 0.9543160364347935 0.5593396039879052 0.8961681548919519 0.3426343692155308 0.810778622955983 0.597840281404919 0.21911834271220132 0.36533105484625295 0.9008802231701716
0.1746611345910074 0.19854090341181996 0.3820199773888763 0.786246611226568 0.11574983958821583 0.473745612288776 0.3317669470247534 0.0 0.02767231358514255 0.556919080011846 0.1866400106595928 0.8976307164428213 0.7616852826755824 0.7291277269585308 0.8105911955523373 0.025333399067015372 0.915509443436089 0.5808691053268971 0.9777817826831965 0.4190827689386445 0.556733554945312 0.7296054650441488 0.9953881368234961
0.8754716413060855 0.6213640702006066 0.822714057657217 0.4201628959399165 0.6957615416563835 0.9769323814472308 0.977685193298481 0.02767231358514255 0.0 0.29390996050211404 0.16483064043705808 0.4545774062129181 0.7844103780020715 0.03908463611116042 0.6334049334343339 0.8722563523641932 0.14808637689569815 0.7290592013617798 0.6238723763230888 0.6827513431656973 0.6335761291047021 0.6997672326137101 0.08847670287897225
0.234225415786243 0.13411399871885354 0.3244404046236996 0.7044661046766628 0.6312877460816096 0.9043595943222339 0.8698346849077744 0.556919080011846 0.29390996050211404 0.0 0.19496442651037726 0.25843137693078255 0.7774652050963808 0.8205815559877718 0.04239018316690513 0.804029177947517 0.46703221807878503 0.9614681732322364 0.9868070146752622 0.3400628728024685 0.9076202740699083 0.495407811846597 0.47370863604950053
0.6822017362742802 0.3358183093465502 0.42228138011429583 0.05469790071749703 0.021016841348717175 0.33771064064958556 0.13914325543626305 0.1866400106595928 0.16483064043705808 0.19496442651037726 0.0 0.13734715142399911 0.6857729390297911 0.8985666863410089 0.1511767342400655 0.1506085330499235 0.6596076286802613 0.27234002347007213 0.392996300622805 0.8085965048887672 0.7923830688545497 0.4880016750229137 0.9771676102240419
0.7845059154478609 0.5442218402253401 0.18640637044484076 0.7726391061170113 0.6316763262390283 0.4611467043506383 0.27838664142598757 0.8976307164428213 0.4545774062129181 0.25843137693078255 0.13734715142399911 0.0 0.9357644326163985 0.6197498575092893 0.0970940508507947 0.4625696107810231 0.24793381895226785 0.38220897447680136 0.020772460918089042 0.47938173031850784 0.013768845518044692 0.0427793948706604 0.3213573918940804
0.06997934810358564 0.8563235015053574 0.25144584691391214 0.2203898544828259 0.8271759496032958 0.17364150705910686 0.9069893261191769 0.7616852826755824 0.7844103780020715 0.7774652050963808 0.6857729390297911 0.9357644326163985 0.0 0.10297211558505581 0.15455332358583795 0.37960234872674714 0.6806363603848797 0.7163122957097445 0.2666749394413259 0.09418717173846602 0.5619973129120741 0.2825795568815159 0.7943867633894218
0.31044961122618897 0.8636743395663636 0.48903176093686396 0.6266843346694643 0.25829924089235523 0.7626970200986883 0.07128546314022 0.7291277269585308 0.03908463611116042 0.8205815559877718 0.8985666863410089 0.6197498575092893 0.10297211558505581 0.0 0.4082289358812189 0.41726335850937923 0.7474598981957791 0.8548294640100121 0.9354058132821814 0.7141386022952028 0.3697662117481424 0.022962064326220055 0.7092901203425114
0.5382493144892492 0.15913952197954118 0.18073141946643811 0.749926349982246 0.38719761318074675 0.8784932769382463 0.9543160364347935 0.8105911955523373 0.6334049334343339 0.04239018316690513 0.1511767342400655 0.0970940508507947 0.15455332358583795 0.4082289358812189 0.0 0.006463525617065979 0.13933772533908872 0.7209629635661032 0.12448344703450265 0.747017160864768 0.08278822572204403 0.7248269083259717 0.20531322827820975
0.29442554105008945 0.4136458549088853 0.042344144216427404 0.2736806401016382 0.7943770550147244 0.5379494202089711 0.5593396039879052 0.025333399067015372 0.8722563523641932 0.804029177947517 0.1506085330499235 0.4625696107810231 0.37960234872674714 0.41726335850937923 0.006463525617065979 0.0 0.05139335440007542 0.1805223080933911 0.7002981666214106 0.054904517269422914 0.1615157653450553 0.8225406052656443 0.6109434152908272
0.4998332445430732 0.5900014259144079 0.615131283921754 0.9831833171152555 0.012714828473684325 0.7101141851805629 0.8961681548919519 0.915509443436089 0.14808637689569815 0.46703221807878503 0.6596076286802613 0.24793381895226785 0.6806363603848797 0.7474598981957791 0.13933772533908872 0.05139335440007542 0.0 0.5571669024091123 0.9286474826209978 0.2159058330215291 0.30308270122233827 0.4052139303873906 0.23828812160120694
0.5801466578932705 0.4833544286799484 0.298416233794354 0.7033242162527915 0.07786320116661583 0.10376730094719422 0.3426343692155308 0.5808691053268971 0.7290592013617798 0.9614681732322364 0.27234002347007213 0.38220897447680136 0.7163122957097445 0.8548294640100121 0.7209629635661032 0.1805223080933911 0.5571669024091123 0.0 0.9233440946156594 0.5654603890828003 0.3119579138576426 0.9331418081433885 0.7603064323769382
0.07594461202485137 0.5296695169702212 0.5170019491042216 0.5566807680928955 0.021387148406399104 0.23861214363008043 0.810778622955983 0.9777817826831965 0.6238723763230888 0.9868070146752622 0.392996300622805 0.020772460918089042 0.2666749394413259 0.9354058132821814 0.12448344703450265 0.7002981666214106 0.9286474826209978 0.9233440946156594 0.0 0.48595228919569067 0.8221005618064606 0.4553777303457518 0.6069179125659846
0.14073852743611714 0.9956843306955224 0.7764112447443873 0.6524984924057009 0.4539751339960727 0.20710017143453152 0.597840281404919 0.4190827689386445 0.6827513431656973 0.3400628728024685 0.8085965048887672 0.47938173031850784 0.09418717173846602 0.7141386022952028 0.747017160864768 0.054904517269422914 0.2159058330215291 0.5654603890828003 0.48595228919569067 0.0 0.9832691854657265 0.48946554027585365 0.12569439419465478
0.5365080457242505 0.612024530415024 0.42376186456375897 0.8320401275503689 0.925800995002579 0.26000245089879503 0.21911834271220132 0.556733554945312 0.6335761291047021 0.9076202740699083 0.7923830688545497 0.013768845518044692 0.5619973129120741 0.3697662117481424 0.08278822572204403 0.1615157653450553 0.30308270122233827 0.3119579138576426 0.8221005618064606 0.9832691854657265 0.0 0.30159261572673657 0.9785309335964958
0.9259812080159343 0.7992116009011206 0.735097103238273 0.6532365082857774 0.9974672522546206 0.9336035793296545 0.36533105484625295 0.7296054650441488 0.6997672326137101 0.495407811846597 0.4880016750229137 0.0427793948706604 0.2825795568815159 0.022962064326220055 0.7248269083259717 0.8225406052656443 0.4052139303873906 0.9331418081433885 0.4553777303457518 0.48946554027585365 0.30159261572673657 0.0 0.3095964715080243
0.8305479444361188 0.14987857323294262 0.8131739889671373 0.6590556475528389 0.07798645528017323 0.16449815379778832 0.9008802231701716 0.9953881368234961 0.08847670287897225 0.47370863604950053 0.9771676102240419 0.3213573918940804 0.7943867633894218 0.7092901203425114 0.20531322827820975 0.6109434152908272 0.23828812160120694 0.7603064323769382 0.6069179125659846 0.12569439419465478 0.9785309335964958 0.3095964715080243 0.0

# Optimal Walk
0 12 19 22 1 9 14 15 2 7 8 13 6 21 20 11 18 16 17 5 3 10 4 0
