# MCW Instance
# Type: UNIFORM
# N: 23
# Optimal cost: 1.7428922110867218
# Optimal tour (permutation): [0, 13, 6, 21, 12, 9, 5, 2, 1, 18, 8, 15, 22, 20, 14, 3, 19, 7, 11, 17, 16, 10, 4, 0]
# Optimal walk (full path): [0, 6, 13, 6, 0, 21, 12, 21, 9, 5, 9, 2, 1, 18, 8, 15, 22, 3, 20, 14, 20, 3, 22, 19, 7, 17, 11, 17, 16, 10, 4, 0]
# Walk size: 32
# Is walk (has repeats): true

# Distance Matrix
0.0000000000 0.1545952989 0.2097200008 0.9011244700 0.1685400543 0.8477566405 0.0312278106 0.7590263420 0.7162967363 0.3630496864 0.4647132605 0.2808686273 0.9853319733 0.1644501112 0.2600128091 0.2301465032 0.3463125444 0.1718510922 0.6616128829 0.4465095685 0.6896130929 0.0044250077 0.6551903927
0.1545952989 0.0000000000 0.0638973256 0.4442571490 0.6457695705 0.2695819409 0.4456405878 0.3103828496 0.6526951065 0.6822586690 0.4627796464 0.6647367401 0.9836110599 0.5570487674 0.7115771595 0.9199877247 0.7578217623 0.2547624146 0.0171799677 0.4711926520 0.7736427328 0.3005397267 0.1026111020
0.2097200008 0.0638973256 0.0000000000 0.2465336724 0.4111003308 0.7661542490 0.6157488094 0.2944869497 0.6240795662 0.0311706626 0.8016774112 0.2858712695 0.0871357884 0.7237677741 0.9837698821 0.2867638310 0.2037881270 0.5102031874 0.6740898532 0.6670600611 0.6059637619 0.8013088691 0.5721763119
0.9011244700 0.4442571490 0.2465336724 0.0000000000 0.5494931496 0.9783638099 0.3750723702 0.9310017196 0.7752178693 0.5268731378 0.3762710210 0.7698699289 0.9646024754 0.1767379746 0.1472916249 0.1962478581 0.8856618744 0.6340867108 0.8686815304 0.6620002012 0.0076034990 0.7734710485 0.0436414822
0.1685400543 0.6457695705 0.4111003308 0.5494931496 0.0000000000 0.3242244333 0.8132473012 0.4244558698 0.4475843611 0.8068587149 0.1716195890 0.5218880211 0.2820482318 0.5664624027 0.8308101122 0.7573258029 0.9216660771 0.7540457588 0.8812202739 0.3232122682 0.8235586953 0.9345511130 0.8606200077
0.8477566405 0.2695819409 0.7661542490 0.9783638099 0.3242244333 0.0000000000 0.0767272424 0.8804311355 0.2765651603 0.0249692999 0.4668544071 0.7418175405 0.8570683054 0.1927499792 0.8660512688 0.4023326886 0.5395033589 0.4855921339 0.5270119215 0.6614532401 0.4781727192 0.2342684556 0.2453630680
0.0312278106 0.4456405878 0.6157488094 0.3750723702 0.8132473012 0.0767272424 0.0000000000 0.8962652748 0.6779495397 0.2966694206 0.9507364140 0.9567789757 0.1955153671 0.0431605482 0.8715113604 0.8928255145 0.5068124342 0.3047626277 0.6226239907 0.6522147452 0.2851262590 0.6508846068 0.5511892873
0.7590263420 0.3103828496 0.2944869497 0.9310017196 0.4244558698 0.8804311355 0.8962652748 0.0000000000 0.8517471836 0.3351905296 0.4658779213 0.9412858108 0.2158368621 0.7109321045 0.4274701673 0.2271032250 0.3019167134 0.1079517329 0.1551748821 0.1927543716 0.6874612033 0.4665617492 0.9930637483
0.7162967363 0.6526951065 0.6240795662 0.7752178693 0.4475843611 0.2765651603 0.6779495397 0.8517471836 0.0000000000 0.2474059010 0.8803757648 0.3471786563 0.1188258755 0.2559822397 0.8326664009 0.0470956552 0.4298285719 0.0785497702 0.0867166057 0.6161359816 0.9469326638 0.9255893458 0.2641632220
0.3630496864 0.6822586690 0.0311706626 0.5268731378 0.8068587149 0.0249692999 0.2966694206 0.3351905296 0.2474059010 0.0000000000 0.8984151174 0.7981045824 0.8717171195 0.8192768731 0.4784159581 0.1964064973 0.3870148883 0.7219162655 0.9418081146 0.2107349791 0.5429830479 0.0095401102 0.1749185123
0.4647132605 0.4627796464 0.8016774112 0.3762710210 0.1716195890 0.4668544071 0.9507364140 0.4658779213 0.8803757648 0.8984151174 0.0000000000 0.5427175361 0.6292304774 0.9534245852 0.5214876570 0.9694654531 0.2773676621 0.9211477599 0.4913218996 0.5894205612 0.8301704108 0.8855670475 0.3726789410
0.2808686273 0.6647367401 0.2858712695 0.7698699289 0.5218880211 0.7418175405 0.9567789757 0.9412858108 0.3471786563 0.7981045824 0.5427175361 0.0000000000 0.5173225136 0.6169336424 0.9299295334 0.5387004276 0.2143623872 0.0000356275 0.0294190108 0.4579316585 0.2108769672 0.5430854675 0.8513579475
0.9853319733 0.9836110599 0.0871357884 0.9646024754 0.2820482318 0.8570683054 0.1955153671 0.2158368621 0.1188258755 0.8717171195 0.6292304774 0.5173225136 0.0000000000 0.4199454703 0.5814780031 0.4176272251 0.3094463059 0.7693136580 0.1662989442 0.2132265189 0.1318334344 0.0046457913 0.1970811433
0.1644501112 0.5570487674 0.7237677741 0.1767379746 0.5664624027 0.1927499792 0.0431605482 0.7109321045 0.2559822397 0.8192768731 0.9534245852 0.6169336424 0.4199454703 0.0000000000 0.6448662739 0.7584831277 0.4441421340 0.6831107205 0.2619304955 0.4702063625 0.2850836840 0.6395557706 0.1546557894
0.2600128091 0.7115771595 0.9837698821 0.1472916249 0.8308101122 0.8660512688 0.8715113604 0.4274701673 0.8326664009 0.4784159581 0.5214876570 0.9299295334 0.5814780031 0.6448662739 0.0000000000 0.7698996457 0.7919088334 0.9995434839 0.8267829503 0.6859419165 0.0360031780 0.8413547940 0.8572411280
0.2301465032 0.9199877247 0.2867638310 0.1962478581 0.7573258029 0.4023326886 0.8928255145 0.2271032250 0.0470956552 0.1964064973 0.9694654531 0.5387004276 0.4176272251 0.7584831277 0.7698996457 0.0000000000 0.8483658452 0.0800550592 0.3834043752 0.7090498932 0.9003345710 0.7508062030 0.0522119427
0.3463125444 0.7578217623 0.2037881270 0.8856618744 0.9216660771 0.5395033589 0.5068124342 0.3019167134 0.4298285719 0.3870148883 0.2773676621 0.2143623872 0.3094463059 0.4441421340 0.7919088334 0.8483658452 0.0000000000 0.0602254345 0.0506180430 0.1762533561 0.8123600790 0.3293288301 0.3471779496
0.1718510922 0.2547624146 0.5102031874 0.6340867108 0.7540457588 0.4855921339 0.3047626277 0.1079517329 0.0785497702 0.7219162655 0.9211477599 0.0000356275 0.7693136580 0.6831107205 0.9995434839 0.0800550592 0.0602254345 0.0000000000 0.0768335305 0.8624735728 0.6473958480 0.5576337162 0.3948515755
0.6616128829 0.0171799677 0.6740898532 0.8686815304 0.8812202739 0.5270119215 0.6226239907 0.1551748821 0.0867166057 0.9418081146 0.4913218996 0.0294190108 0.1662989442 0.2619304955 0.8267829503 0.3834043752 0.0506180430 0.0768335305 0.0000000000 0.7475430504 0.3883393879 0.3792964814 0.2223861850
0.4465095685 0.4711926520 0.6670600611 0.6620002012 0.3232122682 0.6614532401 0.6522147452 0.1927543716 0.6161359816 0.2107349791 0.5894205612 0.4579316585 0.2132265189 0.4702063625 0.6859419165 0.7090498932 0.1762533561 0.8624735728 0.7475430504 0.0000000000 0.9154560545 0.5115172208 0.0696216158
0.6896130929 0.7736427328 0.6059637619 0.0076034990 0.8235586953 0.4781727192 0.2851262590 0.6874612033 0.9469326638 0.5429830479 0.8301704108 0.2108769672 0.1318334344 0.2850836840 0.0360031780 0.9003345710 0.8123600790 0.6473958480 0.3883393879 0.9154560545 0.0000000000 0.1451358551 0.7543868217
0.0044250077 0.3005397267 0.8013088691 0.7734710485 0.9345511130 0.2342684556 0.6508846068 0.4665617492 0.9255893458 0.0095401102 0.8855670475 0.5430854675 0.0046457913 0.6395557706 0.8413547940 0.7508062030 0.3293288301 0.5576337162 0.3792964814 0.5115172208 0.1451358551 0.0000000000 0.3930091081
0.6551903927 0.1026111020 0.5721763119 0.0436414822 0.8606200077 0.2453630680 0.5511892873 0.9930637483 0.2641632220 0.1749185123 0.3726789410 0.8513579475 0.1970811433 0.1546557894 0.8572411280 0.0522119427 0.3471779496 0.3948515755 0.2223861850 0.0696216158 0.7543868217 0.3930091081 0.0000000000
