# MCW Instance
# Type: UNIFORM
# N: 23
# Optimal cost: 2.3118047047521695
# Optimal tour (permutation): [0, 1, 3, 9, 6, 14, 15, 11, 18, 10, 21, 4, 13, 2, 17, 8, 12, 5, 16, 20, 7, 19, 22, 0]
# Optimal walk (full path): [0, 1, 3, 9, 6, 14, 15, 11, 15, 10, 18, 10, 21, 2, 4, 2, 13, 2, 5, 17, 8, 5, 12, 5, 16, 20, 7, 19, 22, 0]
# Walk size: 30
# Is walk (has repeats): true

# Distance Matrix
0.0000000000 0.0579644509 0.3677179738 0.6920606988 0.3366177148 0.1817276971 0.3746003159 0.9875281834 0.4441323626 0.8571407051 0.1697906440 0.3325619348 0.9130876742 0.1508647183 0.7675063794 0.3452292685 0.8749677917 0.8092062666 0.8488407599 0.1391760565 0.6839738247 0.2343405103 0.0842511746
0.0579644509 0.0000000000 0.9425468300 0.0266372529 0.7916510957 0.8819899612 0.8534567658 0.9421323085 0.1296137882 0.5654377719 0.6209620915 0.7957980968 0.8040023703 0.5692138253 0.4664518741 0.9759208971 0.3897968014 0.3621014685 0.8676110256 0.8426151707 0.4370255355 0.4542412455 0.9155807048
0.3677179738 0.9425468300 0.0000000000 0.2476820649 0.0808751838 0.0267080903 0.3256688070 0.7656122219 0.8517520761 0.4335031471 0.4329399150 0.6284393366 0.2475827031 0.0691546666 0.5362407960 0.2409398640 0.9284901408 0.8695367960 0.7676935848 0.0677132519 0.9730869017 0.0191788342 0.2594160201
0.6920606988 0.0266372529 0.2476820649 0.0000000000 0.6299661919 0.4959743769 0.2752518284 0.7552041333 0.3273633721 0.0676421742 0.6865831821 0.9721395369 0.8090965201 0.8008111713 0.3854644300 0.9555602022 0.6583622145 0.6713661891 0.5606808089 0.3905598325 0.2257282930 0.6273755149 0.6821058871
0.3366177148 0.7916510957 0.0808751838 0.6299661919 0.0000000000 0.3341577260 0.5494076959 0.3062962687 0.5403682692 0.1145076779 0.4342474872 0.7283158431 0.6895114566 0.2069905654 0.9262801449 0.1628817167 0.4362322181 0.7417625273 0.6159728730 0.4758229121 0.6061963935 0.9233066603 0.4308502457
0.1817276971 0.8819899612 0.0267080903 0.4959743769 0.3341577260 0.0000000000 0.6560684451 0.9360960838 0.0497627119 0.8369541348 0.8938192958 0.0895247934 0.0082864426 0.6586440706 0.5361322127 0.9754128207 0.0924158474 0.0475303899 0.4812252720 0.2596777837 0.7383992073 0.4838714527 0.0894164002
0.3746003159 0.8534567658 0.3256688070 0.2752518284 0.5494076959 0.6560684451 0.0000000000 0.7039101825 0.3096654033 0.0775550978 0.4864578837 0.2393274866 0.3720941281 0.8508240871 0.2141312378 0.4898946044 0.9974701433 0.1311937426 0.5433189516 0.7954224324 0.5084819358 0.6605494540 0.4063698982
0.9875281834 0.9421323085 0.7656122219 0.7552041333 0.3062962687 0.9360960838 0.7039101825 0.0000000000 0.6536201127 0.7358521828 0.5352006302 0.8284286374 0.8994913897 0.2966635237 0.6317068428 0.9414983609 0.8711284034 0.6226701878 0.7445807598 0.1503605953 0.2728714021 0.4683618754 0.2645117994
0.4441323626 0.1296137882 0.8517520761 0.3273633721 0.5403682692 0.0497627119 0.3096654033 0.6536201127 0.0000000000 0.7860750059 0.4399663059 0.4107739893 0.8595433420 0.6306350494 0.2332661865 0.4165133640 0.2866752539 0.0254562539 0.8481869893 0.8961967720 0.1576530323 0.8867260075 0.4090416892
0.8571407051 0.5654377719 0.4335031471 0.0676421742 0.1145076779 0.8369541348 0.0775550978 0.7358521828 0.7860750059 0.0000000000 0.7924748423 0.2102433174 0.8422445166 0.3380411809 0.1550411201 0.3950850910 0.8772390289 0.1376644679 0.3445027262 0.8782445161 0.3307345140 0.4057643586 0.4767150563
0.1697906440 0.6209620915 0.4329399150 0.6865831821 0.4342474872 0.8938192958 0.4864578837 0.5352006302 0.4399663059 0.7924748423 0.0000000000 0.8808909611 0.8194153331 0.6146894536 0.9701601732 0.1300501481 0.6825146603 0.4288666408 0.0911745870 0.5781801536 0.8391192267 0.1097033165 0.2053089076
0.3325619348 0.7957980968 0.6284393366 0.9721395369 0.7283158431 0.0895247934 0.2393274866 0.8284286374 0.4107739893 0.2102433174 0.8808909611 0.0000000000 0.9643543603 0.5283792560 0.8623312103 0.0378287035 0.7361250610 0.2634643425 0.8156295662 0.6223416216 0.8286801723 0.4717080475 0.6951276444
0.9130876742 0.8040023703 0.2475827031 0.8090965201 0.6895114566 0.0082864426 0.3720941281 0.8994913897 0.8595433420 0.8422445166 0.8194153331 0.9643543603 0.0000000000 0.7737634212 0.8066946686 0.7162354693 0.1478018862 0.8603114244 0.9143174873 0.0984693284 0.1084466657 0.3689406478 0.6500235243
0.1508647183 0.5692138253 0.0691546666 0.8008111713 0.2069905654 0.6586440706 0.8508240871 0.2966635237 0.6306350494 0.3380411809 0.6146894536 0.5283792560 0.7737634212 0.0000000000 0.4262620684 0.5592115269 0.2596144977 0.5855996085 0.9990028256 0.5270620684 0.3860285745 0.2823222865 0.4088995330
0.7675063794 0.4664518741 0.5362407960 0.3854644300 0.9262801449 0.5361322127 0.2141312378 0.6317068428 0.2332661865 0.1550411201 0.9701601732 0.8623312103 0.8066946686 0.4262620684 0.0000000000 0.1883355191 0.3238822434 0.3224243207 0.5867385521 0.5052264306 0.7925197490 0.6702359500 0.4307748010
0.3452292685 0.9759208971 0.2409398640 0.9555602022 0.1628817167 0.9754128207 0.4898946044 0.9414983609 0.4165133640 0.3950850910 0.1300501481 0.0378287035 0.7162354693 0.5592115269 0.1883355191 0.0000000000 0.9059514925 0.4817390759 0.8049258722 0.7490081133 0.1385068967 0.5027927530 0.3255561067
0.8749677917 0.3897968014 0.9284901408 0.6583622145 0.4362322181 0.0924158474 0.9974701433 0.8711284034 0.2866752539 0.8772390289 0.6825146603 0.7361250610 0.1478018862 0.2596144977 0.3238822434 0.9059514925 0.0000000000 0.9179521909 0.5773457676 0.8710823588 0.0192040268 0.6151043308 0.9429669320
0.8092062666 0.3621014685 0.8695367960 0.6713661891 0.7417625273 0.0475303899 0.1311937426 0.6226701878 0.0254562539 0.1376644679 0.4288666408 0.2634643425 0.8603114244 0.5855996085 0.3224243207 0.4817390759 0.9179521909 0.0000000000 0.3977741294 0.7041934831 0.2176760628 0.6063205999 0.1185402755
0.8488407599 0.8676110256 0.7676935848 0.5606808089 0.6159728730 0.4812252720 0.5433189516 0.7445807598 0.8481869893 0.3445027262 0.0911745870 0.8156295662 0.9143174873 0.9990028256 0.5867385521 0.8049258722 0.5773457676 0.3977741294 0.0000000000 0.5130166471 0.9767457806 0.3931006405 0.9198566689
0.1391760565 0.8426151707 0.0677132519 0.3905598325 0.4758229121 0.2596777837 0.7954224324 0.1503605953 0.8961967720 0.8782445161 0.5781801536 0.6223416216 0.0984693284 0.5270620684 0.5052264306 0.7490081133 0.8710823588 0.7041934831 0.5130166471 0.0000000000 0.6633168645 0.8738463326 0.0774070142
0.6839738247 0.4370255355 0.9730869017 0.2257282930 0.6061963935 0.7383992073 0.5084819358 0.2728714021 0.1576530323 0.3307345140 0.8391192267 0.8286801723 0.1084466657 0.3860285745 0.7925197490 0.1385068967 0.0192040268 0.2176760628 0.9767457806 0.6633168645 0.0000000000 0.3367645716 0.1803417203
0.2343405103 0.4542412455 0.0191788342 0.6273755149 0.9233066603 0.4838714527 0.6605494540 0.4683618754 0.8867260075 0.4057643586 0.1097033165 0.4717080475 0.3689406478 0.2823222865 0.6702359500 0.5027927530 0.6151043308 0.6063205999 0.3931006405 0.8738463326 0.3367645716 0.0000000000 0.1461023715
0.0842511746 0.9155807048 0.2594160201 0.6821058871 0.4308502457 0.0894164002 0.4063698982 0.2645117994 0.4090416892 0.4767150563 0.2053089076 0.6951276444 0.6500235243 0.4088995330 0.4307748010 0.3255561067 0.9429669320 0.1185402755 0.9198566689 0.0774070142 0.1803417203 0.1461023715 0.0000000000
