# Graph size: 23
# Optimal cost: 1.8248912772335422

# Distance Matrix
0.0 0.6733617754802181 0.6319549705892786 0.1683020518983761 0.46520527341022755 0.7419763164011025 0.13569958404640425 0.3209597517536462 0.7597601858299962 0.5281415976312446 0.2580487524597692 0.8568756029306279 0.9097636870706257 0.15965103902219668 0.6980193801774296 0.9803753526350047 0.9742416171212316 0.9083506197996356 0.5294452523608819 0.6170139368272899 0.6563879791812289 0.43185281747490256 0.05573313743092334
0.6733617754802181 0.0 0.5255709727303883 0.45904142962283434 0.30617524675377705 0.9798126579035015 0.4024025197401174 0.46970240078586967 0.2836613028181656 0.44985793164834953 0.9169004783902116 0.547093772571691 0.6646406550831867 0.22202211964736207 0.5865371005704847 0.002557347280139788 0.4066394940551079 0.39334043047668965 0.1509493374616866 0.22211753294898118 0.11155197867680067 0.901121246463362 0.6367435767322854
0.6319549705892786 0.5255709727303883 0.0 0.0588324993012489 0.8290358115816798 0.2595589262796656 0.6181786082662093 0.24009232273564274 0.6934963445891138 0.8099660698806517 0.2736104129230792 0.4808125673529142 0.7723753547849422 0.09793694851092327 0.7135597953233325 0.4710106707213939 0.14506224520982425 0.85891801595387 0.7134897905513609 0.4150422206101745 0.15459651119430817 0.49307522691519734 0.42285655016617074
0.1683020518983761 0.45904142962283434 0.0588324993012489 0.0 0.3398120996545947 0.978432587366309 0.8410122629984211 0.8417240864256349 0.960566053917409 0.14988923732597337 0.5338077077651598 0.8572097357601784 0.4954057120186789 0.42850730077755206 0.1840031222089159 0.4142535528793658 0.4534603596889699 0.4653913201848987 0.2085882827412623 0.9586818999253716 0.0866874048066949 0.03871210725917551 0.13069360181962986
0.46520527341022755 0.30617524675377705 0.8290358115816798 0.3398120996545947 0.0 0.6352615520683287 0.8915622681530655 0.24489866389309256 0.793614342444207 0.8494174453059358 0.27445797150123585 0.922649638571997 0.03895451615062273 0.7085137903091363 0.2533032983197826 0.7597461413765519 0.05009328515613587 0.5470747573541284 0.8581481594772331 0.986748915717898 0.7428399798234057 0.21004749541353385 0.7145527862563414
0.7419763164011025 0.9798126579035015 0.2595589262796656 0.978432587366309 0.6352615520683287 0.0 0.29701495872206485 0.2970584728197828 0.01918670453228699 0.14625747002611755 0.6490697426538751 0.16620534139379328 0.3798670350413027 0.017378121291760085 0.9052230944879733 0.6761406381918061 0.7991053624179212 0.44941209121598746 0.8394181687890899 0.630233748485319 0.6803021797966828 0.49462753240550317 0.907654694524875
0.13569958404640425 0.4024025197401174 0.6181786082662093 0.8410122629984211 0.8915622681530655 0.29701495872206485 0.0 0.17470124259012998 0.6361877558953082 0.8249492052717027 0.31592899954108566 0.5462776296388471 0.21868502480342022 0.5042420052450066 0.34348505164558774 0.22373370623512268 0.9028782252494092 0.9519331277447718 0.583272232022301 0.4354215159297583 0.8820021832652786 0.2772023924016165 0.7468572071625478
0.3209597517536462 0.46970240078586967 0.24009232273564274 0.8417240864256349 0.24489866389309256 0.2970584728197828 0.17470124259012998 0.0 0.9369391521654737 0.7313444115112063 0.26550982725295447 0.9476388512406674 0.4661721224898938 0.28117830300002555 0.433017977014868 0.9240663789488712 0.3073826676849838 0.10232234021040354 0.7295062441843426 0.4936630054464517 0.9516822247443437 0.8526470798694791 0.6666629621165774
0.7597601858299962 0.2836613028181656 0.6934963445891138 0.960566053917409 0.793614342444207 0.01918670453228699 0.6361877558953082 0.9369391521654737 0.0 0.6390086032185385 0.9281362102310663 0.3588275318293671 0.8761803834511387 0.01843627168061268 0.4979144506659401 0.7148662586778763 0.36086676580506105 0.36704987663831745 0.05331482472285143 0.8673878043787654 0.9920284879291832 0.20777050116561013 0.7441512928895422
0.5281415976312446 0.44985793164834953 0.8099660698806517 0.14988923732597337 0.8494174453059358 0.14625747002611755 0.8249492052717027 0.7313444115112063 0.6390086032185385 0.0 0.12743262409779976 0.1276646766173407 0.5274717910861135 0.06591208321285136 0.7994546144323942 0.5785556029445778 0.5898654845851572 0.8872575141430391 0.6504533604372128 0.5331150099599711 0.8546501637351995 0.6688410190193057 0.25564850518410187
0.2580487524597692 0.9169004783902116 0.2736104129230792 0.5338077077651598 0.27445797150123585 0.6490697426538751 0.31592899954108566 0.26550982725295447 0.9281362102310663 0.12743262409779976 0.0 0.46691599490564994 0.05153759161772942 0.4311012572877374 0.3518300733794827 0.5090889995913823 0.8181228708458504 0.36558692064858456 0.20549569412881485 0.21532910114225157 0.9521658110348342 0.8525401302826067 0.6601115619373004
0.8568756029306279 0.547093772571691 0.4808125673529142 0.8572097357601784 0.922649638571997 0.16620534139379328 0.5462776296388471 0.9476388512406674 0.3588275318293671 0.1276646766173407 0.46691599490564994 0.0 0.2060396767750835 0.25170302286538815 0.04687828003650785 0.9653112124683851 0.6681777944256061 0.12051112966201816 0.12537843580401864 0.7105718051157276 0.2906560530530048 0.6017938009768686 0.7497819698453163
0.9097636870706257 0.6646406550831867 0.7723753547849422 0.4954057120186789 0.03895451615062273 0.3798670350413027 0.21868502480342022 0.4661721224898938 0.8761803834511387 0.5274717910861135 0.05153759161772942 0.2060396767750835 0.0 0.18688559159135654 0.8056950490126288 0.2695659670862587 0.29370192759416347 0.2821691099642515 0.9423087474996161 0.45506126406077096 0.9056289219934105 0.579630829102338 0.26314521799322643
0.15965103902219668 0.22202211964736207 0.09793694851092327 0.42850730077755206 0.7085137903091363 0.017378121291760085 0.5042420052450066 0.28117830300002555 0.01843627168061268 0.06591208321285136 0.4311012572877374 0.25170302286538815 0.18688559159135654 0.0 0.6145892840327523 0.5359960621041016 0.6730431313822349 0.05219339675784307 0.25562124504424466 0.6431768068376865 0.8388422050669875 0.14840606093856934 0.7294844016697101
0.6980193801774296 0.5865371005704847 0.7135597953233325 0.1840031222089159 0.2533032983197826 0.9052230944879733 0.34348505164558774 0.433017977014868 0.4979144506659401 0.7994546144323942 0.3518300733794827 0.04687828003650785 0.8056950490126288 0.6145892840327523 0.0 0.41145447768192156 0.11220540488383879 0.37907810047612434 0.37189671265750057 0.963415590304815 0.5027319864220969 0.03685814141077148 0.9266749933019821
0.9803753526350047 0.002557347280139788 0.4710106707213939 0.4142535528793658 0.7597461413765519 0.6761406381918061 0.22373370623512268 0.9240663789488712 0.7148662586778763 0.5785556029445778 0.5090889995913823 0.9653112124683851 0.2695659670862587 0.5359960621041016 0.41145447768192156 0.0 0.22988340910164473 0.5550803783582875 0.6655610392819572 0.9233017250224811 0.8524225354465159 0.7108913145453016 0.27248729374771696
0.9742416171212316 0.4066394940551079 0.14506224520982425 0.4534603596889699 0.05009328515613587 0.7991053624179212 0.9028782252494092 0.3073826676849838 0.36086676580506105 0.5898654845851572 0.8181228708458504 0.6681777944256061 0.29370192759416347 0.6730431313822349 0.11220540488383879 0.22988340910164473 0.0 0.6956360994476061 0.7366087175292798 0.9605523381623929 0.9687447190769513 0.026908373445137523 0.648672786485497
0.9083506197996356 0.39334043047668965 0.85891801595387 0.4653913201848987 0.5470747573541284 0.44941209121598746 0.9519331277447718 0.10232234021040354 0.36704987663831745 0.8872575141430391 0.36558692064858456 0.12051112966201816 0.2821691099642515 0.05219339675784307 0.37907810047612434 0.5550803783582875 0.6956360994476061 0.0 0.08683673861699737 0.9541070692561134 0.9852359630342267 0.5537914597885061 0.397175327339918
0.5294452523608819 0.1509493374616866 0.7134897905513609 0.2085882827412623 0.8581481594772331 0.8394181687890899 0.583272232022301 0.7295062441843426 0.05331482472285143 0.6504533604372128 0.20549569412881485 0.12537843580401864 0.9423087474996161 0.25562124504424466 0.37189671265750057 0.6655610392819572 0.7366087175292798 0.08683673861699737 0.0 0.7092327925242208 0.37425292479283756 0.2312115579347248 0.2172972948882178
0.6170139368272899 0.22211753294898118 0.4150422206101745 0.9586818999253716 0.986748915717898 0.630233748485319 0.4354215159297583 0.4936630054464517 0.8673878043787654 0.5331150099599711 0.21532910114225157 0.7105718051157276 0.45506126406077096 0.6431768068376865 0.963415590304815 0.9233017250224811 0.9605523381623929 0.9541070692561134 0.7092327925242208 0.0 0.23560674946780047 0.3650454090496138 0.06955855036252012
0.6563879791812289 0.11155197867680067 0.15459651119430817 0.0866874048066949 0.7428399798234057 0.6803021797966828 0.8820021832652786 0.9516822247443437 0.9920284879291832 0.8546501637351995 0.9521658110348342 0.2906560530530048 0.9056289219934105 0.8388422050669875 0.5027319864220969 0.8524225354465159 0.9687447190769513 0.9852359630342267 0.37425292479283756 0.23560674946780047 0.0 0.5762016673715314 0.19235611267881347
0.43185281747490256 0.901121246463362 0.49307522691519734 0.03871210725917551 0.21004749541353385 0.49462753240550317 0.2772023924016165 0.8526470798694791 0.20777050116561013 0.6688410190193057 0.8525401302826067 0.6017938009768686 0.579630829102338 0.14840606093856934 0.03685814141077148 0.7108913145453016 0.026908373445137523 0.5537914597885061 0.2312115579347248 0.3650454090496138 0.5762016673715314 0.0 0.29843709144165154
0.05573313743092334 0.6367435767322854 0.42285655016617074 0.13069360181962986 0.7145527862563414 0.907654694524875 0.7468572071625478 0.6666629621165774 0.7441512928895422 0.25564850518410187 0.6601115619373004 0.7497819698453163 0.26314521799322643 0.7294844016697101 0.9266749933019821 0.27248729374771696 0.648672786485497 0.397175327339918 0.2172972948882178 0.06955855036252012 0.19235611267881347 0.29843709144165154 0.0

# Optimal Walk
0 6 7 17 18 8 5 13 9 10 12 4 16 21 11 14 3 2 20 15 1 19 22 0
