# MCW Instance
# Type: UNIFORM
# N: 23
# Optimal cost: 1.64821414615857
# Optimal tour (permutation): [0, 5, 7, 13, 4, 18, 10, 12, 17, 11, 2, 16, 22, 8, 19, 6, 14, 15, 20, 9, 3, 21, 1, 0]
# Optimal walk (full path): [0, 5, 7, 13, 4, 18, 10, 12, 17, 11, 2, 11, 16, 22, 8, 19, 6, 14, 15, 20, 9, 0, 3, 1, 21, 1, 3, 0]
# Walk size: 28
# Is walk (has repeats): true

# Distance Matrix
0.0000000000 0.5942921654 0.1307924906 0.0032799732 0.5227214134 0.1229536923 0.9875697264 0.6938457966 0.5969542886 0.0223803692 0.4828480651 0.9333110513 0.8407830892 0.6707467536 0.5129462496 0.5577933923 0.3766268623 0.7614036703 0.7061958237 0.8640116734 0.7099134110 0.1960346216 0.3720335513
0.5942921654 0.0000000000 0.1280797709 0.0021924136 0.1190483550 0.8448472900 0.1422609884 0.2091103295 0.8078379603 0.7118636282 0.7230827185 0.8933356276 0.3063880297 0.0637798264 0.8326873516 0.3125630629 0.1438132034 0.0875060869 0.4250226382 0.2040137433 0.2147629187 0.0322994332 0.3794504356
0.1307924906 0.1280797709 0.0000000000 0.5393876369 0.9152287497 0.8237328420 0.9165799894 0.4080136442 0.9251421515 0.3743591089 0.7046080909 0.1009819206 0.6082523066 0.9455915989 0.4591753335 0.4153315498 0.8601250275 0.7522389277 0.2157237689 0.1749065959 0.3767053623 0.3692942602 0.6105683557
0.0032799732 0.0021924136 0.5393876369 0.0000000000 0.9732817239 0.7387379446 0.3999942786 0.4453709171 0.1841982473 0.4114412905 0.2948265275 0.5294317184 0.3562405009 0.7441827029 0.1730784597 0.2951907011 0.2110208671 0.3215032684 0.9916849333 0.9645565848 0.5979318603 0.5646929968 0.4305456915
0.5227214134 0.1190483550 0.9152287497 0.9732817239 0.0000000000 0.1071590833 0.9235618382 0.3122182064 0.4191475833 0.2763454369 0.7701605009 0.2176548597 0.3162411525 0.0347196667 0.6450790538 0.1953828041 0.3724848053 0.0882489764 0.0618992919 0.8171476286 0.2553838400 0.4364385934 0.4440048994
0.1229536923 0.8448472900 0.8237328420 0.7387379446 0.1071590833 0.0000000000 0.5166984596 0.0965160096 0.4158029904 0.6626366882 0.6950614965 0.7329489275 0.2648374953 0.3740138259 0.3356106313 0.5579190216 0.3709216073 0.7038906819 0.5359480806 0.6702556366 0.6730610647 0.2429593796 0.4427095234
0.9875697264 0.1422609884 0.9165799894 0.3999942786 0.9235618382 0.5166984596 0.0000000000 0.8176980357 0.7891031304 0.7627957471 0.4357600212 0.9661669447 0.3120352923 0.5395872311 0.0498478335 0.1952166248 0.3772047766 0.6816684216 0.0446360613 0.0193072740 0.0407726510 0.3969303754 0.2381321290
0.6938457966 0.2091103295 0.4080136442 0.4453709171 0.3122182064 0.0965160096 0.8176980357 0.0000000000 0.1652017647 0.2294424411 0.7074584949 0.2038878681 0.2977045932 0.0224805782 0.7212924415 0.6989440452 0.1791254516 0.8092717940 0.2049913782 0.7373445470 0.2722630717 0.4291293630 0.8657259754
0.5969542886 0.8078379603 0.9251421515 0.1841982473 0.4191475833 0.4158029904 0.7891031304 0.1652017647 0.0000000000 0.5531474471 0.8523700283 0.7448071341 0.4479085905 0.3072114596 0.2804724860 0.2271357996 0.4769114061 0.2836378892 0.2085832523 0.0354338511 0.2412118395 0.4945996015 0.1367607334
0.0223803692 0.7118636282 0.3743591089 0.4114412905 0.2763454369 0.6626366882 0.7627957471 0.2294424411 0.5531474471 0.0000000000 0.7668186894 0.3943431470 0.0663907163 0.9226298109 0.5172711983 0.3793176966 0.5148812653 0.5558957364 0.1482828454 0.7307291311 0.0351637155 0.7535450859 0.6851413238
0.4828480651 0.7230827185 0.7046080909 0.2948265275 0.7701605009 0.6950614965 0.4357600212 0.7074584949 0.8523700283 0.7668186894 0.0000000000 0.1935286363 0.2280289075 0.7058427707 0.5863872261 0.5125099729 0.2650111013 0.6088976850 0.2187007763 0.6928267329 0.3540931305 0.4564836873 0.2474540681
0.9333110513 0.8933356276 0.1009819206 0.5294317184 0.2176548597 0.7329489275 0.9661669447 0.2038878681 0.7448071341 0.3943431470 0.1935286363 0.0000000000 0.5094039710 0.5097644693 0.9319669392 0.8103911730 0.0518965800 0.0539759910 0.1406042484 0.2803748162 0.1318842441 0.9786376402 0.3531415626
0.8407830892 0.3063880297 0.6082523066 0.3562405009 0.3162411525 0.2648374953 0.3120352923 0.2977045932 0.4479085905 0.0663907163 0.2280289075 0.5094039710 0.0000000000 0.1428646717 0.4502833311 0.2856560455 0.8935556371 0.0147694006 0.5254942641 0.6871109350 0.7969457098 0.1135408066 0.5165921971
0.6707467536 0.0637798264 0.9455915989 0.7441827029 0.0347196667 0.3740138259 0.5395872311 0.0224805782 0.3072114596 0.9226298109 0.7058427707 0.5097644693 0.1428646717 0.0000000000 0.5960211874 0.8879966954 0.5488548313 0.2409080583 0.1672517344 0.4860987858 0.6539512033 0.8816358267 0.2584658421
0.5129462496 0.8326873516 0.4591753335 0.1730784597 0.6450790538 0.3356106313 0.0498478335 0.7212924415 0.2804724860 0.5172711983 0.5863872261 0.9319669392 0.4502833311 0.5960211874 0.0000000000 0.0301229000 0.1996797245 0.1086411871 0.5726271692 0.5340152341 0.7415278153 0.5944355710 0.9164084496
0.5577933923 0.3125630629 0.4153315498 0.2951907011 0.1953828041 0.5579190216 0.1952166248 0.6989440452 0.2271357996 0.3793176966 0.5125099729 0.8103911730 0.2856560455 0.8879966954 0.0301229000 0.0000000000 0.9337883676 0.5383806361 0.1973189251 0.4629654896 0.0671503396 0.4514914283 0.4049831250
0.3766268623 0.1438132034 0.8601250275 0.2110208671 0.3724848053 0.3709216073 0.3772047766 0.1791254516 0.4769114061 0.5148812653 0.2650111013 0.0518965800 0.8935556371 0.5488548313 0.1996797245 0.9337883676 0.0000000000 0.1428855387 0.2389272362 0.9831166165 0.9844078210 0.8037221308 0.0685987544
0.7614036703 0.0875060869 0.7522389277 0.3215032684 0.0882489764 0.7038906819 0.6816684216 0.8092717940 0.2836378892 0.5558957364 0.6088976850 0.0539759910 0.0147694006 0.2409080583 0.1086411871 0.5383806361 0.1428855387 0.0000000000 0.1464964245 0.1676685245 0.5763788376 0.5906806164 0.1723384181
0.7061958237 0.4250226382 0.2157237689 0.9916849333 0.0618992919 0.5359480806 0.0446360613 0.2049913782 0.2085832523 0.1482828454 0.2187007763 0.1406042484 0.5254942641 0.1672517344 0.5726271692 0.1973189251 0.2389272362 0.1464964245 0.0000000000 0.1183168762 0.9657067482 0.3843513744 0.1516882944
0.8640116734 0.2040137433 0.1749065959 0.9645565848 0.8171476286 0.6702556366 0.0193072740 0.7373445470 0.0354338511 0.7307291311 0.6928267329 0.2803748162 0.6871109350 0.4860987858 0.5340152341 0.4629654896 0.9831166165 0.1676685245 0.1183168762 0.0000000000 0.8692810895 0.5430315079 0.8456353172
0.7099134110 0.2147629187 0.3767053623 0.5979318603 0.2553838400 0.6730610647 0.0407726510 0.2722630717 0.2412118395 0.0351637155 0.3540931305 0.1318842441 0.7969457098 0.6539512033 0.7415278153 0.0671503396 0.9844078210 0.5763788376 0.9657067482 0.8692810895 0.0000000000 0.5910481832 0.4007745847
0.1960346216 0.0322994332 0.3692942602 0.5646929968 0.4364385934 0.2429593796 0.3969303754 0.4291293630 0.4945996015 0.7535450859 0.4564836873 0.9786376402 0.1135408066 0.8816358267 0.5944355710 0.4514914283 0.8037221308 0.5906806164 0.3843513744 0.5430315079 0.5910481832 0.0000000000 0.7599277084
0.3720335513 0.3794504356 0.6105683557 0.4305456915 0.4440048994 0.4427095234 0.2381321290 0.8657259754 0.1367607334 0.6851413238 0.2474540681 0.3531415626 0.5165921971 0.2584658421 0.9164084496 0.4049831250 0.0685987544 0.1723384181 0.1516882944 0.8456353172 0.4007745847 0.7599277084 0.0000000000
