# MCW Instance
# Type: UNIFORM
# N: 23
# Optimal cost: 2.160078817383609
# Optimal tour (permutation): [0, 22, 14, 7, 3, 8, 10, 6, 2, 13, 17, 16, 20, 12, 1, 18, 4, 15, 5, 19, 9, 21, 11, 0]
# Optimal walk (full path): [0, 22, 14, 7, 14, 3, 8, 10, 6, 2, 13, 17, 16, 20, 12, 1, 18, 4, 15, 19, 5, 19, 9, 19, 21, 11, 0]
# Walk size: 27
# Is walk (has repeats): true

# Distance Matrix
0.0000000000 0.4605421224 0.8427013355 0.6903312129 0.9359563914 0.3599948855 0.8492125996 0.5417193938 0.5246029551 0.6017993226 0.4981695222 0.1167449294 0.4569097885 0.1423895268 0.1344146735 0.1730177692 0.2063626642 0.5608286690 0.5713509932 0.2029156168 0.6585612987 0.5849933376 0.0597351197
0.4605421224 0.0000000000 0.4555536740 0.3476676073 0.4138403864 0.8163244795 0.9684748595 0.5987922444 0.3648395161 0.1192441342 0.9081639125 0.6852363651 0.1110064288 0.6888544518 0.7694642556 0.9620452403 0.7885729493 0.3160635780 0.0162037311 0.8211187916 0.5541820069 0.4744439133 0.5588116477
0.8427013355 0.4555536740 0.0000000000 0.2281636690 0.7495969455 0.9581748702 0.0594361879 0.5480601810 0.6922664187 0.4247489530 0.4310478104 0.3427569392 0.2516871370 0.0895417716 0.0542405425 0.8345943465 0.7943591402 0.7187612350 0.1739203896 0.7679980859 0.7842288952 0.4979542880 0.6577955637
0.6903312129 0.3476676073 0.2281636690 0.0000000000 0.4737720288 0.3108677660 0.3151649751 0.7995608707 0.0427594866 0.0842347056 0.4910001359 0.1318942975 0.6494307183 0.9827236149 0.0122744688 0.2778610493 0.2309933951 0.0702972993 0.8815698269 0.7140463815 0.9239123462 0.1088616886 0.2819582521
0.9359563914 0.4138403864 0.7495969455 0.4737720288 0.0000000000 0.9447153550 0.8872632830 0.9836353269 0.8743017323 0.9935242748 0.4011348750 0.1321209842 0.6939565781 0.3077849154 0.4183322803 0.0213874652 0.7943733110 0.1400094529 0.0689242078 0.9537214828 0.9969980594 0.2224401464 0.9697151005
0.3599948855 0.8163244795 0.9581748702 0.3108677660 0.9447153550 0.0000000000 0.9973112148 0.8500447646 0.0824951233 0.5745125439 0.6364739428 0.1731218984 0.6605374549 0.2160994804 0.8150429134 0.3703614453 0.9861014137 0.9371095608 0.4068790049 0.0316119068 0.5446870090 0.6845435130 0.7890749745
0.8492125996 0.9684748595 0.0594361879 0.3151649751 0.8872632830 0.9973112148 0.0000000000 0.2094211387 0.6244593884 0.9514525597 0.1162716431 0.1589487571 0.3706672580 0.4893552386 0.0986064992 0.2586125688 0.4953203130 0.2862418421 0.5711672349 0.2911862741 0.5906427644 0.6075604480 0.9094239616
0.5417193938 0.5987922444 0.5480601810 0.7995608707 0.9836353269 0.8500447646 0.2094211387 0.0000000000 0.2582313593 0.7770461136 0.5313675956 0.3929656063 0.4251585578 0.9798414392 0.0738651599 0.9489676164 0.3498796725 0.4736374742 0.6978346547 0.3171692000 0.2349237100 0.4593476446 0.7240190465
0.5246029551 0.3648395161 0.6922664187 0.0427594866 0.8743017323 0.0824951233 0.6244593884 0.2582313593 0.0000000000 0.5697405473 0.0610557373 0.3459558516 0.9242910184 0.0922716521 0.6098508434 0.0976670711 0.3654859787 0.5862158460 0.6633397030 0.4767955471 0.3940669305 0.3884730401 0.3807561821
0.6017993226 0.1192441342 0.4247489530 0.0842347056 0.9935242748 0.5745125439 0.9514525597 0.7770461136 0.5697405473 0.0000000000 0.2637200235 0.5043278237 0.4203989234 0.0955817253 0.5674619889 0.7166301733 0.3763781093 0.5504948823 0.1539190445 0.0072080171 0.3412007179 0.8934990271 0.3135129204
0.4981695222 0.9081639125 0.4310478104 0.4910001359 0.4011348750 0.6364739428 0.1162716431 0.5313675956 0.0610557373 0.2637200235 0.0000000000 0.2773642409 0.8858334775 0.5954146553 0.1659873109 0.3274209734 0.8327780514 0.8170875644 0.4573180629 0.3095756572 0.3050604491 0.6540773237 0.8421740200
0.1167449294 0.6852363651 0.3427569392 0.1318942975 0.1321209842 0.1731218984 0.1589487571 0.3929656063 0.3459558516 0.5043278237 0.2773642409 0.0000000000 0.1738535536 0.3769978125 0.1172552265 0.3650942210 0.6926362367 0.6302393538 0.6696548925 0.3545230159 0.7517850179 0.1851807041 0.6330822223
0.4569097885 0.1110064288 0.2516871370 0.6494307183 0.6939565781 0.6605374549 0.3706672580 0.4251585578 0.9242910184 0.4203989234 0.8858334775 0.1738535536 0.0000000000 0.2260715417 0.7301671410 0.3257018852 0.8024060928 0.7548507765 0.9544315701 0.6642810793 0.1611151731 0.2214473232 0.4121705196
0.1423895268 0.6888544518 0.0895417716 0.9827236149 0.3077849154 0.2160994804 0.4893552386 0.9798414392 0.0922716521 0.0955817253 0.5954146553 0.3769978125 0.2260715417 0.0000000000 0.9048875564 0.6786396175 0.4620902857 0.1341416767 0.6526590995 0.7881014203 0.2607838641 0.9150152112 0.3922205009
0.1344146735 0.7694642556 0.0542405425 0.0122744688 0.4183322803 0.8150429134 0.0986064992 0.0738651599 0.6098508434 0.5674619889 0.1659873109 0.1172552265 0.7301671410 0.9048875564 0.0000000000 0.2925706820 0.7096567262 0.3321487510 0.7106013625 0.1285691663 0.1335062363 0.3431826861 0.0760631021
0.1730177692 0.9620452403 0.8345943465 0.2778610493 0.0213874652 0.3703614453 0.2586125688 0.9489676164 0.0976670711 0.7166301733 0.3274209734 0.3650942210 0.3257018852 0.6786396175 0.2925706820 0.0000000000 0.6274767060 0.9254915097 0.0957869311 0.0007464321 0.6586602036 0.1731565402 0.9666795360
0.2063626642 0.7885729493 0.7943591402 0.2309933951 0.7943733110 0.9861014137 0.4953203130 0.3498796725 0.3654859787 0.3763781093 0.8327780514 0.6926362367 0.8024060928 0.4620902857 0.7096567262 0.6274767060 0.0000000000 0.2129023882 0.3125585785 0.2674406767 0.2620767275 0.5435712619 0.5876215134
0.5608286690 0.3160635780 0.7187612350 0.0702972993 0.1400094529 0.9371095608 0.2862418421 0.4736374742 0.5862158460 0.5504948823 0.8170875644 0.6302393538 0.7548507765 0.1341416767 0.3321487510 0.9254915097 0.2129023882 0.0000000000 0.7820606206 0.4580226253 0.5929256093 0.8819138737 0.7866241903
0.5713509932 0.0162037311 0.1739203896 0.8815698269 0.0689242078 0.4068790049 0.5711672349 0.6978346547 0.6633397030 0.1539190445 0.4573180629 0.6696548925 0.9544315701 0.6526590995 0.7106013625 0.0957869311 0.3125585785 0.7820606206 0.0000000000 0.3365864121 0.8830949526 0.9583614523 0.4140637210
0.2029156168 0.8211187916 0.7679980859 0.7140463815 0.9537214828 0.0316119068 0.2911862741 0.3171692000 0.4767955471 0.0072080171 0.3095756572 0.3545230159 0.6642810793 0.7881014203 0.1285691663 0.0007464321 0.2674406767 0.4580226253 0.3365864121 0.0000000000 0.8827033492 0.1271412687 0.4520279689
0.6585612987 0.5541820069 0.7842288952 0.9239123462 0.9969980594 0.5446870090 0.5906427644 0.2349237100 0.3940669305 0.3412007179 0.3050604491 0.7517850179 0.1611151731 0.2607838641 0.1335062363 0.6586602036 0.2620767275 0.5929256093 0.8830949526 0.8827033492 0.0000000000 0.9414519242 0.3464755585
0.5849933376 0.4744439133 0.4979542880 0.1088616886 0.2224401464 0.6845435130 0.6075604480 0.4593476446 0.3884730401 0.8934990271 0.6540773237 0.1851807041 0.2214473232 0.9150152112 0.3431826861 0.1731565402 0.5435712619 0.8819138737 0.9583614523 0.1271412687 0.9414519242 0.0000000000 0.4479561410
0.0597351197 0.5588116477 0.6577955637 0.2819582521 0.9697151005 0.7890749745 0.9094239616 0.7240190465 0.3807561821 0.3135129204 0.8421740200 0.6330822223 0.4121705196 0.3922205009 0.0760631021 0.9666795360 0.5876215134 0.7866241903 0.4140637210 0.4520279689 0.3464755585 0.4479561410 0.0000000000
