# Graph size: 23
# Optimal cost: 1.9129421030229143

# Distance Matrix
0.0 0.5860407234078673 0.21462488780916233 0.6572771532416685 0.5157160312273468 0.9463212000846107 0.09093294291775889 0.6455545744445884 0.25739685931358536 0.5805277911473669 0.5436397179586477 0.6847561763101914 0.9959851212229238 0.8392560299229488 0.6105390466664677 0.30523344605878133 0.11107932344226756 0.3213601994835906 0.44514567485867984 0.5487080941932485 0.8835440461337837 0.9588923055072076 0.366082197623918
0.5860407234078673 0.0 0.7721482570688321 0.5130600330030657 0.9754090571325539 0.4328876750330496 0.36506730835757495 0.4068619270509982 0.5597186715037316 0.6688836623048988 0.8751486928576447 0.6576632455088764 0.7231157867897606 0.2792729341922918 0.4287021785805206 0.24693150290839094 0.21537850972758266 0.47143483917170115 0.005308036142247841 0.6590912254115991 0.5632797664147943 0.7744204769374418 0.08010743300814349
0.21462488780916233 0.7721482570688321 0.0 0.27289627001196426 0.26508967890478874 0.07594011196915007 0.3825487459133756 0.10812669521928175 0.9255242398228699 0.9476738652162116 0.03700151638021165 0.2489301257134302 0.647820562739735 0.21352619573635645 0.14850056883361218 0.5395410409329469 0.3130965419834215 0.1304836682344761 0.9759850456880917 0.9537756785089014 0.4718787492218971 0.9980241945869189 0.1957482557429684
0.6572771532416685 0.5130600330030657 0.27289627001196426 0.0 0.37661441359505465 0.44865923949404696 0.4895657383152533 0.3994163376405282 0.40434746507489083 0.9175685039186319 0.5082306685804059 0.8936242758148398 0.1691736787517557 0.6457281049700173 0.9092416738470388 0.07266069129335073 0.1248064525895154 0.32057344214461314 0.0025539958320730527 0.12070335514205688 0.19155483990863154 0.3784134140589628 0.35186760086890567
0.5157160312273468 0.9754090571325539 0.26508967890478874 0.37661441359505465 0.0 0.5668692933605707 0.6525118209818931 0.5337204211935948 0.019952245227261356 0.2641550891127431 0.7168959697384626 0.2721206402831342 0.07525757247784193 0.6924442581995455 0.7222566493267863 0.9147811245783152 0.8710687341287195 0.09611036012034646 0.5341670292515607 0.987866879956661 0.3360080379807021 0.8583458711533507 0.8201933445652911
0.9463212000846107 0.4328876750330496 0.07594011196915007 0.44865923949404696 0.5668692933605707 0.0 0.5379674563217731 0.2734715982020067 0.6871985326738762 0.5243426012366248 0.7228693282493631 0.457629077479217 0.6423984801878136 0.048855384614558295 0.47677700117885025 0.13490374891289492 0.7674110009905182 0.3621241044471738 0.3000618480718953 0.39238941260398374 0.10775106725344308 0.49468145991650747 0.255844929601834
0.09093294291775889 0.36506730835757495 0.3825487459133756 0.4895657383152533 0.6525118209818931 0.5379674563217731 0.0 0.7384491360399937 0.19444790467446826 0.6596174924897721 0.06919609441481123 0.155780717722526 0.6506488474521628 0.5394482949158771 0.8194584021631375 0.8335218770210335 0.4397037738286722 0.11837275801994152 0.09218345188316612 0.762508070973992 0.4146723372210156 0.80701849428789 0.6143898895016736
0.6455545744445884 0.4068619270509982 0.10812669521928175 0.3994163376405282 0.5337204211935948 0.2734715982020067 0.7384491360399937 0.0 0.3865844163451859 0.2520487776422802 0.5061915814781036 0.33533368926569707 0.5429123600282244 0.5565996212145581 0.6868093899320756 0.634705499759084 0.995500896830251 0.909561553867341 0.525109154398802 0.8411470731679402 0.9687311168433205 0.8990487880893315 0.6253895837298159
0.25739685931358536 0.5597186715037316 0.9255242398228699 0.40434746507489083 0.019952245227261356 0.6871985326738762 0.19444790467446826 0.3865844163451859 0.0 0.5262048115286664 0.22143194324999094 0.7193698387421289 0.8869567176912238 0.10231589670238916 0.36710399120018733 0.755056093508777 0.62760897581764 0.09814810311752309 0.34217742013005026 0.6757554782716548 0.16291088217717442 0.11059162137266765 0.1517291212213746
0.5805277911473669 0.6688836623048988 0.9476738652162116 0.9175685039186319 0.2641550891127431 0.5243426012366248 0.6596174924897721 0.2520487776422802 0.5262048115286664 0.0 0.9597465896039847 0.6586688020104812 0.8399275730023247 0.28087295439581017 0.43667973494895185 0.22343592160723724 0.8031741618395294 0.45007660320210774 0.39425324859521815 0.8885379842169845 0.29033867324720786 0.7139468964493256 0.028885120650398832
0.5436397179586477 0.8751486928576447 0.03700151638021165 0.5082306685804059 0.7168959697384626 0.7228693282493631 0.06919609441481123 0.5061915814781036 0.22143194324999094 0.9597465896039847 0.0 0.3350254705197182 0.8792792360341746 0.25556532641138463 0.5370407610160601 0.970121594774758 0.35710765157530266 0.6122436817220458 0.941730452099633 0.23014977991020757 0.20954031775727655 0.4836095167520924 0.8277905503351859
0.6847561763101914 0.6576632455088764 0.2489301257134302 0.8936242758148398 0.2721206402831342 0.457629077479217 0.155780717722526 0.33533368926569707 0.7193698387421289 0.6586688020104812 0.3350254705197182 0.0 0.7925884612539749 0.9343318038420186 0.7192199310043408 0.5199147561362882 0.716814791713004 0.31090118128443445 0.560441009068844 0.8790029534496065 0.4012633177764482 0.415488584755648 0.7201197209851129
0.9959851212229238 0.7231157867897606 0.647820562739735 0.1691736787517557 0.07525757247784193 0.6423984801878136 0.6506488474521628 0.5429123600282244 0.8869567176912238 0.8399275730023247 0.8792792360341746 0.7925884612539749 0.0 0.8152468031404972 0.6441392372162962 0.6096555825670242 0.42361385276281427 0.8204729672833592 0.025490387837553863 0.9496697284161295 0.1060348194101306 0.3076161268173915 0.29035602786293013
0.8392560299229488 0.2792729341922918 0.21352619573635645 0.6457281049700173 0.6924442581995455 0.048855384614558295 0.5394482949158771 0.5565996212145581 0.10231589670238916 0.28087295439581017 0.25556532641138463 0.9343318038420186 0.8152468031404972 0.0 0.4652900143951021 0.06309705443543834 0.3117957568346478 0.4058742591635399 0.5386967872878495 0.9867567707777809 0.15532212242802168 0.48964441923013635 0.17778596835262195
0.6105390466664677 0.4287021785805206 0.14850056883361218 0.9092416738470388 0.7222566493267863 0.47677700117885025 0.8194584021631375 0.6868093899320756 0.36710399120018733 0.43667973494895185 0.5370407610160601 0.7192199310043408 0.6441392372162962 0.4652900143951021 0.0 0.9818622037812821 0.008058317454828545 0.8623046003154704 0.3227742039244226 0.3563263513093953 0.8849171934296436 0.0641986578465027 0.4510379911089093
0.30523344605878133 0.24693150290839094 0.5395410409329469 0.07266069129335073 0.9147811245783152 0.13490374891289492 0.8335218770210335 0.634705499759084 0.755056093508777 0.22343592160723724 0.970121594774758 0.5199147561362882 0.6096555825670242 0.06309705443543834 0.9818622037812821 0.0 0.20487180880368971 0.5138731514261186 0.794170706232214 0.6523363762153923 0.5651874653773608 0.6807203225449538 0.3779399716191778
0.11107932344226756 0.21537850972758266 0.3130965419834215 0.1248064525895154 0.8710687341287195 0.7674110009905182 0.4397037738286722 0.995500896830251 0.62760897581764 0.8031741618395294 0.35710765157530266 0.716814791713004 0.42361385276281427 0.3117957568346478 0.008058317454828545 0.20487180880368971 0.0 0.03504366240284851 0.7153747512973911 0.11091082100799654 0.5541721765545625 0.7937445995047949 0.0028508456659788184
0.3213601994835906 0.47143483917170115 0.1304836682344761 0.32057344214461314 0.09611036012034646 0.3621241044471738 0.11837275801994152 0.909561553867341 0.09814810311752309 0.45007660320210774 0.6122436817220458 0.31090118128443445 0.8204729672833592 0.4058742591635399 0.8623046003154704 0.5138731514261186 0.03504366240284851 0.0 0.6841573575981852 0.07827779979410332 0.5195217301096631 0.4474152325640587 0.7940870666558246
0.44514567485867984 0.005308036142247841 0.9759850456880917 0.0025539958320730527 0.5341670292515607 0.3000618480718953 0.09218345188316612 0.525109154398802 0.34217742013005026 0.39425324859521815 0.941730452099633 0.560441009068844 0.025490387837553863 0.5386967872878495 0.3227742039244226 0.794170706232214 0.7153747512973911 0.6841573575981852 0.0 0.88713230251876 0.36649053261604303 0.2449746516000244 0.9630841273673254
0.5487080941932485 0.6590912254115991 0.9537756785089014 0.12070335514205688 0.987866879956661 0.39238941260398374 0.762508070973992 0.8411470731679402 0.6757554782716548 0.8885379842169845 0.23014977991020757 0.8790029534496065 0.9496697284161295 0.9867567707777809 0.3563263513093953 0.6523363762153923 0.11091082100799654 0.07827779979410332 0.88713230251876 0.0 0.34232647502174973 0.5016149097263551 0.21346129993002894
0.8835440461337837 0.5632797664147943 0.4718787492218971 0.19155483990863154 0.3360080379807021 0.10775106725344308 0.4146723372210156 0.9687311168433205 0.16291088217717442 0.29033867324720786 0.20954031775727655 0.4012633177764482 0.1060348194101306 0.15532212242802168 0.8849171934296436 0.5651874653773608 0.5541721765545625 0.5195217301096631 0.36649053261604303 0.34232647502174973 0.0 0.40156095770088507 0.37521983296217565
0.9588923055072076 0.7744204769374418 0.9980241945869189 0.3784134140589628 0.8583458711533507 0.49468145991650747 0.80701849428789 0.8990487880893315 0.11059162137266765 0.7139468964493256 0.4836095167520924 0.415488584755648 0.3076161268173915 0.48964441923013635 0.0641986578465027 0.6807203225449538 0.7937445995047949 0.4474152325640587 0.2449746516000244 0.5016149097263551 0.40156095770088507 0.0 0.8595622126941014
0.366082197623918 0.08010743300814349 0.1957482557429684 0.35186760086890567 0.8201933445652911 0.255844929601834 0.6143898895016736 0.6253895837298159 0.1517291212213746 0.028885120650398832 0.8277905503351859 0.7201197209851129 0.29035602786293013 0.17778596835262195 0.4510379911089093 0.3779399716191778 0.0028508456659788184 0.7940870666558246 0.9630841273673254 0.21346129993002894 0.37521983296217565 0.8595622126941014 0.0

# Optimal Walk
0 19 17 16 22 9 14 21 8 4 13 15 3 18 1 12 20 5 7 2 10 11 6 0
