# MCW Instance
# Type: EXPONENTIAL
# N: 16
# Optimal cost: 1.3714525028612075
# Optimal tour (permutation): [0, 2, 12, 14, 11, 4, 5, 10, 7, 15, 3, 13, 6, 8, 9, 1, 0]
# Optimal walk (full path): [0, 2, 12, 11, 14, 11, 4, 5, 10, 7, 3, 15, 3, 13, 6, 8, 9, 1, 0]
# Walk size: 19
# Is walk (has repeats): true

# Distance Matrix
0.0000000000 0.1082934319 0.0321527657 0.2185494769 0.3051819772 1.8925124957 0.3343607353 0.4996404291 2.9019104892 0.3189899960 0.2470008308 2.7815635593 0.6311538426 0.2578524840 0.7662796742 1.6897294799
0.1082934319 0.0000000000 0.4893939319 0.1449608209 1.9178366483 2.0317998511 0.3895750713 1.3731679139 0.5831652516 0.1462158349 2.5417062762 0.2601185805 0.5124822504 0.5236834326 3.8271785846 0.4260348934
0.0321527657 0.4893939319 0.0000000000 2.3609897487 0.3492280089 0.2144744221 1.3442522519 0.4269814497 1.8153932325 0.4726936135 1.6252774053 2.8258910716 0.2502299701 0.3798734944 0.6918231327 1.0209786341
0.2185494769 0.1449608209 2.3609897487 0.0000000000 0.6662540033 2.4651241802 0.6390229988 0.0198956540 0.2159845666 1.1332371467 0.2693707110 0.1143360567 2.4610594842 0.0833552594 1.7335336024 0.0241462346
0.3051819772 1.9178366483 0.3492280089 0.6662540033 0.0000000000 0.0326901732 2.0743666017 0.2351892244 1.1412645430 1.7310614827 2.6891960532 0.0404977554 1.3427695648 3.4023205409 1.4896015127 1.0762803860
1.8925124957 2.0317998511 0.2144744221 2.4651241802 0.0326901732 0.0000000000 0.6124549511 1.0847429063 0.8379585885 0.2548779296 0.0913254095 0.3469075576 3.6663093693 1.2633691964 3.3260394057 0.1775844305
0.3343607353 0.3895750713 1.3442522519 0.6390229988 2.0743666017 0.6124549511 0.0000000000 2.7615414840 0.0011773847 0.7748538335 0.1592340069 0.1497865072 1.2038550410 0.1502447118 0.2996791720 1.0515671524
0.4996404291 1.3731679139 0.4269814497 0.0198956540 0.2351892244 1.0847429063 2.7615414840 0.0000000000 0.7587283291 0.4992893389 0.0057822898 4.5674594949 2.7189843369 2.2493279706 0.1364212232 1.0453011996
2.9019104892 0.5831652516 1.8153932325 0.2159845666 1.1412645430 0.8379585885 0.0011773847 0.7587283291 0.0000000000 0.2958223317 2.0154826465 1.4214587548 2.7770492285 0.7602606335 0.3386032116 0.3808315355
0.3189899960 0.1462158349 0.4726936135 1.1332371467 1.7310614827 0.2548779296 0.7748538335 0.4992893389 0.2958223317 0.0000000000 1.9838458226 2.0406162960 0.2134351676 0.5970001474 0.9753407276 1.4978460395
0.2470008308 2.5417062762 1.6252774053 0.2693707110 2.6891960532 0.0913254095 0.1592340069 0.0057822898 2.0154826465 1.9838458226 0.0000000000 1.0322580677 0.2062283955 0.2925883772 0.4121534710 0.1661133568
2.7815635593 0.2601185805 2.8258910716 0.1143360567 0.0404977554 0.3469075576 0.1497865072 4.5674594949 1.4214587548 2.0406162960 1.0322580677 0.0000000000 0.0342403153 1.9275487642 0.0156183732 0.2071427932
0.6311538426 0.5124822504 0.2502299701 2.4610594842 1.3427695648 3.6663093693 1.2038550410 2.7189843369 2.7770492285 0.2134351676 0.2062283955 0.0342403153 0.0000000000 0.1419518909 1.8917646032 3.5053099446
0.2578524840 0.5236834326 0.3798734944 0.0833552594 3.4023205409 1.2633691964 0.1502447118 2.2493279706 0.7602606335 0.5970001474 0.2925883772 1.9275487642 0.1419518909 0.0000000000 1.4191559482 1.3845458631
0.7662796742 3.8271785846 0.6918231327 1.7335336024 1.4896015127 3.3260394057 0.2996791720 0.1364212232 0.3386032116 0.9753407276 0.4121534710 0.0156183732 1.8917646032 1.4191559482 0.0000000000 1.2524930453
1.6897294799 0.4260348934 1.0209786341 0.0241462346 1.0762803860 0.1775844305 1.0515671524 1.0453011996 0.3808315355 1.4978460395 0.1661133568 0.2071427932 3.5053099446 1.3845458631 1.2524930453 0.0000000000
