# MCW Instance
# Type: EXPONENTIAL
# N: 16
# Optimal cost: 2.6684623679628636
# Optimal tour (permutation): [0, 12, 2, 3, 13, 15, 5, 11, 8, 1, 14, 6, 7, 10, 9, 4, 0]
# Optimal walk (full path): [0, 12, 2, 3, 13, 5, 15, 5, 13, 11, 8, 1, 8, 14, 6, 7, 10, 7, 9, 7, 4, 7, 0]
# Walk size: 23
# Is walk (has repeats): true

# Distance Matrix
0.0000000000 0.6438650950 1.5697823286 0.5495777428 0.4382977081 1.0506247778 0.1712435850 0.0738130507 0.3532088768 2.2635863833 0.5849837515 2.8641298407 0.1236637917 2.9729737559 0.1946333358 0.6418485095
0.6438650950 0.0000000000 0.5820247440 1.2954129405 0.5823221855 3.0688079679 1.7598621782 0.5658833843 0.0160980443 1.8316160255 1.7211235882 0.1715368398 0.1998354256 1.6033119542 0.9928223459 0.5967916387
1.5697823286 0.5820247440 0.0000000000 0.1573489302 3.2772078529 2.3716957024 0.5374038458 0.7057586128 0.2838257845 0.6372799170 1.6796761504 0.9906295420 0.2533089773 1.0932818846 0.2477308213 0.4208914749
0.5495777428 1.2954129405 0.1573489302 0.0000000000 2.9241667182 0.5959005850 1.7363557929 2.2633352544 0.4429933113 0.3145757999 0.9404180549 1.0619281203 0.4667736385 0.2051438262 1.1224963629 1.1642901262
0.4382977081 0.5823221855 3.2772078529 2.9241667182 0.0000000000 0.6978844288 1.3351208641 0.2786414073 3.2139571285 2.7570162514 0.8610322858 0.6387028810 0.7762195211 0.4017770608 2.5461435943 0.6966620653
1.0506247778 3.0688079679 2.3716957024 0.5959005850 0.6978844288 0.0000000000 2.9100883313 0.1593945754 0.6355141825 0.4048853435 0.5840905230 0.3539091749 0.8614920964 0.0099877529 2.2571372110 0.0100181786
0.1712435850 1.7598621782 0.5374038458 1.7363557929 1.3351208641 2.9100883313 0.0000000000 0.0867480396 0.3371052554 0.8035779593 0.3328373200 0.5288933242 0.5340086762 3.2840578076 0.0522273422 0.2774969905
0.0738130507 0.5658833843 0.7057586128 2.2633352544 0.2786414073 0.1593945754 0.0867480396 0.0000000000 3.0190029647 0.0895980302 0.1826378787 0.3947944926 0.7235505533 0.7541220663 1.0254799262 1.3803740633
0.3532088768 0.0160980443 0.2838257845 0.4429933113 3.2139571285 0.6355141825 0.3371052554 3.0190029647 0.0000000000 0.2426332548 1.4749378594 0.1371476210 0.3621414476 0.1163037850 0.1762556410 0.7454664399
2.2635863833 1.8316160255 0.6372799170 0.3145757999 2.7570162514 0.4048853435 0.8035779593 0.0895980302 0.2426332548 0.0000000000 0.5746253815 0.4842886423 0.6767752840 1.1814512405 0.9129170651 0.1384119767
0.5849837515 1.7211235882 1.6796761504 0.9404180549 0.8610322858 0.5840905230 0.3328373200 0.1826378787 1.4749378594 0.5746253815 0.0000000000 2.3725517579 1.2493907881 1.3937314089 0.7384321970 5.2328333942
2.8641298407 0.1715368398 0.9906295420 1.0619281203 0.6387028810 0.3539091749 0.5288933242 0.3947944926 0.1371476210 0.4842886423 2.3725517579 0.0000000000 1.7438364836 0.2288425642 2.6477776401 2.9560754455
0.1236637917 0.1998354256 0.2533089773 0.4667736385 0.7762195211 0.8614920964 0.5340086762 0.7235505533 0.3621414476 0.6767752840 1.2493907881 1.7438364836 0.0000000000 0.1622218462 2.2751354837 3.4272479438
2.9729737559 1.6033119542 1.0932818846 0.2051438262 0.4017770608 0.0099877529 3.2840578076 0.7541220663 0.1163037850 1.1814512405 1.3937314089 0.2288425642 0.1622218462 0.0000000000 1.6019485149 0.8855703406
0.1946333358 0.9928223459 0.2477308213 1.1224963629 2.5461435943 2.2571372110 0.0522273422 1.0254799262 0.1762556410 0.9129170651 0.7384321970 2.6477776401 2.2751354837 1.6019485149 0.0000000000 1.4862104744
0.6418485095 0.5967916387 0.4208914749 1.1642901262 0.6966620653 0.0100181786 0.2774969905 1.3803740633 0.7454664399 0.1384119767 5.2328333942 2.9560754455 3.4272479438 0.8855703406 1.4862104744 0.0000000000
