# MCW Instance
# Type: EXPONENTIAL
# N: 16
# Optimal cost: 1.4763080998796
# Optimal tour (permutation): [0, 10, 7, 3, 15, 12, 14, 5, 8, 6, 13, 9, 4, 11, 2, 1, 0]
# Optimal walk (full path): [0, 10, 0, 7, 3, 15, 12, 14, 5, 8, 6, 13, 4, 9, 4, 11, 2, 1, 3, 7, 0]
# Walk size: 21
# Is walk (has repeats): true

# Distance Matrix
0.0000000000 4.7098097134 0.3506943526 1.5570576033 0.4865809050 0.9340642570 0.4275844804 0.0075761389 2.1452525675 1.7289663954 0.0185940649 0.4073071011 0.7230252593 0.7817456535 1.7768682335 2.8864389306
4.7098097134 0.0000000000 0.1288347056 0.2037009826 1.3679973946 1.4070965525 0.2145667481 1.1527297270 1.5925307770 1.3065770951 0.7108285574 0.3531609052 0.6959932506 1.8366923299 1.6140354704 0.4697210738
0.3506943526 0.1288347056 0.0000000000 0.4094191995 0.8449229107 0.0204037504 0.4156115509 0.1085580107 0.4253258603 0.5270469779 0.5574932825 0.0699548685 1.1795077976 0.3713549474 0.4202278339 0.3975445238
1.5570576033 0.2037009826 0.4094191995 0.0000000000 3.7513254173 0.4180074528 2.4299700734 0.0013267544 0.8076620698 0.4512328069 2.7781527112 0.6145865622 1.5859466276 0.5227192925 3.3606965330 0.0259396266
0.4865809050 1.3679973946 0.8449229107 3.7513254173 0.0000000000 2.9389508772 0.9194426314 0.4491438027 0.3043679911 0.0413878269 2.9450013287 0.1728545169 0.2348063578 0.0823263822 1.2288409568 0.4865594430
0.9340642570 1.4070965525 0.0204037504 0.4180074528 2.9389508772 0.0000000000 1.2821886246 0.8233975684 0.0656413104 0.2363332947 0.4466386170 4.1239323265 1.0972302192 0.0699555933 0.1033351754 0.4310794641
0.4275844804 0.2145667481 0.4156115509 2.4299700734 0.9194426314 1.2821886246 0.0000000000 1.0744138941 0.0795337453 0.7585987377 1.9616938247 1.5039916703 0.7014144999 0.1213310642 2.2968658062 0.1895864118
0.0075761389 1.1527297270 0.1085580107 0.0013267544 0.4491438027 0.8233975684 1.0744138941 0.0000000000 1.2223975490 0.5408296159 0.1983194895 1.0408166083 3.6312265791 0.4441543185 0.4212631886 0.1521205592
2.1452525675 1.5925307770 0.4253258603 0.8076620698 0.3043679911 0.0656413104 0.0795337453 1.2223975490 0.0000000000 5.0619397256 1.7692479126 1.1397830080 0.5152438491 0.1571526865 0.2209814796 0.9727088738
1.7289663954 1.3065770951 0.5270469779 0.4512328069 0.0413878269 0.2363332947 0.7585987377 0.5408296159 5.0619397256 0.0000000000 3.0219226881 1.2846786479 1.1824528526 0.8197954871 1.0565665924 0.3000058410
0.0185940649 0.7108285574 0.5574932825 2.7781527112 2.9450013287 0.4466386170 1.9616938247 0.1983194895 1.7692479126 3.0219226881 0.0000000000 1.5240107841 0.1321026720 0.5637373848 0.7361559377 0.3049068410
0.4073071011 0.3531609052 0.0699548685 0.6145865622 0.1728545169 4.1239323265 1.5039916703 1.0408166083 1.1397830080 1.2846786479 1.5240107841 0.0000000000 0.7005161246 2.5568886679 0.5680034937 2.9395428624
0.7230252593 0.6959932506 1.1795077976 1.5859466276 0.2348063578 1.0972302192 0.7014144999 3.6312265791 0.5152438491 1.1824528526 0.1321026720 0.7005161246 0.0000000000 0.7934739981 0.1554889775 0.1295971746
0.7817456535 1.8366923299 0.3713549474 0.5227192925 0.0823263822 0.0699555933 0.1213310642 0.4441543185 0.1571526865 0.8197954871 0.5637373848 2.5568886679 0.7934739981 0.0000000000 0.6619921415 0.4640387316
1.7768682335 1.6140354704 0.4202278339 3.3606965330 1.2288409568 0.1033351754 2.2968658062 0.4212631886 0.2209814796 1.0565665924 0.7361559377 0.5680034937 0.1554889775 0.6619921415 0.0000000000 0.8963370503
2.8864389306 0.4697210738 0.3975445238 0.0259396266 0.4865594430 0.4310794641 0.1895864118 0.1521205592 0.9727088738 0.3000058410 0.3049068410 2.9395428624 0.1295971746 0.4640387316 0.8963370503 0.0000000000
