# MCW Instance
# Type: EXPONENTIAL
# N: 16
# Optimal cost: 1.9788539593356036
# Optimal tour (permutation): [0, 8, 6, 13, 10, 15, 5, 9, 4, 14, 11, 7, 12, 2, 3, 1, 0]
# Optimal walk (full path): [0, 6, 8, 6, 10, 13, 10, 6, 15, 5, 4, 9, 4, 5, 14, 11, 7, 2, 12, 2, 3, 1, 0]
# Walk size: 23
# Is walk (has repeats): true

# Distance Matrix
0.0000000000 0.0356690594 0.7922730202 0.5072910180 1.2570899839 3.1641346162 0.1017683216 0.8120385244 0.8017245322 1.1274298658 0.3362266101 4.2744925611 1.1719210239 0.2265158996 0.8335404538 0.8790169596
0.0356690594 0.0000000000 2.2257569177 0.1276960447 0.4186412742 1.9105650595 0.4173294971 0.9010936428 0.4203290257 0.7287344849 0.8772265152 0.4981322436 0.9270361831 1.9995087628 0.3905822749 0.6740902175
0.7922730202 2.2257569177 0.0000000000 0.1275459208 1.9820708524 1.5714226544 0.2549693466 0.2088248853 0.4444610869 1.6048479030 0.1230332063 0.6738554447 0.0155288403 0.5662250735 0.5217477417 3.5045961910
0.5072910180 0.1276960447 0.1275459208 0.0000000000 0.4425286623 1.8810869631 0.1118204459 1.1294787223 0.3757526656 0.7312051054 1.6122232010 1.6617750740 2.0241294883 1.7692451747 1.6261235101 0.4393021502
1.2570899839 0.4186412742 1.9820708524 0.4425286623 0.0000000000 0.0189430811 2.3724633334 0.2938155077 1.9644248635 0.0371861567 0.1614799873 1.0437926923 0.0971562748 0.1683513111 5.8935872073 2.0411974405
3.1641346162 1.9105650595 1.5714226544 1.8810869631 0.0189430811 0.0000000000 0.8340922398 0.2233649091 0.1100435141 0.2983071762 0.1543532285 0.4206006701 0.2458273615 0.4437556519 0.3049540349 0.1228667454
0.1017683216 0.4173294971 0.2549693466 0.1118204459 2.3724633334 0.8340922398 0.0000000000 1.4550181292 0.0543348666 0.9578379300 0.0609524299 0.4307670281 0.6041542309 0.6482265563 2.3472376135 0.0871166020
0.8120385244 0.9010936428 0.2088248853 1.1294787223 0.2938155077 0.2233649091 1.4550181292 0.0000000000 0.7198971048 0.3043693690 3.2743125867 0.0149253321 0.9314454876 0.3861331296 0.6886280716 1.0249469914
0.8017245322 0.4203290257 0.4444610869 0.3757526656 1.9644248635 0.1100435141 0.0543348666 0.7198971048 0.0000000000 0.5545446770 0.4828537871 0.2414614521 2.1909481673 0.5616765228 0.9315236602 0.9596320574
1.1274298658 0.7287344849 1.6048479030 0.7312051054 0.0371861567 0.2983071762 0.9578379300 0.3043693690 0.5545446770 0.0000000000 1.5319678886 1.2444301576 0.9683522665 2.8937534048 0.6121142906 0.9772868959
0.3362266101 0.8772265152 0.1230332063 1.6122232010 0.1614799873 0.1543532285 0.0609524299 3.2743125867 0.4828537871 1.5319678886 0.0000000000 0.8282810459 0.8527598723 0.0270568402 1.1630013997 0.9918015898
4.2744925611 0.4981322436 0.6738554447 1.6617750740 1.0437926923 0.4206006701 0.4307670281 0.0149253321 0.2414614521 1.2444301576 0.8282810459 0.0000000000 0.3119548884 0.4954830045 0.4194825838 0.3269737405
1.1719210239 0.9270361831 0.0155288403 2.0241294883 0.0971562748 0.2458273615 0.6041542309 0.9314454876 2.1909481673 0.9683522665 0.8527598723 0.3119548884 0.0000000000 0.5557357723 3.1316285558 1.8932734824
0.2265158996 1.9995087628 0.5662250735 1.7692451747 0.1683513111 0.4437556519 0.6482265563 0.3861331296 0.5616765228 2.8937534048 0.0270568402 0.4954830045 0.5557357723 0.0000000000 2.1587571974 0.7440125762
0.8335404538 0.3905822749 0.5217477417 1.6261235101 5.8935872073 0.3049540349 2.3472376135 0.6886280716 0.9315236602 0.6121142906 1.1630013997 0.4194825838 3.1316285558 2.1587571974 0.0000000000 1.7561100866
0.8790169596 0.6740902175 3.5045961910 0.4393021502 2.0411974405 0.1228667454 0.0871166020 1.0249469914 0.9596320574 0.9772868959 0.9918015898 0.3269737405 1.8932734824 0.7440125762 1.7561100866 0.0000000000
