# MCW Instance
# Type: EXPONENTIAL
# N: 16
# Optimal cost: 3.3285362488926804
# Optimal tour (permutation): [0, 5, 11, 6, 12, 15, 7, 1, 3, 4, 14, 8, 9, 2, 10, 13, 0]
# Optimal walk (full path): [0, 5, 11, 6, 12, 7, 15, 7, 1, 3, 4, 8, 14, 8, 9, 2, 10, 13, 0]
# Walk size: 19
# Is walk (has repeats): true

# Distance Matrix
0.0000000000 0.5910770317 3.2555773328 3.4159028189 0.4167227670 0.1735638979 1.5539613423 0.3852183688 0.2630081301 2.1195643588 0.9059216646 0.4365717723 0.4363468535 0.3018056662 1.1971958247 0.8488232798
0.5910770317 0.0000000000 0.7529787283 0.0972645061 0.6824538862 0.3152722048 3.4035985862 0.1418545323 0.6850321335 3.6127020691 1.8785211359 1.4654919004 1.1805879917 3.0686932764 1.6970765403 0.9683109238
3.2555773328 0.7529787283 0.0000000000 1.6634154676 0.9670602453 1.0525169323 0.9087975688 1.6196110054 0.3253316712 0.0556144893 0.2787667396 1.5911855933 1.6315883306 1.6542749317 0.1995729733 0.8995338404
3.4159028189 0.0972645061 1.6634154676 0.0000000000 0.0620406361 0.3011185016 0.3637947101 1.2638631291 0.5925909683 0.5572373836 3.5400261917 4.3515955360 2.1409923399 2.0577102410 1.5620329083 0.7590506505
0.4167227670 0.6824538862 0.9670602453 0.0620406361 0.0000000000 0.9085296939 1.7208325964 1.6447172139 0.2264927674 0.8926140271 2.7367007209 1.4639376756 0.4407552147 0.3326470260 0.8218477083 2.5745215286
0.1735638979 0.3152722048 1.0525169323 0.3011185016 0.9085296939 0.0000000000 0.0728028300 2.1340533177 0.2762301485 0.3239645658 2.8281727415 0.2924849376 1.5385815069 0.7284953800 1.4338927461 1.0255099148
1.5539613423 3.4035985862 0.9087975688 0.3637947101 1.7208325964 0.0728028300 0.0000000000 0.1987325825 2.3346478835 0.7557736797 0.4884067036 0.2624967781 0.2442462309 0.5836590121 2.7574949453 1.9763645550
0.3852183688 0.1418545323 1.6196110054 1.2638631291 1.6447172139 2.1340533177 0.1987325825 0.0000000000 0.7954396362 1.3667136161 1.6404837063 1.0564948335 0.0639005845 0.9102004632 1.7611939936 0.3974963068
0.2630081301 0.6850321335 0.3253316712 0.5925909683 0.2264927674 0.2762301485 2.3346478835 0.7954396362 0.0000000000 0.0866573432 0.4398045441 5.1837200444 0.8991935233 1.7969905505 0.0413586739 0.5317263821
2.1195643588 3.6127020691 0.0556144893 0.5572373836 0.8926140271 0.3239645658 0.7557736797 1.3667136161 0.0866573432 0.0000000000 2.6120349425 2.0634581069 0.0886340324 0.5569826857 1.1595128325 1.8109275054
0.9059216646 1.8785211359 0.2787667396 3.5400261917 2.7367007209 2.8281727415 0.4884067036 1.6404837063 0.4398045441 2.6120349425 0.0000000000 1.8981130681 1.3879986140 0.1636371784 0.5146690662 1.6601287879
0.4365717723 1.4654919004 1.5911855933 4.3515955360 1.4639376756 0.2924849376 0.2624967781 1.0564948335 5.1837200444 2.0634581069 1.8981130681 0.0000000000 0.7422638295 2.6850557144 0.6380779153 1.3810286460
0.4363468535 1.1805879917 1.6315883306 2.1409923399 0.4407552147 1.5385815069 0.2442462309 0.0639005845 0.8991935233 0.0886340324 1.3879986140 0.7422638295 0.0000000000 0.9086458385 0.7437754495 0.6118156620
0.3018056662 3.0686932764 1.6542749317 2.0577102410 0.3326470260 0.7284953800 0.5836590121 0.9102004632 1.7969905505 0.5569826857 0.1636371784 2.6850557144 0.9086458385 0.0000000000 1.6191783510 2.9275750260
1.1971958247 1.6970765403 0.1995729733 1.5620329083 0.8218477083 1.4338927461 2.7574949453 1.7611939936 0.0413586739 1.1595128325 0.5146690662 0.6380779153 0.7437754495 1.6191783510 0.0000000000 1.0185672786
0.8488232798 0.9683109238 0.8995338404 0.7590506505 2.5745215286 1.0255099148 1.9763645550 0.3974963068 0.5317263821 1.8109275054 1.6601287879 1.3810286460 0.6118156620 2.9275750260 1.0185672786 0.0000000000
