# MCW Instance
# Type: EXPONENTIAL
# N: 16
# Optimal cost: 1.5417943376417134
# Optimal tour (permutation): [0, 5, 2, 14, 11, 13, 10, 9, 4, 6, 15, 12, 1, 8, 7, 3, 0]
# Optimal walk (full path): [0, 5, 2, 14, 11, 13, 10, 9, 4, 6, 15, 8, 12, 1, 12, 8, 7, 3, 0]
# Walk size: 19
# Is walk (has repeats): true

# Distance Matrix
0.0000000000 1.2664064858 0.3666091090 0.2425174866 0.4191290112 0.0868547654 2.3547770270 0.6115934128 2.0834610363 1.7007926021 2.7830634254 1.5343250729 1.1180312508 2.6719540725 3.3460460518 4.4474549152
1.2664064858 0.0000000000 3.8533212889 1.1934651080 1.0552873007 1.5119754756 1.1896827270 1.3981760980 0.1183459957 1.0156074325 2.1834774244 5.0562958148 0.0050218551 3.9585832456 2.3389604597 0.7431752046
0.3666091090 3.8533212889 0.0000000000 1.3756425954 1.6105086107 0.0521015005 1.0575757458 0.8644393894 1.0020178767 1.6047406911 2.0775523325 0.2581240655 0.2751772221 0.9680404440 0.0886904343 0.4870100150
0.2425174866 1.1934651080 1.3756425954 0.0000000000 1.0437745519 1.1528544567 1.5202166215 0.2742890095 0.2957348288 1.6541110260 2.0586626416 1.9707137077 0.8988620903 0.2856313924 1.5877266519 0.4029637153
0.4191290112 1.0552873007 1.6105086107 1.0437745519 0.0000000000 2.1783526659 0.1558447997 0.0580581694 0.1382407037 0.0575724354 1.2232578964 3.3016410360 0.5143685767 2.2983762617 0.6794523033 0.3451343499
0.0868547654 1.5119754756 0.0521015005 1.1528544567 2.1783526659 0.0000000000 0.6745569147 0.2735257094 0.6673349614 1.8784973037 0.2576648286 0.7265007840 4.0976758981 0.5185384290 0.3751679014 2.1149451544
2.3547770270 1.1896827270 1.0575757458 1.5202166215 0.1558447997 0.6745569147 0.0000000000 1.3461880768 0.3790845061 0.4033013677 0.1175956573 0.2331732814 0.1462855463 1.4914264340 1.8219038434 0.1520268366
0.6115934128 1.3981760980 0.8644393894 0.2742890095 0.0580581694 0.2735257094 1.3461880768 0.0000000000 0.0018993831 1.5054003622 0.4241043166 0.4073518957 0.1175529288 0.1659078235 3.4033088242 1.4903472440
2.0834610363 0.1183459957 1.0020178767 0.2957348288 0.1382407037 0.6673349614 0.3790845061 0.0018993831 0.0000000000 0.9188497697 1.1466098414 0.6383255392 0.0027743579 0.3741227281 0.8849683174 0.0885201511
1.7007926021 1.0156074325 1.6047406911 1.6541110260 0.0575724354 1.8784973037 0.4033013677 1.5054003622 0.9188497697 0.0000000000 0.0834056811 0.5240185612 0.7587437733 1.4509088168 0.1467938967 0.9151725494
2.7830634254 2.1834774244 2.0775523325 2.0586626416 1.2232578964 0.2576648286 0.1175956573 0.4241043166 1.1466098414 0.0834056811 0.0000000000 0.7466652101 0.1963347209 0.1316092594 1.4328795985 0.9514792009
1.5343250729 5.0562958148 0.2581240655 1.9707137077 3.3016410360 0.7265007840 0.2331732814 0.4073518957 0.6383255392 0.5240185612 0.7466652101 0.0000000000 0.3893596218 0.0527445542 0.0581256148 0.3321904513
1.1180312508 0.0050218551 0.2751772221 0.8988620903 0.5143685767 4.0976758981 0.1462855463 0.1175529288 0.0027743579 0.7587437733 0.1963347209 0.3893596218 0.0000000000 0.1740454089 1.1958288922 0.3605514896
2.6719540725 3.9585832456 0.9680404440 0.2856313924 2.2983762617 0.5185384290 1.4914264340 0.1659078235 0.3741227281 1.4509088168 0.1316092594 0.0527445542 0.1740454089 0.0000000000 0.1345719617 1.1476181767
3.3460460518 2.3389604597 0.0886904343 1.5877266519 0.6794523033 0.3751679014 1.8219038434 3.4033088242 0.8849683174 0.1467938967 1.4328795985 0.0581256148 1.1958288922 0.1345719617 0.0000000000 0.6632372572
4.4474549152 0.7431752046 0.4870100150 0.4029637153 0.3451343499 2.1149451544 0.1520268366 1.4903472440 0.0885201511 0.9151725494 0.9514792009 0.3321904513 0.3605514896 1.1476181767 0.6632372572 0.0000000000
