# MCW Instance
# Type: EXPONENTIAL
# N: 16
# Optimal cost: 1.8511049774673867
# Optimal tour (permutation): [0, 11, 15, 6, 3, 8, 12, 13, 2, 1, 10, 7, 5, 4, 9, 14, 0]
# Optimal walk (full path): [0, 11, 6, 15, 6, 11, 3, 8, 12, 13, 2, 1, 2, 10, 7, 10, 4, 5, 4, 9, 14, 0]
# Walk size: 22
# Is walk (has repeats): true

# Distance Matrix
0.0000000000 1.8212145462 0.5113621152 1.1913437561 0.3203657971 0.6726258448 1.0815736708 0.4582507932 2.6029494843 0.4038770541 0.5264620919 0.1275116595 0.5350836834 2.6013356745 0.1008121176 0.9316632020
1.8212145462 0.0000000000 0.1044651789 0.9471829996 0.7636429699 0.8534728612 0.9041090580 0.7660312573 0.5195120923 0.9145346617 0.4905388615 0.4754436672 0.2783437952 0.9576348187 2.0459037219 1.2551885250
0.5113621152 0.1044651789 0.0000000000 3.0161756595 0.4599541204 0.4465675213 2.2534856465 1.5793458228 0.2281920621 0.5369388343 0.2361916061 1.2547764843 0.2376654680 0.1092439346 1.1141111069 1.5185846553
1.1913437561 0.9471829996 3.0161756595 0.0000000000 0.8396497459 1.1335805766 0.1131640104 0.7621225142 0.0993739640 0.7258498045 0.5957167454 0.0294662610 0.5956850364 0.0507161341 0.0186780683 0.5138587658
0.3203657971 0.7636429699 0.4599541204 0.8396497459 0.0000000000 0.0910081114 2.0074554874 0.4001744306 1.8258809040 0.1148715917 0.1143131299 0.5814935079 3.6942652055 0.4577893087 1.6217480421 0.1778705848
0.6726258448 0.8534728612 0.4465675213 1.1335805766 0.0910081114 0.0000000000 1.8201824709 1.5139826622 1.4321625483 0.6868481590 1.0321828648 0.8922047938 0.3139593257 0.7271183904 2.8056961226 0.6161536488
1.0815736708 0.9041090580 2.2534856465 0.1131640104 2.0074554874 1.8201824709 0.0000000000 1.8817663378 0.7803481170 1.6867597757 1.0431716135 0.0012910397 1.8815496201 0.1802390556 0.2347802292 0.0179247424
0.4582507932 0.7660312573 1.5793458228 0.7621225142 0.4001744306 1.5139826622 1.8817663378 0.0000000000 0.4396113331 0.3240606174 0.1160701272 0.8046174272 1.2334251453 0.4046031482 0.4591753891 3.1731822683
2.6029494843 0.5195120923 0.2281920621 0.0993739640 1.8258809040 1.4321625483 0.7803481170 0.4396113331 0.0000000000 2.2296996048 1.4960825922 2.1201529880 0.0498195893 0.0998437510 2.0282502893 0.4292525394
0.4038770541 0.9145346617 0.5369388343 0.7258498045 0.1148715917 0.6868481590 1.6867597757 0.3240606174 2.2296996048 0.0000000000 0.3245517187 1.6547134729 0.2051544105 1.9150138238 0.1011302338 0.3219343954
0.5264620919 0.4905388615 0.2361916061 0.5957167454 0.1143131299 1.0321828648 1.0431716135 0.1160701272 1.4960825922 0.3245517187 0.0000000000 0.2724128716 2.4550696847 0.9607551028 0.2844712994 2.2384677612
0.1275116595 0.4754436672 1.2547764843 0.0294662610 0.5814935079 0.8922047938 0.0012910397 0.8046174272 2.1201529880 1.6547134729 0.2724128716 0.0000000000 0.9221225903 0.8027745747 1.2240857832 1.4403656767
0.5350836834 0.2783437952 0.2376654680 0.5956850364 3.6942652055 0.3139593257 1.8815496201 1.2334251453 0.0498195893 0.2051544105 2.4550696847 0.9221225903 0.0000000000 0.1068524908 1.6694709961 0.9042269557
2.6013356745 0.9576348187 0.1092439346 0.0507161341 0.4577893087 0.7271183904 0.1802390556 0.4046031482 0.0998437510 1.9150138238 0.9607551028 0.8027745747 0.1068524908 0.0000000000 0.3435751802 0.5043328625
0.1008121176 2.0459037219 1.1141111069 0.0186780683 1.6217480421 2.8056961226 0.2347802292 0.4591753891 2.0282502893 0.1011302338 0.2844712994 1.2240857832 1.6694709961 0.3435751802 0.0000000000 0.0870308857
0.9316632020 1.2551885250 1.5185846553 0.5138587658 0.1778705848 0.6161536488 0.0179247424 3.1731822683 0.4292525394 0.3219343954 2.2384677612 1.4403656767 0.9042269557 0.5043328625 0.0870308857 0.0000000000
