# MCW Instance
# Type: EXPONENTIAL
# N: 16
# Optimal cost: 1.4356280289048393
# Optimal tour (permutation): [0, 12, 9, 10, 3, 4, 7, 1, 13, 5, 15, 2, 6, 11, 14, 8, 0]
# Optimal walk (full path): [0, 11, 12, 11, 9, 10, 3, 4, 3, 7, 1, 7, 13, 5, 2, 15, 2, 6, 11, 8, 14, 8, 11, 0]
# Walk size: 24
# Is walk (has repeats): true

# Distance Matrix
0.0000000000 1.3066730345 1.2665571591 1.3796810990 1.1136615969 0.9639419146 0.6391272672 3.1768178643 2.8414955194 0.7580349148 1.1850745873 0.1523270358 0.6938009472 0.8557670873 2.7363127325 0.8330769484
1.3066730345 0.0000000000 0.7409030073 1.4887282638 0.6658969028 2.3309530607 0.2416337490 0.0717985739 1.7426493328 0.7096750263 0.4836587660 0.8235069893 0.2848619506 0.8743920041 0.3010543475 0.2232600204
1.2665571591 0.7409030073 0.0000000000 0.5480617389 1.6954515176 0.0110312877 0.0980453824 0.8010433430 0.8995628235 0.7305062438 2.1049915996 0.4256286373 0.1451077883 0.1240552683 0.1657745698 0.0129747742
1.3796810990 1.4887282638 0.5480617389 0.0000000000 0.0159644293 0.1654791620 1.5526974574 0.0189448371 0.3957958530 0.5498373379 0.0541975315 0.7113603343 0.5087489184 1.5115060891 2.0519673411 1.7706585728
1.1136615969 0.6658969028 1.6954515176 0.0159644293 0.0000000000 0.4987462658 0.5817173900 0.2508097502 1.5658291389 0.3041456091 1.9124165347 0.9449887313 3.5184691597 0.8131972520 0.2746357375 1.7569063664
0.9639419146 2.3309530607 0.0110312877 0.1654791620 0.4987462658 0.0000000000 0.8492814782 0.3387536788 0.4782497093 1.0802304557 0.1098725170 0.9500062089 0.6200404970 0.1067202848 0.5094397261 0.5273070216
0.6391272672 0.2416337490 0.0980453824 1.5526974574 0.5817173900 0.8492814782 0.0000000000 0.4522729992 0.8978344671 0.3984518281 2.1788058056 0.0896131944 0.3227527521 2.0834550227 0.3454827303 0.8607307041
3.1768178643 0.0717985739 0.8010433430 0.0189448371 0.2508097502 0.3387536788 0.4522729992 0.0000000000 1.6799070100 0.1238790277 0.5054504236 1.1866784685 0.3467933872 0.0560793666 2.2641281609 0.8493109248
2.8414955194 1.7426493328 0.8995628235 0.3957958530 1.5658291389 0.4782497093 0.8978344671 1.6799070100 0.0000000000 2.5193762842 0.1930311427 0.0835595918 0.2916284475 1.1829846055 0.0686072307 0.1377803955
0.7580349148 0.7096750263 0.7305062438 0.5498373379 0.3041456091 1.0802304557 0.3984518281 0.1238790277 2.5193762842 0.0000000000 0.0390185803 0.0340292088 0.5479132545 0.1828195780 1.0230560495 0.4296323230
1.1850745873 0.4836587660 2.1049915996 0.0541975315 1.9124165347 0.1098725170 2.1788058056 0.5054504236 0.1930311427 0.0390185803 0.0000000000 0.3512746052 1.5331533578 2.2201454617 2.4034396465 0.7048111552
0.1523270358 0.8235069893 0.4256286373 0.7113603343 0.9449887313 0.9500062089 0.0896131944 1.1866784685 0.0835595918 0.0340292088 0.3512746052 0.0000000000 0.0587425419 0.6085061204 2.9215616960 1.1436024034
0.6938009472 0.2848619506 0.1451077883 0.5087489184 3.5184691597 0.6200404970 0.3227527521 0.3467933872 0.2916284475 0.5479132545 1.5331533578 0.0587425419 0.0000000000 0.2931816726 1.2972657536 1.8142322773
0.8557670873 0.8743920041 0.1240552683 1.5115060891 0.8131972520 0.1067202848 2.0834550227 0.0560793666 1.1829846055 0.1828195780 2.2201454617 0.6085061204 0.2931816726 0.0000000000 0.8741295671 0.3484707883
2.7363127325 0.3010543475 0.1657745698 2.0519673411 0.2746357375 0.5094397261 0.3454827303 2.2641281609 0.0686072307 1.0230560495 2.4034396465 2.9215616960 1.2972657536 0.8741295671 0.0000000000 1.8099559736
0.8330769484 0.2232600204 0.0129747742 1.7706585728 1.7569063664 0.5273070216 0.8607307041 0.8493109248 0.1377803955 0.4296323230 0.7048111552 1.1436024034 1.8142322773 0.3484707883 1.8099559736 0.0000000000
