# MCW Instance
# Type: EXPONENTIAL
# N: 16
# Optimal cost: 1.6075244414713854
# Optimal tour (permutation): [0, 9, 8, 10, 2, 6, 7, 5, 11, 1, 13, 15, 12, 14, 3, 4, 0]
# Optimal walk (full path): [0, 9, 0, 8, 10, 2, 6, 2, 7, 5, 7, 1, 11, 1, 13, 15, 12, 14, 3, 4, 0]
# Walk size: 21
# Is walk (has repeats): true

# Distance Matrix
0.0000000000 0.9420358593 0.3504115322 1.2758349376 0.0081689168 0.0872928092 0.5726884421 1.1711888269 0.1038435928 0.0839999096 1.0113653792 0.9832244690 1.6905640238 0.5141001050 2.5866203882 0.1607001962
0.9420358593 0.0000000000 0.8882639260 1.6939445603 0.0809270885 1.1219291734 0.4334739014 0.0013190807 1.3534246694 0.2028842068 0.4120617361 0.0150146876 1.2636393471 0.0660595000 1.0642509893 2.0261114721
0.3504115322 0.8882639260 0.0000000000 0.4106140831 0.1372890086 0.5584024255 0.0152395379 0.0737401072 1.0597865643 1.0021619442 0.0890551930 0.2954562269 1.7039114280 0.1617542484 4.1700394012 0.0937716133
1.2758349376 1.6939445603 0.4106140831 0.0000000000 0.2648298639 3.1028300076 0.8470543737 2.0491694058 0.4313729316 1.8771785090 0.6349006232 1.4977729398 0.5443124022 0.7797201964 0.2633783718 0.4181088005
0.0081689168 0.0809270885 0.1372890086 0.2648298639 0.0000000000 0.3593429366 0.7340933284 3.4739626258 0.2553581447 2.4077278225 0.7440067822 1.6223116550 1.3598805817 0.2888057416 0.1979154325 2.7012028685
0.0872928092 1.1219291734 0.5584024255 3.1028300076 0.3593429366 0.0000000000 0.1530425184 0.0483619172 1.6930327681 2.6402215950 0.8233179676 1.2165341897 0.2441634089 1.9795782328 0.1818925548 2.8413319891
0.5726884421 0.4334739014 0.0152395379 0.8470543737 0.7340933284 0.1530425184 0.0000000000 1.0553802342 0.2922676068 4.1815843386 1.4798136740 0.3373763589 0.5145473139 0.8314739456 0.9316315588 1.3999828131
1.1711888269 0.0013190807 0.0737401072 2.0491694058 3.4739626258 0.0483619172 1.0553802342 0.0000000000 0.8261840311 1.2016632644 0.2226188300 0.6171150151 0.9298671279 0.1092680954 1.7923779154 3.6379016179
0.1038435928 1.3534246694 1.0597865643 0.4313729316 0.2553581447 1.6930327681 0.2922676068 0.8261840311 0.0000000000 0.3023452134 0.1177296121 0.8725191405 1.0595735689 1.4254601702 0.1936922225 1.5521257878
0.0839999096 0.2028842068 1.0021619442 1.8771785090 2.4077278225 2.6402215950 4.1815843386 1.2016632644 0.3023452134 0.0000000000 0.8333169322 1.2910272788 0.2250658725 2.1744853367 0.8548893922 0.6049960781
1.0113653792 0.4120617361 0.0890551930 0.6349006232 0.7440067822 0.8233179676 1.4798136740 0.2226188300 0.1177296121 0.8333169322 0.0000000000 0.6814951711 0.7647498031 0.5886399733 0.3655669216 0.5983256581
0.9832244690 0.0150146876 0.2954562269 1.4977729398 1.6223116550 1.2165341897 0.3373763589 0.6171150151 0.8725191405 1.2910272788 0.6814951711 0.0000000000 0.9328158389 1.2476005626 1.5368893099 2.4548692707
1.6905640238 1.2636393471 1.7039114280 0.5443124022 1.3598805817 0.2441634089 0.5145473139 0.9298671279 1.0595735689 0.2250658725 0.7647498031 0.9328158389 0.0000000000 3.6337887715 0.0872853011 0.0299357319
0.5141001050 0.0660595000 0.1617542484 0.7797201964 0.2888057416 1.9795782328 0.8314739456 0.1092680954 1.4254601702 2.1744853367 0.5886399733 1.2476005626 3.6337887715 0.0000000000 0.7295743868 0.1769470655
2.5866203882 1.0642509893 4.1700394012 0.2633783718 0.1979154325 0.1818925548 0.9316315588 1.7923779154 0.1936922225 0.8548893922 0.3655669216 1.5368893099 0.0872853011 0.7295743868 0.0000000000 0.1092016172
0.1607001962 2.0261114721 0.0937716133 0.4181088005 2.7012028685 2.8413319891 1.3999828131 3.6379016179 1.5521257878 0.6049960781 0.5983256581 2.4548692707 0.0299357319 0.1769470655 0.1092016172 0.0000000000
