# MCW Instance
# Type: EXPONENTIAL
# N: 16
# Optimal cost: 1.894009323946368
# Optimal tour (permutation): [0, 10, 13, 4, 11, 14, 2, 3, 15, 12, 6, 1, 9, 7, 8, 5, 0]
# Optimal walk (full path): [0, 10, 13, 4, 11, 14, 2, 3, 12, 15, 12, 1, 6, 1, 9, 8, 7, 8, 5, 0]
# Walk size: 20
# Is walk (has repeats): true

# Distance Matrix
0.0000000000 1.2267776357 1.6993710699 0.7324518924 1.2083926361 0.1219595529 0.3104076908 1.0564215736 0.1379100690 0.4493609138 0.0342978705 1.0497008256 0.9229899166 0.4682020208 0.1917088782 0.3815340428
1.2267776357 0.0000000000 2.3986621646 0.4468079174 4.0415722007 0.2093139523 0.2247639158 0.7965415968 0.4901561454 0.0292640671 1.2836489649 0.4143785459 0.1609362987 1.9494301924 0.2239733108 0.3174237029
1.6993710699 2.3986621646 0.0000000000 0.1129910783 0.0868357489 2.6235354852 0.3084629398 0.3395692854 2.0594619548 0.2607444879 2.1909398325 1.2158374366 0.2840709236 1.2080221688 0.0590788731 0.3325027125
0.7324518924 0.4468079174 0.1129910783 0.0000000000 0.7172905622 0.3894429717 0.5765382984 0.6681184076 0.7541035043 0.4032847110 5.3004588953 1.6568176569 0.0525067058 0.7254884446 0.9122856444 0.7692523693
1.2083926361 4.0415722007 0.0868357489 0.7172905622 0.0000000000 1.4745612310 0.5136383632 0.3955203352 2.0996448168 0.0356364183 1.1592848074 0.1267395901 1.5184102756 0.1698605330 0.1335125507 1.3223302862
0.1219595529 0.2093139523 2.6235354852 0.3894429717 1.4745612310 0.0000000000 0.8352717668 0.1196262225 0.0129308109 0.7825009476 1.5005719742 4.5472772529 0.4178993458 0.8243989256 0.7219706357 2.3746030951
0.3104076908 0.2247639158 0.3084629398 0.5765382984 0.5136383632 0.8352717668 0.0000000000 1.1727609870 0.2744288344 2.0439468578 0.4108718723 2.5227153325 3.9919344575 4.3310550235 1.0198520046 1.4856114188
1.0564215736 0.7965415968 0.3395692854 0.6681184076 0.3955203352 0.1196262225 1.1727609870 0.0000000000 0.0471874155 1.1529053024 0.4782639764 0.8511160949 0.6675086527 0.8775172136 0.6660100790 0.3275837325
0.1379100690 0.4901561454 2.0594619548 0.7541035043 2.0996448168 0.0129308109 0.2744288344 0.0471874155 0.0000000000 0.0354759284 0.1334498512 0.8640132622 0.4222729884 0.4941360485 2.3667611168 2.1720972828
0.4493609138 0.0292640671 0.2607444879 0.4032847110 0.0356364183 0.7825009476 2.0439468578 1.1529053024 0.0354759284 0.0000000000 2.6396409807 0.2411919367 0.4286109578 4.6101004745 0.3038172551 0.2547621393
0.0342978705 1.2836489649 2.1909398325 5.3004588953 1.1592848074 1.5005719742 0.4108718723 0.4782639764 0.1334498512 2.6396409807 0.0000000000 1.3559195967 0.3172265195 0.1683709535 0.1977846044 0.4747492507
1.0497008256 0.4143785459 1.2158374366 1.6568176569 0.1267395901 4.5472772529 2.5227153325 0.8511160949 0.8640132622 0.2411919367 1.3559195967 0.0000000000 0.4251999994 2.5258477328 0.2511108325 0.9185666609
0.9229899166 0.1609362987 0.2840709236 0.0525067058 1.5184102756 0.4178993458 3.9919344575 0.6675086527 0.4222729884 0.4286109578 0.3172265195 0.4251999994 0.0000000000 3.0197122998 0.2996244910 0.0072917833
0.4682020208 1.9494301924 1.2080221688 0.7254884446 0.1698605330 0.8243989256 4.3310550235 0.8775172136 0.4941360485 4.6101004745 0.1683709535 2.5258477328 3.0197122998 0.0000000000 0.3733110215 1.3120284293
0.1917088782 0.2239733108 0.0590788731 0.9122856444 0.1335125507 0.7219706357 1.0198520046 0.6660100790 2.3667611168 0.3038172551 0.1977846044 0.2511108325 0.2996244910 0.3733110215 0.0000000000 4.5285932387
0.3815340428 0.3174237029 0.3325027125 0.7692523693 1.3223302862 2.3746030951 1.4856114188 0.3275837325 2.1720972828 0.2547621393 0.4747492507 0.9185666609 0.0072917833 1.3120284293 4.5285932387 0.0000000000
