# MCW Instance
# Type: EXPONENTIAL
# N: 16
# Optimal cost: 2.268835954497808
# Optimal tour (permutation): [0, 14, 4, 15, 9, 2, 5, 10, 7, 6, 1, 8, 12, 11, 3, 13, 0]
# Optimal walk (full path): [0, 14, 4, 15, 9, 15, 2, 5, 10, 7, 1, 6, 1, 8, 12, 11, 12, 3, 13, 0]
# Walk size: 20
# Is walk (has repeats): true

# Distance Matrix
0.0000000000 0.0414325249 0.3461830728 0.5286338818 0.2468781164 0.7192284602 1.0117327294 1.1326259839 0.6561658844 0.6621812691 1.8454235274 1.0698825540 1.5140348134 0.0564048990 0.0355073991 0.7986357884
0.0414325249 0.0000000000 0.0686118475 0.3832223537 0.6172663859 0.8151712433 0.1009940147 0.0113996527 0.0350735289 0.3118752715 0.2699956121 0.6749800380 0.4513750517 1.1531451999 4.1187146425 0.5643665368
0.3461830728 0.0686118475 0.0000000000 4.3132142733 0.2346351164 0.3076762335 0.3862002053 0.4720352374 0.4606075884 1.5401458549 0.3605636345 0.0528480506 1.5796706736 0.4922592119 0.1881945443 0.0226381867
0.5286338818 0.3832223537 4.3132142733 0.0000000000 3.8883397676 1.0115591076 0.4163938361 1.0686638214 1.0920150645 0.9243442313 0.5834517394 3.8510816690 0.2596245527 0.1888972240 1.5661262380 0.4478262667
0.2468781164 0.6172663859 0.2346351164 3.8883397676 0.0000000000 0.4804297278 3.2352755118 0.4061599138 0.7685888322 0.7983093747 0.4719790832 1.9025819771 2.1196392750 1.6060552860 0.2186017348 0.1407797090
0.7192284602 0.8151712433 0.3076762335 1.0115591076 0.4804297278 0.0000000000 2.8106988389 1.7363074989 0.6946632967 0.7915284609 0.3176355398 0.7516579209 1.3659240966 3.2016491152 1.3349727938 4.7925731743
1.0117327294 0.1009940147 0.3862002053 0.4163938361 3.2352755118 2.8106988389 0.0000000000 0.2966274719 0.1957001281 0.7883289729 0.1579584040 0.6234597135 0.2778979253 0.7241095594 0.4171700718 1.2497696571
1.1326259839 0.0113996527 0.4720352374 1.0686638214 0.4061599138 1.7363074989 0.2966274719 0.0000000000 1.0814623820 0.2024874507 0.0679874097 1.0011410286 0.4172245521 1.0726976669 0.6899180138 0.9147876338
0.6561658844 0.0350735289 0.4606075884 1.0920150645 0.7685888322 0.6946632967 0.1957001281 1.0814623820 0.0000000000 0.4865325187 0.4267409497 0.2535833039 0.0401523109 0.0855061274 5.0031888115 0.5339365330
0.6621812691 0.3118752715 1.5401458549 0.9243442313 0.7983093747 0.7915284609 0.7883289729 0.2024874507 0.4865325187 0.0000000000 2.8966196858 0.5385691634 1.4205782505 5.8347824447 0.2584854883 0.1767968913
1.8454235274 0.2699956121 0.3605636345 0.5834517394 0.4719790832 0.3176355398 0.1579584040 0.0679874097 0.4267409497 2.8966196858 0.0000000000 0.6367284663 2.0648936119 0.2987153760 0.1651634212 0.7158002656
1.0698825540 0.6749800380 0.0528480506 3.8510816690 1.9025819771 0.7516579209 0.6234597135 1.0011410286 0.2535833039 0.5385691634 0.6367284663 0.0000000000 0.0054378808 0.2413117918 1.0314517352 0.2761723825
1.5140348134 0.4513750517 1.5796706736 0.2596245527 2.1196392750 1.3659240966 0.2778979253 0.4172245521 0.0401523109 1.4205782505 2.0648936119 0.0054378808 0.0000000000 0.3910732735 1.1348313662 1.4966565909
0.0564048990 1.1531451999 0.4922592119 0.1888972240 1.6060552860 3.2016491152 0.7241095594 1.0726976669 0.0855061274 5.8347824447 0.2987153760 0.2413117918 0.3910732735 0.0000000000 0.3944159793 1.2635198580
0.0355073991 4.1187146425 0.1881945443 1.5661262380 0.2186017348 1.3349727938 0.4171700718 0.6899180138 5.0031888115 0.2584854883 0.1651634212 1.0314517352 1.1348313662 0.3944159793 0.0000000000 0.2836868565
0.7986357884 0.5643665368 0.0226381867 0.4478262667 0.1407797090 4.7925731743 1.2497696571 0.9147876338 0.5339365330 0.1767968913 0.7158002656 0.2761723825 1.4966565909 1.2635198580 0.2836868565 0.0000000000
