# MCW Instance
# Type: EXPONENTIAL
# N: 16
# Optimal cost: 2.1884939215553745
# Optimal tour (permutation): [0, 12, 14, 11, 2, 13, 15, 8, 7, 6, 3, 10, 4, 9, 5, 1, 0]
# Optimal walk (full path): [0, 12, 14, 2, 11, 2, 1, 13, 15, 8, 7, 6, 3, 10, 4, 9, 1, 5, 1, 0]
# Walk size: 20
# Is walk (has repeats): true

# Distance Matrix
0.0000000000 0.0307286647 0.7079346317 1.4774791799 1.3316143557 0.5048894459 0.2944161115 0.2193435006 0.3498922521 1.9056875722 0.3520386850 1.4568497698 0.1206312271 0.5225502480 0.3984769488 1.7365701711
0.0307286647 0.0000000000 0.0004223135 2.3456349698 0.4395706488 0.0602472635 0.2279515126 4.2693683219 3.8676065877 0.1551277265 0.6708743665 0.1335816742 0.6622714684 0.0500165770 1.5559184002 0.7171141771
0.7079346317 0.0004223135 0.0000000000 1.4308447817 1.2014584299 0.8965374720 2.2468710486 0.2482711385 0.2156119011 0.2703651994 0.7378269587 0.0402050720 0.9683229283 1.9934404536 0.2146428489 0.3087592369
1.4774791799 2.3456349698 1.4308447817 0.0000000000 0.9632462427 1.8226708792 0.0312657057 0.7396158165 0.2707214772 0.0993026726 0.0151150575 0.4241883720 0.3542929533 4.2518228779 0.6865807238 0.5790406901
1.3316143557 0.4395706488 1.2014584299 0.9632462427 0.0000000000 0.5742127579 2.5200500173 2.1103409388 0.6702262062 0.2540688043 0.2978328048 0.5227200594 0.6781670374 0.3512348283 1.2386903494 0.7840743744
0.5048894459 0.0602472635 0.8965374720 1.8226708792 0.5742127579 0.0000000000 5.0258851188 0.2254900317 1.2984893162 1.2301986791 3.3336047529 1.5044304606 0.2117226604 0.3142444021 0.8811896211 0.2244349600
0.2944161115 0.2279515126 2.2468710486 0.0312657057 2.5200500173 5.0258851188 0.0000000000 0.0617270398 0.7925376935 0.9372154651 0.7424302905 0.6375686854 0.2580661653 0.7141304505 0.5370391206 0.2458265986
0.2193435006 4.2693683219 0.2482711385 0.7396158165 2.1103409388 0.2254900317 0.0617270398 0.0000000000 0.0614915627 0.2215953428 0.0334455545 0.5786234906 2.2731578281 0.8501681163 0.5808351961 1.8069089064
0.3498922521 3.8676065877 0.2156119011 0.2707214772 0.6702262062 1.2984893162 0.7925376935 0.0614915627 0.0000000000 0.1712678023 2.0675181052 1.3986233605 1.2019910497 0.8215815887 0.4722986259 0.2617277924
1.9056875722 0.1551277265 0.2703651994 0.0993026726 0.2540688043 1.2301986791 0.9372154651 0.2215953428 0.1712678023 0.0000000000 0.8813735367 0.8182214385 1.0352757237 2.1324854620 0.7041039337 0.2627814625
0.3520386850 0.6708743665 0.7378269587 0.0151150575 0.2978328048 3.3336047529 0.7424302905 0.0334455545 2.0675181052 0.8813735367 0.0000000000 0.3087446941 1.3646551747 0.1032133079 0.7349263202 1.2366572093
1.4568497698 0.1335816742 0.0402050720 0.4241883720 0.5227200594 1.5044304606 0.6375686854 0.5786234906 1.3986233605 0.8182214385 0.3087446941 0.0000000000 2.2954090373 0.4679003974 0.9720689704 1.2806172027
0.1206312271 0.6622714684 0.9683229283 0.3542929533 0.6781670374 0.2117226604 0.2580661653 2.2731578281 1.2019910497 1.0352757237 1.3646551747 2.2954090373 0.0000000000 0.5897077224 0.2916872098 7.3008585333
0.5225502480 0.0500165770 1.9934404536 4.2518228779 0.3512348283 0.3142444021 0.7141304505 0.8501681163 0.8215815887 2.1324854620 0.1032133079 0.4679003974 0.5897077224 0.0000000000 0.5728467701 0.1411039159
0.3984769488 1.5559184002 0.2146428489 0.6865807238 1.2386903494 0.8811896211 0.5370391206 0.5808351961 0.4722986259 0.7041039337 0.7349263202 0.9720689704 0.2916872098 0.5728467701 0.0000000000 0.3854400405
1.7365701711 0.7171141771 0.3087592369 0.5790406901 0.7840743744 0.2244349600 0.2458265986 1.8069089064 0.2617277924 0.2627814625 1.2366572093 1.2806172027 7.3008585333 0.1411039159 0.3854400405 0.0000000000
