# MCW Instance
# Type: EXPONENTIAL
# N: 16
# Optimal cost: 2.836395367455807
# Optimal tour (permutation): [0, 3, 9, 2, 15, 8, 14, 7, 4, 5, 12, 10, 11, 6, 13, 1, 0]
# Optimal walk (full path): [0, 3, 0, 9, 2, 15, 8, 14, 7, 4, 5, 12, 10, 12, 11, 6, 13, 1, 13, 0]
# Walk size: 20
# Is walk (has repeats): true

# Distance Matrix
0.0000000000 1.7512198151 2.0996046177 0.0525381221 2.7800130851 2.1268658099 0.5794922445 2.8902510441 2.0001781275 0.1425851257 5.8552508087 1.1779349004 1.2204044086 0.0042825506 0.6334817087 2.1043856635
1.7512198151 0.0000000000 0.7592350267 0.7109929271 1.3113907120 1.1528572313 0.2952675101 3.5617592408 1.7745821212 1.2706358787 0.6409378636 1.1793572883 1.3559858925 0.0070143857 0.6857507052 3.4478937978
2.0996046177 0.7592350267 0.0000000000 2.9089402325 0.2314751784 0.6466461644 1.0526132199 0.1487282211 2.5604830000 0.2023506490 0.6402657896 2.3433149941 0.7372886074 1.0830775229 1.1721741475 0.2345697319
0.0525381221 0.7109929271 2.9089402325 0.0000000000 0.2482907886 1.1304125081 0.2449714033 0.2183037896 0.4072708782 0.9271860179 0.3627651374 1.9442319466 0.6763654693 0.1665875036 5.3033249003 1.6975664176
2.7800130851 1.3113907120 0.2314751784 0.2482907886 0.0000000000 0.3267222342 0.1447250304 0.0473262502 1.0334002246 0.3543830874 0.3193027897 1.3108777150 1.6541000180 1.7483195646 2.8616242118 3.2202004076
2.1268658099 1.1528572313 0.6466461644 1.1304125081 0.3267222342 0.0000000000 1.0752930412 0.3751545658 0.8414190443 0.6299240485 0.8179460383 1.5431297577 0.4619364200 0.4377265411 1.0071648005 1.5717784532
0.5794922445 0.2952675101 1.0526132199 0.2449714033 0.1447250304 1.0752930412 0.0000000000 0.0480899323 0.2087447344 0.5377266700 2.3502029118 0.0136484649 3.1407660697 0.0213801633 3.9012399930 1.4479364256
2.8902510441 3.5617592408 0.1487282211 0.2183037896 0.0473262502 0.3751545658 0.0480899323 0.0000000000 0.9779387492 0.5928465156 0.3236946524 0.0254692146 1.3095380714 2.8173757092 0.3258693310 0.4828872793
2.0001781275 1.7745821212 2.5604830000 0.4072708782 1.0334002246 0.8414190443 0.2087447344 0.9779387492 0.0000000000 0.6198150383 0.5035341770 0.8119363186 0.2612111818 2.2128299398 0.2561629459 0.3524657197
0.1425851257 1.2706358787 0.2023506490 0.9271860179 0.3543830874 0.6299240485 0.5377266700 0.5928465156 0.6198150383 0.0000000000 2.9187188599 0.9637439840 0.1733080392 0.1964400566 0.5925363294 2.3957742844
5.8552508087 0.6409378636 0.6402657896 0.3627651374 0.3193027897 0.8179460383 2.3502029118 0.3236946524 0.5035341770 2.9187188599 0.0000000000 4.1895645140 0.1276836608 0.5101776667 0.6515575363 0.4406849132
1.1779349004 1.1793572883 2.3433149941 1.9442319466 1.3108777150 1.5431297577 0.0136484649 0.0254692146 0.8119363186 0.9637439840 4.1895645140 0.0000000000 0.0726234439 1.0224957958 0.7563488906 0.4618596281
1.2204044086 1.3559858925 0.7372886074 0.6763654693 1.6541000180 0.4619364200 3.1407660697 1.3095380714 0.2612111818 0.1733080392 0.1276836608 0.0726234439 0.0000000000 0.4899373419 0.9019149046 0.3131673310
0.0042825506 0.0070143857 1.0830775229 0.1665875036 1.7483195646 0.4377265411 0.0213801633 2.8173757092 2.2128299398 0.1964400566 0.5101776667 1.0224957958 0.4899373419 0.0000000000 1.5839940420 0.8411919775
0.6334817087 0.6857507052 1.1721741475 5.3033249003 2.8616242118 1.0071648005 3.9012399930 0.3258693310 0.2561629459 0.5925363294 0.6515575363 0.7563488906 0.9019149046 1.5839940420 0.0000000000 1.4963068432
2.1043856635 3.4478937978 0.2345697319 1.6975664176 3.2202004076 1.5717784532 1.4479364256 0.4828872793 0.3524657197 2.3957742844 0.4406849132 0.4618596281 0.3131673310 0.8411919775 1.4963068432 0.0000000000
