# MCW Instance
# Type: EXPONENTIAL
# N: 16
# Optimal cost: 2.729261781100636
# Optimal tour (permutation): [0, 15, 12, 5, 8, 10, 9, 6, 4, 13, 11, 3, 7, 14, 1, 2, 0]
# Optimal walk (full path): [0, 15, 12, 5, 10, 8, 10, 9, 6, 4, 11, 13, 11, 3, 7, 14, 1, 14, 7, 2, 0]
# Walk size: 21
# Is walk (has repeats): true

# Distance Matrix
0.0000000000 0.5550659046 0.2111388031 0.1322694509 2.4322139790 0.5120337151 0.9173356901 0.3173887924 1.0204824153 1.5859051482 0.1149339998 0.2905320936 2.5812805556 0.7601822169 0.6601961355 0.0771057885
0.5550659046 0.0000000000 0.8842745171 2.9998195750 0.4741015047 0.9445999586 2.1766931937 1.7430021564 0.7373869466 0.5485054306 0.5291195010 0.3276920250 0.5715739847 0.3062962905 0.0703977242 0.9268728063
0.2111388031 0.8842745171 0.0000000000 1.4729747680 1.9319482796 1.5201527344 0.7794384700 0.1470326728 5.2161018716 2.0704621422 0.4657945208 0.7617141243 0.5803166073 0.7818986762 0.2692474396 0.3955549056
0.1322694509 2.9998195750 1.4729747680 0.0000000000 0.0615209429 0.3140059675 0.6142216593 0.0392756560 0.9957150068 0.6864700007 0.3925205007 0.0842147392 0.4050630622 0.5014715591 0.9946045231 3.8997192194
2.4322139790 0.4741015047 1.9319482796 0.0615209429 0.0000000000 0.5282807912 0.1056401801 0.8712248751 0.8055283094 1.1888479781 0.4648176369 0.0700410725 3.5448752392 1.2122163928 0.2232254786 0.1219870167
0.5120337151 0.9445999586 1.5201527344 0.3140059675 0.5282807912 0.0000000000 0.9788649618 1.4441658168 0.8364895481 0.4729421922 0.2816840619 0.2980759578 0.2097552321 1.8305470311 1.5563507101 0.3730382465
0.9173356901 2.1766931937 0.7794384700 0.6142216593 0.1056401801 0.9788649618 0.0000000000 1.5958985767 0.7643354197 0.1703497084 0.6967009701 0.2375734907 2.8173709574 3.8042388131 3.4905012006 0.2894222600
0.3173887924 1.7430021564 0.1470326728 0.0392756560 0.8712248751 1.4441658168 1.5958985767 0.0000000000 2.7411177178 0.3614369826 0.0614281745 0.3464240191 0.9289489912 0.2869323600 0.0714607922 0.1222602856
1.0204824153 0.7373869466 5.2161018716 0.9957150068 0.8055283094 0.8364895481 0.7643354197 2.7411177178 0.0000000000 3.0229318053 0.4176280980 2.6913250791 0.7534178548 0.8460358809 0.8026637719 1.2325819322
1.5859051482 0.5485054306 2.0704621422 0.6864700007 1.1888479781 0.4729421922 0.1703497084 0.3614369826 3.0229318053 0.0000000000 0.1807953157 1.0667302536 1.6105798196 0.7922825262 1.2374673522 0.3021521979
0.1149339998 0.5291195010 0.4657945208 0.3925205007 0.4648176369 0.2816840619 0.6967009701 0.0614281745 0.4176280980 0.1807953157 0.0000000000 4.3060981757 0.5178633024 1.7737677820 1.0031210493 0.6352473609
0.2905320936 0.3276920250 0.7617141243 0.0842147392 0.0700410725 0.2980759578 0.2375734907 0.3464240191 2.6913250791 1.0667302536 4.3060981757 0.0000000000 0.1693629303 0.0037182508 0.7997948429 0.3176011619
2.5812805556 0.5715739847 0.5803166073 0.4050630622 3.5448752392 0.2097552321 2.8173709574 0.9289489912 0.7534178548 1.6105798196 0.5178633024 0.1693629303 0.0000000000 2.4755838233 0.6388825403 0.0258188204
0.7601822169 0.3062962905 0.7818986762 0.5014715591 1.2122163928 1.8305470311 3.8042388131 0.2869323600 0.8460358809 0.7922825262 1.7737677820 0.0037182508 2.4755838233 0.0000000000 0.1951469069 0.3562562061
0.6601961355 0.0703977242 0.2692474396 0.9946045231 0.2232254786 1.5563507101 3.4905012006 0.0714607922 0.8026637719 1.2374673522 1.0031210493 0.7997948429 0.6388825403 0.1951469069 0.0000000000 0.8906521747
0.0771057885 0.9268728063 0.3955549056 3.8997192194 0.1219870167 0.3730382465 0.2894222600 0.1222602856 1.2325819322 0.3021521979 0.6352473609 0.3176011619 0.0258188204 0.3562562061 0.8906521747 0.0000000000
