# MCW Instance
# Type: EXPONENTIAL
# N: 16
# Optimal cost: 1.8143101621064925
# Optimal tour (permutation): [0, 5, 15, 12, 13, 1, 11, 3, 10, 4, 7, 9, 6, 2, 8, 14, 0]
# Optimal walk (full path): [0, 5, 0, 15, 12, 13, 1, 3, 11, 3, 10, 4, 7, 9, 6, 2, 6, 8, 14, 0]
# Walk size: 20
# Is walk (has repeats): true

# Distance Matrix
0.0000000000 0.5128708786 0.4218275521 0.2437648219 0.8852699794 0.1186748550 2.2431315027 0.4118716367 0.4693357128 1.0695235630 0.2479515708 1.9073600343 2.4345204172 0.9100458545 0.0648469000 0.0486879514
0.5128708786 0.0000000000 0.3817416618 0.0363880574 0.5988030986 0.9221779241 0.6849378851 1.9794925934 1.1645679979 0.5875581781 1.4292652932 0.5784196276 0.4505375599 0.0950757054 1.3660206053 0.3894371879
0.4218275521 0.3817416618 0.0000000000 0.7906718258 0.5440723243 0.2848472060 0.0310891992 0.3241520790 1.4969933506 1.1310563730 0.9090470286 1.8035554012 0.0327376506 1.8010008157 0.9418621131 0.3517013659
0.2437648219 0.0363880574 0.7906718258 0.0000000000 1.2722036105 2.1764275430 1.2590224518 0.3859737485 1.0264712611 0.6867316714 0.1194504964 0.1966575032 0.5525141457 0.3135268265 0.4834673473 0.8425961346
0.8852699794 0.5988030986 0.5440723243 1.2722036105 0.0000000000 0.3926552015 1.7910838267 0.1495281429 1.9143957517 0.2563658797 0.1560956031 0.3831580584 3.2952121116 0.1871045324 1.7314820405 1.1401562690
0.1186748550 0.9221779241 0.2848472060 2.1764275430 0.3926552015 0.0000000000 0.5207803864 3.1344125595 1.0385316307 3.3565174431 0.5440149104 0.3642620569 1.0028580163 0.5914622255 0.9169905316 1.9077077975
2.2431315027 0.6849378851 0.0310891992 1.2590224518 1.7910838267 0.5207803864 0.0000000000 0.7167085201 0.1109019079 0.0329814990 1.3462520075 1.3338152941 0.6124565677 0.2697067810 2.6318548136 1.0606740563
0.4118716367 1.9794925934 0.3241520790 0.3859737485 0.1495281429 3.1344125595 0.7167085201 0.0000000000 0.1685233471 0.0562164996 0.4979556376 1.8374225219 1.6677452324 2.7147814977 0.3562560473 0.1470327282
0.4693357128 1.1645679979 1.4969933506 1.0264712611 1.9143957517 1.0385316307 0.1109019079 0.1685233471 0.0000000000 0.2121746939 2.6143340932 2.1203969363 0.4844210472 1.5104594927 0.1520874092 0.1712448585
1.0695235630 0.5875581781 1.1310563730 0.6867316714 0.2563658797 3.3565174431 0.0329814990 0.0562164996 0.2121746939 0.0000000000 0.5814162769 3.7868302479 0.3382581737 2.6647250133 0.9154441749 1.0622871504
0.2479515708 1.4292652932 0.9090470286 0.1194504964 0.1560956031 0.5440149104 1.3462520075 0.4979556376 2.6143340932 0.5814162769 0.0000000000 0.5870984007 0.4855204434 0.1537103388 0.7745968709 0.1693620549
1.9073600343 0.5784196276 1.8035554012 0.1966575032 0.3831580584 0.3642620569 1.3338152941 1.8374225219 2.1203969363 3.7868302479 0.5870984007 0.0000000000 0.7068412087 0.5210704921 6.2099573790 0.6680607686
2.4345204172 0.4505375599 0.0327376506 0.5525141457 3.2952121116 1.0028580163 0.6124565677 1.6677452324 0.4844210472 0.3382581737 0.4855204434 0.7068412087 0.0000000000 0.0322531688 0.4907201277 0.0669537063
0.9100458545 0.0950757054 1.8010008157 0.3135268265 0.1871045324 0.5914622255 0.2697067810 2.7147814977 1.5104594927 2.6647250133 0.1537103388 0.5210704921 0.0322531688 0.0000000000 1.3336743451 6.8518074084
0.0648469000 1.3660206053 0.9418621131 0.4834673473 1.7314820405 0.9169905316 2.6318548136 0.3562560473 0.1520874092 0.9154441749 0.7745968709 6.2099573790 0.4907201277 1.3336743451 0.0000000000 0.9750212523
0.0486879514 0.3894371879 0.3517013659 0.8425961346 1.1401562690 1.9077077975 1.0606740563 0.1470327282 0.1712448585 1.0622871504 0.1693620549 0.6680607686 0.0669537063 6.8518074084 0.9750212523 0.0000000000
