# MCW Instance
# Type: EXPONENTIAL
# N: 16
# Optimal cost: 3.1326624835590526
# Optimal tour (permutation): [0, 4, 1, 12, 15, 10, 3, 14, 5, 2, 9, 7, 11, 6, 8, 13, 0]
# Optimal walk (full path): [0, 4, 1, 12, 10, 15, 10, 3, 14, 5, 14, 2, 9, 7, 11, 6, 8, 13, 0]
# Walk size: 19
# Is walk (has repeats): true

# Distance Matrix
0.0000000000 0.3563420459 0.3226267001 2.1771048734 0.2998005842 1.1282400334 1.6007868987 0.5235241685 0.8409883868 1.1031483282 0.2890030550 0.3219336890 1.4689580416 0.3034973958 1.9549169659 0.6642162965
0.3563420459 0.0000000000 2.0939946133 0.6553568431 0.0951157006 0.8069375905 1.0579904539 0.7396105208 1.6904569552 0.2751285625 0.8617711924 0.9697807334 0.0496068254 0.5247147687 0.6390285687 0.2354535486
0.3226267001 2.0939946133 0.0000000000 1.0225459833 0.1974030449 0.7667759062 0.4094964305 0.8653779089 0.5574157569 0.0222580839 2.2487466167 0.5932643339 0.3615622004 0.3592682961 0.2185006791 4.0193649786
2.1771048734 0.6553568431 1.0225459833 0.0000000000 2.5843196244 0.8718671314 0.8584861483 0.9335367624 0.8768900367 0.1507004330 0.2665003608 0.3252535690 1.7998258259 0.7445518720 0.3149058043 3.3805675838
0.2998005842 0.0951157006 0.1974030449 2.5843196244 0.0000000000 0.8795554170 1.6692815974 2.5963375672 1.0115299115 2.3563556603 1.0771317913 0.4471913980 0.9841595004 0.8948639001 0.9917741205 2.5921669797
1.1282400334 0.8069375905 0.7667759062 0.8718671314 0.8795554170 0.0000000000 2.5859102296 1.0705437032 2.6369542868 1.4069491340 3.3119772799 1.7888792559 0.7452687597 1.2420366544 0.2057233709 1.8113858771
1.6007868987 1.0579904539 0.4094964305 0.8584861483 1.6692815974 2.5859102296 0.0000000000 0.4344582591 0.1334226381 1.8026106275 1.0686445274 0.1607085048 0.8073903875 0.1291267209 0.4009451098 0.4131848249
0.5235241685 0.7396105208 0.8653779089 0.9335367624 2.5963375672 1.0705437032 0.4344582591 0.0000000000 1.4527292105 0.1789708027 1.3538597084 0.2635816606 0.6287063366 2.1797999520 1.4627016050 1.3397299500
0.8409883868 1.6904569552 0.5574157569 0.8768900367 1.0115299115 2.6369542868 0.1334226381 1.4527292105 0.0000000000 2.0200232572 0.4178739849 1.2296014430 1.3688661372 0.0502349316 1.5007379694 0.3360375566
1.1031483282 0.2751285625 0.0222580839 0.1507004330 2.3563556603 1.4069491340 1.8026106275 0.1789708027 2.0200232572 0.0000000000 0.3299287469 0.2475410296 0.1536287060 1.2351597728 0.8769513913 0.4827245988
0.2890030550 0.8617711924 2.2487466167 0.2665003608 1.0771317913 3.3119772799 1.0686445274 1.3538597084 0.4178739849 0.3299287469 0.0000000000 0.9244638786 0.1790952152 0.3076894988 1.0498050552 0.0925082773
0.3219336890 0.9697807334 0.5932643339 0.3252535690 0.4471913980 1.7888792559 0.1607085048 0.2635816606 1.2296014430 0.2475410296 0.9244638786 0.0000000000 2.0513221852 1.5547207187 0.4979263372 1.8504105388
1.4689580416 0.0496068254 0.3615622004 1.7998258259 0.9841595004 0.7452687597 0.8073903875 0.6287063366 1.3688661372 0.1536287060 0.1790952152 2.0513221852 0.0000000000 0.4045224539 0.9909072018 1.2828428706
0.3034973958 0.5247147687 0.3592682961 0.7445518720 0.8948639001 1.2420366544 0.1291267209 2.1797999520 0.0502349316 1.2351597728 0.3076894988 1.5547207187 0.4045224539 0.0000000000 0.6114206700 1.0694822992
1.9549169659 0.6390285687 0.2185006791 0.3149058043 0.9917741205 0.2057233709 0.4009451098 1.4627016050 1.5007379694 0.8769513913 1.0498050552 0.4979263372 0.9909072018 0.6114206700 0.0000000000 0.8385779854
0.6642162965 0.2354535486 4.0193649786 3.3805675838 2.5921669797 1.8113858771 0.4131848249 1.3397299500 0.3360375566 0.4827245988 0.0925082773 1.8504105388 1.2828428706 1.0694822992 0.8385779854 0.0000000000
