# MCW Instance
# Type: EXPONENTIAL
# N: 16
# Optimal cost: 2.4480291161790326
# Optimal tour (permutation): [0, 3, 6, 15, 4, 8, 1, 9, 10, 11, 14, 12, 7, 2, 5, 13, 0]
# Optimal walk (full path): [0, 3, 6, 15, 10, 1, 4, 8, 4, 1, 10, 9, 10, 11, 14, 11, 12, 7, 12, 2, 5, 13, 0]
# Walk size: 23
# Is walk (has repeats): true

# Distance Matrix
0.0000000000 3.5598429982 1.1267502545 0.1763524213 0.7627572629 0.9977320683 0.7513022242 0.5541466508 0.6473910685 2.1379425910 0.1884954403 0.0573356568 0.6886894259 0.0257452930 1.2093932470 1.5166921382
3.5598429982 0.0000000000 0.6552257511 0.9791700354 0.1137078917 0.4934415511 0.9689346781 0.4963416736 1.6009485530 1.0310794836 0.0014441362 2.1174994596 0.2115309214 1.8097720972 0.4013725308 1.5386882533
1.1267502545 0.6552257511 0.0000000000 1.1448120942 1.2843745861 0.0169488895 2.5925532862 1.7145645987 1.6598260866 2.4748827519 0.7193313515 0.7169624459 0.0675549198 0.2600536480 0.1963774140 1.0711963759
0.1763524213 0.9791700354 1.1448120942 0.0000000000 3.2436686640 0.2722265427 0.3382498836 1.1935232838 0.4568523986 1.5552067969 0.7145122807 0.1794070920 0.2778076093 1.1635542769 0.3123223916 0.6908806644
0.7627572629 0.1137078917 1.2843745861 3.2436686640 0.0000000000 0.2894453520 0.6515666197 0.9577977530 0.0425349153 0.4923805085 0.4709731304 0.5046816343 0.4423948395 0.6505593044 0.6596461646 3.5392195466
0.9977320683 0.4934415511 0.0169488895 0.2722265427 0.2894453520 0.0000000000 1.4597724759 2.3850919142 1.7541859100 1.1142362205 0.2879763554 0.3643348305 0.1326462339 0.1805340355 1.1148480603 2.7271111189
0.7513022242 0.9689346781 2.5925532862 0.3382498836 0.6515666197 1.4597724759 0.0000000000 1.1065724915 0.3572475567 1.0622956622 0.6551688103 0.2180156952 1.0445466387 0.2736561913 0.7789674197 0.0799764874
0.5541466508 0.4963416736 1.7145645987 1.1935232838 0.9577977530 2.3850919142 1.1065724915 0.0000000000 1.9494052205 2.6264452070 0.8783590575 1.4610512095 0.1828214116 0.8769842724 0.4367523848 3.5510751461
0.6473910685 1.6009485530 1.6598260866 0.4568523986 0.0425349153 1.7541859100 0.3572475567 1.9494052205 0.0000000000 2.1735922115 0.1911972467 1.1880098433 0.9078709341 0.5742284269 0.3357865318 0.8515784663
2.1379425910 1.0310794836 2.4748827519 1.5552067969 0.4923805085 1.1142362205 1.0622956622 2.6264452070 2.1735922115 0.0000000000 0.2667280781 0.8787306181 2.4097375117 0.9160495096 0.7235556156 1.7456204850
0.1884954403 0.0014441362 0.7193313515 0.7145122807 0.4709731304 0.2879763554 0.6551688103 0.8783590575 0.1911972467 0.2667280781 0.0000000000 0.0277755113 1.3656213750 0.5691945360 0.6895464384 0.1056786558
0.0573356568 2.1174994596 0.7169624459 0.1794070920 0.5046816343 0.3643348305 0.2180156952 1.4610512095 1.1880098433 0.8787306181 0.0277755113 0.0000000000 0.0256074605 0.5722000170 0.0945663463 1.3219035782
0.6886894259 0.2115309214 0.0675549198 0.2778076093 0.4423948395 0.1326462339 1.0445466387 0.1828214116 0.9078709341 2.4097375117 1.3656213750 0.0256074605 0.0000000000 2.1092609895 1.7346446211 0.4645497776
0.0257452930 1.8097720972 0.2600536480 1.1635542769 0.6505593044 0.1805340355 0.2736561913 0.8769842724 0.5742284269 0.9160495096 0.5691945360 0.5722000170 2.1092609895 0.0000000000 0.4698256842 0.9374162914
1.2093932470 0.4013725308 0.1963774140 0.3123223916 0.6596461646 1.1148480603 0.7789674197 0.4367523848 0.3357865318 0.7235556156 0.6895464384 0.0945663463 1.7346446211 0.4698256842 0.0000000000 1.8503614667
1.5166921382 1.5386882533 1.0711963759 0.6908806644 3.5392195466 2.7271111189 0.0799764874 3.5510751461 0.8515784663 1.7456204850 0.1056786558 1.3219035782 0.4645497776 0.9374162914 1.8503614667 0.0000000000
