# MCW Instance
# Type: EXPONENTIAL
# N: 16
# Optimal cost: 0.9623141934035083
# Optimal tour (permutation): [0, 11, 12, 1, 3, 4, 2, 14, 13, 7, 10, 6, 15, 9, 8, 5, 0]
# Optimal walk (full path): [0, 11, 12, 1, 12, 3, 4, 2, 4, 14, 13, 7, 10, 6, 15, 9, 0, 8, 0, 5, 0]
# Walk size: 21
# Is walk (has repeats): true

# Distance Matrix
0.0000000000 2.9994018510 1.7540431409 0.1103643271 0.4951153076 0.0308673692 0.6140687302 1.7355308961 0.0211138936 0.0611105441 0.3899161344 0.0095295312 0.0817974275 0.1495026929 0.8256757949 1.1628595755
2.9994018510 0.0000000000 1.9825303590 1.7681295880 0.2768466420 0.8979912904 0.2643528301 0.7744916373 0.2885691888 0.6896357641 0.6556643722 0.3477105977 0.0050100340 0.0432028629 0.8165147397 2.3099364673
1.7540431409 1.9825303590 0.0000000000 0.4020377158 0.0028441718 0.4349379705 0.2400705309 1.1589317843 0.5549648526 2.4333779842 1.1040586992 1.2165279428 1.3668689091 0.2148034977 0.7390162171 2.2805333114
0.1103643271 1.7681295880 0.4020377158 0.0000000000 0.0505959327 0.1996748221 0.2798172153 0.2848270527 3.0460919738 4.4626572959 0.4062911079 0.3559070970 0.1026978103 1.9168248503 0.5717799484 0.4482218170
0.4951153076 0.2768466420 0.0028441718 0.0505959327 0.0000000000 0.2105670354 1.5270113547 3.9741728089 0.4438631015 0.8967594661 3.8083651298 1.4700852713 2.4128221704 2.8399591917 0.0443194875 1.6907518096
0.0308673692 0.8979912904 0.4349379705 0.1996748221 0.2105670354 0.0000000000 0.2745143265 2.9857577897 0.6010377944 0.7341199973 0.9020849918 0.7565653732 1.0911659877 1.3223353578 3.1643067248 1.1307933070
0.6140687302 0.2643528301 0.2400705309 0.2798172153 1.5270113547 0.2745143265 0.0000000000 1.7173611287 0.7705009807 3.6871268274 0.0379960017 2.6417162184 1.0664368873 0.1759555953 4.7235112658 0.0430128904
1.7355308961 0.7744916373 1.1589317843 0.2848270527 3.9741728089 2.9857577897 1.7173611287 0.0000000000 0.2812813406 1.1413715447 0.1324383568 5.5793362138 0.5662375083 0.2136269162 0.4943379124 2.3137637947
0.0211138936 0.2885691888 0.5549648526 3.0460919738 0.4438631015 0.6010377944 0.7705009807 0.2812813406 0.0000000000 0.4887472574 0.7620041584 2.6756554312 1.3018999503 2.2432634243 0.3361086278 0.6399853280
0.0611105441 0.6896357641 2.4333779842 4.4626572959 0.8967594661 0.7341199973 3.6871268274 1.1413715447 0.4887472574 0.0000000000 0.0144216105 0.4665666064 0.9312662203 0.5962253885 2.5411562412 0.0241915345
0.3899161344 0.6556643722 1.1040586992 0.4062911079 3.8083651298 0.9020849918 0.0379960017 0.1324383568 0.7620041584 0.0144216105 0.0000000000 0.0459270642 0.7594644608 0.9697582025 0.4064646532 0.6218698161
0.0095295312 0.3477105977 1.2165279428 0.3559070970 1.4700852713 0.7565653732 2.6417162184 5.5793362138 2.6756554312 0.4665666064 0.0459270642 0.0000000000 0.0312060613 0.3086385196 0.6416436934 0.8549561183
0.0817974275 0.0050100340 1.3668689091 0.1026978103 2.4128221704 1.0911659877 1.0664368873 0.5662375083 1.3018999503 0.9312662203 0.7594644608 0.0312060613 0.0000000000 1.2453743444 0.9089767939 0.2443408482
0.1495026929 0.0432028629 0.2148034977 1.9168248503 2.8399591917 1.3223353578 0.1759555953 0.2136269162 2.2432634243 0.5962253885 0.9697582025 0.3086385196 1.2453743444 0.0000000000 0.0919181897 3.0289917586
0.8256757949 0.8165147397 0.7390162171 0.5717799484 0.0443194875 3.1643067248 4.7235112658 0.4943379124 0.3361086278 2.5411562412 0.4064646532 0.6416436934 0.9089767939 0.0919181897 0.0000000000 0.8898701426
1.1628595755 2.3099364673 2.2805333114 0.4482218170 1.6907518096 1.1307933070 0.0430128904 2.3137637947 0.6399853280 0.0241915345 0.6218698161 0.8549561183 0.2443408482 3.0289917586 0.8898701426 0.0000000000
