# MCW Instance
# Type: EXPONENTIAL
# N: 16
# Optimal cost: 1.7680401903910117
# Optimal tour (permutation): [0, 9, 12, 1, 6, 10, 5, 13, 14, 7, 3, 11, 8, 4, 15, 2, 0]
# Optimal walk (full path): [0, 9, 12, 1, 10, 6, 10, 5, 13, 7, 14, 7, 3, 11, 8, 4, 15, 2, 0]
# Walk size: 19
# Is walk (has repeats): true

# Distance Matrix
0.0000000000 0.3121649231 0.0208164363 0.1118135366 0.2113552775 1.1697365768 0.3144427319 1.7703677866 1.7819502182 0.0585372979 0.0555570520 0.8695985349 0.6033834752 0.9414893380 0.8342116214 2.6363126628
0.3121649231 0.0000000000 0.4249985008 0.5759610124 0.4758874772 1.0591715692 0.1856335111 0.9628582115 0.2007569620 0.0886403304 0.0030915396 0.0780355935 0.0345735325 0.9263225873 0.6600171736 1.1081841146
0.0208164363 0.4249985008 0.0000000000 1.2286105747 2.1230272439 0.2436203010 1.8266378573 3.4718505713 1.2836118256 0.1012903427 0.1876976820 0.5969365801 0.7343747004 0.8904293283 1.1241356881 0.0921324115
0.1118135366 0.5759610124 1.2286105747 0.0000000000 0.1263693138 0.7535682063 0.1449962753 0.0094985180 1.0512195352 0.6456721928 2.0256447550 0.0952005348 0.2929286722 0.2609700586 0.5229166294 0.5145141313
0.2113552775 0.4758874772 2.1230272439 0.1263693138 0.0000000000 1.9344961287 1.1008062494 0.1213772864 0.1882278853 0.1975548704 1.0765773649 0.6901286020 2.4586903581 2.7115934854 0.6439839042 0.0613536175
1.1697365768 1.0591715692 0.2436203010 0.7535682063 1.9344961287 0.0000000000 2.2544425004 1.1651212930 1.3390164993 1.6438927136 0.1511566732 0.3551420070 1.1817515247 0.2415597553 1.6881989591 2.0022141824
0.3144427319 0.1856335111 1.8266378573 0.1449962753 1.1008062494 2.2544425004 0.0000000000 0.3197622665 0.3088716176 2.1778866837 0.1134792066 0.2421970898 0.5244334096 1.0570029658 1.3865176056 0.2975389289
1.7703677866 0.9628582115 3.4718505713 0.0094985180 0.1213772864 1.1651212930 0.3197622665 0.0000000000 1.2176034164 2.2095497151 3.0512124538 0.3417300517 0.2060107993 0.1030811652 0.0975793179 0.1635403414
1.7819502182 0.2007569620 1.2836118256 1.0512195352 0.1882278853 1.3390164993 0.3088716176 1.2176034164 0.0000000000 0.5998122483 0.7677777708 0.2659894587 1.1520455375 1.7144006871 0.8156343174 0.5409121393
0.0585372979 0.0886403304 0.1012903427 0.6456721928 0.1975548704 1.6438927136 2.1778866837 2.2095497151 0.5998122483 0.0000000000 0.7948308925 3.6312310377 0.0207043155 0.7658621382 0.2910173898 1.7751717997
0.0555570520 0.0030915396 0.1876976820 2.0256447550 1.0765773649 0.1511566732 0.1134792066 3.0512124538 0.7677777708 0.7948308925 0.0000000000 0.5220852563 2.0594556722 1.8242141210 0.8646326559 1.0509336510
0.8695985349 0.0780355935 0.5969365801 0.0952005348 0.6901286020 0.3551420070 0.2421970898 0.3417300517 0.2659894587 3.6312310377 0.5220852563 0.0000000000 0.9841090065 1.0848010313 0.2133126236 0.8384847472
0.6033834752 0.0345735325 0.7343747004 0.2929286722 2.4586903581 1.1817515247 0.5244334096 0.2060107993 1.1520455375 0.0207043155 2.0594556722 0.9841090065 0.0000000000 0.8800428585 1.3799676301 0.6348783038
0.9414893380 0.9263225873 0.8904293283 0.2609700586 2.7115934854 0.2415597553 1.0570029658 0.1030811652 1.7144006871 0.7658621382 1.8242141210 1.0848010313 0.8800428585 0.0000000000 0.2447491962 2.5090243985
0.8342116214 0.6600171736 1.1241356881 0.5229166294 0.6439839042 1.6881989591 1.3865176056 0.0975793179 0.8156343174 0.2910173898 0.8646326559 0.2133126236 1.3799676301 0.2447491962 0.0000000000 0.3340732702
2.6363126628 1.1081841146 0.0921324115 0.5145141313 0.0613536175 2.0022141824 0.2975389289 0.1635403414 0.5409121393 1.7751717997 1.0509336510 0.8384847472 0.6348783038 2.5090243985 0.3340732702 0.0000000000
