# MCW Instance
# Type: EXPONENTIAL
# N: 16
# Optimal cost: 1.567910893278252
# Optimal tour (permutation): [0, 5, 4, 10, 9, 2, 3, 1, 15, 13, 12, 8, 7, 11, 6, 14, 0]
# Optimal walk (full path): [0, 5, 0, 14, 4, 10, 9, 10, 2, 3, 1, 15, 13, 12, 8, 7, 11, 6, 14, 0]
# Walk size: 20
# Is walk (has repeats): true

# Distance Matrix
0.0000000000 1.8508885254 1.9088561320 0.7042859368 0.4010027153 0.0530484660 1.3842504098 0.3970755062 1.3817293406 1.7215974426 0.3662788799 1.2820376905 1.1650484886 1.4394078483 0.0441443183 0.2221136916
1.8508885254 0.0000000000 0.3486826253 0.1476368355 1.4441803283 0.3980835870 0.3190886300 4.4056235000 0.7447857096 3.1696497659 3.0876782175 0.3639089218 1.3264212310 1.9293831055 1.6913630564 0.1861642480
1.9088561320 0.3486826253 0.0000000000 0.0957296342 0.6488717477 0.9862309189 0.3293667771 0.2783547186 0.0554289252 0.2219700468 0.0036241153 1.4127652973 0.4938964827 0.8526574207 0.1083527547 0.2724777708
0.7042859368 0.1476368355 0.0957296342 0.0000000000 1.9833183112 0.4706409139 0.9211696326 0.2441183104 2.0762975605 3.1988913614 1.6853646521 1.2018591936 0.9973571224 2.7695329261 0.5645167596 0.1839133395
0.4010027153 1.4441803283 0.6488717477 1.9833183112 0.0000000000 0.6547885722 1.0296032078 1.2137558723 0.1305093073 0.2487125546 0.1041221979 0.1923848563 0.2265338219 1.2168961757 0.1061469174 0.1476690448
0.0530484660 0.3980835870 0.9862309189 0.4706409139 0.6547885722 0.0000000000 0.4145399757 1.6351485302 0.0949366332 2.7120097283 0.4219821813 0.3537342138 0.9329346291 0.7929226755 1.9098934097 0.6793083960
1.3842504098 0.3190886300 0.3293667771 0.9211696326 1.0296032078 0.4145399757 0.0000000000 0.2504114584 0.5524662262 0.7790381997 0.7616340342 0.0530652361 0.3888155327 0.1338278629 0.1014292241 0.1203812801
0.3970755062 4.4056235000 0.2783547186 0.2441183104 1.2137558723 1.6351485302 0.2504114584 0.0000000000 0.0931470916 1.1534714606 2.1419426572 0.0315115340 1.0925802181 0.7624179593 1.0825595635 1.9635221786
1.3817293406 0.7447857096 0.0554289252 2.0762975605 0.1305093073 0.0949366332 0.5524662262 0.0931470916 0.0000000000 0.3119923619 3.3720730789 1.9350055770 0.0793716978 1.1753239816 2.2702809338 0.9111594900
1.7215974426 3.1696497659 0.2219700468 3.1988913614 0.2487125546 2.7120097283 0.7790381997 1.1534714606 0.3119923619 0.0000000000 0.1206622162 1.9429542287 1.0257661315 3.0070965061 0.1784981771 0.3663512640
0.3662788799 3.0876782175 0.0036241153 1.6853646521 0.1041221979 0.4219821813 0.7616340342 2.1419426572 3.3720730789 0.1206622162 0.0000000000 1.6221285322 0.7188641174 0.4473900379 0.1022209862 0.7372802940
1.2820376905 0.3639089218 1.4127652973 1.2018591936 0.1923848563 0.3537342138 0.0530652361 0.0315115340 1.9350055770 1.9429542287 1.6221285322 0.0000000000 3.0234710474 2.0734440278 1.0279827144 0.1648453000
1.1650484886 1.3264212310 0.4938964827 0.9973571224 0.2265338219 0.9329346291 0.3888155327 1.0925802181 0.0793716978 1.0257661315 0.7188641174 3.0234710474 0.0000000000 0.0906835093 2.0900964120 0.5455735063
1.4394078483 1.9293831055 0.8526574207 2.7695329261 1.2168961757 0.7929226755 0.1338278629 0.7624179593 1.1753239816 3.0070965061 0.4473900379 2.0734440278 0.0906835093 0.0000000000 1.3717775834 0.0395686513
0.0441443183 1.6913630564 0.1083527547 0.5645167596 0.1061469174 1.9098934097 0.1014292241 1.0825595635 2.2702809338 0.1784981771 0.1022209862 1.0279827144 2.0900964120 1.3717775834 0.0000000000 1.8351009617
0.2221136916 0.1861642480 0.2724777708 0.1839133395 0.1476690448 0.6793083960 0.1203812801 1.9635221786 0.9111594900 0.3663512640 0.7372802940 0.1648453000 0.5455735063 0.0395686513 1.8351009617 0.0000000000
