# MCW Instance
# Type: EXPONENTIAL
# N: 16
# Optimal cost: 2.2551844545236666
# Optimal tour (permutation): [0, 11, 14, 12, 9, 4, 13, 7, 10, 5, 2, 3, 1, 6, 15, 8, 0]
# Optimal walk (full path): [0, 11, 14, 7, 13, 12, 9, 4, 13, 7, 10, 5, 10, 2, 3, 1, 6, 15, 8, 15, 0]
# Walk size: 21
# Is walk (has repeats): true

# Distance Matrix
0.0000000000 1.1232411427 1.7303756658 0.5851337138 0.9438158621 1.2295359328 1.2606437812 0.8778045323 0.4868839882 0.9007035692 2.1096034025 0.2468102300 1.0485484362 2.0686009852 0.4899327898 0.4549396407
1.1232411427 0.0000000000 0.2613505597 0.1288346157 0.6132869038 0.5949368091 0.0512559070 0.6981231642 0.7560061563 0.3108174607 0.6218636083 0.1843294475 0.9733155613 4.4073369344 1.5801395869 1.3906970450
1.7303756658 0.2613505597 0.0000000000 0.2578360490 0.9596319575 2.6367093749 0.5916252407 0.3554643903 0.4776647974 0.6401505509 0.1214866301 0.2232288338 1.0695304934 0.2500045729 0.8907311208 1.8457772336
0.5851337138 0.1288346157 0.2578360490 0.0000000000 1.0543532131 0.5177592724 2.6356316952 0.9956431222 1.4174937402 0.6402846645 0.9759981911 0.2686997903 1.1239704158 3.7422195677 2.5371131963 1.0943174340
0.9438158621 0.6132869038 0.9596319575 1.0543532131 0.0000000000 1.1498777166 0.5540842240 0.2848605458 0.8853310842 0.1323644859 2.3787827021 0.5256502766 0.4498717405 0.0654103449 0.9465449197 1.0820959025
1.2295359328 0.5949368091 2.6367093749 0.5177592724 1.1498777166 0.0000000000 1.5190180744 0.3785057244 0.4509572052 4.3656694119 0.0862272712 0.6636137670 1.2357937565 2.2017996097 0.5438934673 0.6280807072
1.2606437812 0.0512559070 0.5916252407 2.6356316952 0.5540842240 1.5190180744 0.0000000000 0.1320135667 1.6644647548 0.8679367121 2.0024565922 0.4786544917 1.9258944388 0.5761918283 0.1729866360 0.2776311969
0.8778045323 0.6981231642 0.3554643903 0.9956431222 0.2848605458 0.3785057244 0.1320135667 0.0000000000 1.6709882735 0.3494456866 0.0100671344 0.1862369800 1.0335522151 0.0153616054 0.0375087626 2.1619757704
0.4868839882 0.7560061563 0.4776647974 1.4174937402 0.8853310842 0.4509572052 1.6644647548 1.6709882735 0.0000000000 0.6120332477 0.9217972355 0.7499148319 0.3203378363 1.2580627917 1.0859678484 0.0319382875
0.9007035692 0.3108174607 0.6401505509 0.6402846645 0.1323644859 4.3656694119 0.8679367121 0.3494456866 0.6120332477 0.0000000000 0.3468165235 2.1902054862 0.0230931885 0.6860783265 0.2831987021 5.3567643943
2.1096034025 0.6218636083 0.1214866301 0.9759981911 2.3787827021 0.0862272712 2.0024565922 0.0100671344 0.9217972355 0.3468165235 0.0000000000 0.9615020374 1.0300506030 0.0659501237 0.7699054554 1.0427385951
0.2468102300 0.1843294475 0.2232288338 0.2686997903 0.5256502766 0.6636137670 0.4786544917 0.1862369800 0.7499148319 2.1902054862 0.9615020374 0.0000000000 0.8140625756 3.2178185475 0.1114554056 2.6072358907
1.0485484362 0.9733155613 1.0695304934 1.1239704158 0.4498717405 1.2357937565 1.9258944388 1.0335522151 0.3203378363 0.0230931885 1.0300506030 0.8140625756 0.0000000000 0.0694365347 0.2034695689 0.8726432695
2.0686009852 4.4073369344 0.2500045729 3.7422195677 0.0654103449 2.2017996097 0.5761918283 0.0153616054 1.2580627917 0.6860783265 0.0659501237 3.2178185475 0.0694365347 0.0000000000 0.3278983071 0.4028669577
0.4899327898 1.5801395869 0.8907311208 2.5371131963 0.9465449197 0.5438934673 0.1729866360 0.0375087626 1.0859678484 0.2831987021 0.7699054554 0.1114554056 0.2034695689 0.3278983071 0.0000000000 0.4896216728
0.4549396407 1.3906970450 1.8457772336 1.0943174340 1.0820959025 0.6280807072 0.2776311969 2.1619757704 0.0319382875 5.3567643943 1.0427385951 2.6072358907 0.8726432695 0.4028669577 0.4896216728 0.0000000000
