# MCW Instance
# Type: EXPONENTIAL
# N: 16
# Optimal cost: 1.5502262108053368
# Optimal tour (permutation): [0, 4, 2, 6, 11, 5, 12, 9, 14, 13, 8, 10, 3, 7, 15, 1, 0]
# Optimal walk (full path): [0, 4, 2, 6, 11, 5, 12, 9, 14, 13, 14, 8, 10, 3, 7, 15, 1, 0]
# Walk size: 18
# Is walk (has repeats): true

# Distance Matrix
0.0000000000 0.0856664901 0.7927381835 3.2066909704 0.0608760604 6.2035257152 1.4413790051 0.8822556521 0.8479462180 1.9962952497 4.3806801607 0.6680059219 1.9164530678 0.1283363555 0.9847588108 0.4952789361
0.0856664901 0.0000000000 0.5612888901 0.5555906861 0.1543559054 0.4887715662 0.3655226429 0.5359759015 0.8557376614 0.1651835154 1.6532258440 0.6733681945 0.1111346650 0.3704255891 0.1155498124 0.0141521742
0.7927381835 0.5612888901 0.0000000000 1.7189520924 0.1787712931 1.6117581648 0.2526095116 1.4473521520 0.8343635110 4.3173457831 0.6355714175 2.0708611576 2.6356944934 0.6833590337 2.8985637569 0.5469671734
3.2066909704 0.5555906861 1.7189520924 0.0000000000 0.6603809784 3.7681277319 1.8855366944 0.1512132350 1.2763858609 1.9720537913 0.1202847795 0.3429114754 0.8397769073 0.4335024832 0.1605162521 0.7852684946
0.0608760604 0.1543559054 0.1787712931 0.6603809784 0.0000000000 0.3261310771 2.5942188810 1.4179172740 1.2977883664 0.2076926064 0.0604301055 0.4288849120 0.1247756152 0.6293128761 0.3013298711 1.4422896245
6.2035257152 0.4887715662 1.6117581648 3.7681277319 0.3261310771 0.0000000000 0.2618837214 1.3761409323 1.6714540654 0.9150611171 1.3857254898 0.0276601035 0.0245969571 1.1123796115 0.7936498096 0.8881754098
1.4413790051 0.3655226429 0.2526095116 1.8855366944 2.5942188810 0.2618837214 0.0000000000 0.2408261298 0.4360527123 0.7711972111 1.3420765652 0.0713501119 2.2910577541 0.5820731978 0.0752811422 0.7605742176
0.8822556521 0.5359759015 1.4473521520 0.1512132350 1.4179172740 1.3761409323 0.2408261298 0.0000000000 0.6360247836 0.5500775532 0.9350761980 1.9554084478 0.7971085666 2.7641433242 0.8698256229 0.0167172413
0.8479462180 0.8557376614 0.8343635110 1.2763858609 1.2977883664 1.6714540654 0.4360527123 0.6360247836 0.0000000000 0.8686335332 0.0722343135 2.5408043502 0.2386024818 0.2375569590 0.1294207135 0.5126896779
1.9962952497 0.1651835154 4.3173457831 1.9720537913 0.2076926064 0.9150611171 0.7711972111 0.5500775532 0.8686335332 0.0000000000 2.0886232959 0.2702064706 0.1729921655 0.3148479329 0.1261928672 0.5358803365
4.3806801607 1.6532258440 0.6355714175 0.1202847795 0.0604301055 1.3857254898 1.3420765652 0.9350761980 0.0722343135 2.0886232959 0.0000000000 1.6158740175 1.2698057188 0.3680368322 1.0524065743 0.8079702034
0.6680059219 0.6733681945 2.0708611576 0.3429114754 0.4288849120 0.0276601035 0.0713501119 1.9554084478 2.5408043502 0.2702064706 1.6158740175 0.0000000000 2.1306989798 0.1363556188 1.0509437611 0.9012337422
1.9164530678 0.1111346650 2.6356944934 0.8397769073 0.1247756152 0.0245969571 2.2910577541 0.7971085666 0.2386024818 0.1729921655 1.2698057188 2.1306989798 0.0000000000 0.2167924039 0.2148688022 0.0392436890
0.1283363555 0.3704255891 0.6833590337 0.4335024832 0.6293128761 1.1123796115 0.5820731978 2.7641433242 0.2375569590 0.3148479329 0.3680368322 0.1363556188 0.2167924039 0.0000000000 0.0227440968 1.9976756460
0.9847588108 0.1155498124 2.8985637569 0.1605162521 0.3013298711 0.7936498096 0.0752811422 0.8698256229 0.1294207135 0.1261928672 1.0524065743 1.0509437611 0.2148688022 0.0227440968 0.0000000000 0.0779740348
0.4952789361 0.0141521742 0.5469671734 0.7852684946 1.4422896245 0.8881754098 0.7605742176 0.0167172413 0.5126896779 0.5358803365 0.8079702034 0.9012337422 0.0392436890 1.9976756460 0.0779740348 0.0000000000
