# MCW Instance
# Type: EXPONENTIAL
# N: 16
# Optimal cost: 2.245817669658142
# Optimal tour (permutation): [0, 12, 7, 8, 3, 2, 14, 4, 1, 9, 13, 6, 11, 10, 5, 15, 0]
# Optimal walk (full path): [0, 12, 7, 8, 2, 3, 2, 14, 4, 12, 1, 9, 13, 6, 13, 10, 11, 10, 5, 15, 0]
# Walk size: 21
# Is walk (has repeats): true

# Distance Matrix
0.0000000000 1.8016837853 0.5009017104 1.6656109828 2.0666679702 0.5712960947 0.9938448106 0.7241002596 0.7258813078 1.2089068214 1.9128667439 0.9794152664 0.3724061574 1.7377727698 0.7334580599 0.4725641421
1.8016837853 0.0000000000 0.7693430781 0.8652965610 1.2900040756 0.2059620246 1.1099558696 0.5155317876 1.3988046495 0.0270229076 0.7994975836 3.6858027861 0.1100124797 0.9604338502 3.2211931737 0.3782825183
0.5009017104 0.7693430781 0.0000000000 0.0185044181 1.6799763713 0.5199153067 0.4846909042 0.7339226859 0.1110998841 3.2752573135 0.5965035490 0.6474914450 0.5148854006 0.2249039498 0.0152038774 0.2229006931
1.6656109828 0.8652965610 0.0185044181 0.0000000000 0.4492944085 0.4588215179 3.1832839263 1.1039258341 0.4158722703 0.2019649671 0.9437908224 0.7836993215 1.1905699144 2.0189493072 2.5669716185 1.4193793084
2.0666679702 1.2900040756 1.6799763713 0.4492944085 0.0000000000 0.8307080229 0.2809104935 0.7466670517 0.9767419084 0.5415751176 0.0739800800 0.5880176901 0.0607107365 1.2032612336 0.0573449723 0.6352894663
0.5712960947 0.2059620246 0.5199153067 0.4588215179 0.8307080229 0.0000000000 1.5258539302 0.8121339567 0.5090297072 1.2134836364 0.0289723096 0.2822290824 0.0513437302 0.8606564652 1.0174065728 0.1033482239
0.9938448106 1.1099558696 0.4846909042 3.1832839263 0.2809104935 1.5258539302 0.0000000000 0.3607376330 1.4504177722 0.1962272183 5.6925784765 1.5937240021 1.2399853328 0.0707365274 0.2760664827 0.6296863379
0.7241002596 0.5155317876 0.7339226859 1.1039258341 0.7466670517 0.8121339567 0.3607376330 0.0000000000 0.1994223288 0.8789261915 0.3498098179 0.6845439764 0.1827262400 4.2329147578 0.4514985816 1.9248227157
0.7258813078 1.3988046495 0.1110998841 0.4158722703 0.9767419084 0.5090297072 1.4504177722 0.1994223288 0.0000000000 1.0252167934 2.9843628994 3.4693109124 0.9301582003 0.2034438388 3.7668672631 1.1879386116
1.2089068214 0.0270229076 3.2752573135 0.2019649671 0.5415751176 1.2134836364 0.1962272183 0.8789261915 1.0252167934 0.0000000000 1.3006871216 0.2922759034 0.4980870322 0.0433638909 1.9629853406 2.4895375931
1.9128667439 0.7994975836 0.5965035490 0.9437908224 0.0739800800 0.0289723096 5.6925784765 0.3498098179 2.9843628994 1.3006871216 0.0000000000 0.1232775885 2.4336167809 0.0365824512 0.2201038675 0.5550449717
0.9794152664 3.6858027861 0.6474914450 0.7836993215 0.5880176901 0.2822290824 1.5937240021 0.6845439764 3.4693109124 0.2922759034 0.1232775885 0.0000000000 0.8614879626 0.1870560766 1.5675476214 0.7321998295
0.3724061574 0.1100124797 0.5148854006 1.1905699144 0.0607107365 0.0513437302 1.2399853328 0.1827262400 0.9301582003 0.4980870322 2.4336167809 0.8614879626 0.0000000000 0.1290166442 1.5053300745 1.6802787990
1.7377727698 0.9604338502 0.2249039498 2.0189493072 1.2032612336 0.8606564652 0.0707365274 4.2329147578 0.2034438388 0.0433638909 0.0365824512 0.1870560766 0.1290166442 0.0000000000 1.6008564211 0.2683721429
0.7334580599 3.2211931737 0.0152038774 2.5669716185 0.0573449723 1.0174065728 0.2760664827 0.4514985816 3.7668672631 1.9629853406 0.2201038675 1.5675476214 1.5053300745 1.6008564211 0.0000000000 0.1987211779
0.4725641421 0.3782825183 0.2229006931 1.4193793084 0.6352894663 0.1033482239 0.6296863379 1.9248227157 1.1879386116 2.4895375931 0.5550449717 0.7321998295 1.6802787990 0.2683721429 0.1987211779 0.0000000000
