# MCW Instance
# Type: EXPONENTIAL
# N: 16
# Optimal cost: 2.0825534462228825
# Optimal tour (permutation): [0, 15, 5, 14, 7, 3, 8, 9, 10, 1, 12, 11, 13, 6, 4, 2, 0]
# Optimal walk (full path): [0, 15, 5, 14, 3, 7, 3, 14, 8, 9, 10, 1, 11, 12, 11, 13, 6, 4, 0, 2, 0]
# Walk size: 21
# Is walk (has repeats): true

# Distance Matrix
0.0000000000 0.1345390087 0.1176047260 0.1076968539 0.0766155751 0.2926953888 0.2588244233 0.4699389082 0.1265291684 0.7638539483 1.8087022612 0.3704669747 0.5034486105 2.5145425072 0.6379872593 0.1327559164
0.1345390087 0.0000000000 1.5570278764 3.1233548426 5.0027278023 4.1043437616 1.7515594903 0.6564240893 0.6731240991 0.9912261977 0.0754035438 0.0412123465 0.6681707836 2.8052959615 2.2600082581 0.1945479899
0.1176047260 1.5570278764 0.0000000000 1.4260493925 1.5841381973 0.5150723300 1.4583972607 2.7130275297 2.4522817197 0.1368465034 0.4985036076 4.5967077222 2.5463634863 0.4473107220 0.3945691459 1.2473062777
0.1076968539 3.1233548426 1.4260493925 0.0000000000 1.4089311265 1.7819654077 0.1102223756 0.1215302376 1.0954116886 1.9176982775 1.5783003933 2.0583129319 0.6606543794 2.2939472380 0.0094756688 1.9256111799
0.0766155751 5.0027278023 1.5841381973 1.4089311265 0.0000000000 0.7841706280 0.0520304312 0.6256640070 2.1269654820 0.9655848683 1.1541065599 0.3947726257 3.7052711336 0.7129726390 0.3361751594 2.6388760331
0.2926953888 4.1043437616 0.5150723300 1.7819654077 0.7841706280 0.0000000000 0.6640129225 0.6082130825 0.3269562911 0.6608629171 0.9769623620 0.5002602010 0.4207613311 0.2701683650 0.1968032669 0.1874669279
0.2588244233 1.7515594903 1.4583972607 0.1102223756 0.0520304312 0.6640129225 0.0000000000 1.3620404086 0.1901278076 0.4499105314 0.2615227877 1.8720156831 1.4701405748 0.0306660302 2.9677514943 0.1350047482
0.4699389082 0.6564240893 2.7130275297 0.1215302376 0.6256640070 0.6082130825 1.3620404086 0.0000000000 0.6645307264 1.5889823748 1.4775361484 1.0858500658 1.0224431654 2.1358698902 0.7209100228 0.3783026931
0.1265291684 0.6731240991 2.4522817197 1.0954116886 2.1269654820 0.3269562911 0.1901278076 0.6645307264 0.0000000000 0.1109302068 2.3395832588 1.2539103258 0.7774914367 1.3143663425 0.1814765105 1.3677373033
0.7638539483 0.9912261977 0.1368465034 1.9176982775 0.9655848683 0.6608629171 0.4499105314 1.5889823748 0.1109302068 0.0000000000 0.0608677366 1.5354191145 0.6282512135 0.5518992295 0.5171490775 1.2961952470
1.8087022612 0.0754035438 0.4985036076 1.5783003933 1.1541065599 0.9769623620 0.2615227877 1.4775361484 2.3395832588 0.0608677366 0.0000000000 1.8791328932 0.3219049852 1.2491421537 0.8526589402 0.2397025056
0.3704669747 0.0412123465 4.5967077222 2.0583129319 0.3947726257 0.5002602010 1.8720156831 1.0858500658 1.2539103258 1.5354191145 1.8791328932 0.0000000000 0.2194308305 0.0002420286 1.2635283016 0.2790995660
0.5034486105 0.6681707836 2.5463634863 0.6606543794 3.7052711336 0.4207613311 1.4701405748 1.0224431654 0.7774914367 0.6282512135 0.3219049852 0.2194308305 0.0000000000 0.2656037641 0.7480950128 0.7369576659
2.5145425072 2.8052959615 0.4473107220 2.2939472380 0.7129726390 0.2701683650 0.0306660302 2.1358698902 1.3143663425 0.5518992295 1.2491421537 0.0002420286 0.2656037641 0.0000000000 0.8343773476 0.4196211782
0.6379872593 2.2600082581 0.3945691459 0.0094756688 0.3361751594 0.1968032669 2.9677514943 0.7209100228 0.1814765105 0.5171490775 0.8526589402 1.2635283016 0.7480950128 0.8343773476 0.0000000000 1.8768654290
0.1327559164 0.1945479899 1.2473062777 1.9256111799 2.6388760331 0.1874669279 0.1350047482 0.3783026931 1.3677373033 1.2961952470 0.2397025056 0.2790995660 0.7369576659 0.4196211782 1.8768654290 0.0000000000
