# MCW Instance
# Type: EXPONENTIAL
# N: 15
# Optimal cost: 2.150651941830121
# Optimal tour (permutation): [0, 2, 12, 9, 5, 3, 4, 1, 6, 14, 10, 8, 13, 7, 11, 0]
# Optimal walk (full path): [0, 2, 0, 12, 9, 5, 3, 4, 1, 6, 8, 14, 10, 14, 8, 13, 7, 11, 0]
# Walk size: 19
# Is walk (has repeats): true

# Distance Matrix
0.0000000000 0.5932586304 0.1285725151 1.4791489255 0.2208266160 0.1912291054 1.8290194865 0.9690123960 3.1246358368 0.6961361520 0.3582252017 0.0254846248 0.0880723260 0.4884499910 1.9389346547
0.5932586304 0.0000000000 0.3256142043 2.3872225464 0.0243125213 0.7795876531 0.2290440185 0.7027169270 2.1527707825 0.4025858637 0.7172826537 1.3340902228 1.6116863433 0.4124312102 1.1795332532
0.1285725151 0.3256142043 0.0000000000 1.5392719936 0.3976177864 1.0024206557 0.2603131893 0.7681620448 2.8918927177 0.4274037196 3.5799311837 0.7440658858 1.8758893229 1.2374771281 5.2797660059
1.4791489255 2.3872225464 1.5392719936 0.0000000000 0.0702054821 0.0194995052 1.2720196313 2.6912284271 0.9576670479 3.7166954118 0.2743067539 1.5673165753 0.4229449767 0.0781287172 0.4656269513
0.2208266160 0.0243125213 0.3976177864 0.0702054821 0.0000000000 0.6840379730 0.6464284677 0.9114541444 0.1422995646 3.2778406480 1.9931936104 1.7570194199 0.9092990663 0.4397530847 2.5148624130
0.1912291054 0.7795876531 1.0024206557 0.0194995052 0.6840379730 0.0000000000 0.2599103686 2.2176179557 0.2909843522 0.0471710394 0.5917661511 0.9623315078 1.9734477622 0.4649605014 0.2763522344
1.8290194865 0.2290440185 0.2603131893 1.2720196313 0.6464284677 0.2599103686 0.0000000000 0.8830143333 0.1097437508 1.2350849480 1.1503074961 3.9971018740 0.3922009462 0.4557100109 2.1556306694
0.9690123960 0.7027169270 0.7681620448 2.6912284271 0.9114541444 2.2176179557 0.8830143333 0.0000000000 0.5962555223 0.9616135782 0.9955574349 0.3588573460 2.4403634787 0.3594810190 0.6998566173
3.1246358368 2.1527707825 2.8918927177 0.9576670479 0.1422995646 0.2909843522 0.1097437508 0.5962555223 0.0000000000 0.2045307853 0.4020325761 1.8457953623 0.7395577147 0.0414392852 0.0100663385
0.6961361520 0.4025858637 0.4274037196 3.7166954118 3.2778406480 0.0471710394 1.2350849480 0.9616135782 0.2045307853 0.0000000000 0.9652058361 0.4048185852 0.0956976486 0.7811899030 0.3525508258
0.3582252017 0.7172826537 3.5799311837 0.2743067539 1.9931936104 0.5917661511 1.1503074961 0.9955574349 0.4020325761 0.9652058361 0.0000000000 4.2789475971 0.8737066712 2.4174723171 0.2021828339
0.0254846248 1.3340902228 0.7440658858 1.5673165753 1.7570194199 0.9623315078 3.9971018740 0.3588573460 1.8457953623 0.4048185852 4.2789475971 0.0000000000 1.7864188885 0.5849736232 1.6898783330
0.0880723260 1.6116863433 1.8758893229 0.4229449767 0.9092990663 1.9734477622 0.3922009462 2.4403634787 0.7395577147 0.0956976486 0.8737066712 1.7864188885 0.0000000000 2.2602318852 0.2940571940
0.4884499910 0.4124312102 1.2374771281 0.0781287172 0.4397530847 0.4649605014 0.4557100109 0.3594810190 0.0414392852 0.7811899030 2.4174723171 0.5849736232 2.2602318852 0.0000000000 0.2789563611
1.9389346547 1.1795332532 5.2797660059 0.4656269513 2.5148624130 0.2763522344 2.1556306694 0.6998566173 0.0100663385 0.3525508258 0.2021828339 1.6898783330 0.2940571940 0.2789563611 0.0000000000
