# MCW Instance
# Type: EXPONENTIAL
# N: 15
# Optimal cost: 1.9360838833484515
# Optimal tour (permutation): [0, 13, 4, 14, 3, 8, 9, 7, 5, 2, 10, 1, 11, 12, 6, 0]
# Optimal walk (full path): [0, 13, 4, 13, 0, 14, 3, 14, 8, 9, 7, 5, 2, 10, 1, 11, 12, 6, 0]
# Walk size: 19
# Is walk (has repeats): true

# Distance Matrix
0.0000000000 0.5086880950 0.6070265798 1.7599778389 1.4206527632 0.7277904837 0.0181459335 1.9541953879 0.0208338190 1.4153416357 0.2372937318 0.2831107576 0.9017702741 0.0909998525 0.0220240528
0.5086880950 0.0000000000 1.1306234713 2.8944653232 4.2233153052 1.3449148106 0.3929448793 1.8416881113 0.4321113060 0.7258777951 0.4476528376 0.3271381449 1.8060236413 1.1476601470 1.0346651114
0.6070265798 1.1306234713 0.0000000000 0.7485710734 1.3659730383 0.0198803840 1.5860456924 0.1479359687 0.5785090058 0.6040365827 0.1567244754 0.1691276053 0.3007285892 0.6015221733 0.1948663412
1.7599778389 2.8944653232 0.7485710734 0.0000000000 0.2513327882 0.4306498126 1.3360000643 2.5429246705 1.3465638065 0.5064884224 1.5632288296 0.5866807071 1.4997798939 0.2677321236 0.0391867396
1.4206527632 4.2233153052 1.3659730383 0.2513327882 0.0000000000 6.4612371050 2.6347023627 0.5945417563 0.7407964372 1.0072721629 2.5537077184 0.9733458949 0.4124513255 0.0543468024 0.4490972633
0.7277904837 1.3449148106 0.0198803840 0.4306498126 6.4612371050 0.0000000000 0.9764739301 0.0925243737 0.3282770496 0.9906736566 0.4537157621 0.1925476999 0.3654949496 1.0148360004 1.7629376645
0.0181459335 0.3929448793 1.5860456924 1.3360000643 2.6347023627 0.9764739301 0.0000000000 1.3548615673 0.1800277306 1.7606235195 1.3154023442 1.2865081525 0.0629853472 0.7092916870 0.1192629082
1.9541953879 1.8416881113 0.1479359687 2.5429246705 0.5945417563 0.0925243737 1.3548615673 0.0000000000 0.7893273622 0.0725782821 0.5449265986 0.3375602230 1.1296522884 0.9284127981 0.2174224656
0.0208338190 0.4321113060 0.5785090058 1.3465638065 0.7407964372 0.3282770496 0.1800277306 0.7893273622 0.0000000000 0.0809717103 0.5372319846 0.4019102478 0.1945778386 3.3012866821 0.0069548632
1.4153416357 0.7258777951 0.6040365827 0.5064884224 1.0072721629 0.9906736566 1.7606235195 0.0725782821 0.0809717103 0.0000000000 0.5995735683 2.9872725532 1.5460710748 0.5488264981 0.3813395919
0.2372937318 0.4476528376 0.1567244754 1.5632288296 2.5537077184 0.4537157621 1.3154023442 0.5449265986 0.5372319846 0.5995735683 0.0000000000 1.6027417613 6.8474583892 2.5046270506 0.1538629342
0.2831107576 0.3271381449 0.1691276053 0.5866807071 0.9733458949 0.1925476999 1.2865081525 0.3375602230 0.4019102478 2.9872725532 1.6027417613 0.0000000000 0.2594366896 2.9900559350 1.5479287952
0.9017702741 1.8060236413 0.3007285892 1.4997798939 0.4124513255 0.3654949496 0.0629853472 1.1296522884 0.1945778386 1.5460710748 6.8474583892 0.2594366896 0.0000000000 0.1956243242 0.9853822726
0.0909998525 1.1476601470 0.6015221733 0.2677321236 0.0543468024 1.0148360004 0.7092916870 0.9284127981 3.3012866821 0.5488264981 2.5046270506 2.9900559350 0.1956243242 0.0000000000 1.0088299693
0.0220240528 1.0346651114 0.1948663412 0.0391867396 0.4490972633 1.7629376645 0.1192629082 0.2174224656 0.0069548632 0.3813395919 0.1538629342 1.5479287952 0.9853822726 1.0088299693 0.0000000000
