# MCW Instance
# Type: EXPONENTIAL
# N: 15
# Optimal cost: 2.3891693660455227
# Optimal tour (permutation): [0, 12, 3, 9, 4, 11, 13, 6, 10, 14, 2, 8, 5, 7, 1, 0]
# Optimal walk (full path): [0, 12, 3, 9, 4, 11, 13, 6, 10, 14, 2, 8, 5, 7, 1, 0]
# Walk size: 16
# Is walk (has repeats): false

# Distance Matrix
0.0000000000 0.2650853684 1.2065912331 1.7204220029 0.6315048727 0.1007501465 0.5025312134 0.1157777415 1.4707033595 2.1383174594 0.1473165746 0.2212247281 0.1265565381 1.5813128839 1.5676378573
0.2650853684 0.0000000000 1.0035828878 0.5921498465 0.4505896808 4.0541763463 0.7683361960 0.1619428950 0.4676179412 1.7341299131 0.3127659511 0.3188210046 1.8811939647 2.3767851942 0.6327621123
1.2065912331 1.0035828878 0.0000000000 0.2144292649 1.6227725089 1.1760107286 1.1449188702 0.6624486511 0.2229051218 0.8081673301 4.4464585350 3.6066820312 0.5673808167 0.6558413492 0.0139142852
1.7204220029 0.5921498465 0.2144292649 0.0000000000 0.3285920755 3.0623146043 0.8102727794 0.5828353842 0.7501103699 0.1474752777 0.1849805475 1.1815267496 0.2849424256 0.3660975634 0.1499654601
0.6315048727 0.4505896808 1.6227725089 0.3285920755 0.0000000000 1.3776648572 3.3371852921 2.1688790120 1.3110173366 0.1892205560 0.4355001273 0.0425026285 2.4013650188 0.3616306915 0.4614802623
0.1007501465 4.0541763463 1.1760107286 3.0623146043 1.3776648572 0.0000000000 1.5944365467 0.0385466299 0.2048571638 0.2762485379 0.7451241403 0.9141760140 0.3609637167 1.4144958477 2.8853245919
0.5025312134 0.7683361960 1.1449188702 0.8102727794 3.3371852921 1.5944365467 0.0000000000 0.6757325437 0.4654652463 1.9924181382 0.2309472533 2.0903636017 0.5870518256 0.1992787966 0.6084294675
0.1157777415 0.1619428950 0.6624486511 0.5828353842 2.1688790120 0.0385466299 0.6757325437 0.0000000000 0.8553064412 0.4644294634 1.1177211020 0.3079984714 0.7156265939 0.2761367538 0.5002123130
1.4707033595 0.4676179412 0.2229051218 0.7501103699 1.3110173366 0.2048571638 0.4654652463 0.8553064412 0.0000000000 1.1852824249 1.5066615696 1.2885441693 2.3050965934 0.4007998305 0.6421560376
2.1383174594 1.7341299131 0.8081673301 0.1474752777 0.1892205560 0.2762485379 1.9924181382 0.4644294634 1.1852824249 0.0000000000 0.5475597229 1.1337950224 0.7943303328 0.8570041310 0.2111525030
0.1473165746 0.3127659511 4.4464585350 0.1849805475 0.4355001273 0.7451241403 0.2309472533 1.1177211020 1.5066615696 0.5475597229 0.0000000000 1.0815888398 0.5401232713 1.5142115015 0.1312111037
0.2212247281 0.3188210046 3.6066820312 1.1815267496 0.0425026285 0.9141760140 2.0903636017 0.3079984714 1.2885441693 1.1337950224 1.0815888398 0.0000000000 1.3101042810 0.1297833224 0.5139253559
0.1265565381 1.8811939647 0.5673808167 0.2849424256 2.4013650188 0.3609637167 0.5870518256 0.7156265939 2.3050965934 0.7943303328 0.5401232713 1.3101042810 0.0000000000 0.3898153924 2.2788607640
1.5813128839 2.3767851942 0.6558413492 0.3660975634 0.3616306915 1.4144958477 0.1992787966 0.2761367538 0.4007998305 0.8570041310 1.5142115015 0.1297833224 0.3898153924 0.0000000000 0.7016972882
1.5676378573 0.6327621123 0.0139142852 0.1499654601 0.4614802623 2.8853245919 0.6084294675 0.5002123130 0.6421560376 0.2111525030 0.1312111037 0.5139253559 2.2788607640 0.7016972882 0.0000000000
