# MCW Instance
# Type: EXPONENTIAL
# N: 15
# Optimal cost: 1.4413560238432725
# Optimal tour (permutation): [0, 13, 10, 2, 11, 12, 14, 5, 3, 4, 9, 7, 1, 8, 6, 0]
# Optimal walk (full path): [0, 10, 13, 10, 0, 6, 2, 12, 11, 12, 14, 5, 3, 4, 9, 7, 1, 8, 6, 0]
# Walk size: 20
# Is walk (has repeats): true

# Distance Matrix
0.0000000000 0.5830253297 2.6951691901 2.3570651010 0.2879724290 1.3474915539 0.0617794264 0.2025153479 0.5412193406 0.3292474563 0.0533396938 3.0134922756 3.7455513123 1.9280043602 0.0863919111
0.5830253297 0.0000000000 1.9493190617 0.9957585988 0.5615822317 0.8425582582 1.1185036573 0.1357431742 0.0101447868 0.6337620470 6.9009099018 0.6778163195 1.3856808575 1.7463505052 2.0831906328
2.6951691901 1.9493190617 0.0000000000 4.0642387658 0.8730267031 1.1197635370 0.0720230555 1.2442826440 1.9978875218 1.0249443313 0.8558846522 0.3236458325 0.0523342755 0.3700790613 0.5024969647
2.3570651010 0.9957585988 4.0642387658 0.0000000000 0.0926021117 0.2398835033 1.1474034834 4.0594945540 0.7512224253 0.3461968146 2.5048315522 1.7183760100 0.6710858061 0.4205781676 1.6332623946
0.2879724290 0.5615822317 0.8730267031 0.0926021117 0.0000000000 0.6614755255 0.4348897829 1.0738300726 0.4193814553 0.2225917649 3.0618212116 0.9034649477 0.2081231082 0.4251498258 0.9538407723
1.3474915539 0.8425582582 1.1197635370 0.2398835033 0.6614755255 0.0000000000 0.1299238118 1.0259221432 0.8256368082 2.7039040405 0.9039781831 0.4062432213 0.1342611101 0.8287276240 0.0340921017
0.0617794264 1.1185036573 0.0720230555 1.1474034834 0.4348897829 0.1299238118 0.0000000000 1.3733482815 0.0654412982 2.4743406869 0.2464784811 0.2726351887 4.8329195215 0.3893519923 0.3071984430
0.2025153479 0.1357431742 1.2442826440 4.0594945540 1.0738300726 1.0259221432 1.3733482815 0.0000000000 0.3485312251 0.0590934699 2.7985776249 2.5783394567 0.3682023071 0.5987927001 0.4582859043
0.5412193406 0.0101447868 1.9978875218 0.7512224253 0.4193814553 0.8256368082 0.0654412982 0.3485312251 0.0000000000 1.5007456958 0.3963655224 2.2459243226 1.3854995617 0.9943920299 1.7849337308
0.3292474563 0.6337620470 1.0249443313 0.3461968146 0.2225917649 2.7039040405 2.4743406869 0.0590934699 1.5007456958 0.0000000000 0.1953310700 2.0219661303 2.3619121452 1.6564978849 0.3405477221
0.0533396938 6.9009099018 0.8558846522 2.5048315522 3.0618212116 0.9039781831 0.2464784811 2.7985776249 0.3963655224 0.1953310700 0.0000000000 0.9426102184 0.7661291173 0.0897269628 2.9167997072
3.0134922756 0.6778163195 0.3236458325 1.7183760100 0.9034649477 0.4062432213 0.2726351887 2.5783394567 2.2459243226 2.0219661303 0.9426102184 0.0000000000 0.0199788393 2.1631785775 0.1509650693
3.7455513123 1.3856808575 0.0523342755 0.6710858061 0.2081231082 0.1342611101 4.8329195215 0.3682023071 1.3854995617 2.3619121452 0.7661291173 0.0199788393 0.0000000000 0.4436512395 0.0077566375
1.9280043602 1.7463505052 0.3700790613 0.4205781676 0.4251498258 0.8287276240 0.3893519923 0.5987927001 0.9943920299 1.6564978849 0.0897269628 2.1631785775 0.4436512395 0.0000000000 0.7952001757
0.0863919111 2.0831906328 0.5024969647 1.6332623946 0.9538407723 0.0340921017 0.3071984430 0.4582859043 1.7849337308 0.3405477221 2.9167997072 0.1509650693 0.0077566375 0.7952001757 0.0000000000
