# MCW Instance
# Type: EXPONENTIAL
# N: 15
# Optimal cost: 1.4326373061935476
# Optimal tour (permutation): [0, 7, 11, 5, 3, 13, 1, 9, 14, 2, 6, 8, 4, 10, 12, 0]
# Optimal walk (full path): [0, 7, 11, 5, 13, 3, 13, 1, 14, 9, 14, 2, 6, 8, 4, 12, 10, 12, 0]
# Walk size: 19
# Is walk (has repeats): true

# Distance Matrix
0.0000000000 1.4301316984 0.0835878036 0.7389149727 1.9114017277 0.8749829632 0.0174982294 0.0139031054 0.1577067139 1.3027441850 0.4562834132 1.7700355984 0.0768887676 0.8433533513 0.5260672535
1.4301316984 0.0000000000 0.8637051809 1.6673554625 0.4318906367 2.4439463714 0.2601893135 0.1866333120 2.2895689542 2.1347002985 0.8556471817 0.6472689690 4.1556982173 0.0983042717 0.0630879661
0.0835878036 0.8637051809 0.0000000000 2.9809546468 0.1834508334 1.4320030112 0.0043136417 0.6771840085 0.1790512804 2.5252905474 0.2075033466 0.6502867358 1.3184661536 0.6706797497 0.0469657450
0.7389149727 1.6673554625 2.9809546468 0.0000000000 0.3984326567 1.8311196896 0.3392765809 0.1990588853 0.5469546308 0.4853312574 1.1746866277 1.3022275644 0.1583934868 0.0851792553 6.4952858805
1.9114017277 0.4318906367 0.1834508334 0.3984326567 0.0000000000 0.2253288182 1.3078201172 0.2234018553 0.0658169919 1.4782187165 1.5002102518 1.2869210593 0.2114845010 0.9195849306 0.4628335926
0.8749829632 2.4439463714 1.4320030112 1.8311196896 0.2253288182 0.0000000000 0.1762565414 1.7058417031 1.4664071116 2.7549270912 1.1182219073 0.0581011531 0.7474712934 0.0425457032 0.5024882918
0.0174982294 0.2601893135 0.0043136417 0.3392765809 1.3078201172 0.1762565414 0.0000000000 1.2109921057 0.1103326988 1.3374493442 1.9125004459 3.6978086594 0.0753383603 0.0603774984 0.1340306890
0.0139031054 0.1866333120 0.6771840085 0.1990588853 0.2234018553 1.7058417031 1.2109921057 0.0000000000 1.8265464311 0.3304814685 1.6809814470 0.0025871427 0.5806930787 1.4386939065 1.9544235268
0.1577067139 2.2895689542 0.1790512804 0.5469546308 0.0658169919 1.4664071116 0.1103326988 1.8265464311 0.0000000000 1.1872367048 2.3067977846 0.8306861458 0.9810151803 1.6983265107 0.5290986214
1.3027441850 2.1347002985 2.5252905474 0.4853312574 1.4782187165 2.7549270912 1.3374493442 0.3304814685 1.1872367048 0.0000000000 0.4948839356 1.6619588660 0.2765094156 0.4400829778 0.0976917210
0.4562834132 0.8556471817 0.2075033466 1.1746866277 1.5002102518 1.1182219073 1.9125004459 1.6809814470 2.3067977846 0.4948839356 0.0000000000 1.4223772063 0.1362818328 3.3003872822 0.7137621382
1.7700355984 0.6472689690 0.6502867358 1.3022275644 1.2869210593 0.0581011531 3.6978086594 0.0025871427 0.8306861458 1.6619588660 1.4223772063 0.0000000000 0.3217620510 2.1865702211 1.6662472060
0.0768887676 4.1556982173 1.3184661536 0.1583934868 0.2114845010 0.7474712934 0.0753383603 0.5806930787 0.9810151803 0.2765094156 0.1362818328 0.3217620510 0.0000000000 2.1586816153 0.3502063710
0.8433533513 0.0983042717 0.6706797497 0.0851792553 0.9195849306 0.0425457032 0.0603774984 1.4386939065 1.6983265107 0.4400829778 3.3003872822 2.1865702211 2.1586816153 0.0000000000 0.1255429138
0.5260672535 0.0630879661 0.0469657450 6.4952858805 0.4628335926 0.5024882918 0.1340306890 1.9544235268 0.5290986214 0.0976917210 0.7137621382 1.6662472060 0.3502063710 0.1255429138 0.0000000000
