# MCW Instance
# Type: EXPONENTIAL
# N: 15
# Optimal cost: 1.7485807392795794
# Optimal tour (permutation): [0, 6, 8, 1, 11, 7, 12, 2, 9, 10, 13, 14, 5, 3, 4, 0]
# Optimal walk (full path): [0, 6, 8, 1, 11, 7, 12, 2, 12, 9, 10, 13, 14, 5, 3, 4, 3, 6, 0]
# Walk size: 19
# Is walk (has repeats): true

# Distance Matrix
0.0000000000 2.9974441605 0.7077903314 2.7023852340 0.8267521517 1.3861178275 0.1875344551 1.2693616054 2.0338089667 1.3839849926 2.8924976337 0.7484208312 1.0288339989 1.2743811240 2.9565233016
2.9974441605 0.0000000000 1.5750521282 0.5280337853 0.5360861059 1.2990789594 1.3281117592 1.5756526393 0.0183672126 1.0713695858 1.7743182888 0.2709218494 3.8783066534 1.2421861270 0.7175612194
0.7077903314 1.5750521282 0.0000000000 1.3157191867 2.8508900517 5.6568632423 0.7290797897 0.3251200496 0.2840676614 1.7332157664 1.8661476351 0.9639409428 0.0088160846 0.5818401965 0.0688379939
2.7023852340 0.5280337853 1.3157191867 0.0000000000 0.0153106390 0.0890549432 0.0043248389 1.7513273261 1.0525422023 0.4390627076 1.4624703448 1.2769069441 0.9118644388 0.8871866389 6.6465552849
0.8267521517 0.5360861059 2.8508900517 0.0153106390 0.0000000000 0.4844157180 0.1461377439 1.9114648403 0.8716887469 0.7684851890 0.9507421569 1.8842078332 2.0202574023 3.2232397826 4.1765116559
1.3861178275 1.2990789594 5.6568632423 0.0890549432 0.4844157180 0.0000000000 1.4670251195 1.8620979011 1.8203162511 0.9088505650 0.3489125658 0.4371807105 1.1076696651 1.7001769735 0.1034170889
0.1875344551 1.3281117592 0.7290797897 0.0043248389 0.1461377439 1.4670251195 0.0000000000 1.1215648953 0.0257432074 0.9035040614 1.7870039609 0.6615416745 1.2828232205 0.1307709381 2.0594796248
1.2693616054 1.5756526393 0.3251200496 1.7513273261 1.9114648403 1.8620979011 1.1215648953 0.0000000000 2.3137660659 0.9802559273 0.4197642287 0.2847762245 0.0222965849 0.1625619123 0.1750412970
2.0338089667 0.0183672126 0.2840676614 1.0525422023 0.8716887469 1.8203162511 0.0257432074 2.3137660659 0.0000000000 0.0931672158 0.1601103785 1.4105067723 2.1150536842 0.9267391813 1.1179554466
1.3839849926 1.0713695858 1.7332157664 0.4390627076 0.7684851890 0.9088505650 0.9035040614 0.9802559273 0.0931672158 0.0000000000 0.1199676310 0.8050083833 0.0774301965 0.5639334875 0.5463754203
2.8924976337 1.7743182888 1.8661476351 1.4624703448 0.9507421569 0.3489125658 1.7870039609 0.4197642287 0.1601103785 0.1199676310 0.0000000000 1.0779906365 0.9271694857 0.1608364723 0.4092667486
0.7484208312 0.2709218494 0.9639409428 1.2769069441 1.8842078332 0.4371807105 0.6615416745 0.2847762245 1.4105067723 0.8050083833 1.0779906365 0.0000000000 1.3849066710 0.5053900192 0.7739450949
1.0288339989 3.8783066534 0.0088160846 0.9118644388 2.0202574023 1.1076696651 1.2828232205 0.0222965849 2.1150536842 0.0774301965 0.9271694857 1.3849066710 0.0000000000 0.3213825445 0.6663012753
1.2743811240 1.2421861270 0.5818401965 0.8871866389 3.2232397826 1.7001769735 0.1307709381 0.1625619123 0.9267391813 0.5639334875 0.1608364723 0.5053900192 0.3213825445 0.0000000000 0.1481221324
2.9565233016 0.7175612194 0.0688379939 6.6465552849 4.1765116559 0.1034170889 2.0594796248 0.1750412970 1.1179554466 0.5463754203 0.4092667486 0.7739450949 0.6663012753 0.1481221324 0.0000000000
