# MCW Instance
# Type: EXPONENTIAL
# N: 15
# Optimal cost: 1.8362606001263893
# Optimal tour (permutation): [0, 2, 7, 4, 1, 14, 6, 9, 11, 3, 12, 10, 8, 5, 13, 0]
# Optimal walk (full path): [0, 2, 7, 2, 1, 4, 1, 14, 6, 9, 11, 3, 12, 10, 8, 12, 5, 12, 13, 0]
# Walk size: 20
# Is walk (has repeats): true

# Distance Matrix
0.0000000000 1.5552696187 0.0373767923 1.6450832819 3.4296886554 0.9155870397 1.7553610760 1.7311716206 0.5685820883 1.6333637602 1.4051018185 1.2603039385 1.5245595713 0.0600657272 2.4861718780
1.5552696187 0.0000000000 0.0346324528 1.9542593939 0.0280512444 1.8589717386 0.1037406697 0.9894810808 1.0813748582 0.4299063365 0.3748708636 3.5705189494 2.2421008916 0.3582007574 0.0680441523
0.0373767923 0.0346324528 0.0000000000 0.3820419868 0.0643560237 0.2830900156 0.3972749592 0.0702314095 2.0093795284 0.1209320195 0.9342847096 1.2387222884 0.8849238934 0.0601096150 0.3961953700
1.6450832819 1.9542593939 0.3820419868 0.0000000000 0.6626193748 0.5385914055 2.1929056860 1.7900801562 0.6666755264 0.1620083304 0.5206231864 0.1959037765 0.1396042150 0.2693994880 0.5510914969
3.4296886554 0.0280512444 0.0643560237 0.6626193748 0.0000000000 0.8150589099 3.1649540263 0.1451512777 0.2097104027 1.4444948854 2.2394431165 0.2302018886 0.5648208598 0.3767610816 0.1856608838
0.9155870397 1.8589717386 0.2830900156 0.5385914055 0.8150589099 0.0000000000 2.3789772166 0.3261183239 3.2142390753 0.3786006284 2.4404608131 1.8349381588 0.1686745307 1.6164165393 1.8731949442
1.7553610760 0.1037406697 0.3972749592 2.1929056860 3.1649540263 2.3789772166 0.0000000000 0.4349883479 1.0570262242 0.1678485673 1.4006153085 0.4699542666 1.7802012846 0.9619030072 0.0846736498
1.7311716206 0.9894810808 0.0702314095 1.7900801562 0.1451512777 0.3261183239 0.4349883479 0.0000000000 1.2272855592 0.7751150669 1.2903062502 2.2842291227 0.4363683618 0.2187999177 0.6383254618
0.5685820883 1.0813748582 2.0093795284 0.6666755264 0.2097104027 3.2142390753 1.0570262242 1.2272855592 0.0000000000 0.3942159383 0.0910301490 1.1031463108 0.1389673455 1.0838055885 2.2449700265
1.6333637602 0.4299063365 0.1209320195 0.1620083304 1.4444948854 0.3786006284 0.1678485673 0.7751150669 0.3942159383 0.0000000000 2.8170044579 0.1253874189 0.6515973067 2.0887582342 2.9295730714
1.4051018185 0.3748708636 0.9342847096 0.5206231864 2.2394431165 2.4404608131 1.4006153085 1.2903062502 0.0910301490 2.8170044579 0.0000000000 1.5067571792 0.0629602130 3.4916852390 4.8597305619
1.2603039385 3.5705189494 1.2387222884 0.1959037765 0.2302018886 1.8349381588 0.4699542666 2.2842291227 1.1031463108 0.1253874189 1.5067571792 0.0000000000 0.4102379845 2.2730178337 0.2159965403
1.5245595713 2.2421008916 0.8849238934 0.1396042150 0.5648208598 0.1686745307 1.7802012846 0.4363683618 0.1389673455 0.6515973067 0.0629602130 0.4102379845 0.0000000000 0.0958517716 1.6500453885
0.0600657272 0.3582007574 0.0601096150 0.2693994880 0.3767610816 1.6164165393 0.9619030072 0.2187999177 1.0838055885 2.0887582342 3.4916852390 2.2730178337 0.0958517716 0.0000000000 0.9031125251
2.4861718780 0.0680441523 0.3961953700 0.5510914969 0.1856608838 1.8731949442 0.0846736498 0.6383254618 2.2449700265 2.9295730714 4.8597305619 0.2159965403 1.6500453885 0.9031125251 0.0000000000
