# MCW Instance
# Type: EXPONENTIAL
# N: 15
# Optimal cost: 1.5768170619325979
# Optimal tour (permutation): [0, 2, 12, 10, 13, 8, 4, 3, 14, 9, 1, 7, 11, 6, 5, 0]
# Optimal walk (full path): [0, 2, 12, 8, 10, 8, 13, 8, 4, 8, 3, 8, 14, 9, 1, 9, 7, 11, 6, 5, 6, 0]
# Walk size: 22
# Is walk (has repeats): true

# Distance Matrix
0.0000000000 1.1920604987 0.0226333479 0.3944707952 0.8372889000 2.2954446726 0.1279548355 2.6551785290 0.2149449696 0.4701612589 0.3853401947 0.5271796758 1.4103259243 0.3671253571 0.6733940532
1.1920604987 0.0000000000 0.1399487936 1.5599097584 0.7436936767 3.2614738463 0.0655251175 1.7564975731 1.1149865975 0.0071409476 0.7057255247 2.2477657046 3.3402589761 0.1002282413 2.2436568259
0.0226333479 0.1399487936 0.0000000000 0.8899349675 0.5859406434 0.4195234726 2.0455980438 0.1341537251 0.1136045418 1.4236825536 0.3122676528 0.7762833303 0.0274265498 0.9284193489 2.1452903810
0.3944707952 1.5599097584 0.8899349675 0.0000000000 0.1309349895 0.8371104386 0.5260103433 3.8648974758 0.0084680869 0.1495208022 4.2304284881 0.2954478999 1.5154508877 0.6658597024 0.0798104957
0.8372889000 0.7436936767 0.5859406434 0.1309349895 0.0000000000 0.9540540542 2.2089928459 0.4527793607 0.1079913021 0.5729288184 1.1115795005 0.9606254707 1.9012510717 0.2631681774 1.3020561749
2.2954446726 3.2614738463 0.4195234726 0.8371104386 0.9540540542 0.0000000000 0.0855206676 1.9252379639 0.6537412812 0.7700695289 0.5859656655 0.9704046730 0.1900512034 0.1570815105 0.1807208009
0.1279548355 0.0655251175 2.0455980438 0.5260103433 2.2089928459 0.0855206676 0.0000000000 1.9216039568 0.0987475397 3.8339913117 2.0572929975 0.3298874909 0.1521325567 2.1551223458 0.1240397091
2.6551785290 1.7564975731 0.1341537251 3.8648974758 0.4527793607 1.9252379639 1.9216039568 0.0000000000 1.4115775676 0.0703862630 1.2601395323 0.3430794057 1.7359409998 1.9426812347 3.0275225537
0.2149449696 1.1149865975 0.1136045418 0.0084680869 0.1079913021 0.6537412812 0.0987475397 1.4115775676 0.0000000000 0.7965909364 0.0514271517 0.8386960016 0.0643215246 0.0125811477 0.0298868212
0.4701612589 0.0071409476 1.4236825536 0.1495208022 0.5729288184 0.7700695289 3.8339913117 0.0703862630 0.7965909364 0.0000000000 2.4817766795 0.9947087628 0.1911933943 0.1323230516 0.0149822162
0.3853401947 0.7057255247 0.3122676528 4.2304284881 1.1115795005 0.5859656655 2.0572929975 1.2601395323 0.0514271517 2.4817766795 0.0000000000 0.6335197975 0.5258280277 1.1421955988 1.1650232242
0.5271796758 2.2477657046 0.7762833303 0.2954478999 0.9606254707 0.9704046730 0.3298874909 0.3430794057 0.8386960016 0.9947087628 0.6335197975 0.0000000000 0.4369877550 1.2173069685 1.1364534616
1.4103259243 3.3402589761 0.0274265498 1.5154508877 1.9012510717 0.1900512034 0.1521325567 1.7359409998 0.0643215246 0.1911933943 0.5258280277 0.4369877550 0.0000000000 0.7406562662 0.3522617911
0.3671253571 0.1002282413 0.9284193489 0.6658597024 0.2631681774 0.1570815105 2.1551223458 1.9426812347 0.0125811477 0.1323230516 1.1421955988 1.2173069685 0.7406562662 0.0000000000 0.2871149040
0.6733940532 2.2436568259 2.1452903810 0.0798104957 1.3020561749 0.1807208009 0.1240397091 3.0275225537 0.0298868212 0.0149822162 1.1650232242 1.1364534616 0.3522617911 0.2871149040 0.0000000000
