# MCW Instance
# Type: EXPONENTIAL
# N: 15
# Optimal cost: 2.141878173945016
# Optimal tour (permutation): [0, 6, 1, 11, 5, 3, 7, 12, 13, 4, 9, 14, 8, 10, 2, 0]
# Optimal walk (full path): [0, 6, 1, 3, 11, 3, 5, 3, 7, 12, 13, 4, 14, 9, 14, 8, 2, 10, 2, 8, 0]
# Walk size: 21
# Is walk (has repeats): true

# Distance Matrix
0.0000000000 0.7323546510 0.4343428260 0.2078921885 0.3474214603 2.0728682251 0.1284707315 0.8979763908 0.0441591552 0.1890507310 0.7132257203 1.9890211170 1.9630626260 1.0973649495 4.7648450150
0.7323546510 0.0000000000 2.9836520506 0.0686049977 0.3611507344 0.7495610519 0.0313276176 2.3497833059 1.1793588274 0.3689482681 0.7437213355 0.7383697499 1.0675539417 0.8148563403 2.4056773000
0.4343428260 2.9836520506 0.0000000000 0.3288499805 1.2578995675 1.0740918323 0.9890094191 1.1677208542 0.0033295060 0.9294549007 0.2408346258 0.5025816758 4.1688169990 0.7134864908 3.8602579704
0.2078921885 0.0686049977 0.3288499805 0.0000000000 0.3584109343 0.0775173369 1.2565955047 0.0278348943 0.0743114998 1.1902308051 2.0055987729 0.1300129550 5.0333771805 0.8604992548 0.1618056243
0.3474214603 0.3611507344 1.2578995675 0.3584109343 0.0000000000 2.5907500605 0.5216828736 0.1353786538 1.6686010831 0.5976384750 1.1588571073 0.7460259259 2.7819977047 0.1338486556 0.0763817453
2.0728682251 0.7495610519 1.0740918323 0.0775173369 2.5907500605 0.0000000000 1.5226076677 0.6513680571 1.3654148441 0.6535339266 0.4442929340 0.5702169489 1.2348317447 1.4400759851 0.1710877829
0.1284707315 0.0313276176 0.9890094191 1.2565955047 0.5216828736 1.5226076677 0.0000000000 0.1727020094 0.5037079410 2.0723276646 0.8184467159 1.3783888365 0.2113276103 1.1955713033 3.3135799829
0.8979763908 2.3497833059 1.1677208542 0.0278348943 0.1353786538 0.6513680571 0.1727020094 0.0000000000 0.8813570794 1.2241905677 0.4749763023 1.4087113136 0.2061871955 3.6369751284 0.5358418663
0.0441591552 1.1793588274 0.0033295060 0.0743114998 1.6686010831 1.3654148441 0.5037079410 0.8813570794 0.0000000000 2.4194149547 1.0120198751 2.9397902734 1.7593316478 0.7509299555 0.0916446695
0.1890507310 0.3689482681 0.9294549007 1.1902308051 0.5976384750 0.6535339266 2.0723276646 1.2241905677 2.4194149547 0.0000000000 0.6587574489 0.3044075924 0.5112488003 2.9873790694 0.0744758855
0.7132257203 0.7437213355 0.2408346258 2.0055987729 1.1588571073 0.4442929340 0.8184467159 0.4749763023 1.0120198751 0.6587574489 0.0000000000 3.8252614742 0.4852810153 1.1034090265 5.7493197423
1.9890211170 0.7383697499 0.5025816758 0.1300129550 0.7460259259 0.5702169489 1.3783888365 1.4087113136 2.9397902734 0.3044075924 3.8252614742 0.0000000000 0.3438953113 1.2697682042 0.2510711918
1.9630626260 1.0675539417 4.1688169990 5.0333771805 2.7819977047 1.2348317447 0.2113276103 0.2061871955 1.7593316478 0.5112488003 0.4852810153 0.3438953113 0.0000000000 0.2810778934 0.2044752556
1.0973649495 0.8148563403 0.7134864908 0.8604992548 0.1338486556 1.4400759851 1.1955713033 3.6369751284 0.7509299555 2.9873790694 1.1034090265 1.2697682042 0.2810778934 0.0000000000 1.0146018908
4.7648450150 2.4056773000 3.8602579704 0.1618056243 0.0763817453 0.1710877829 3.3135799829 0.5358418663 0.0916446695 0.0744758855 5.7493197423 0.2510711918 0.2044752556 1.0146018908 0.0000000000
