# Graph size: 6
# Optimal cost: 1.2023864624802458

# Distance Matrix
0.0 0.3271809554581576 0.7966865706776203 0.11038930453224594 0.7891150518053902 0.47045211745862936
0.3271809554581576 0.0 0.6514802204961679 0.27307715413560096 0.18413103292131205 0.25111372764453654
0.7966865706776203 0.6514802204961679 0.0 0.26655111017985844 0.3881893148873129 0.004822586604672829
0.11038930453224594 0.27307715413560096 0.26655111017985844 0.0 0.2749893960653742 0.5668396725804562
0.7891150518053902 0.18413103292131205 0.3881893148873129 0.2749893960653742 0.0 0.6623932258315873
0.47045211745862936 0.25111372764453654 0.004822586604672829 0.5668396725804562 0.6623932258315873 0.0

# Optimal Walk
0 3 4 1 5 2 0
