# Graph size: 6
# Optimal cost: 1.422767203934445

# Distance Matrix
0.0 0.10155532067127604 0.9628443056675062 0.41462571438139784 0.9894427659453681 0.40980908380545034
0.10155532067127604 0.0 0.0086028273137162 0.8582748495539648 0.4728258680182216 0.9559838121481198
0.9628443056675062 0.0086028273137162 0.0 0.8181066955245891 0.8611818243217251 0.42165200257489355
0.41462571438139784 0.8582748495539648 0.8181066955245891 0.0 0.41080562358444983 0.4543024143417651
0.9894427659453681 0.4728258680182216 0.8611818243217251 0.41080562358444983 0.0 0.06552571540871144
0.40980908380545034 0.9559838121481198 0.42165200257489355 0.4543024143417651 0.06552571540871144 0.0

# Optimal Walk
0 3 4 5 2 1 0
