# Graph size: 6
# Optimal cost: 1.4182970816417537

# Distance Matrix
0.0 0.15308639593799656 0.20643323894059895 0.9176626567091778 0.15938557918691842 0.2070669753813853
0.15308639593799656 0.0 0.7918826697228982 0.360684472131898 0.04949462319433662 0.9179395348949178
0.20643323894059895 0.7918826697228982 0.0 0.31875829278186485 0.8440401125053183 0.3229071389653504
0.9176626567091778 0.360684472131898 0.31875829278186485 0.0 0.7964678626898212 0.6987750052744783
0.15938557918691842 0.04949462319433662 0.8440401125053183 0.7964678626898212 0.0 0.563756349461931
0.2070669753813853 0.9179395348949178 0.3229071389653504 0.6987750052744783 0.563756349461931 0.0

# Optimal Walk
0 5 2 3 1 4 0
