# Graph size: 6
# Optimal cost: 1.483550683645552

# Distance Matrix
0.0 0.09099045538502626 0.20912496066028696 0.025518349226300474 0.21481595057011205 0.5987399402051655
0.09099045538502626 0.0 0.9144580715525996 0.532392427430619 0.5932912221238895 0.2013256259810503
0.20912496066028696 0.9144580715525996 0.0 0.2968880870683007 0.80183496275064 0.7881552744085797
0.025518349226300474 0.532392427430619 0.2968880870683007 0.0 0.4686128345117302 0.6661921378287005
0.21481595057011205 0.5932912221238895 0.80183496275064 0.4686128345117302 0.0 0.5863247179035271
0.5987399402051655 0.2013256259810503 0.7881552744085797 0.6661921378287005 0.5863247179035271 0.0

# Optimal Walk
0 4 3 2 5 1 0
