# Graph size: 6
# Optimal cost: 1.3875706553924574

# Distance Matrix
0.0 0.3547431982524174 0.38636160119923246 0.5246663032610955 0.8987664739819505 0.1870364183725367
0.3547431982524174 0.0 0.6549915782014216 0.7791054497131831 0.6346402963488155 0.4836821919036718
0.38636160119923246 0.6549915782014216 0.0 0.47505961891450665 0.8911255884118895 0.06385652567751943
0.5246663032610955 0.7791054497131831 0.47505961891450665 0.0 0.045707868529223594 0.07149002922517278
0.8987664739819505 0.6346402963488155 0.8911255884118895 0.045707868529223594 0.0 0.1376549037107333
0.1870364183725367 0.4836821919036718 0.06385652567751943 0.07149002922517278 0.1376549037107333 0.0

# Optimal Walk
0 1 5 4 3 2 0
