# Graph size: 6
# Optimal cost: 2.015306512425518

# Distance Matrix
0.0 0.41649189730316527 0.969098586321263 0.5458316895129075 0.6009106034413806 0.3666915106144589
0.41649189730316527 0.0 0.8408187623397171 0.5548804068158125 0.20536940149479754 0.22927020274286536
0.969098586321263 0.8408187623397171 0.0 0.045879425663832185 0.7361372744300516 0.38804518956973466
0.5458316895129075 0.5548804068158125 0.045879425663832185 0.0 0.8845790859871419 0.4785152650164629
0.6009106034413806 0.20536940149479754 0.7361372744300516 0.8845790859871419 0.0 0.5845047990567809
0.3666915106144589 0.22927020274286536 0.38804518956973466 0.4785152650164629 0.5845047990567809 0.0

# Optimal Walk
0 4 1 5 2 3 0
