# Graph size: 6
# Optimal cost: 1.6507148927404693

# Distance Matrix
0.0 0.20953930955407796 0.5420456175240793 0.824807936005987 0.0380203338928532 0.7795352181183783
0.20953930955407796 0.0 0.7443391906576122 0.07424531953784541 0.24554916517390168 0.6005069675675367
0.5420456175240793 0.7443391906576122 0.0 0.2876421023661996 0.8474472528767898 0.9869626990478737
0.824807936005987 0.07424531953784541 0.2876421023661996 0.0 0.3505163522159417 0.23160617712279508
0.0380203338928532 0.24554916517390168 0.8474472528767898 0.3505163522159417 0.0 0.9692077158614157
0.7795352181183783 0.6005069675675367 0.9869626990478737 0.23160617712279508 0.9692077158614157 0.0

# Optimal Walk
0 4 1 5 3 2 0
