# Graph size: 6
# Optimal cost: 1.0446367893053874

# Distance Matrix
0.0 0.6947129282952247 0.18181381410538144 0.471278356287814 0.37627034557431416 0.016013250338260843
0.6947129282952247 0.0 0.8450017091184959 0.15989235714295236 0.21387039953633435 0.09062799175150493
0.18181381410538144 0.8450017091184959 0.0 0.6214094347910105 0.9360371884116907 0.7105305011529026
0.471278356287814 0.15989235714295236 0.6214094347910105 0.0 0.09396392023580635 0.7833364071696887
0.37627034557431416 0.21387039953633435 0.9360371884116907 0.09396392023580635 0.0 0.5792567531374565
0.016013250338260843 0.09062799175150493 0.7105305011529026 0.7833364071696887 0.5792567531374565 0.0

# Optimal Walk
0 2 5 4 3 1 0
