# Graph size: 6
# Optimal cost: 0.9910573591858907

# Distance Matrix
0.0 0.05294379491793988 0.36683868988464297 0.254839424343852 0.8166985137089645 0.35705223725078306
0.05294379491793988 0.0 0.9110497242600469 0.4261781440672471 0.852553712350779 0.3744850274823929
0.36683868988464297 0.9110497242600469 0.0 0.23957296721444188 7.912203071230861E-4 0.7947754071183939
0.254839424343852 0.4261781440672471 0.23957296721444188 0.0 0.36759547474558885 0.29713335379348194
0.8166985137089645 0.852553712350779 7.912203071230861E-4 0.36759547474558885 0.0 0.06842492492014096
0.35705223725078306 0.3744850274823929 0.7947754071183939 0.29713335379348194 0.06842492492014096 0.0

# Optimal Walk
0 3 2 4 5 1 0
