# Graph size: 6
# Optimal cost: 2.005600498852572

# Distance Matrix
0.0 0.605968490991431 0.9946713370410069 0.2253816225979024 0.5005949262563291 0.9490287016241018
0.605968490991431 0.0 0.5431201434459594 0.8061481672412694 0.3267553478702008 0.8859727904796789
0.9946713370410069 0.5431201434459594 0.0 0.32413840494765445 0.014281747975140813 0.32426214065170633
0.2253816225979024 0.8061481672412694 0.32413840494765445 0.0 0.1704072601393437 0.8861948242764826
0.5005949262563291 0.3267553478702008 0.014281747975140813 0.1704072601393437 0.0 0.39296816080168506
0.9490287016241018 0.8859727904796789 0.32426214065170633 0.8861948242764826 0.39296816080168506 0.0

# Optimal Walk
0 3 4 5 2 1 0
