# Graph size: 6
# Optimal cost: 1.5893784535356237

# Distance Matrix
0.0 0.7801634859360469 0.4771244151518872 0.9093756835108008 0.6291136132590972 0.41238670609019135
0.7801634859360469 0.0 0.27877159078158176 0.17188822955601657 0.3062300821380629 0.5176587307359621
0.4771244151518872 0.27877159078158176 0.0 0.9945354437822961 0.7046524324189521 0.20449343033671086
0.9093756835108008 0.17188822955601657 0.9945354437822961 0.0 0.05191330687146789 0.2432370241145546
0.6291136132590972 0.3062300821380629 0.7046524324189521 0.05191330687146789 0.0 0.19729420508447892
0.41238670609019135 0.5176587307359621 0.20449343033671086 0.2432370241145546 0.19729420508447892 0.0

# Optimal Walk
0 5 4 3 1 2 0
