# Graph size: 6
# Optimal cost: 1.6919090338414964

# Distance Matrix
0.0 0.8580148329075443 0.9111854757843585 0.5894414203920855 0.40749208329927067 0.22044130892711955
0.8580148329075443 0.0 0.6480761055876102 0.9714835285936144 0.7900472721732879 0.4041762557256542
0.9111854757843585 0.6480761055876102 0.0 0.9898855053531286 0.022415349815225305 0.18904643251169384
0.5894414203920855 0.9714835285936144 0.9898855053531286 0.0 0.9947444862982694 0.022080673918439375
0.40749208329927067 0.7900472721732879 0.022415349815225305 0.9947444862982694 0.0 0.22002264134140603
0.22044130892711955 0.4041762557256542 0.18904643251169384 0.022080673918439375 0.22002264134140603 0.0

# Optimal Walk
0 4 2 5 1 3 0
