# Graph size: 6
# Optimal cost: 1.87936013973385

# Distance Matrix
0.0 0.8032583581311442 0.5720791799577086 0.014725520917903911 0.05265529984636641 0.6913505059750826
0.8032583581311442 0.0 0.7232535343724881 0.5945699179421519 0.37976369492329354 0.9069215606400453
0.5720791799577086 0.7232535343724881 0.0 0.4380009326078994 0.2883623862181426 0.589338986216625
0.014725520917903911 0.5945699179421519 0.4380009326078994 0.0 0.8164535438219299 0.5557556068796794
0.05265529984636641 0.37976369492329354 0.2883623862181426 0.8164535438219299 0.0 0.20417316796121854
0.6913505059750826 0.9069215606400453 0.589338986216625 0.5557556068796794 0.20417316796121854 0.0

# Optimal Walk
0 3 5 4 2 1 0
