# Graph size: 6
# Optimal cost: 1.6803001632227634

# Distance Matrix
0.0 0.9089805066025619 0.8052864090515673 0.021787763063592758 0.9046648626369875 0.7025583219437884
0.9089805066025619 0.0 0.38160047294676436 0.7019412351765683 0.14363577494937196 0.5938630472847567
0.8052864090515673 0.38160047294676436 0.0 0.033499775948864 0.7412536559502116 0.30699001506758505
0.021787763063592758 0.7019412351765683 0.033499775948864 0.0 0.7793272022088725 0.9887150141865649
0.9046648626369875 0.14363577494937196 0.7412536559502116 0.7793272022088725 0.0 0.9406904916171052
0.7025583219437884 0.5938630472847567 0.30699001506758505 0.9887150141865649 0.9406904916171052 0.0

# Optimal Walk
0 3 2 5 4 1 0
