# Graph size: 6
# Optimal cost: 2.020557175751633

# Distance Matrix
0.0 0.18722913683700915 0.798518400807027 0.42815558027439615 0.7378965087023757 0.12952564862754634
0.18722913683700915 0.0 0.3038993242071196 0.31868889850148685 0.3509450315845707 0.848060171524567
0.798518400807027 0.3038993242071196 0.0 0.7656191742966783 0.6761931618847105 0.6578863950995159
0.42815558027439615 0.31868889850148685 0.7656191742966783 0.0 0.18737748138632515 0.8123184869561321
0.7378965087023757 0.3509450315845707 0.6761931618847105 0.18737748138632515 0.0 0.7985241548302889
0.12952564862754634 0.848060171524567 0.6578863950995159 0.8123184869561321 0.7985241548302889 0.0

# Optimal Walk
0 5 3 4 2 1 0
