# Graph size: 6
# Optimal cost: 2.1830524905885023

# Distance Matrix
0.0 0.6538592534720445 0.16598807525404613 0.9144033396863753 0.91815949047672 0.8051143721924299
0.6538592534720445 0.0 0.85838541960722 0.594268823137734 0.06117354788167739 0.5118724734224757
0.16598807525404613 0.85838541960722 0.0 0.92443618994243 0.654577587216079 0.21713806989402462
0.9144033396863753 0.594268823137734 0.92443618994243 0.0 0.5203138673484791 0.9079412729961807
0.91815949047672 0.06117354788167739 0.654577587216079 0.5203138673484791 0.0 0.24286204264222222
0.8051143721924299 0.5118724734224757 0.21713806989402462 0.9079412729961807 0.24286204264222222 0.0

# Optimal Walk
0 3 4 1 5 2 0
