# Graph size: 6
# Optimal cost: 0.9276604254398924

# Distance Matrix
0.0 0.05066225373584987 0.07510367463703549 0.2514424531791922 0.815359167532803 0.2624023355504379
0.05066225373584987 0.0 0.22495828378681948 0.40027414341229217 0.15753506809695228 0.9426317750609718
0.07510367463703549 0.22495828378681948 0.0 0.7370085062607471 0.2822237503459931 0.09853585757532246
0.2514424531791922 0.40027414341229217 0.7370085062607471 0.0 0.12074158600318208 0.8179260290437528
0.815359167532803 0.15753506809695228 0.2822237503459931 0.12074158600318208 0.0 0.7516219536594168
0.2624023355504379 0.9426317750609718 0.09853585757532246 0.8179260290437528 0.7516219536594168 0.0

# Optimal Walk
0 5 2 3 4 1 0
