# Graph size: 6
# Optimal cost: 1.0175488672298216

# Distance Matrix
0.0 0.8972897156935381 0.19057238792426778 0.698192482897647 0.9787821260195411 0.7923886739997589
0.8972897156935381 0.0 0.1799524683533762 0.04735117950027434 0.19819417529048788 0.8103505027381285
0.19057238792426778 0.1799524683533762 0.0 0.3272103211671473 0.16218164062036355 6.867240582548728E-4
0.698192482897647 0.04735117950027434 0.3272103211671473 0.0 0.3856028567238312 0.8436978584118073
0.9787821260195411 0.19819417529048788 0.16218164062036355 0.3856028567238312 0.0 0.4832262130383427
0.7923886739997589 0.8103505027381285 6.867240582548728E-4 0.8436978584118073 0.4832262130383427 0.0

# Optimal Walk
0 5 2 4 3 1 0
