# Graph size: 6
# Optimal cost: 1.3407774733293183

# Distance Matrix
0.0 0.9819988702470204 0.7826130141947026 0.3540995086613524 0.283578727681955 0.6793287641149842
0.9819988702470204 0.0 0.5366554280367165 0.7206408871442211 0.16972286793462865 0.5362545204394693
0.7826130141947026 0.5366554280367165 0.0 0.08132430859543627 0.49415414081548503 0.24918882073884951
0.3540995086613524 0.7206408871442211 0.08132430859543627 0.0 0.005603001500305238 0.7976758757894371
0.283578727681955 0.16972286793462865 0.49415414081548503 0.005603001500305238 0.0 0.13015983095233397
0.6793287641149842 0.5362545204394693 0.24918882073884951 0.7976758757894371 0.13015983095233397 0.0

# Optimal Walk
0 5 4 3 2 1 0
