# Graph size: 6
# Optimal cost: 1.7219716744853364

# Distance Matrix
0.0 0.9845466775327507 0.7900483185561887 0.9596060879954615 0.9018459028289378 0.1368894416623614
0.9845466775327507 0.0 0.3161532428697782 0.6910403283231622 0.14249013812168976 0.2826473833627928
0.7900483185561887 0.3161532428697782 0.0 0.8525776645224752 0.2422244575492044 0.09358303062884687
0.9596060879954615 0.6910403283231622 0.8525776645224752 0.0 0.9832295047104274 0.4826952696692751
0.9018459028289378 0.14249013812168976 0.2422244575492044 0.9832295047104274 0.0 0.005327957160495167
0.1368894416623614 0.2826473833627928 0.09358303062884687 0.4826952696692751 0.005327957160495167 0.0

# Optimal Walk
0 5 3 2 4 1 0
