# Graph size: 6
# Optimal cost: 1.6052812877143217

# Distance Matrix
0.0 0.018368446978428987 0.09199208134186043 0.7418407515305957 0.014990729454050777 0.7725366010757813
0.018368446978428987 0.0 0.6611522025499503 0.6159661415745789 0.9243521394250275 0.6055790131035074
0.09199208134186043 0.6611522025499503 0.0 0.49920351940570606 0.9046623558007745 0.8204609860948494
0.7418407515305957 0.6159661415745789 0.49920351940570606 0.0 0.5087629055599655 0.9921566307206356
0.014990729454050777 0.9243521394250275 0.9046623558007745 0.5087629055599655 0.0 0.2267975789979405
0.7725366010757813 0.6055790131035074 0.8204609860948494 0.9921566307206356 0.2267975789979405 0.0

# Optimal Walk
0 1 5 4 3 2 0
