# Graph size: 6
# Optimal cost: 1.3713567325864395

# Distance Matrix
0.0 0.6295934561916913 0.44620896036673907 0.8910391755799639 0.3966533409864964 0.07816383693282125
0.6295934561916913 0.0 0.9964974386889508 0.26259092407584317 0.31887357185280873 0.4892562246109724
0.44620896036673907 0.9964974386889508 0.0 0.6741674388849248 0.7936495667589496 0.22102612012199108
0.8910391755799639 0.26259092407584317 0.6741674388849248 0.0 0.05972986453390172 0.06589122900713063
0.3966533409864964 0.31887357185280873 0.7936495667589496 0.05972986453390172 0.0 0.6408428071174745
0.07816383693282125 0.4892562246109724 0.22102612012199108 0.06589122900713063 0.6408428071174745 0.0

# Optimal Walk
0 5 2 3 4 1 0
