# Graph size: 6
# Optimal cost: 2.842305270170089

# Distance Matrix
0.0 0.7757305872905147 0.5025210144735848 0.1800422018377782 0.41472497798054975 0.745566495549001
0.7757305872905147 0.0 0.8176183939633914 0.9963360061677197 0.841976731592502 0.8283913889791853
0.5025210144735848 0.8176183939633914 0.0 0.4208424349013349 0.1961760333198037 0.349739507200477
0.1800422018377782 0.9963360061677197 0.4208424349013349 0.0 0.5122255515423304 0.8711719738138802
0.41472497798054975 0.841976731592502 0.1961760333198037 0.5122255515423304 0.0 0.6068852730376414
0.745566495549001 0.8283913889791853 0.349739507200477 0.8711719738138802 0.6068852730376414 0.0

# Optimal Walk
0 3 4 2 5 1 0
