# Graph size: 17
# Optimal cost: 1.5942065153405216

# Distance Matrix
0.0 0.7824925921619721 0.7497161172090615 0.7090767791940538 0.19731424030979783 0.5915492600754634 0.19314313380481718 0.8679768469814555 0.729779350551922 0.7313959356866299 0.6865731308676662 0.3233924241810495 0.4136350817048511 0.8613333911065884 0.09135502885568125 0.9025054198814166 0.03986304955560227
0.7824925921619721 0.0 0.048088689409306995 0.7846520734379718 0.16150636900507387 0.025924536848602964 0.854586392543832 0.9220155068178505 0.3321351494676994 0.6340233342343798 0.19754995359488692 0.6327061784695731 0.04121746943448379 0.22357181824507644 0.35750893746172696 0.37631006960889213 0.8786674514861986
0.7497161172090615 0.048088689409306995 0.0 0.6653327331428308 0.8538888946392122 0.7448582088060046 0.23415250377349683 0.7409973029097348 0.5082125886314599 0.5815747061432829 0.9485938153320479 0.0794998211300545 0.9100426714153913 0.4055418339691277 0.2339020978861609 0.940157872510308 0.673147394444302
0.7090767791940538 0.7846520734379718 0.6653327331428308 0.0 0.7809842400921588 0.002824722370479149 0.9427663071278177 0.32347283296347584 0.4505387277487479 0.22050694153073302 0.6660622556120768 0.39585618190677085 0.763790249658255 0.1403469867672077 0.888517452915489 0.33301663618626054 0.1755184982275444
0.19731424030979783 0.16150636900507387 0.8538888946392122 0.7809842400921588 0.0 0.31895019798086277 0.12920312383585575 0.07821185567188271 0.36251422059554195 0.11846550462376926 0.06151216675071747 0.8320492591020797 0.8134870909817243 0.9993125788793917 0.31881174378789845 0.30429367306943966 0.5835028938293854
0.5915492600754634 0.025924536848602964 0.7448582088060046 0.002824722370479149 0.31895019798086277 0.0 0.28228566915942854 0.18863901517197723 0.9331133508667704 0.27255014438813163 0.2162462619726464 0.700841765206612 0.9670591244746766 0.1872513422468678 0.12609286241818063 0.655104221190451 0.009172125083675708
0.19314313380481718 0.854586392543832 0.23415250377349683 0.9427663071278177 0.12920312383585575 0.28228566915942854 0.0 0.07539770518802635 0.13542390760419754 0.2045882228567829 0.6079673368241483 0.7849005368474203 0.4592849906698193 0.714958182750016 0.7466422513493433 0.6919161499389133 0.5446190782758354
0.8679768469814555 0.9220155068178505 0.7409973029097348 0.32347283296347584 0.07821185567188271 0.18863901517197723 0.07539770518802635 0.0 0.7518479973400793 0.6297104731559897 0.7673155105181095 0.3995147794574001 0.21486658712338724 0.9953628037078577 0.7063339812749555 0.2970740563844114 0.832528147628656
0.729779350551922 0.3321351494676994 0.5082125886314599 0.4505387277487479 0.36251422059554195 0.9331133508667704 0.13542390760419754 0.7518479973400793 0.0 0.2922091726432985 0.6331502016208937 0.6656974899862681 0.4600323198470543 0.450656379400427 0.5103075159707068 0.38481178912538916 0.8806080401156605
0.7313959356866299 0.6340233342343798 0.5815747061432829 0.22050694153073302 0.11846550462376926 0.27255014438813163 0.2045882228567829 0.6297104731559897 0.2922091726432985 0.0 0.6520286008553223 0.5323054656358053 0.893540824961039 0.10117460894151487 0.45263884774884255 0.46335263453979747 0.48954773960492126
0.6865731308676662 0.19754995359488692 0.9485938153320479 0.6660622556120768 0.06151216675071747 0.2162462619726464 0.6079673368241483 0.7673155105181095 0.6331502016208937 0.6520286008553223 0.0 0.45436196266095186 0.8553709535495222 0.09118640410259593 0.9462528718302229 0.17147155086537824 0.43793387981233334
0.3233924241810495 0.6327061784695731 0.0794998211300545 0.39585618190677085 0.8320492591020797 0.700841765206612 0.7849005368474203 0.3995147794574001 0.6656974899862681 0.5323054656358053 0.45436196266095186 0.0 0.7120292277614981 0.10885805277632532 0.47474814097524687 0.44480093157513145 0.836165163828677
0.4136350817048511 0.04121746943448379 0.9100426714153913 0.763790249658255 0.8134870909817243 0.9670591244746766 0.4592849906698193 0.21486658712338724 0.4600323198470543 0.893540824961039 0.8553709535495222 0.7120292277614981 0.0 0.44308479939081225 0.6523720938713934 0.8289485323919173 0.1092841149860232
0.8613333911065884 0.22357181824507644 0.4055418339691277 0.1403469867672077 0.9993125788793917 0.1872513422468678 0.714958182750016 0.9953628037078577 0.450656379400427 0.10117460894151487 0.09118640410259593 0.10885805277632532 0.44308479939081225 0.0 0.6052605975537406 0.025870421137912714 0.5898605740836648
0.09135502885568125 0.35750893746172696 0.2339020978861609 0.888517452915489 0.31881174378789845 0.12609286241818063 0.7466422513493433 0.7063339812749555 0.5103075159707068 0.45263884774884255 0.9462528718302229 0.47474814097524687 0.6523720938713934 0.6052605975537406 0.0 0.7816557355855018 0.9783638949422033
0.9025054198814166 0.37631006960889213 0.940157872510308 0.33301663618626054 0.30429367306943966 0.655104221190451 0.6919161499389133 0.2970740563844114 0.38481178912538916 0.46335263453979747 0.17147155086537824 0.44480093157513145 0.8289485323919173 0.025870421137912714 0.7816557355855018 0.0 0.19718419890767813
0.03986304955560227 0.8786674514861986 0.673147394444302 0.1755184982275444 0.5835028938293854 0.009172125083675708 0.5446190782758354 0.832528147628656 0.8806080401156605 0.48954773960492126 0.43793387981233334 0.836165163828677 0.1092841149860232 0.5898605740836648 0.9783638949422033 0.19718419890767813 0.0

# Optimal Walk
0 14 16 5 3 12 1 2 11 15 13 9 10 4 7 8 6 0
