# MCW Instance
# Type: UNIFORM
# N: 17
# Optimal cost: 1.5878349233216573
# Optimal tour (permutation): [0, 1, 15, 7, 3, 16, 5, 11, 2, 6, 12, 9, 13, 14, 10, 8, 4, 0]
# Optimal walk (full path): [0, 1, 15, 7, 3, 7, 16, 5, 11, 2, 11, 6, 12, 9, 13, 10, 14, 10, 8, 4, 8, 10, 0]
# Walk size: 23
# Is walk (has repeats): true

# Distance Matrix
0.0000000000 0.0775020464 0.9122233806 0.3606150352 0.7839371477 0.9837220619 0.5694692020 0.0982408866 0.6403987119 0.3161991295 0.0678898801 0.8715389024 0.6926354512 0.3225062645 0.7801278903 0.4956342301 0.6160269533
0.0775020464 0.0000000000 0.6306812918 0.2420692574 0.4135528791 0.7600502286 0.7660603588 0.2018170525 0.3983393274 0.9794803230 0.4884555377 0.8853484520 0.7164027547 0.6391987083 0.7941892212 0.1058386599 0.6634989111
0.9122233806 0.6306812918 0.0000000000 0.6935191083 0.5066000494 0.6492997339 0.4794818451 0.1872288715 0.7389861952 0.7060957796 0.5239362483 0.0030836277 0.1555539219 0.9860605194 0.2520273512 0.1892820952 0.8787901454
0.3606150352 0.2420692574 0.6935191083 0.0000000000 0.5543571851 0.9683821240 0.7404861015 0.0957804124 0.3558843738 0.5565422103 0.2772411851 0.9013439161 0.8579463565 0.3825052201 0.6711911131 0.6824599570 0.2340694321
0.7839371477 0.4135528791 0.5066000494 0.5543571851 0.0000000000 0.3530980163 0.2972695806 0.3963109655 0.0362609038 0.6734018140 0.2590905598 0.4233692469 0.3586705494 0.1921756291 0.6300486966 0.2873059959 0.0825290016
0.9837220619 0.7600502286 0.6492997339 0.9683821240 0.3530980163 0.0000000000 0.3502013390 0.4801795876 0.4251025776 0.9104013931 0.6536997254 0.2176189991 0.3635960454 0.5472086386 0.2834439485 0.5635395052 0.1127917259
0.5694692020 0.7660603588 0.4794818451 0.7404861015 0.2972695806 0.3502013390 0.0000000000 0.5661326891 0.9199232333 0.3007313833 0.3216282129 0.2094364571 0.1158860062 0.7885343002 0.7584806372 0.6173929165 0.5798183439
0.0982408866 0.2018170525 0.1872288715 0.0957804124 0.3963109655 0.4801795876 0.5661326891 0.0000000000 0.1206152047 0.9765403989 0.7529319476 0.5473904713 0.7171265788 0.6033110635 0.5952777461 0.0126299741 0.0890688834
0.6403987119 0.3983393274 0.7389861952 0.3558843738 0.0362609038 0.4251025776 0.9199232333 0.1206152047 0.0000000000 0.5538110029 0.0127635722 0.9665576772 0.4902194278 0.6086757423 0.0931744040 0.9482480975 0.1807795575
0.3161991295 0.9794803230 0.7060957796 0.5565422103 0.6734018140 0.9104013931 0.3007313833 0.9765403989 0.5538110029 0.0000000000 0.2212042514 0.6093829034 0.1517532570 0.0669305176 0.1214946813 0.7287071009 0.0520552294
0.0678898801 0.4884555377 0.5239362483 0.2772411851 0.2590905598 0.6536997254 0.3216282129 0.7529319476 0.0127635722 0.2212042514 0.0000000000 0.5517781032 0.2711670596 0.0363331212 0.0141891815 0.5357044758 0.9887716701
0.8715389024 0.8853484520 0.0030836277 0.9013439161 0.4233692469 0.2176189991 0.2094364571 0.5473904713 0.9665576772 0.6093829034 0.5517781032 0.0000000000 0.4363101011 0.6319052205 0.6379354810 0.6138337789 0.5180380507
0.6926354512 0.7164027547 0.1555539219 0.8579463565 0.3586705494 0.3635960454 0.1158860062 0.7171265788 0.4902194278 0.1517532570 0.2711670596 0.4363101011 0.0000000000 0.6057143598 0.8761699196 0.9065864552 0.5318343870
0.3225062645 0.6391987083 0.9860605194 0.3825052201 0.1921756291 0.5472086386 0.7885343002 0.6033110635 0.6086757423 0.0669305176 0.0363331212 0.6319052205 0.6057143598 0.0000000000 0.8148896529 0.2374070176 0.4907952353
0.7801278903 0.7941892212 0.2520273512 0.6711911131 0.6300486966 0.2834439485 0.7584806372 0.5952777461 0.0931744040 0.1214946813 0.0141891815 0.6379354810 0.8761699196 0.8148896529 0.0000000000 0.2040779713 0.8639709678
0.4956342301 0.1058386599 0.1892820952 0.6824599570 0.2873059959 0.5635395052 0.6173929165 0.0126299741 0.9482480975 0.7287071009 0.5357044758 0.6138337789 0.9065864552 0.2374070176 0.2040779713 0.0000000000 0.8006473287
0.6160269533 0.6634989111 0.8787901454 0.2340694321 0.0825290016 0.1127917259 0.5798183439 0.0890688834 0.1807795575 0.0520552294 0.9887716701 0.5180380507 0.5318343870 0.4907952353 0.8639709678 0.8006473287 0.0000000000
