# Graph size: 17
# Optimal cost: 1.6028250918604614

# Distance Matrix
0.0 0.9821789653679295 0.8699909837764158 0.8729275500641629 0.916699649768735 0.4402369370173983 0.28776480789508585 0.9892044704938229 0.09049344098182843 0.06297198696322437 0.9282540535844833 0.4638320639434663 0.2800323687670989 0.5095901085853936 0.42963063160341997 0.43336986604130756 0.7658089217187375
0.9821789653679295 0.0 0.188264888298046 0.5906810822698968 0.09377933857617715 0.3902397983854572 0.9004705062817887 0.2061618179580622 0.10982930876198493 0.310822642586851 0.19106556417387477 0.7271448184388631 0.6235778086056534 0.29155506117252306 0.16758524122938134 0.36259480897056584 0.14540784531919426
0.8699909837764158 0.188264888298046 0.0 9.08325816854294E-4 0.7875523055649633 0.45033390163415987 0.3620716634640462 0.13718687912416339 0.12921778525927485 0.6687129606704533 0.4284242422253558 0.5858942351125807 0.9589945973974099 0.9347234980391825 0.6230036268040112 0.2287644161201069 0.9879486845413118
0.8729275500641629 0.5906810822698968 9.08325816854294E-4 0.0 0.6399475554173202 0.3423420739955064 0.47040774379217765 0.5700631116537335 0.21265782484304918 0.28486853934707057 0.0260581274738233 0.23659379950781545 0.8625433262694784 0.3324898213537316 0.022698934372293644 0.38368501850279413 0.7639507236851711
0.916699649768735 0.09377933857617715 0.7875523055649633 0.6399475554173202 0.0 0.07641391720856738 0.00588264010956463 0.6345160391709399 0.864195512506961 0.15350595224940333 0.01584942633527653 0.8826011293103871 0.9654105069276355 0.5604436167809632 0.49908813764068516 0.789466665967342 0.7215642919402696
0.4402369370173983 0.3902397983854572 0.45033390163415987 0.3423420739955064 0.07641391720856738 0.0 0.8951653197932944 0.455272736852792 0.5577808377681629 0.7166953936360008 0.03858117311619014 0.8845461621045249 0.13011296624492308 0.8460726777801124 0.1342432894547363 0.2964123488541115 0.5738511420282018
0.28776480789508585 0.9004705062817887 0.3620716634640462 0.47040774379217765 0.00588264010956463 0.8951653197932944 0.0 0.8089058409732381 0.8496486076126802 0.7690366568052589 0.30440793784226083 0.6393947613302158 0.8100735943537626 0.806543843366541 0.971696272874441 0.8523198122159384 0.7843174582123017
0.9892044704938229 0.2061618179580622 0.13718687912416339 0.5700631116537335 0.6345160391709399 0.455272736852792 0.8089058409732381 0.0 0.031941677732258644 0.2889586036109625 0.9600397251767857 0.6714563235388242 0.5745872630656602 0.8183838606409948 0.8296774286585472 0.5886878949680476 0.8636528438745301
0.09049344098182843 0.10982930876198493 0.12921778525927485 0.21265782484304918 0.864195512506961 0.5577808377681629 0.8496486076126802 0.031941677732258644 0.0 0.7445492356309119 0.5924385751919261 0.39257236245898464 0.4228359075006517 0.9645739945452105 0.5914212030769407 0.7794522793069355 0.1765983189772199
0.06297198696322437 0.310822642586851 0.6687129606704533 0.28486853934707057 0.15350595224940333 0.7166953936360008 0.7690366568052589 0.2889586036109625 0.7445492356309119 0.0 0.40297540606464466 0.15993948541116876 0.7055601764311211 0.7245079877027092 0.31956747222395254 0.8592980710491085 0.2432995439390243
0.9282540535844833 0.19106556417387477 0.4284242422253558 0.0260581274738233 0.01584942633527653 0.03858117311619014 0.30440793784226083 0.9600397251767857 0.5924385751919261 0.40297540606464466 0.0 0.01779552334282719 0.5203453803688233 0.17311805590190998 0.14741169589529424 0.8810273182900635 0.8041495260857299
0.4638320639434663 0.7271448184388631 0.5858942351125807 0.23659379950781545 0.8826011293103871 0.8845461621045249 0.6393947613302158 0.6714563235388242 0.39257236245898464 0.15993948541116876 0.01779552334282719 0.0 0.5547294252548337 0.3432165356701715 0.8618362101387206 0.6820052232944646 0.15480878746484028
0.2800323687670989 0.6235778086056534 0.9589945973974099 0.8625433262694784 0.9654105069276355 0.13011296624492308 0.8100735943537626 0.5745872630656602 0.4228359075006517 0.7055601764311211 0.5203453803688233 0.5547294252548337 0.0 0.2688432613140367 0.9629390053910384 0.39138512310148355 0.5183556149212976
0.5095901085853936 0.29155506117252306 0.9347234980391825 0.3324898213537316 0.5604436167809632 0.8460726777801124 0.806543843366541 0.8183838606409948 0.9645739945452105 0.7245079877027092 0.17311805590190998 0.3432165356701715 0.2688432613140367 0.0 0.5043424074967923 0.9132097695374676 0.4942433957864082
0.42963063160341997 0.16758524122938134 0.6230036268040112 0.022698934372293644 0.49908813764068516 0.1342432894547363 0.971696272874441 0.8296774286585472 0.5914212030769407 0.31956747222395254 0.14741169589529424 0.8618362101387206 0.9629390053910384 0.5043424074967923 0.0 0.03326397642761669 0.40279770850589036
0.43336986604130756 0.36259480897056584 0.2287644161201069 0.38368501850279413 0.789466665967342 0.2964123488541115 0.8523198122159384 0.5886878949680476 0.7794522793069355 0.8592980710491085 0.8810273182900635 0.6820052232944646 0.39138512310148355 0.9132097695374676 0.03326397642761669 0.0 0.7683670014026676
0.7658089217187375 0.14540784531919426 0.9879486845413118 0.7639507236851711 0.7215642919402696 0.5738511420282018 0.7843174582123017 0.8636528438745301 0.1765983189772199 0.2432995439390243 0.8041495260857299 0.15480878746484028 0.5183556149212976 0.4942433957864082 0.40279770850589036 0.7683670014026676 0.0

# Optimal Walk
0 9 6 4 10 13 12 5 15 14 3 2 11 16 1 8 7 0
