# MCW Instance
# Type: UNIFORM
# N: 17
# Optimal cost: 1.3995990571020782
# Optimal tour (permutation): [0, 13, 5, 10, 1, 11, 9, 12, 6, 2, 16, 4, 7, 8, 3, 14, 15, 0]
# Optimal walk (full path): [0, 13, 5, 10, 1, 5, 11, 9, 12, 6, 12, 2, 4, 16, 4, 7, 8, 3, 8, 7, 4, 14, 15, 5, 13, 0]
# Walk size: 26
# Is walk (has repeats): true

# Distance Matrix
0.0000000000 0.5937366918 0.7898019062 0.8274504602 0.8393892381 0.9230015529 0.8042284388 0.7430313293 0.6488876779 0.2635027442 0.8323756298 0.7998124096 0.6842710772 0.0388731288 0.7852038799 0.5110892895 0.2559900547
0.5937366918 0.0000000000 0.9692818052 0.1610276183 0.1164154153 0.0636865837 0.7414166963 0.2369148865 0.8490469171 0.6242960965 0.0879380227 0.4991245314 0.2383616202 0.9061211549 0.7815593402 0.5572401941 0.4646165540
0.7898019062 0.9692818052 0.0000000000 0.4452747704 0.1436410760 0.2329498267 0.1437602935 0.5578046901 0.5431564666 0.9919581329 0.5616173509 0.1289748022 0.0191173941 0.3963085747 0.2996144108 0.8605934621 0.5980237219
0.8274504602 0.1610276183 0.4452747704 0.0000000000 0.7944307542 0.3983183186 0.7879426746 0.0976265087 0.0375175948 0.6904090708 0.3397761607 0.2092718722 0.6133764965 0.7013109522 0.2080184072 0.4333188330 0.2226869791
0.8393892381 0.1164154153 0.1436410760 0.7944307542 0.0000000000 0.5635576390 0.8182107090 0.0056013448 0.4876371815 0.7200680914 0.2474147909 0.2976308298 0.1791995204 0.8018620356 0.0231976949 0.2992123628 0.0768463148
0.9230015529 0.0636865837 0.2329498267 0.3983183186 0.5635576390 0.0000000000 0.9573448309 0.3554867628 0.6993742701 0.3332939709 0.0831436779 0.0024969227 0.7699871562 0.0069041040 0.8605782400 0.1525967044 0.7261754338
0.8042284388 0.7414166963 0.1437602935 0.7879426746 0.8182107090 0.9573448309 0.0000000000 0.2456587583 0.2372007421 0.4158934262 0.4886003667 0.4591661146 0.0094415781 0.2624824770 0.8049207670 0.6989419891 0.4602486335
0.7430313293 0.2369148865 0.5578046901 0.0976265087 0.0056013448 0.3554867628 0.2456587583 0.0000000000 0.0187188137 0.5012138402 0.3822514617 0.5847097742 0.8385339402 0.2288649601 0.4410843736 0.2969994275 0.9037346237
0.6488876779 0.8490469171 0.5431564666 0.0375175948 0.4876371815 0.6993742701 0.2372007421 0.0187188137 0.0000000000 0.4484122735 0.9553768984 0.1535921026 0.4753845053 0.5490580718 0.3383811040 0.5505368210 0.3177835380
0.2635027442 0.6242960965 0.9919581329 0.6904090708 0.7200680914 0.3332939709 0.4158934262 0.5012138402 0.4484122735 0.0000000000 0.9410357683 0.1821230052 0.0566883961 0.4472238361 0.6777476723 0.9421788801 0.5301426902
0.8323756298 0.0879380227 0.5616173509 0.3397761607 0.2474147909 0.0831436779 0.4886003667 0.3822514617 0.9553768984 0.9410357683 0.0000000000 0.1196152722 0.6655655716 0.7435387745 0.9317249932 0.4642380319 0.8014122936
0.7998124096 0.4991245314 0.1289748022 0.2092718722 0.2976308298 0.0024969227 0.4591661146 0.5847097742 0.1535921026 0.1821230052 0.1196152722 0.0000000000 0.7231146864 0.2972315805 0.1952926110 0.4417193776 0.4894909043
0.6842710772 0.2383616202 0.0191173941 0.6133764965 0.1791995204 0.7699871562 0.0094415781 0.8385339402 0.4753845053 0.0566883961 0.6655655716 0.7231146864 0.0000000000 0.1592268398 0.3885834568 0.4510824822 0.4768020188
0.0388731288 0.9061211549 0.3963085747 0.7013109522 0.8018620356 0.0069041040 0.2624824770 0.2288649601 0.5490580718 0.4472238361 0.7435387745 0.2972315805 0.1592268398 0.0000000000 0.8195493336 0.3975844765 0.7049122674
0.7852038799 0.7815593402 0.2996144108 0.2080184072 0.0231976949 0.8605782400 0.8049207670 0.4410843736 0.3383811040 0.6777476723 0.9317249932 0.1952926110 0.3885834568 0.8195493336 0.0000000000 0.1971638218 0.2652818011
0.5110892895 0.5572401941 0.8605934621 0.4333188330 0.2992123628 0.1525967044 0.6989419891 0.2969994275 0.5505368210 0.9421788801 0.4642380319 0.4417193776 0.4510824822 0.3975844765 0.1971638218 0.0000000000 0.6013005895
0.2559900547 0.4646165540 0.5980237219 0.2226869791 0.0768463148 0.7261754338 0.4602486335 0.9037346237 0.3177835380 0.5301426902 0.8014122936 0.4894909043 0.4768020188 0.7049122674 0.2652818011 0.6013005895 0.0000000000
