# Graph size: 17
# Optimal cost: 2.248433556297821

# Distance Matrix
0.0 0.3842257770699897 0.2118525681274357 0.8280695760790955 0.6471367696969363 0.9569858788145899 0.5057739123171227 0.3788155045831655 0.8101942469710692 0.6106612455947109 0.9129798297544348 0.38095873259867197 0.271319606214791 0.9174959086308458 0.36880893726189024 0.2522350932177946 0.5091975302392561
0.3842257770699897 0.0 0.11230756832556599 0.35449014854853445 0.8547391625521144 0.09924783547384197 0.719423776487332 0.3696880603659095 0.015320189314979027 0.2565294886525482 0.5791553397952233 0.17138336579343982 0.3300519878841226 0.43540050497142857 0.1290616787328981 0.03400254983162332 0.5968012246212469
0.2118525681274357 0.11230756832556599 0.0 0.8116480782045443 0.4681154496270924 0.43512345325985335 0.4083955970195917 0.7628418806313434 0.6859740556353533 0.25174870463750976 0.4086191958732813 0.7839531220298244 0.174918101579699 0.7640522125787715 0.46424008566541597 0.6278201392299422 0.15861845188876167
0.8280695760790955 0.35449014854853445 0.8116480782045443 0.0 0.5066684721932643 0.5385002183955157 0.8438315621779744 0.4697443156895247 0.28200828469359174 0.3649759331569088 0.30323571566456353 0.6875272414784297 0.4557485713013364 0.11544251256536098 0.7457755004558354 0.10674700106234547 0.9915581029213082
0.6471367696969363 0.8547391625521144 0.4681154496270924 0.5066684721932643 0.0 0.1313535297183238 0.8598855781727011 0.6512067624238813 0.5502848228729674 0.4457724776311047 0.9174791915503544 0.7676172302745943 0.37824495004120595 0.26106968199393776 0.5243895891263697 0.5399099040059236 0.639917425996692
0.9569858788145899 0.09924783547384197 0.43512345325985335 0.5385002183955157 0.1313535297183238 0.0 0.7674256766277757 0.6188213788871233 0.7493522739435586 0.3122621941477862 0.6881571534256364 0.4527052319606868 0.3724385206347445 0.7510438296533855 0.7201092304138216 0.9246389799747917 0.056381391506388434
0.5057739123171227 0.719423776487332 0.4083955970195917 0.8438315621779744 0.8598855781727011 0.7674256766277757 0.0 0.5639572734682657 0.6008340001328136 0.298137003422144 0.4411319161308227 0.481015228248464 0.8790018096523462 0.03519872775727473 0.8072059740196276 0.49957224411106227 0.5904683490885925
0.3788155045831655 0.3696880603659095 0.7628418806313434 0.4697443156895247 0.6512067624238813 0.6188213788871233 0.5639572734682657 0.0 0.20274666973920297 0.42019746710178574 0.699522966176869 0.9496474321871058 0.6682726331629116 0.11570995306285814 0.7736277217159298 0.8543152823906311 0.09107067845010852
0.8101942469710692 0.015320189314979027 0.6859740556353533 0.28200828469359174 0.5502848228729674 0.7493522739435586 0.6008340001328136 0.20274666973920297 0.0 0.12254000916660701 0.49858128937337676 0.47169951540733546 0.5367237934161104 0.8572969597994622 0.08435584470764024 0.4246819289059396 0.39505084253416956
0.6106612455947109 0.2565294886525482 0.25174870463750976 0.3649759331569088 0.4457724776311047 0.3122621941477862 0.298137003422144 0.42019746710178574 0.12254000916660701 0.0 0.440245779038797 0.5825122894796084 0.12917102597315377 0.1655087465767593 0.9800103643449264 0.30858894856284524 0.647176927899067
0.9129798297544348 0.5791553397952233 0.4086191958732813 0.30323571566456353 0.9174791915503544 0.6881571534256364 0.4411319161308227 0.699522966176869 0.49858128937337676 0.440245779038797 0.0 0.5890848046482355 0.25387760327520237 0.5393398436587318 0.014847407463615903 0.5520023827828805 0.2707924187253742
0.38095873259867197 0.17138336579343982 0.7839531220298244 0.6875272414784297 0.7676172302745943 0.4527052319606868 0.481015228248464 0.9496474321871058 0.47169951540733546 0.5825122894796084 0.5890848046482355 0.0 0.5825100481785908 0.38070086511198886 0.16410231615823234 0.3457371490538116 0.6849981647212313
0.271319606214791 0.3300519878841226 0.174918101579699 0.4557485713013364 0.37824495004120595 0.3724385206347445 0.8790018096523462 0.6682726331629116 0.5367237934161104 0.12917102597315377 0.25387760327520237 0.5825100481785908 0.0 0.44651835928716277 0.4235521714553525 0.7370388943470717 0.144671393069024
0.9174959086308458 0.43540050497142857 0.7640522125787715 0.11544251256536098 0.26106968199393776 0.7510438296533855 0.03519872775727473 0.11570995306285814 0.8572969597994622 0.1655087465767593 0.5393398436587318 0.38070086511198886 0.44651835928716277 0.0 0.6418333467161532 0.9195735630960049 0.6022509054354398
0.36880893726189024 0.1290616787328981 0.46424008566541597 0.7457755004558354 0.5243895891263697 0.7201092304138216 0.8072059740196276 0.7736277217159298 0.08435584470764024 0.9800103643449264 0.014847407463615903 0.16410231615823234 0.4235521714553525 0.6418333467161532 0.0 0.4217618316479611 0.18268454391950595
0.2522350932177946 0.03400254983162332 0.6278201392299422 0.10674700106234547 0.5399099040059236 0.9246389799747917 0.49957224411106227 0.8543152823906311 0.4246819289059396 0.30858894856284524 0.5520023827828805 0.3457371490538116 0.7370388943470717 0.9195735630960049 0.4217618316479611 0.0 0.09616737966404665
0.5091975302392561 0.5968012246212469 0.15861845188876167 0.9915581029213082 0.639917425996692 0.056381391506388434 0.5904683490885925 0.09107067845010852 0.39505084253416956 0.647176927899067 0.2707924187253742 0.6849981647212313 0.144671393069024 0.6022509054354398 0.18268454391950595 0.09616737966404665 0.0

# Optimal Walk
0 2 5 4 16 7 13 6 3 15 1 11 14 10 8 9 12 0
