# Graph size: 17
# Optimal cost: 1.5469614176566076

# Distance Matrix
0.0 0.49008374553646217 0.253374756469233 0.8937488425745744 0.21880025299304073 0.930630399324115 0.869032184090686 0.07589888650488474 0.7251362556508014 0.10422282933196159 0.0020667662522965147 0.760625463184522 0.8539616877383301 0.7432541067954141 0.9601374667708452 0.4948845617937645 0.9840009777143096
0.49008374553646217 0.0 0.6621696818789486 0.6639367487958157 0.612834057257051 0.9239852059511898 0.039691910846079814 0.46284069652409676 0.1306264843002266 0.2230307457455457 0.7652390766711401 0.029379235500522016 0.6971110245627204 0.47892065592931177 0.19649362862507536 0.9658579079864557 0.42835598930722796
0.253374756469233 0.6621696818789486 0.0 0.028108630662405765 0.20730020635032964 0.14025144421877667 0.25175487322815204 0.675678948479941 0.7185512122567221 0.18352890583340875 0.4645802764523381 0.9291602726233026 0.9994436003143327 0.026858303622622648 0.5722018937490637 0.5370050566039797 0.9024679758102784
0.8937488425745744 0.6639367487958157 0.028108630662405765 0.0 0.8346788099065837 0.11278624953487526 7.102541751613511E-4 0.8527166519091197 0.19841677909840638 0.09814715289129328 0.1289693343431042 0.85057472510295 0.995661528522095 0.9045178227769732 0.6329096636917141 0.9665843985143036 0.8909053392800875
0.21880025299304073 0.612834057257051 0.20730020635032964 0.8346788099065837 0.0 0.9323670680154014 0.22338294640456668 0.8082491598366612 0.056491753443977055 0.12098294848622781 0.6644411417683111 0.22077162041114673 0.32620485309348646 0.4514000943066291 0.7615438893570541 0.047194653073302395 0.6589714925861131
0.930630399324115 0.9239852059511898 0.14025144421877667 0.11278624953487526 0.9323670680154014 0.0 0.9003468185079619 0.3187075132496572 0.118142491960324 0.4864374046241019 0.9182414501696738 0.6857200442127894 0.7673349042086526 0.2457174880569084 0.3958672634467614 0.6347105285246871 0.0762740968477662
0.869032184090686 0.039691910846079814 0.25175487322815204 7.102541751613511E-4 0.22338294640456668 0.9003468185079619 0.0 0.1574089357011368 0.257208241906704 0.9547749886806091 0.7399804288886621 0.09899582618276215 0.2700286306819638 0.33402554109351024 0.9153800334752371 0.24506224076326866 0.40113123331304146
0.07589888650488474 0.46284069652409676 0.675678948479941 0.8527166519091197 0.8082491598366612 0.3187075132496572 0.1574089357011368 0.0 0.8103432398731966 0.6649233298742289 0.9982699157612298 0.05983064944449401 0.3152789356132789 0.6402405042103586 0.618846499570283 0.8710296734629982 0.6099612443490774
0.7251362556508014 0.1306264843002266 0.7185512122567221 0.19841677909840638 0.056491753443977055 0.118142491960324 0.257208241906704 0.8103432398731966 0.0 0.4641165581673137 0.8753679847177398 0.19838807969198735 0.21753399186687894 0.8637946749884805 0.9859095072476589 0.49842507814300596 0.7935599443569448
0.10422282933196159 0.2230307457455457 0.18352890583340875 0.09814715289129328 0.12098294848622781 0.4864374046241019 0.9547749886806091 0.6649233298742289 0.4641165581673137 0.0 0.9845938029307244 0.09617662159404416 0.7279978393141114 0.7439918274979458 0.47005228757697537 0.5500188691846108 0.4504505644690422
0.0020667662522965147 0.7652390766711401 0.4645802764523381 0.1289693343431042 0.6644411417683111 0.9182414501696738 0.7399804288886621 0.9982699157612298 0.8753679847177398 0.9845938029307244 0.0 0.7997254234274368 0.8332865696917007 0.24776628107426857 0.9898295628672192 0.6874134998368742 0.3639800800263583
0.760625463184522 0.029379235500522016 0.9291602726233026 0.85057472510295 0.22077162041114673 0.6857200442127894 0.09899582618276215 0.05983064944449401 0.19838807969198735 0.09617662159404416 0.7997254234274368 0.0 0.45911849163602847 0.9679118204100045 0.9981340636769652 0.31639417557969696 0.5598553321308043
0.8539616877383301 0.6971110245627204 0.9994436003143327 0.995661528522095 0.32620485309348646 0.7673349042086526 0.2700286306819638 0.3152789356132789 0.21753399186687894 0.7279978393141114 0.8332865696917007 0.45911849163602847 0.0 0.8253959808964383 0.8486695147805532 0.40601960273804016 0.29542667280172397
0.7432541067954141 0.47892065592931177 0.026858303622622648 0.9045178227769732 0.4514000943066291 0.2457174880569084 0.33402554109351024 0.6402405042103586 0.8637946749884805 0.7439918274979458 0.24776628107426857 0.9679118204100045 0.8253959808964383 0.0 0.476455913873265 0.9545681293728455 0.7059634371553338
0.9601374667708452 0.19649362862507536 0.5722018937490637 0.6329096636917141 0.7615438893570541 0.3958672634467614 0.9153800334752371 0.618846499570283 0.9859095072476589 0.47005228757697537 0.9898295628672192 0.9981340636769652 0.8486695147805532 0.476455913873265 0.0 0.33951860524881117 0.07495933381465247
0.4948845617937645 0.9658579079864557 0.5370050566039797 0.9665843985143036 0.047194653073302395 0.6347105285246871 0.24506224076326866 0.8710296734629982 0.49842507814300596 0.5500188691846108 0.6874134998368742 0.31639417557969696 0.40601960273804016 0.9545681293728455 0.33951860524881117 0.0 0.2898230838208171
0.9840009777143096 0.42835598930722796 0.9024679758102784 0.8909053392800875 0.6589714925861131 0.0762740968477662 0.40113123331304146 0.6099612443490774 0.7935599443569448 0.4504505644690422 0.3639800800263583 0.5598553321308043 0.29542667280172397 0.7059634371553338 0.07495933381465247 0.2898230838208171 0.0

# Optimal Walk
0 10 9 15 4 8 12 14 16 5 13 2 3 6 1 11 7 0
