# Graph size: 17
# Optimal cost: 2.010972393285497

# Distance Matrix
0.0 0.14695847265573536 0.9413993848434157 0.5234814318134844 0.5654039964947247 0.20923955490836543 0.5881665844739388 0.694670689152539 0.9088496691605082 0.37751470431176215 0.21490130057616375 0.36578851313690874 0.07273791309240951 0.16845078883162357 0.8049749437124754 0.3809609149229023 0.3546669020007507
0.14695847265573536 0.0 0.09342407876005066 0.9354396523140124 0.5463205445430487 0.08705133765022222 0.5964184797084703 0.9638370183414424 0.6624680884943991 0.8343457121437382 0.8413970976595224 0.06055045881700849 0.9313243689370948 0.34122212089799253 0.7937572718482002 0.973939173297405 0.22544060189968607
0.9413993848434157 0.09342407876005066 0.0 0.9319285848590629 0.6977062377303505 0.924280018679048 0.6306860741595887 0.460467694928569 0.4898715217057974 0.5625831625911693 0.8773339528899948 0.841899587322782 0.9091857996986329 0.5016359737764663 0.759917704389591 0.6569871996222456 0.06406364082103921
0.5234814318134844 0.9354396523140124 0.9319285848590629 0.0 0.529169537260286 0.41283172946542546 0.31556595022738765 1.1302852613714887E-4 0.2468297482795323 0.3565019475487875 0.7884340413860874 0.37510200701720453 0.5436759235322107 0.5580529591159877 0.973223314187121 0.6926268129581523 0.009216954847611203
0.5654039964947247 0.5463205445430487 0.6977062377303505 0.529169537260286 0.0 0.36075090277992583 0.34662539852914154 0.6719045972928777 0.11853589296359501 0.02810147422400877 0.6735109261542661 0.23834038045590566 0.7808415288890178 0.8213353338214945 0.19289471448265716 0.30799463367607827 0.632825193127764
0.20923955490836543 0.08705133765022222 0.924280018679048 0.41283172946542546 0.36075090277992583 0.0 0.9831139322804627 0.8813630300838639 0.008803885764650743 0.2794903985731634 0.7356404750991313 0.10649352182294569 0.2323843135178224 0.5376611574734013 0.41796265645590414 0.22596268490841853 0.4424734656460729
0.5881665844739388 0.5964184797084703 0.6306860741595887 0.31556595022738765 0.34662539852914154 0.9831139322804627 0.0 0.6211645334324049 0.1851048634108987 0.4624488841751636 0.47954326567163374 0.12172196606894725 0.27076946579198014 0.690104380719907 0.6958428889941191 0.5858726204476519 0.6756982843786552
0.694670689152539 0.9638370183414424 0.460467694928569 1.1302852613714887E-4 0.6719045972928777 0.8813630300838639 0.6211645334324049 0.0 0.6052825381853297 0.13110739425417628 0.4657915535039924 0.2853867723129144 0.12237138074685794 0.5963940246856099 0.2306540225684296 0.8436951202781449 0.7349982536068566
0.9088496691605082 0.6624680884943991 0.4898715217057974 0.2468297482795323 0.11853589296359501 0.008803885764650743 0.1851048634108987 0.6052825381853297 0.0 0.47198504200617153 0.4652368878162334 0.9130021962793241 0.013534480398777582 0.7450223979457721 0.8537367097679058 0.936899344882228 0.3717433521278777
0.37751470431176215 0.8343457121437382 0.5625831625911693 0.3565019475487875 0.02810147422400877 0.2794903985731634 0.4624488841751636 0.13110739425417628 0.47198504200617153 0.0 0.3135160380912231 0.04932334966005125 0.7880231035436318 0.7285780439104632 0.8655941544375972 0.5637368846388043 0.7314774146769704
0.21490130057616375 0.8413970976595224 0.8773339528899948 0.7884340413860874 0.6735109261542661 0.7356404750991313 0.47954326567163374 0.4657915535039924 0.4652368878162334 0.3135160380912231 0.0 0.7155509849420366 0.7063405549011321 0.9762749728381793 0.5633969660521468 0.6357597937916449 0.7492905463929712
0.36578851313690874 0.06055045881700849 0.841899587322782 0.37510200701720453 0.23834038045590566 0.10649352182294569 0.12172196606894725 0.2853867723129144 0.9130021962793241 0.04932334966005125 0.7155509849420366 0.0 0.9578063130056821 0.7945554883495296 0.4675689532268248 0.5156334057605505 0.8329855212816812
0.07273791309240951 0.9313243689370948 0.9091857996986329 0.5436759235322107 0.7808415288890178 0.2323843135178224 0.27076946579198014 0.12237138074685794 0.013534480398777582 0.7880231035436318 0.7063405549011321 0.9578063130056821 0.0 0.14052419532223737 0.8241106233964286 0.3913962972473847 0.6626335972717504
0.16845078883162357 0.34122212089799253 0.5016359737764663 0.5580529591159877 0.8213353338214945 0.5376611574734013 0.690104380719907 0.5963940246856099 0.7450223979457721 0.7285780439104632 0.9762749728381793 0.7945554883495296 0.14052419532223737 0.0 0.25273678432330127 0.9291819472036197 0.5813604920327192
0.8049749437124754 0.7937572718482002 0.759917704389591 0.973223314187121 0.19289471448265716 0.41796265645590414 0.6958428889941191 0.2306540225684296 0.8537367097679058 0.8655941544375972 0.5633969660521468 0.4675689532268248 0.8241106233964286 0.25273678432330127 0.0 0.11828660480616282 0.5789194467972146
0.3809609149229023 0.973939173297405 0.6569871996222456 0.6926268129581523 0.30799463367607827 0.22596268490841853 0.5858726204476519 0.8436951202781449 0.936899344882228 0.5637368846388043 0.6357597937916449 0.5156334057605505 0.3913962972473847 0.9291819472036197 0.11828660480616282 0.0 0.3507804384314023
0.3546669020007507 0.22544060189968607 0.06406364082103921 0.009216954847611203 0.632825193127764 0.4424734656460729 0.6756982843786552 0.7349982536068566 0.3717433521278777 0.7314774146769704 0.7492905463929712 0.8329855212816812 0.6626335972717504 0.5813604920327192 0.5789194467972146 0.3507804384314023 0.0

# Optimal Walk
0 13 12 8 5 15 14 7 3 16 2 1 11 6 4 9 10 0
