# MCW Instance
# Type: UNIFORM
# N: 17
# Optimal cost: 1.4079693704899272
# Optimal tour (permutation): [0, 4, 10, 12, 1, 6, 5, 16, 14, 2, 13, 8, 11, 15, 9, 3, 7, 0]
# Optimal walk (full path): [0, 4, 10, 12, 1, 6, 5, 14, 16, 14, 2, 13, 8, 13, 11, 9, 15, 9, 3, 9, 7, 0]
# Walk size: 22
# Is walk (has repeats): true

# Distance Matrix
0.0000000000 0.5875866412 0.6870715282 0.4690652519 0.1032238232 0.5973203229 0.4818823356 0.0594821600 0.8970839122 0.3161789937 0.1428202876 0.9876837163 0.2887256131 0.5951134944 0.5454059031 0.3412352336 0.2731643339
0.5875866412 0.0000000000 0.3848185458 0.3884427682 0.8723570161 0.7506420562 0.0235752920 0.9818918309 0.8703049409 0.1082259347 0.3855226765 0.0775246082 0.0397028129 0.6631712422 0.6298665356 0.1989288043 0.1531677193
0.6870715282 0.3848185458 0.0000000000 0.5969846602 0.6675123663 0.9049790813 0.3881710022 0.3772894582 0.6188334656 0.4296742689 0.6809288950 0.5640067636 0.4747635020 0.1812820345 0.1342187582 0.3270326649 0.8931286938
0.4690652519 0.3884427682 0.5969846602 0.0000000000 0.6550203972 0.5013681008 0.9645032178 0.5631114086 0.4160452314 0.0352652784 0.2039054542 0.8529635036 0.9433013396 0.5390924120 0.0927046268 0.5195648041 0.2898342828
0.1032238232 0.8723570161 0.6675123663 0.6550203972 0.0000000000 0.2845824566 0.8408236025 0.1031475534 0.7114485324 0.5739538415 0.0642231057 0.2564856284 0.6431375855 0.1132781337 0.4969965968 0.6650726689 0.6614996289
0.5973203229 0.7506420562 0.9049790813 0.5013681008 0.2845824566 0.0000000000 0.0378870784 0.3888070060 0.4032906497 0.3613922043 0.3845275230 0.4851564814 0.5412965463 0.3963680549 0.0403239385 0.6998953069 0.5683314121
0.4818823356 0.0235752920 0.3881710022 0.9645032178 0.8408236025 0.0378870784 0.0000000000 0.2849733354 0.7152097640 0.3325388997 0.7303829106 0.9687788087 0.2823408518 0.9573771099 0.6936086290 0.5230531572 0.9101051934
0.0594821600 0.9818918309 0.3772894582 0.5631114086 0.1031475534 0.3888070060 0.2849733354 0.0000000000 0.9170230311 0.0396542725 0.8672771111 0.7696952512 0.6899633920 0.9749773403 0.8002358058 0.7438101922 0.2698364095
0.8970839122 0.8703049409 0.6188334656 0.4160452314 0.7114485324 0.4032906497 0.7152097640 0.9170230311 0.0000000000 0.2935134315 0.1932160845 0.4849076424 0.0935765510 0.0704988856 0.7148743328 0.3755253529 0.9862308983
0.3161789937 0.1082259347 0.4296742689 0.0352652784 0.5739538415 0.3613922043 0.3325388997 0.0396542725 0.2935134315 0.0000000000 0.7849901604 0.0326296275 0.4285451664 0.0521643413 0.5695964054 0.0379760465 0.9318734897
0.1428202876 0.3855226765 0.6809288950 0.2039054542 0.0642231057 0.3845275230 0.7303829106 0.8672771111 0.1932160845 0.7849901604 0.0000000000 0.4355362169 0.0681692857 0.2768968490 0.6898631003 0.3973443805 0.9456694253
0.9876837163 0.0775246082 0.5640067636 0.8529635036 0.2564856284 0.4851564814 0.9687788087 0.7696952512 0.4849076424 0.0326296275 0.4355362169 0.0000000000 0.4316025946 0.0429038257 0.2119968855 0.4391562640 0.3961041777
0.2887256131 0.0397028129 0.4747635020 0.9433013396 0.6431375855 0.5412965463 0.2823408518 0.6899633920 0.0935765510 0.4285451664 0.0681692857 0.4316025946 0.0000000000 0.4569605170 0.9732855199 0.4648244798 0.2156707486
0.5951134944 0.6631712422 0.1812820345 0.5390924120 0.1132781337 0.3963680549 0.9573771099 0.9749773403 0.0704988856 0.0521643413 0.2768968490 0.0429038257 0.4569605170 0.0000000000 0.3664382017 0.5177995421 0.7032365500
0.5454059031 0.6298665356 0.1342187582 0.0927046268 0.4969965968 0.0403239385 0.6936086290 0.8002358058 0.7148743328 0.5695964054 0.6898631003 0.2119968855 0.9732855199 0.3664382017 0.0000000000 0.9190116075 0.1266064674
0.3412352336 0.1989288043 0.3270326649 0.5195648041 0.6650726689 0.6998953069 0.5230531572 0.7438101922 0.3755253529 0.0379760465 0.3973443805 0.4391562640 0.4648244798 0.5177995421 0.9190116075 0.0000000000 0.3232321927
0.2731643339 0.1531677193 0.8931286938 0.2898342828 0.6614996289 0.5683314121 0.9101051934 0.2698364095 0.9862308983 0.9318734897 0.9456694253 0.3961041777 0.2156707486 0.7032365500 0.1266064674 0.3232321927 0.0000000000
