# MCW Instance
# Type: UNIFORM
# N: 17
# Optimal cost: 2.0379006651851688
# Optimal tour (permutation): [0, 11, 15, 2, 13, 8, 7, 5, 4, 9, 6, 14, 1, 12, 16, 10, 3, 0]
# Optimal walk (full path): [0, 11, 15, 2, 13, 8, 7, 5, 7, 4, 7, 9, 6, 9, 1, 14, 1, 9, 12, 16, 10, 3, 0]
# Walk size: 23
# Is walk (has repeats): true

# Distance Matrix
0.0000000000 0.6178070171 0.5062710366 0.0926937614 0.5625637133 0.2028113101 0.3424145953 0.8461336722 0.8817038028 0.6353406746 0.0501327667 0.2634921834 0.7666405197 0.3913364043 0.9628558959 0.3937841326 0.3181166802
0.6178070171 0.0000000000 0.1761933509 0.6323336690 0.1911556610 0.6302581284 0.9888118017 0.2144389026 0.8693228565 0.0568711193 0.9915890517 0.6842034490 0.1598655769 0.2521775909 0.2574261189 0.2961325418 0.2373467326
0.5062710366 0.1761933509 0.0000000000 0.3009602059 0.7939265019 0.7615076037 0.4189532334 0.9493784034 0.8553156783 0.2013020249 0.8723319056 0.6752550209 0.4442114234 0.0514979381 0.4725201653 0.0954231682 0.0782265355
0.0926937614 0.6323336690 0.3009602059 0.0000000000 0.7470067224 0.6373471325 0.9977610776 0.3504874299 0.1910592916 0.4404087565 0.1068323897 0.5485031876 0.7288472196 0.5516954717 0.5445881490 0.6124215878 0.5873586484
0.5625637133 0.1911556610 0.7939265019 0.7470067224 0.0000000000 0.5881790189 0.8313758281 0.0115601062 0.5177681553 0.2701403472 0.1875397816 0.6972010940 0.6824029868 0.3737480193 0.8421866606 0.1499925880 0.6652226131
0.2028113101 0.6302581284 0.7615076037 0.6373471325 0.5881790189 0.0000000000 0.8463723977 0.0332284734 0.6818971238 0.8529121094 0.6083481768 0.3916045538 0.5754828209 0.3331047903 0.5033733841 0.4426233718 0.3474524303
0.3424145953 0.9888118017 0.4189532334 0.9977610776 0.8313758281 0.8463723977 0.0000000000 0.8869125326 0.5794607328 0.0286540366 0.4086577994 0.6148569617 0.3833329910 0.5599358949 0.6594484710 0.2284589534 0.2333803674
0.8461336722 0.2144389026 0.9493784034 0.3504874299 0.0115601062 0.0332284734 0.8869125326 0.0000000000 0.1340644206 0.1070549658 0.0641568444 0.4997755934 0.7297502888 0.4208087383 0.4318893360 0.7650676157 0.8767373806
0.8817038028 0.8693228565 0.8553156783 0.1910592916 0.5177681553 0.6818971238 0.5794607328 0.1340644206 0.0000000000 0.4513522334 0.9975918944 0.3645523100 0.4313050225 0.1315943787 0.5170199769 0.2129449614 0.3455685843
0.6353406746 0.0568711193 0.2013020249 0.4404087565 0.2701403472 0.8529121094 0.0286540366 0.1070549658 0.4513522334 0.0000000000 0.8500181548 0.3877267847 0.0123552581 0.6088312378 0.3410482154 0.1666867051 0.9062932379
0.0501327667 0.9915890517 0.8723319056 0.1068323897 0.1875397816 0.6083481768 0.4086577994 0.0641568444 0.9975918944 0.8500181548 0.0000000000 0.8605296399 0.3725389607 0.4129700192 0.3954099488 0.5268545038 0.0270436999
0.2634921834 0.6842034490 0.6752550209 0.5485031876 0.6972010940 0.3916045538 0.6148569617 0.4997755934 0.3645523100 0.3877267847 0.8605296399 0.0000000000 0.9580385977 0.8629041479 0.7169164005 0.1713784924 0.9806460749
0.7666405197 0.1598655769 0.4442114234 0.7288472196 0.6824029868 0.5754828209 0.3833329910 0.7297502888 0.4313050225 0.0123552581 0.3725389607 0.9580385977 0.0000000000 0.3710022395 0.5293664749 0.7880947816 0.0689903002
0.3913364043 0.2521775909 0.0514979381 0.5516954717 0.3737480193 0.3331047903 0.5599358949 0.4208087383 0.1315943787 0.6088312378 0.4129700192 0.8629041479 0.3710022395 0.0000000000 0.4846455683 0.8666701858 0.2028270733
0.9628558959 0.2574261189 0.4725201653 0.5445881490 0.8421866606 0.5033733841 0.6594484710 0.4318893360 0.5170199769 0.3410482154 0.3954099488 0.7169164005 0.5293664749 0.4846455683 0.0000000000 0.7896796612 0.7544958495
0.3937841326 0.2961325418 0.0954231682 0.6124215878 0.1499925880 0.4426233718 0.2284589534 0.7650676157 0.2129449614 0.1666867051 0.5268545038 0.1713784924 0.7880947816 0.8666701858 0.7896796612 0.0000000000 0.3317721126
0.3181166802 0.2373467326 0.0782265355 0.5873586484 0.6652226131 0.3474524303 0.2333803674 0.8767373806 0.3455685843 0.9062932379 0.0270436999 0.9806460749 0.0689903002 0.2028270733 0.7544958495 0.3317721126 0.0000000000
