# MCW Instance
# Type: UNIFORM
# N: 17
# Optimal cost: 2.0272931709483824
# Optimal tour (permutation): [0, 9, 14, 4, 12, 16, 7, 8, 15, 11, 3, 2, 6, 13, 5, 10, 1, 0]
# Optimal walk (full path): [0, 9, 14, 4, 12, 16, 7, 8, 15, 11, 3, 2, 6, 13, 5, 10, 1, 0]
# Walk size: 18
# Is walk (has repeats): false

# Distance Matrix
0.0000000000 0.1394871314 0.7585219110 0.0388559712 0.5991112089 0.0866577361 0.1737543020 0.6147233854 0.2476801467 0.0769165684 0.7995994854 0.4218968614 0.2855666534 0.4937977250 0.3888377812 0.4570081661 0.6003586559
0.1394871314 0.0000000000 0.1929117660 0.1589983073 0.2624971989 0.6330587514 0.2139388248 0.9412275710 0.8489060504 0.9789109617 0.1714707060 0.4623301620 0.5206466447 0.7460486151 0.2390396323 0.4685078791 0.8286616931
0.7585219110 0.1929117660 0.0000000000 0.0841031809 0.0791468729 0.9393634505 0.0774991916 0.2255779058 0.2918317837 0.2120231733 0.2996732885 0.8447047510 0.9552982842 0.4377723541 0.3767849005 0.5316659269 0.6143416307
0.0388559712 0.1589983073 0.0841031809 0.0000000000 0.4273865637 0.0347278913 0.7044768805 0.6357960919 0.6063805128 0.7694076754 0.3364905912 0.1949496153 0.4976855435 0.3697507895 0.4643974564 0.2828487732 0.8768057455
0.5991112089 0.2624971989 0.0791468729 0.4273865637 0.0000000000 0.5963854891 0.5597591921 0.0316435836 0.5032919665 0.7472253660 0.4965291798 0.3435984253 0.1224117141 0.2952888477 0.0276754595 0.2791219493 0.2521822483
0.0866577361 0.6330587514 0.9393634505 0.0347278913 0.5963854891 0.0000000000 0.5194396477 0.3959371827 0.9101451166 0.1234731722 0.0653344058 0.9469089707 0.3774034603 0.0246739643 0.6717156144 0.3870618779 0.7036559363
0.1737543020 0.2139388248 0.0774991916 0.7044768805 0.5597591921 0.5194396477 0.0000000000 0.2174606186 0.8762892000 0.6349734063 0.5095994275 0.5364852846 0.3757778332 0.0509538824 0.1552145522 0.7633510177 0.8563426282
0.6147233854 0.9412275710 0.2255779058 0.6357960919 0.0316435836 0.3959371827 0.2174606186 0.0000000000 0.1984194734 0.9865047892 0.8740234996 0.5334174510 0.1897769683 0.3060678517 0.2988705199 0.3441015472 0.1002493681
0.2476801467 0.8489060504 0.2918317837 0.6063805128 0.5032919665 0.9101451166 0.8762892000 0.1984194734 0.0000000000 0.4056643539 0.4058085804 0.7206077763 0.8949851580 0.4999257970 0.5195757162 0.1398654275 0.8079583819
0.0769165684 0.9789109617 0.2120231733 0.7694076754 0.7472253660 0.1234731722 0.6349734063 0.9865047892 0.4056643539 0.0000000000 0.6825703050 0.9239384342 0.1922278787 0.1355806556 0.0899707632 0.4586793093 0.7413373781
0.7995994854 0.1714707060 0.2996732885 0.3364905912 0.4965291798 0.0653344058 0.5095994275 0.8740234996 0.4058085804 0.6825703050 0.0000000000 0.9636103538 0.3016474224 0.5195017937 0.8575502354 0.4328583077 0.6332325130
0.4218968614 0.4623301620 0.8447047510 0.1949496153 0.3435984253 0.9469089707 0.5364852846 0.5334174510 0.7206077763 0.9239384342 0.9636103538 0.0000000000 0.4965268015 0.5989276762 0.7673530565 0.3846819760 0.9458452881
0.2855666534 0.5206466447 0.9552982842 0.4976855435 0.1224117141 0.3774034603 0.3757778332 0.1897769683 0.8949851580 0.1922278787 0.3016474224 0.4965268015 0.0000000000 0.3866489790 0.4380434249 0.2949852482 0.0786303428
0.4937977250 0.7460486151 0.4377723541 0.3697507895 0.2952888477 0.0246739643 0.0509538824 0.3060678517 0.4999257970 0.1355806556 0.5195017937 0.5989276762 0.3866489790 0.0000000000 0.6758054418 0.5157796591 0.4243509045
0.3888377812 0.2390396323 0.3767849005 0.4643974564 0.0276754595 0.6717156144 0.1552145522 0.2988705199 0.5195757162 0.0899707632 0.8575502354 0.7673530565 0.4380434249 0.6758054418 0.0000000000 0.4736004479 0.8578844871
0.4570081661 0.4685078791 0.5316659269 0.2828487732 0.2791219493 0.3870618779 0.7633510177 0.3441015472 0.1398654275 0.4586793093 0.4328583077 0.3846819760 0.2949852482 0.5157796591 0.4736004479 0.0000000000 0.4792286373
0.6003586559 0.8286616931 0.6143416307 0.8768057455 0.2521822483 0.7036559363 0.8563426282 0.1002493681 0.8079583819 0.7413373781 0.6332325130 0.9458452881 0.0786303428 0.4243509045 0.8578844871 0.4792286373 0.0000000000
