# MCW Instance
# Type: UNIFORM
# N: 17
# Optimal cost: 1.9558422998562242
# Optimal tour (permutation): [0, 15, 12, 6, 2, 3, 5, 10, 9, 14, 1, 7, 4, 16, 11, 13, 8, 0]
# Optimal walk (full path): [0, 15, 0, 12, 6, 2, 3, 5, 9, 10, 9, 14, 1, 7, 4, 16, 4, 11, 13, 8, 0]
# Walk size: 21
# Is walk (has repeats): true

# Distance Matrix
0.0000000000 0.6087844186 0.3069155956 0.5967375643 0.3561473037 0.9112646147 0.1255154351 0.3287991595 0.0460665643 0.1866809822 0.4071798446 0.7662973972 0.0278071741 0.1069730270 0.9661560009 0.1135271935 0.4471956249
0.6087844186 0.0000000000 0.5069451778 0.7824946027 0.1813465103 0.6652687955 0.8411060869 0.1664251571 0.6349441602 0.2467388788 0.6300262079 0.9886426765 0.8952033391 0.7815965634 0.2207068566 0.7514383701 0.8897367307
0.3069155956 0.5069451778 0.0000000000 0.0808991733 0.7489308092 0.9406465889 0.1787697937 0.3434532026 0.5362910515 0.7946687278 0.5914010735 0.4770163732 0.2805707125 0.3543741861 0.3993696576 0.8758066398 0.3053736801
0.5967375643 0.7824946027 0.0808991733 0.0000000000 0.4164677975 0.2283111460 0.6055214510 0.8233824554 0.8029512671 0.3605858465 0.1277328818 0.6373457686 0.1805966973 0.8191136570 0.4074398677 0.9538752614 0.5168876501
0.3561473037 0.1813465103 0.7489308092 0.4164677975 0.0000000000 0.6382521571 0.4907214898 0.0173575033 0.1426737741 0.0256059013 0.4138505319 0.0847633453 0.3068229609 0.6977561819 0.6108895879 0.8568639216 0.0544448832
0.9112646147 0.6652687955 0.9406465889 0.2283111460 0.6382521571 0.0000000000 0.5332527224 0.8237066416 0.8573390039 0.2377981322 0.8278094723 0.8865109597 0.4084894177 0.4777828223 0.8594990370 0.6564243471 0.7907427422
0.1255154351 0.8411060869 0.1787697937 0.6055214510 0.4907214898 0.5332527224 0.0000000000 0.9339591742 0.1758413070 0.7922662243 0.8928673643 0.8123219203 0.0000337954 0.0456461733 0.1607865182 0.6425992297 0.4201721570
0.3287991595 0.1664251571 0.3434532026 0.8233824554 0.0173575033 0.8237066416 0.9339591742 0.0000000000 0.2216205028 0.9351111677 0.4906341469 0.5731620140 0.9905844897 0.3309864223 0.4364453003 0.8641232223 0.2887348126
0.0460665643 0.6349441602 0.5362910515 0.8029512671 0.1426737741 0.8573390039 0.1758413070 0.2216205028 0.0000000000 0.6585728291 0.8448530360 0.3724409403 0.1313522735 0.0084612563 0.1830958744 0.9872182025 0.2813173257
0.1866809822 0.2467388788 0.7946687278 0.3605858465 0.0256059013 0.2377981322 0.7922662243 0.9351111677 0.6585728291 0.0000000000 0.0335453056 0.3986515273 0.4877366202 0.3646865507 0.1473529762 0.1605156131 0.7386337871
0.4071798446 0.6300262079 0.5914010735 0.1277328818 0.4138505319 0.8278094723 0.8928673643 0.4906341469 0.8448530360 0.0335453056 0.0000000000 0.7058208536 0.3285651225 0.5884801451 0.4048570115 0.3664714393 0.4724252483
0.7662973972 0.9886426765 0.4770163732 0.6373457686 0.0847633453 0.8865109597 0.8123219203 0.5731620140 0.3724409403 0.3986515273 0.7058208536 0.0000000000 0.4474934641 0.1080546616 0.6163927791 0.7619712132 0.1679715812
0.0278071741 0.8952033391 0.2805707125 0.1805966973 0.3068229609 0.4084894177 0.0000337954 0.9905844897 0.1313522735 0.4877366202 0.3285651225 0.4474934641 0.0000000000 0.7439182624 0.3374665310 0.8454967462 0.4679704738
0.1069730270 0.7815965634 0.3543741861 0.8191136570 0.6977561819 0.4777828223 0.0456461733 0.3309864223 0.0084612563 0.3646865507 0.5884801451 0.1080546616 0.7439182624 0.0000000000 0.7590897474 0.6689837134 0.7013764134
0.9661560009 0.2207068566 0.3993696576 0.4074398677 0.6108895879 0.8594990370 0.1607865182 0.4364453003 0.1830958744 0.1473529762 0.4048570115 0.6163927791 0.3374665310 0.7590897474 0.0000000000 0.7994180956 0.5465998903
0.1135271935 0.7514383701 0.8758066398 0.9538752614 0.8568639216 0.6564243471 0.6425992297 0.8641232223 0.9872182025 0.1605156131 0.3664714393 0.7619712132 0.8454967462 0.6689837134 0.7994180956 0.0000000000 0.5386473332
0.4471956249 0.8897367307 0.3053736801 0.5168876501 0.0544448832 0.7907427422 0.4201721570 0.2887348126 0.2813173257 0.7386337871 0.4724252483 0.1679715812 0.4679704738 0.7013764134 0.5465998903 0.5386473332 0.0000000000
