# Graph size: 17
# Optimal cost: 1.2590220279493307

# Distance Matrix
0.0 0.5569040209858703 0.8792712266816354 0.2836098796544456 0.1316492302735387 0.5315699113523182 0.4444477254812068 0.41431034322086235 0.2547790987591174 0.81043624483896 0.9761168454635311 0.8835244478170082 0.5816362343209865 0.862619509383193 0.28757374177294737 0.7167779982535263 0.9701372974389085
0.5569040209858703 0.0 0.5859324141812353 0.7670991020184065 0.7350117223173859 0.2524936979450625 0.6766169563325926 0.40423718685772825 0.773081294341531 0.22502178782050486 0.6605470687897368 0.6321835463852487 0.8304939178528058 0.048682078805164064 0.5183041988019136 0.8417816209861883 0.059929658020285714
0.8792712266816354 0.5859324141812353 0.0 0.34602331872395664 0.22813102931553242 0.04079168974628289 0.9063222605515121 0.5389947837609869 0.22362022022975592 0.28150930138816 0.8977505631238687 0.2621306237266786 0.7170959010570965 0.16047505117434013 0.5591184391423833 0.006897930822481135 0.07499843321869526
0.2836098796544456 0.7670991020184065 0.34602331872395664 0.0 0.9059306849627556 0.6705773045895272 0.5055402472930334 0.9481832085641482 0.31184169921110283 0.624872608436207 0.7465365795621406 0.6578967440190046 0.05171951206213299 0.9512711670629548 0.9288356411100003 0.41729462836115006 0.7111413909526387
0.1316492302735387 0.7350117223173859 0.22813102931553242 0.9059306849627556 0.0 0.16845392532610337 0.10831355967438727 0.32871700419032535 0.21477958335857794 0.00473438015641181 0.7674425636965957 0.73853962689218 0.19191566836366514 0.6811899141642654 0.04794761223739619 0.4542696443155898 0.2238298372481473
0.5315699113523182 0.2524936979450625 0.04079168974628289 0.6705773045895272 0.16845392532610337 0.0 0.3917699877161499 0.9262661958534234 0.5326563823805079 0.8471192901684337 0.33417096209747155 0.18291645927206135 0.8329402271399385 0.648913519405545 0.6462450304017893 0.619416967767117 0.2959626776842046
0.4444477254812068 0.6766169563325926 0.9063222605515121 0.5055402472930334 0.10831355967438727 0.3917699877161499 0.0 0.7831188300484556 0.38493609965750775 0.610191598109833 0.9577137075583513 0.7612379848882495 0.24821307207656085 0.7419307711063763 0.034992814204464096 0.42697527398037627 0.08519653855230946
0.41431034322086235 0.40423718685772825 0.5389947837609869 0.9481832085641482 0.32871700419032535 0.9262661958534234 0.7831188300484556 0.0 0.9891707416379334 0.03121293565906047 0.6107513788899801 0.3656525810697706 0.6023902315493924 0.7019767347390703 0.07841626117970113 0.6872528164801558 0.643714306052908
0.2547790987591174 0.773081294341531 0.22362022022975592 0.31184169921110283 0.21477958335857794 0.5326563823805079 0.38493609965750775 0.9891707416379334 0.0 0.892907540423755 0.03786237146307403 0.0874771893598183 0.8953529460473615 0.7163177257126528 0.6479048387365863 0.39676223697956137 0.6871921279613415
0.81043624483896 0.22502178782050486 0.28150930138816 0.624872608436207 0.00473438015641181 0.8471192901684337 0.610191598109833 0.03121293565906047 0.892907540423755 0.0 0.26864954402712526 0.685709065649989 0.12047418427693579 0.04249326340633541 0.10722490902790405 0.7722102775518491 0.3695126255005554
0.9761168454635311 0.6605470687897368 0.8977505631238687 0.7465365795621406 0.7674425636965957 0.33417096209747155 0.9577137075583513 0.6107513788899801 0.03786237146307403 0.26864954402712526 0.0 0.42444673050230874 0.002691762380373941 0.32938369392775935 0.17282756124777976 0.2813635795473347 0.06265679711185768
0.8835244478170082 0.6321835463852487 0.2621306237266786 0.6578967440190046 0.73853962689218 0.18291645927206135 0.7612379848882495 0.3656525810697706 0.0874771893598183 0.685709065649989 0.42444673050230874 0.0 0.7488879910227634 0.09985854581760778 0.5345792681763242 0.182345468521112 0.08851899143762254
0.5816362343209865 0.8304939178528058 0.7170959010570965 0.05171951206213299 0.19191566836366514 0.8329402271399385 0.24821307207656085 0.6023902315493924 0.8953529460473615 0.12047418427693579 0.002691762380373941 0.7488879910227634 0.0 0.49688167180608067 0.13068153976245567 0.9197320245438494 0.9810740519327315
0.862619509383193 0.048682078805164064 0.16047505117434013 0.9512711670629548 0.6811899141642654 0.648913519405545 0.7419307711063763 0.7019767347390703 0.7163177257126528 0.04249326340633541 0.32938369392775935 0.09985854581760778 0.49688167180608067 0.0 0.7984765567634358 0.7884645371105876 0.3154334862529722
0.28757374177294737 0.5183041988019136 0.5591184391423833 0.9288356411100003 0.04794761223739619 0.6462450304017893 0.034992814204464096 0.07841626117970113 0.6479048387365863 0.10722490902790405 0.17282756124777976 0.5345792681763242 0.13068153976245567 0.7984765567634358 0.0 0.33964258523216107 0.31380196675483507
0.7167779982535263 0.8417816209861883 0.006897930822481135 0.41729462836115006 0.4542696443155898 0.619416967767117 0.42697527398037627 0.6872528164801558 0.39676223697956137 0.7722102775518491 0.2813635795473347 0.182345468521112 0.9197320245438494 0.7884645371105876 0.33964258523216107 0.0 0.11104938009721921
0.9701372974389085 0.059929658020285714 0.07499843321869526 0.7111413909526387 0.2238298372481473 0.2959626776842046 0.08519653855230946 0.643714306052908 0.6871921279613415 0.3695126255005554 0.06265679711185768 0.08851899143762254 0.9810740519327315 0.3154334862529722 0.31380196675483507 0.11104938009721921 0.0

# Optimal Walk
0 14 6 16 10 12 3 8 11 5 15 2 1 13 9 7 4 0
