# Graph size: 17
# Optimal cost: 1.9308402183582154

# Distance Matrix
0.0 0.04883586429369802 0.7126575578547248 0.8450675808689692 0.2823967305821803 0.37803182967289384 0.3132259574723595 0.23951495593409178 0.9234479972769469 0.262324896182188 0.26517786235873486 0.013309344039112991 0.7050238319532749 0.4548206054722431 0.008589553028924723 0.6329760173878989 0.5291083283507885
0.04883586429369802 0.0 0.7218920478855733 0.15983221891108412 0.31868697042747696 0.17805858787166406 0.2954272495672202 0.43842222042446 0.2879400789460257 0.4074788164367361 0.5697521946913695 0.6544423623029031 0.42019892071013165 0.8986305018389383 0.46244947387470914 0.9777553667696747 0.8989199328480102
0.7126575578547248 0.7218920478855733 0.0 0.9483391597128679 0.20301911346783363 0.40652133838247384 0.9977455464387399 0.36127141603539703 0.43930466166131543 0.08006877551254665 0.06924354127078058 0.12762146922700646 0.4588339521027571 0.8399583003642608 0.9674240140791436 0.11865852176878433 0.010701311186938178
0.8450675808689692 0.15983221891108412 0.9483391597128679 0.0 0.23311750010629695 0.5893676461838306 0.21325234163404605 0.6833433411208361 0.9722137533459102 0.9566496793212003 0.9804069261057277 0.044538282528354456 0.7209718642054134 0.27384623122396634 0.2859972866001086 0.7821841670430991 0.9559311643764384
0.2823967305821803 0.31868697042747696 0.20301911346783363 0.23311750010629695 0.0 0.6992606676590641 0.9663176445316495 0.8978888764595281 0.5711772997088704 0.14210993034979347 0.01671393937548804 0.6001307641784711 0.8388714253882401 0.2607613033793077 0.5804874296520087 0.9197254070838133 0.31593999773576276
0.37803182967289384 0.17805858787166406 0.40652133838247384 0.5893676461838306 0.6992606676590641 0.0 0.9782128095869503 0.39142004572879263 0.22756104522205278 0.2960763024029732 0.2538611057031792 0.22268662615560653 0.7730408575105087 0.4462446642682456 0.5547026389759958 0.32558280620643476 0.08139776693445022
0.3132259574723595 0.2954272495672202 0.9977455464387399 0.21325234163404605 0.9663176445316495 0.9782128095869503 0.0 0.33816703794898784 0.45446553811277524 0.8034115440092013 0.5490236155470596 0.6878106312184813 0.05577093947292566 0.3590356488662656 0.8581809073843517 0.24968463498112603 0.47827438769181496
0.23951495593409178 0.43842222042446 0.36127141603539703 0.6833433411208361 0.8978888764595281 0.39142004572879263 0.33816703794898784 0.0 0.8790170707175881 0.8959420053592348 0.47779274131435534 0.48483907837642215 0.8729285480629251 0.7069279694268725 0.26137774337140096 0.4281446385136307 0.873336424400322
0.9234479972769469 0.2879400789460257 0.43930466166131543 0.9722137533459102 0.5711772997088704 0.22756104522205278 0.45446553811277524 0.8790170707175881 0.0 0.6353940979805144 0.2711329073833729 0.09173666077890386 0.5201184874249299 0.2194379261295475 0.7103446102061561 0.672373470037901 0.20219371636517547
0.262324896182188 0.4074788164367361 0.08006877551254665 0.9566496793212003 0.14210993034979347 0.2960763024029732 0.8034115440092013 0.8959420053592348 0.6353940979805144 0.0 0.5885798668003005 0.5554689655951761 0.10462848316490103 0.8104058791272629 0.08569527264120191 0.6919352608273736 0.1640581029877105
0.26517786235873486 0.5697521946913695 0.06924354127078058 0.9804069261057277 0.01671393937548804 0.2538611057031792 0.5490236155470596 0.47779274131435534 0.2711329073833729 0.5885798668003005 0.0 0.3672159939615103 0.5852513571767071 0.7035068350008009 0.3018461699939555 0.04202369406167883 0.5120305335149317
0.013309344039112991 0.6544423623029031 0.12762146922700646 0.044538282528354456 0.6001307641784711 0.22268662615560653 0.6878106312184813 0.48483907837642215 0.09173666077890386 0.5554689655951761 0.3672159939615103 0.0 0.45732028989734486 0.9616884142411043 0.33535079747210483 0.8779973924111535 0.041762267652987184
0.7050238319532749 0.42019892071013165 0.4588339521027571 0.7209718642054134 0.8388714253882401 0.7730408575105087 0.05577093947292566 0.8729285480629251 0.5201184874249299 0.10462848316490103 0.5852513571767071 0.45732028989734486 0.0 0.20878093075492044 0.020785062854428382 0.7496932354950075 0.06063219845637491
0.4548206054722431 0.8986305018389383 0.8399583003642608 0.27384623122396634 0.2607613033793077 0.4462446642682456 0.3590356488662656 0.7069279694268725 0.2194379261295475 0.8104058791272629 0.7035068350008009 0.9616884142411043 0.20878093075492044 0.0 0.8611289612523368 0.7704955367481661 0.4345190589252236
0.008589553028924723 0.46244947387470914 0.9674240140791436 0.2859972866001086 0.5804874296520087 0.5547026389759958 0.8581809073843517 0.26137774337140096 0.7103446102061561 0.08569527264120191 0.3018461699939555 0.33535079747210483 0.020785062854428382 0.8611289612523368 0.0 0.7645786114275949 0.9549936551864096
0.6329760173878989 0.9777553667696747 0.11865852176878433 0.7821841670430991 0.9197254070838133 0.32558280620643476 0.24968463498112603 0.4281446385136307 0.672373470037901 0.6919352608273736 0.04202369406167883 0.8779973924111535 0.7496932354950075 0.7704955367481661 0.7645786114275949 0.0 0.25829587136561494
0.5291083283507885 0.8989199328480102 0.010701311186938178 0.9559311643764384 0.31593999773576276 0.08139776693445022 0.47827438769181496 0.873336424400322 0.20219371636517547 0.1640581029877105 0.5120305335149317 0.041762267652987184 0.06063219845637491 0.4345190589252236 0.9549936551864096 0.25829587136561494 0.0

# Optimal Walk
0 7 11 3 8 13 4 15 10 5 16 2 9 12 6 14 1 0
