# MCW Instance
# Type: UNIFORM
# N: 17
# Optimal cost: 1.8512885200840437
# Optimal tour (permutation): [0, 11, 9, 6, 12, 14, 13, 2, 1, 3, 15, 16, 5, 8, 7, 4, 10, 0]
# Optimal walk (full path): [0, 11, 9, 6, 12, 14, 13, 2, 1, 3, 15, 16, 5, 8, 7, 4, 10, 0]
# Walk size: 18
# Is walk (has repeats): false

# Distance Matrix
0.0000000000 0.8917628865 0.0556445189 0.0797995400 0.3493226945 0.3987468663 0.8740595784 0.1166593305 0.0505314247 0.4162359086 0.0539563905 0.0992557965 0.6725617797 0.7983490966 0.3068409000 0.2369155107 0.8780688270
0.8917628865 0.0000000000 0.0073306553 0.0659473045 0.3226281817 0.4540365778 0.3635992592 0.5553423177 0.0833047887 0.4372257914 0.5515814955 0.5234820171 0.2960888632 0.7713991725 0.3122679694 0.5929117316 0.9263669274
0.0556445189 0.0073306553 0.0000000000 0.7922527914 0.9731576183 0.2490890991 0.5284748850 0.7978969658 0.9672316960 0.5938487711 0.4166998484 0.4558935832 0.7748262598 0.1228167169 0.6620273199 0.8222709514 0.7857477415
0.0797995400 0.0659473045 0.7922527914 0.0000000000 0.9511211701 0.7991861580 0.3036014172 0.4237034706 0.1080361074 0.2388945580 0.9801411014 0.5010949201 0.7487321167 0.7718123425 0.3261949045 0.1794486917 0.3900992522
0.3493226945 0.3226281817 0.9731576183 0.9511211701 0.0000000000 0.2235561712 0.5132845191 0.0992361356 0.5676445409 0.2742361561 0.1623602736 0.2125595566 0.6317566659 0.6913231928 0.6232131492 0.6031593471 0.7541690535
0.3987468663 0.4540365778 0.2490890991 0.7991861580 0.2235561712 0.0000000000 0.7412590657 0.6024058627 0.1104228689 0.5992417061 0.3430715278 0.2354569732 0.8875527611 0.5297212682 0.6063595496 0.5046756220 0.1187783297
0.8740595784 0.3635992592 0.5284748850 0.3036014172 0.5132845191 0.7412590657 0.0000000000 0.6629276853 0.7563643256 0.2409588637 0.9964710274 0.5708551692 0.0904437818 0.8160271342 0.7162509695 0.9264639168 0.5331199774
0.1166593305 0.5553423177 0.7978969658 0.4237034706 0.0992361356 0.6024058627 0.6629276853 0.0000000000 0.0309878363 0.6866481496 0.9384784409 0.5609697870 0.6377812345 0.3696088388 0.9882970860 0.7539815799 0.3919762856
0.0505314247 0.0833047887 0.9672316960 0.1080361074 0.5676445409 0.1104228689 0.7563643256 0.0309878363 0.0000000000 0.1691137938 0.4851564751 0.9966014282 0.5285488351 0.5674019041 0.5894840875 0.3995444435 0.0766880255
0.4162359086 0.4372257914 0.5938487711 0.2388945580 0.2742361561 0.5992417061 0.2409588637 0.6866481496 0.1691137938 0.0000000000 0.2717690234 0.1194105487 0.3425483640 0.4853414459 0.4796386651 0.6517026515 0.6485976433
0.0539563905 0.5515814955 0.4166998484 0.9801411014 0.1623602736 0.3430715278 0.9964710274 0.9384784409 0.4851564751 0.2717690234 0.0000000000 0.6181229649 0.4955776760 0.5559173682 0.7917484488 0.2943717647 0.8411564335
0.0992557965 0.5234820171 0.4558935832 0.5010949201 0.2125595566 0.2354569732 0.5708551692 0.5609697870 0.9966014282 0.1194105487 0.6181229649 0.0000000000 0.4593658481 0.2135361251 0.2025649955 0.6870298349 0.4305153962
0.6725617797 0.2960888632 0.7748262598 0.7487321167 0.6317566659 0.8875527611 0.0904437818 0.6377812345 0.5285488351 0.3425483640 0.4955776760 0.4593658481 0.0000000000 0.2770484224 0.1929503290 0.9063419455 0.9897470688
0.7983490966 0.7713991725 0.1228167169 0.7718123425 0.6913231928 0.5297212682 0.8160271342 0.3696088388 0.5674019041 0.4853414459 0.5559173682 0.2135361251 0.2770484224 0.0000000000 0.1230992973 0.6681791368 0.2995334990
0.3068409000 0.3122679694 0.6620273199 0.3261949045 0.6232131492 0.6063595496 0.7162509695 0.9882970860 0.5894840875 0.4796386651 0.7917484488 0.2025649955 0.1929503290 0.1230992973 0.0000000000 0.9089247142 0.7095396082
0.2369155107 0.5929117316 0.8222709514 0.1794486917 0.6031593471 0.5046756220 0.9264639168 0.7539815799 0.3995444435 0.6517026515 0.2943717647 0.6870298349 0.9063419455 0.6681791368 0.9089247142 0.0000000000 0.0338847002
0.8780688270 0.9263669274 0.7857477415 0.3900992522 0.7541690535 0.1187783297 0.5331199774 0.3919762856 0.0766880255 0.6485976433 0.8411564335 0.4305153962 0.9897470688 0.2995334990 0.7095396082 0.0338847002 0.0000000000
