# MCW Instance
# Type: UNIFORM
# N: 17
# Optimal cost: 1.7696156101712717
# Optimal tour (permutation): [0, 9, 1, 13, 10, 4, 2, 7, 3, 16, 14, 5, 6, 15, 11, 12, 8, 0]
# Optimal walk (full path): [0, 9, 1, 13, 10, 4, 2, 4, 10, 7, 3, 7, 14, 16, 14, 5, 6, 11, 15, 11, 8, 12, 8, 11, 0]
# Walk size: 25
# Is walk (has repeats): true

# Distance Matrix
0.0000000000 0.5305006135 0.3659671618 0.4271275022 0.5857130167 0.2910273564 0.7134297018 0.4492433532 0.4758696464 0.1402460896 0.5228310437 0.2140856236 0.7448124081 0.9533934144 0.7486658716 0.8046587781 0.8092331258
0.5305006135 0.0000000000 0.9467824909 0.2578041479 0.8367427253 0.4692628487 0.5987756761 0.9090112723 0.5678731498 0.0288632780 0.6803619413 0.7293550694 0.2092037701 0.0962499117 0.5704184561 0.7739556421 0.3462868713
0.3659671618 0.9467824909 0.0000000000 0.6512915976 0.0629624363 0.1393233375 0.6726597876 0.7412450791 0.6871753242 0.5155697353 0.8192272179 0.4718471498 0.1557086957 0.6090646242 0.9227799804 0.7977014641 0.9327572918
0.4271275022 0.2578041479 0.6512915976 0.0000000000 0.7446518033 0.7185934574 0.9840604953 0.0706115035 0.9653252410 0.3648991083 0.5115176973 0.4018777937 0.9873062868 0.9111256357 0.6257889482 0.8942825356 0.4397516720
0.5857130167 0.8367427253 0.0629624363 0.7446518033 0.0000000000 0.3071565178 0.6966760210 0.4759510578 0.9208610001 0.1174529974 0.0434693391 0.9212802199 0.5359417761 0.6517431834 0.9084611164 0.4509997302 0.7480287356
0.2910273564 0.4692628487 0.1393233375 0.7185934574 0.3071565178 0.0000000000 0.0530786297 0.8159042079 0.5447433543 0.5679435652 0.9944128814 0.6406655836 0.0904284896 0.3382199462 0.0264561592 0.3289882330 0.4019685553
0.7134297018 0.5987756761 0.6726597876 0.9840604953 0.6966760210 0.0530786297 0.0000000000 0.6241081979 0.2924136479 0.3631885313 0.8253194353 0.0149124724 0.2793151549 0.7427806499 0.6225877941 0.9602030429 0.5109961091
0.4492433532 0.9090112723 0.7412450791 0.0706115035 0.4759510578 0.8159042079 0.6241081979 0.0000000000 0.4664335602 0.5749056940 0.1179846078 0.6043913446 0.2423301739 0.2770022041 0.0756913398 0.9086545013 0.4289122339
0.4758696464 0.5678731498 0.6871753242 0.9653252410 0.9208610001 0.5447433543 0.2924136479 0.4664335602 0.0000000000 0.4098796917 0.7199178175 0.0257176475 0.0136586804 0.3727286475 0.9770845735 0.8712570520 0.7744593569
0.1402460896 0.0288632780 0.5155697353 0.3648991083 0.1174529974 0.5679435652 0.3631885313 0.5749056940 0.4098796917 0.0000000000 0.5311918882 0.1247754422 0.5766328099 0.6363096884 0.9963149652 0.3822739172 0.4552216192
0.5228310437 0.6803619413 0.8192272179 0.5115176973 0.0434693391 0.9944128814 0.8253194353 0.1179846078 0.7199178175 0.5311918882 0.0000000000 0.6354663994 0.2869967401 0.0288633971 0.4606632078 0.8338681751 0.4484804334
0.2140856236 0.7293550694 0.4718471498 0.4018777937 0.9212802199 0.6406655836 0.0149124724 0.6043913446 0.0257176475 0.1247754422 0.6354663994 0.0000000000 0.8697468535 0.0498930300 0.9885391596 0.2004016827 0.4719791897
0.7448124081 0.2092037701 0.1557086957 0.9873062868 0.5359417761 0.0904284896 0.2793151549 0.2423301739 0.0136586804 0.5766328099 0.2869967401 0.8697468535 0.0000000000 0.1304347726 0.7738577157 0.4701375089 0.2265953357
0.9533934144 0.0962499117 0.6090646242 0.9111256357 0.6517431834 0.3382199462 0.7427806499 0.2770022041 0.3727286475 0.6363096884 0.0288633971 0.0498930300 0.1304347726 0.0000000000 0.8192784422 0.8789860525 0.2306756822
0.7486658716 0.5704184561 0.9227799804 0.6257889482 0.9084611164 0.0264561592 0.6225877941 0.0756913398 0.9770845735 0.9963149652 0.4606632078 0.9885391596 0.7738577157 0.8192784422 0.0000000000 0.9581558992 0.0697707611
0.8046587781 0.7739556421 0.7977014641 0.8942825356 0.4509997302 0.3289882330 0.9602030429 0.9086545013 0.8712570520 0.3822739172 0.8338681751 0.2004016827 0.4701375089 0.8789860525 0.9581558992 0.0000000000 0.3584214691
0.8092331258 0.3462868713 0.9327572918 0.4397516720 0.7480287356 0.4019685553 0.5109961091 0.4289122339 0.7744593569 0.4552216192 0.4484804334 0.4719791897 0.2265953357 0.2306756822 0.0697707611 0.3584214691 0.0000000000
