# MCW Instance
# Type: UNIFORM
# N: 17
# Optimal cost: 1.001409504169718
# Optimal tour (permutation): [0, 11, 2, 12, 6, 3, 7, 9, 13, 4, 14, 15, 16, 10, 1, 8, 5, 0]
# Optimal walk (full path): [0, 11, 2, 12, 6, 12, 3, 7, 9, 13, 4, 14, 15, 16, 1, 10, 1, 8, 0, 5, 0]
# Walk size: 21
# Is walk (has repeats): true

# Distance Matrix
0.0000000000 0.1072343006 0.1931197589 0.6475677142 0.7212983757 0.0052500326 0.8309436872 0.6735214574 0.1071801555 0.5049968486 0.4314254698 0.0122590730 0.9748896478 0.8142692353 0.8876436471 0.6196424504 0.3279627922
0.1072343006 0.0000000000 0.3857661523 0.2064205740 0.1315488052 0.4477708007 0.9997533682 0.4910485734 0.0164988178 0.3352082766 0.0503248294 0.5152873881 0.4665670850 0.6744541129 0.1556548463 0.7329020551 0.0029236540
0.1931197589 0.3857661523 0.0000000000 0.2885622392 0.4948594895 0.7007985177 0.3202069296 0.0810533892 0.3375621745 0.0588545166 0.7230303439 0.0133430392 0.0769850590 0.4058312810 0.6182758832 0.7547549813 0.7033640906
0.6475677142 0.2064205740 0.2885622392 0.0000000000 0.6382913009 0.9184299791 0.2600335647 0.0617127907 0.5782362596 0.8840682254 0.6786821892 0.4264355153 0.0052181559 0.8876973333 0.6811194854 0.8950184054 0.5299661001
0.7212983757 0.1315488052 0.4948594895 0.6382913009 0.0000000000 0.8165138751 0.4985586553 0.8540019895 0.0991098528 0.3482416534 0.7166796249 0.3026666575 0.3043706473 0.1320600610 0.1375775757 0.1333383024 0.0846286083
0.0052500326 0.4477708007 0.7007985177 0.9184299791 0.8165138751 0.0000000000 0.9857384474 0.8301354491 0.5619483034 0.8555651640 0.5804422639 0.8258826012 0.7784581353 0.5791183455 0.7262785791 0.7855649878 0.5439862166
0.8309436872 0.9997533682 0.3202069296 0.2600335647 0.4985586553 0.9857384474 0.0000000000 0.7937771610 0.2945005558 0.3610668882 0.8999503844 0.1667809952 0.0163909040 0.9079884017 0.3742662949 0.7005787629 0.8841975483
0.6735214574 0.4910485734 0.0810533892 0.0617127907 0.8540019895 0.8301354491 0.7937771610 0.0000000000 0.6660963414 0.0706189070 0.3284413280 0.6460945978 0.5180307724 0.8090499107 0.2679104986 0.9349943819 0.9610635180
0.1071801555 0.0164988178 0.3375621745 0.5782362596 0.0991098528 0.5619483034 0.2945005558 0.6660963414 0.0000000000 0.0495817201 0.1658062130 0.9001377050 0.9823684872 0.6753239149 0.7648028384 0.8207405897 0.1151783618
0.5049968486 0.3352082766 0.0588545166 0.8840682254 0.3482416534 0.8555651640 0.3610668882 0.0706189070 0.0495817201 0.0000000000 0.8374858194 0.5491249931 0.0725777957 0.0713658743 0.9719444007 0.5857016573 0.9912347637
0.4314254698 0.0503248294 0.7230303439 0.6786821892 0.7166796249 0.5804422639 0.8999503844 0.3284413280 0.1658062130 0.8374858194 0.0000000000 0.9954019889 0.7854940311 0.5671568231 0.6298612372 0.5653076799 0.4796307532
0.0122590730 0.5152873881 0.0133430392 0.4264355153 0.3026666575 0.8258826012 0.1667809952 0.6460945978 0.9001377050 0.5491249931 0.9954019889 0.0000000000 0.8843041182 0.1446115098 0.8781296290 0.7307002192 0.4083513992
0.9748896478 0.4665670850 0.0769850590 0.0052181559 0.3043706473 0.7784581353 0.0163909040 0.5180307724 0.9823684872 0.0725777957 0.7854940311 0.8843041182 0.0000000000 0.5575572890 0.3006343031 0.9774657958 0.5468109226
0.8142692353 0.6744541129 0.4058312810 0.8876973333 0.1320600610 0.5791183455 0.9079884017 0.8090499107 0.6753239149 0.0713658743 0.5671568231 0.1446115098 0.5575572890 0.0000000000 0.9447116397 0.2403294716 0.3806285972
0.8876436471 0.1556548463 0.6182758832 0.6811194854 0.1375775757 0.7262785791 0.3742662949 0.2679104986 0.7648028384 0.9719444007 0.6298612372 0.8781296290 0.3006343031 0.9447116397 0.0000000000 0.0521493936 0.6759031023
0.6196424504 0.7329020551 0.7547549813 0.8950184054 0.1333383024 0.7855649878 0.7005787629 0.9349943819 0.8207405897 0.5857016573 0.5653076799 0.7307002192 0.9774657958 0.2403294716 0.0521493936 0.0000000000 0.0975854157
0.3279627922 0.0029236540 0.7033640906 0.5299661001 0.0846286083 0.5439862166 0.8841975483 0.9610635180 0.1151783618 0.9912347637 0.4796307532 0.4083513992 0.5468109226 0.3806285972 0.6759031023 0.0975854157 0.0000000000
