# Graph size: 17
# Optimal cost: 1.3568370469374185

# Distance Matrix
0.0 0.27223127895473864 0.6465613955298148 0.8810230038365774 0.936643304305785 0.7364615278000758 0.4727739392811129 0.9880563248619058 0.15962929961519334 0.6593325363723161 0.8513109065274636 0.1816836899893095 0.6371436358630209 0.7232776762915816 0.5381574932512166 0.3345844451921647 0.5944039909870764
0.27223127895473864 0.0 0.5115046734633678 0.4523808905346357 0.8917061915398986 0.04502862480271119 0.49747191818345915 0.31842832535952825 0.7826048047679303 0.8645178987678357 0.06082480563292636 0.8235098010347229 0.03335506184546444 0.21953377058051926 0.7043825446567928 0.5752514984119474 0.10076744267793314
0.6465613955298148 0.5115046734633678 0.0 0.9433393042539514 0.7883685071285813 0.5129712716457936 0.1088734706006983 0.4565504232254769 0.5209280909546086 0.32534078906814246 0.10611806771534071 0.8723900024408116 0.6480799786802379 0.8578633858742768 0.18142435030790172 0.9969244900655413 0.271597981399918
0.8810230038365774 0.4523808905346357 0.9433393042539514 0.0 0.45551079281526363 0.7782728089711202 0.037301502496625005 0.48992228811573035 0.6790254051451129 0.8281629821358206 0.9647965557346219 0.10505098324229878 0.8578098044489252 0.38830273259305403 0.6445156742295586 0.4674632422706517 0.4979881918952329
0.936643304305785 0.8917061915398986 0.7883685071285813 0.45551079281526363 0.0 0.31309704607824973 0.03988985807022649 0.6414780949470464 0.6511393774348321 0.11498363739396633 0.0276365904936966 0.4650539721545006 0.9673645086378724 0.5773908047986042 0.6176522831141045 0.7508854551849402 0.3057669758892049
0.7364615278000758 0.04502862480271119 0.5129712716457936 0.7782728089711202 0.31309704607824973 0.0 0.8710682252410962 0.662339186716462 0.8297557077351221 0.4560857352583849 0.8947689468825337 0.46115848654890945 0.8724542632151083 0.7371380323333134 0.31223628557004657 0.018741465141357216 0.9431715784343796
0.4727739392811129 0.49747191818345915 0.1088734706006983 0.037301502496625005 0.03988985807022649 0.8710682252410962 0.0 0.9808906266555184 0.289677243172515 0.09867861025706515 0.535133408677745 0.6853934449806581 0.25137937155705714 0.6301463492564027 0.4183393105778115 0.9254731968812016 0.06585544504894925
0.9880563248619058 0.31842832535952825 0.4565504232254769 0.48992228811573035 0.6414780949470464 0.662339186716462 0.9808906266555184 0.0 0.4708197981924034 0.9896213917072293 0.9469989394708223 0.9508763150981853 0.0070592230981348925 0.9568412183069509 0.23869521033177177 0.04297925795673663 0.5811465704688243
0.15962929961519334 0.7826048047679303 0.5209280909546086 0.6790254051451129 0.6511393774348321 0.8297557077351221 0.289677243172515 0.4708197981924034 0.0 0.11189347725155963 0.2748926044800145 0.015515529137919981 0.27538793890437663 0.15128782858363943 0.053270060669889374 0.34902725862610773 0.1541866398361611
0.6593325363723161 0.8645178987678357 0.32534078906814246 0.8281629821358206 0.11498363739396633 0.4560857352583849 0.09867861025706515 0.9896213917072293 0.11189347725155963 0.0 0.9884307017615578 0.013556482229941436 0.8587206903649749 0.6677307839132584 0.7683312015188902 0.916324032120128 0.8660292093070738
0.8513109065274636 0.06082480563292636 0.10611806771534071 0.9647965557346219 0.0276365904936966 0.8947689468825337 0.535133408677745 0.9469989394708223 0.2748926044800145 0.9884307017615578 0.0 0.5547280133806585 0.8433066239816889 0.7854190672174132 0.9647358476753322 0.2466594803543456 0.29736426430388474
0.1816836899893095 0.8235098010347229 0.8723900024408116 0.10505098324229878 0.4650539721545006 0.46115848654890945 0.6853934449806581 0.9508763150981853 0.015515529137919981 0.013556482229941436 0.5547280133806585 0.0 0.07324119482626623 0.6768521068528554 0.472314060477797 0.21728841565421342 0.7949943185148398
0.6371436358630209 0.03335506184546444 0.6480799786802379 0.8578098044489252 0.9673645086378724 0.8724542632151083 0.25137937155705714 0.0070592230981348925 0.27538793890437663 0.8587206903649749 0.8433066239816889 0.07324119482626623 0.0 0.41942615453951015 0.48890276158341506 0.8000625254494661 0.49619836849752386
0.7232776762915816 0.21953377058051926 0.8578633858742768 0.38830273259305403 0.5773908047986042 0.7371380323333134 0.6301463492564027 0.9568412183069509 0.15128782858363943 0.6677307839132584 0.7854190672174132 0.6768521068528554 0.41942615453951015 0.0 0.11067980157345814 0.1248424419889379 0.5591081764179342
0.5381574932512166 0.7043825446567928 0.18142435030790172 0.6445156742295586 0.6176522831141045 0.31223628557004657 0.4183393105778115 0.23869521033177177 0.053270060669889374 0.7683312015188902 0.9647358476753322 0.472314060477797 0.48890276158341506 0.11067980157345814 0.0 0.5671638974029906 0.4323507698630289
0.3345844451921647 0.5752514984119474 0.9969244900655413 0.4674632422706517 0.7508854551849402 0.018741465141357216 0.9254731968812016 0.04297925795673663 0.34902725862610773 0.916324032120128 0.2466594803543456 0.21728841565421342 0.8000625254494661 0.1248424419889379 0.5671638974029906 0.0 0.6093372035259653
0.5944039909870764 0.10076744267793314 0.271597981399918 0.4979881918952329 0.3057669758892049 0.9431715784343796 0.06585544504894925 0.5811465704688243 0.1541866398361611 0.8660292093070738 0.29736426430388474 0.7949943185148398 0.49619836849752386 0.5591081764179342 0.4323507698630289 0.6093372035259653 0.0

# Optimal Walk
0 14 13 15 5 7 12 1 16 6 3 2 10 4 9 11 8 0
