# MCW Instance
# Type: UNIFORM
# N: 17
# Optimal cost: 1.5158238101858372
# Optimal tour (permutation): [0, 12, 3, 6, 2, 15, 14, 9, 13, 11, 16, 5, 10, 1, 7, 4, 8, 0]
# Optimal walk (full path): [0, 12, 3, 6, 2, 6, 15, 14, 9, 14, 13, 11, 16, 5, 16, 10, 1, 7, 4, 7, 8, 12, 0]
# Walk size: 23
# Is walk (has repeats): true

# Distance Matrix
0.0000000000 0.2144437580 0.4082109012 0.9315666087 0.6552714217 0.4929033837 0.2306757267 0.7754626620 0.5184675283 0.7229981029 0.8354773435 0.0793218342 0.0296876757 0.4592068081 0.3471408385 0.4292341080 0.8958369849
0.2144437580 0.0000000000 0.4113867324 0.3228851645 0.2494170682 0.8771123720 0.8648718901 0.0028200766 0.7646236652 0.2914419480 0.1989308608 0.6871658975 0.4781608398 0.6214263804 0.5727058375 0.4514639158 0.3952855812
0.4082109012 0.4113867324 0.0000000000 0.5524256348 0.6143570152 0.4039097312 0.0039719983 0.4042245662 0.9969877948 0.2133556005 0.5885192014 0.5837488066 0.1140276175 0.6921917793 0.7961968779 0.3825920167 0.6771011393
0.9315666087 0.3228851645 0.5524256348 0.0000000000 0.8052315772 0.5031009971 0.1706548173 0.9510139357 0.5938880631 0.9326202732 0.7959841624 0.5133361092 0.1543449172 0.6683885721 0.7909415942 0.8801675364 0.9890880495
0.6552714217 0.2494170682 0.6143570152 0.8052315772 0.0000000000 0.6733267072 0.8061173767 0.0750190695 0.7630781479 0.6773529425 0.5459471283 0.2343464930 0.7390092465 0.3285677122 0.3637759127 0.6411248136 0.9405114510
0.4929033837 0.8771123720 0.4039097312 0.5031009971 0.6733267072 0.0000000000 0.3161953597 0.5891545798 0.1569526839 0.3978207788 0.2682920013 0.6064416339 0.8835278705 0.6673529516 0.6032046791 0.6813231972 0.0259363223
0.2306757267 0.8648718901 0.0039719983 0.1706548173 0.8061173767 0.3161953597 0.0000000000 0.1847817357 0.6709944066 0.5406527476 0.3530493286 0.9106368995 0.4595117468 0.7510513577 0.3544240599 0.1581007612 0.8595398426
0.7754626620 0.0028200766 0.4042245662 0.9510139357 0.0750190695 0.5891545798 0.1847817357 0.0000000000 0.0129978404 0.1784553156 0.4545961617 0.9843972464 0.5896781416 0.7031268733 0.7819231323 0.3216186430 0.2236513441
0.5184675283 0.7646236652 0.9969877948 0.5938880631 0.7630781479 0.1569526839 0.6709944066 0.0129978404 0.0000000000 0.6385632969 0.5641153723 0.5578085762 0.0594293995 0.3896839182 0.3278514892 0.7624895627 0.2863567677
0.7229981029 0.2914419480 0.2133556005 0.9326202732 0.6773529425 0.3978207788 0.5406527476 0.1784553156 0.6385632969 0.0000000000 0.5176126370 0.0471708212 0.2427429212 0.4437146279 0.0300988074 0.8024064717 0.7876666406
0.8354773435 0.1989308608 0.5885192014 0.7959841624 0.5459471283 0.2682920013 0.3530493286 0.4545961617 0.5641153723 0.5176126370 0.0000000000 0.5887640549 0.4040555632 0.5326634961 0.2101519500 0.8184812154 0.1974242648
0.0793218342 0.6871658975 0.5837488066 0.5133361092 0.2343464930 0.6064416339 0.9106368995 0.9843972464 0.5578085762 0.0471708212 0.5887640549 0.0000000000 0.3418335367 0.0632059519 0.9570269341 0.3429246122 0.0300512783
0.0296876757 0.4781608398 0.1140276175 0.1543449172 0.7390092465 0.8835278705 0.4595117468 0.5896781416 0.0594293995 0.2427429212 0.4040555632 0.3418335367 0.0000000000 0.1590248906 0.5735318008 0.7328517257 0.2656624276
0.4592068081 0.6214263804 0.6921917793 0.6683885721 0.3285677122 0.6673529516 0.7510513577 0.7031268733 0.3896839182 0.4437146279 0.5326634961 0.0632059519 0.1590248906 0.0000000000 0.0512489744 0.8785671180 0.5019333757
0.3471408385 0.5727058375 0.7961968779 0.7909415942 0.3637759127 0.6032046791 0.3544240599 0.7819231323 0.3278514892 0.0300988074 0.2101519500 0.9570269341 0.5735318008 0.0512489744 0.0000000000 0.0871869214 0.9543060619
0.4292341080 0.4514639158 0.3825920167 0.8801675364 0.6411248136 0.6813231972 0.1581007612 0.3216186430 0.7624895627 0.8024064717 0.8184812154 0.3429246122 0.7328517257 0.8785671180 0.0871869214 0.0000000000 0.4627114779
0.8958369849 0.3952855812 0.6771011393 0.9890880495 0.9405114510 0.0259363223 0.8595398426 0.2236513441 0.2863567677 0.7876666406 0.1974242648 0.0300512783 0.2656624276 0.5019333757 0.9543060619 0.4627114779 0.0000000000
