# Graph size: 17
# Optimal cost: 1.099784793027514

# Distance Matrix
0.0 0.1972945180528074 0.0646111055427091 0.18600580644370457 0.4137063354846975 0.42558521564895746 0.41980170279229867 0.6047207869194732 0.6695846652203392 0.3374736453731275 0.4982467390398452 0.01220390083949574 0.3517074098259202 0.45237243739647226 0.8916884486509637 0.11750932578974715 0.23861094607221978
0.1972945180528074 0.0 0.944957885816605 0.9754704570207553 0.0426875972669547 0.8436811668775753 0.8227449332285953 0.8331537318684115 0.6116318727413204 0.8780006877978064 0.6015419166380429 0.03128442157990241 0.2940460247827458 0.6128018581032635 0.43023214256626885 0.8493247754399053 0.15881304631709814
0.0646111055427091 0.944957885816605 0.0 0.2938998053626015 0.7423047479547333 0.29729713191918505 0.0826441218031696 0.8786439149216959 0.418785093648118 0.012480056585522648 0.6327396300485092 0.015339705790356373 0.1356904051549993 0.916534693452471 0.49629575620483934 0.3657584262172394 0.038863961597723984
0.18600580644370457 0.9754704570207553 0.2938998053626015 0.0 0.3357289332229709 0.06504136667255189 0.08326392336027999 0.14001666594384354 0.13946522137785422 0.799591397559058 0.5022519984569693 0.86003227146915 0.33610767883242876 0.2962548971519954 0.8690107154118768 0.9590684785710657 0.48014296102517573
0.4137063354846975 0.0426875972669547 0.7423047479547333 0.3357289332229709 0.0 0.5580370621088381 0.24977420539876793 0.6877133539491835 0.19099817460746782 0.8319265462407769 0.588657149601763 0.3694319017509501 0.061378427889568044 0.5161603309507982 0.2563201063212015 0.7817659466199074 0.24177585423810743
0.42558521564895746 0.8436811668775753 0.29729713191918505 0.06504136667255189 0.5580370621088381 0.0 0.06401076274785689 0.32963145397848026 0.6422250810601764 0.027840441853405506 0.5147400800744858 0.2732539130998414 0.22453470492225613 0.8485926957346395 0.2677201472095698 0.6559996003039117 0.6318825270061511
0.41980170279229867 0.8227449332285953 0.0826441218031696 0.08326392336027999 0.24977420539876793 0.06401076274785689 0.0 0.15599670868471116 0.9823158791835578 0.027960009389279672 0.5360321655468836 0.850201758780728 0.03398328652786764 0.10883243750190108 0.2546487848693154 0.039798979776591525 0.786133481884529
0.6047207869194732 0.8331537318684115 0.8786439149216959 0.14001666594384354 0.6877133539491835 0.32963145397848026 0.15599670868471116 0.0 0.9935278716220844 0.8839082318667996 0.13272956121332324 0.047666931781520594 0.16805971074113146 0.8294378434680162 0.4810190930384649 0.47768252062971217 0.7468766853020098
0.6695846652203392 0.6116318727413204 0.418785093648118 0.13946522137785422 0.19099817460746782 0.6422250810601764 0.9823158791835578 0.9935278716220844 0.0 0.48586355277475046 0.061302398237119804 0.37171844819502875 0.49221708186718804 0.0037145443128487887 0.9631420674646846 0.2179829556599313 0.8567263329625775
0.3374736453731275 0.8780006877978064 0.012480056585522648 0.799591397559058 0.8319265462407769 0.027840441853405506 0.027960009389279672 0.8839082318667996 0.48586355277475046 0.0 0.052163035903155186 0.7784328160147129 0.6473849915159248 0.5024925388449226 0.23705409242989828 0.3377228001604816 0.9177759517493755
0.4982467390398452 0.6015419166380429 0.6327396300485092 0.5022519984569693 0.588657149601763 0.5147400800744858 0.5360321655468836 0.13272956121332324 0.061302398237119804 0.052163035903155186 0.0 0.49282073353286115 0.36590556111576467 0.6230727977256018 0.870665526049733 0.6274782428708231 0.06503631029939805
0.01220390083949574 0.03128442157990241 0.015339705790356373 0.86003227146915 0.3694319017509501 0.2732539130998414 0.850201758780728 0.047666931781520594 0.37171844819502875 0.7784328160147129 0.49282073353286115 0.0 0.10211203916193001 0.37777614178010843 0.19780994871126634 0.3487064556238245 0.17423956826138498
0.3517074098259202 0.2940460247827458 0.1356904051549993 0.33610767883242876 0.061378427889568044 0.22453470492225613 0.03398328652786764 0.16805971074113146 0.49221708186718804 0.6473849915159248 0.36590556111576467 0.10211203916193001 0.0 0.6551521013503644 0.7750343721798564 0.6161302668026565 0.8974585906117911
0.45237243739647226 0.6128018581032635 0.916534693452471 0.2962548971519954 0.5161603309507982 0.8485926957346395 0.10883243750190108 0.8294378434680162 0.0037145443128487887 0.5024925388449226 0.6230727977256018 0.37777614178010843 0.6551521013503644 0.0 0.4641409583991808 0.5131971031443643 0.20944880406648836
0.8916884486509637 0.43023214256626885 0.49629575620483934 0.8690107154118768 0.2563201063212015 0.2677201472095698 0.2546487848693154 0.4810190930384649 0.9631420674646846 0.23705409242989828 0.870665526049733 0.19780994871126634 0.7750343721798564 0.4641409583991808 0.0 0.6731204042869465 0.14141646556230913
0.11750932578974715 0.8493247754399053 0.3657584262172394 0.9590684785710657 0.7817659466199074 0.6559996003039117 0.039798979776591525 0.47768252062971217 0.2179829556599313 0.3377228001604816 0.6274782428708231 0.3487064556238245 0.6161302668026565 0.5131971031443643 0.6731204042869465 0.0 0.847670854744297
0.23861094607221978 0.15881304631709814 0.038863961597723984 0.48014296102517573 0.24177585423810743 0.6318825270061511 0.786133481884529 0.7468766853020098 0.8567263329625775 0.9177759517493755 0.06503631029939805 0.17423956826138498 0.8974585906117911 0.20944880406648836 0.14141646556230913 0.847670854744297 0.0

# Optimal Walk
0 11 7 2 16 14 10 13 8 3 5 9 15 6 12 4 1 0
