# MCW Instance
# Type: UNIFORM
# N: 17
# Optimal cost: 1.9141411787225988
# Optimal tour (permutation): [0, 12, 7, 15, 14, 1, 6, 13, 11, 3, 16, 2, 9, 4, 10, 5, 8, 0]
# Optimal walk (full path): [0, 7, 12, 7, 15, 14, 1, 6, 13, 11, 3, 2, 16, 2, 9, 4, 5, 10, 5, 8, 0]
# Walk size: 21
# Is walk (has repeats): true

# Distance Matrix
0.0000000000 0.3442080648 0.5124499923 0.9721316321 0.3108391580 0.5667465600 0.1451753585 0.1420393821 0.0603080095 0.3366649027 0.4186819269 0.6549521912 0.8118365948 0.8528528097 0.8375165044 0.5208798835 0.9502269439
0.3442080648 0.0000000000 0.2429324812 0.6405282774 0.1871993946 0.1994950369 0.0046880317 0.8977369508 0.8795558773 0.8119785689 0.1661848921 0.9158335388 0.4493109525 0.7051311749 0.0295997072 0.2326182077 0.7375780636
0.5124499923 0.2429324812 0.0000000000 0.3033574442 0.8491333727 0.9425927679 0.4668619281 0.4447826676 0.5599808978 0.0890901375 0.4535456679 0.3466403037 0.7231834408 0.3827368064 0.4979451497 0.2879987064 0.1802898972
0.9721316321 0.6405282774 0.3033574442 0.0000000000 0.5617086759 0.6533776157 0.3648387511 0.5221061169 0.2961542197 0.7016672489 0.4000315520 0.3674122339 0.6573236443 0.5697375765 0.8495562288 0.6203797147 0.8213562462
0.3108391580 0.1871993946 0.8491333727 0.5617086759 0.0000000000 0.1104168667 0.3363352003 0.3295211723 0.8583424811 0.1403092362 0.2643548437 0.5063581768 0.1691911887 0.8785609383 0.8182773095 0.2785929826 0.3759966905
0.5667465600 0.1994950369 0.9425927679 0.6533776157 0.1104168667 0.0000000000 0.9625777155 0.5375391003 0.0504224129 0.2460142678 0.0302255013 0.5689709262 0.9217333111 0.5350168438 0.4527738151 0.6482620765 0.4782706422
0.1451753585 0.0046880317 0.4668619281 0.3648387511 0.3363352003 0.9625777155 0.0000000000 0.4727194206 0.1788171829 0.8381320003 0.2064707960 0.9811225225 0.8066369060 0.0598607680 0.2095043524 0.6160389678 0.9409417747
0.1420393821 0.8977369508 0.4447826676 0.5221061169 0.3295211723 0.5375391003 0.4727194206 0.0000000000 0.4948689498 0.6051741782 0.6527335072 0.6096530813 0.0043266977 0.9716657643 0.6985178194 0.0173758499 0.8173108257
0.0603080095 0.8795558773 0.5599808978 0.2961542197 0.8583424811 0.0504224129 0.1788171829 0.4948689498 0.0000000000 0.4737492828 0.7083083708 0.1944244837 0.8718178831 0.8498832155 0.3035680592 0.1637480317 0.3579798242
0.3366649027 0.8119785689 0.0890901375 0.7016672489 0.1403092362 0.2460142678 0.8381320003 0.6051741782 0.4737492828 0.0000000000 0.2697719946 0.8507167569 0.0928264158 0.2091186957 0.1822808641 0.8420104519 0.5235858894
0.4186819269 0.1661848921 0.4535456679 0.4000315520 0.2643548437 0.0302255013 0.2064707960 0.6527335072 0.7083083708 0.2697719946 0.0000000000 0.5138149555 0.6652134756 0.7400516155 0.1806081880 0.0809537596 0.4613085093
0.6549521912 0.9158335388 0.3466403037 0.3674122339 0.5063581768 0.5689709262 0.9811225225 0.6096530813 0.1944244837 0.8507167569 0.5138149555 0.0000000000 0.5965090189 0.0463847978 0.6797525797 0.8389139653 0.4362876375
0.8118365948 0.4493109525 0.7231834408 0.6573236443 0.1691911887 0.9217333111 0.8066369060 0.0043266977 0.8718178831 0.0928264158 0.6652134756 0.5965090189 0.0000000000 0.3620940185 0.7980618479 0.6511484428 0.6103048767
0.8528528097 0.7051311749 0.3827368064 0.5697375765 0.8785609383 0.5350168438 0.0598607680 0.9716657643 0.8498832155 0.2091186957 0.7400516155 0.0463847978 0.3620940185 0.0000000000 0.9633550842 0.1147705833 0.4839614040
0.8375165044 0.0295997072 0.4979451497 0.8495562288 0.8182773095 0.4527738151 0.2095043524 0.6985178194 0.3035680592 0.1822808641 0.1806081880 0.6797525797 0.7980618479 0.9633550842 0.0000000000 0.0631921088 0.8926404533
0.5208798835 0.2326182077 0.2879987064 0.6203797147 0.2785929826 0.6482620765 0.6160389678 0.0173758499 0.1637480317 0.8420104519 0.0809537596 0.8389139653 0.6511484428 0.1147705833 0.0631921088 0.0000000000 0.2659366638
0.9502269439 0.7375780636 0.1802898972 0.8213562462 0.3759966905 0.4782706422 0.9409417747 0.8173108257 0.3579798242 0.5235858894 0.4613085093 0.4362876375 0.6103048767 0.4839614040 0.8926404533 0.2659366638 0.0000000000
