# Graph size: 17
# Optimal cost: 2.1050950079093775

# Distance Matrix
0.0 0.3144896263195027 0.6695361860395116 0.5293889621954478 0.6784897176027833 0.4200798327802263 0.09376658233188462 0.4224481507887994 0.08976870109153923 0.35362528262818727 0.188536264515076 0.9157954566413296 0.0686883027509102 0.5441748379340651 0.6852643748577264 0.6507025851857475 0.556201921155603
0.3144896263195027 0.0 0.29484695579284415 0.4039810127071871 0.21961035118305516 0.6459956609413164 0.08779342286705161 0.6695061267178989 0.4699523719234101 0.9622534232378134 0.5159799742575343 0.19426575376557165 0.3972132033643152 0.3469706229312176 0.16139428078670826 0.1899836098092983 0.9902883672893897
0.6695361860395116 0.29484695579284415 0.0 0.4320419306476926 0.39651844273799974 0.979274220669494 0.3150656539533371 0.07076312623784575 0.524379590667197 0.9182038171928937 0.32624822617726446 0.5340511376768354 0.8922190909354104 0.012173145867889978 0.38279200679864256 0.8385999525047744 0.6147971271268526
0.5293889621954478 0.4039810127071871 0.4320419306476926 0.0 0.21001630515706227 0.20893123085508458 0.5673549375410355 0.32557595767621617 0.9949986250884674 0.09061748293722993 0.06710116167875269 0.9375019795435138 0.5564349845337765 0.42629930190539156 0.9636264753052375 0.7398329933715245 0.5219401912854427
0.6784897176027833 0.21961035118305516 0.39651844273799974 0.21001630515706227 0.0 0.36132090867966493 0.5218332604808799 0.2834338699283693 0.9578609473004694 0.1268201855140877 0.49633714709418 0.4141902965078835 0.10422882154293744 0.8768575878428994 0.7675055040091079 0.5026665694438079 0.10061230727808734
0.4200798327802263 0.6459956609413164 0.979274220669494 0.20893123085508458 0.36132090867966493 0.0 0.27160920244096887 0.23855162591339407 0.38786065728095875 0.7805351630809902 0.7898089464919478 0.1812154946157739 0.8038854403388924 0.464667454693639 0.7702258732242165 0.4607255494734841 0.0906322954473372
0.09376658233188462 0.08779342286705161 0.3150656539533371 0.5673549375410355 0.5218332604808799 0.27160920244096887 0.0 0.5667844470503668 0.4798151250443331 0.8451502459291511 0.8029494765280751 0.7415280237927173 0.0852813802685658 0.9099117789790022 0.42759418983446373 0.24929395158003265 0.2651465324037283
0.4224481507887994 0.6695061267178989 0.07076312623784575 0.32557595767621617 0.2834338699283693 0.23855162591339407 0.5667844470503668 0.0 0.8851492263400081 0.7931941154559365 0.1911075634883701 0.3410135315467344 0.16178154389987587 0.915680400674005 0.2751395796210162 0.22957114047373106 0.07153539335997317
0.08976870109153923 0.4699523719234101 0.524379590667197 0.9949986250884674 0.9578609473004694 0.38786065728095875 0.4798151250443331 0.8851492263400081 0.0 0.9601309635055648 0.8165525157055996 0.22098510460744325 0.9868669404802474 0.7196892979109083 0.7436576738208487 0.5746730643316226 0.7486204426000491
0.35362528262818727 0.9622534232378134 0.9182038171928937 0.09061748293722993 0.1268201855140877 0.7805351630809902 0.8451502459291511 0.7931941154559365 0.9601309635055648 0.0 0.5132007299450999 0.4859014094514815 0.19006209405858032 0.9224307488253939 0.6854343127202862 0.7529883433996657 0.1577793777764004
0.188536264515076 0.5159799742575343 0.32624822617726446 0.06710116167875269 0.49633714709418 0.7898089464919478 0.8029494765280751 0.1911075634883701 0.8165525157055996 0.5132007299450999 0.0 0.4092908713719441 0.9572357128357368 0.379488882720763 0.8258278827798731 0.4913699543652016 0.7176821775384595
0.9157954566413296 0.19426575376557165 0.5340511376768354 0.9375019795435138 0.4141902965078835 0.1812154946157739 0.7415280237927173 0.3410135315467344 0.22098510460744325 0.4859014094514815 0.4092908713719441 0.0 0.605566507218542 0.1256508361908063 0.4810805963728235 0.9762879903346788 0.3920003881128672
0.0686883027509102 0.3972132033643152 0.8922190909354104 0.5564349845337765 0.10422882154293744 0.8038854403388924 0.0852813802685658 0.16178154389987587 0.9868669404802474 0.19006209405858032 0.9572357128357368 0.605566507218542 0.0 0.2945897631760702 0.7595592589098293 0.10053501106996832 0.6264669652640498
0.5441748379340651 0.3469706229312176 0.012173145867889978 0.42629930190539156 0.8768575878428994 0.464667454693639 0.9099117789790022 0.915680400674005 0.7196892979109083 0.9224307488253939 0.379488882720763 0.1256508361908063 0.2945897631760702 0.0 0.8040932105624804 0.1401368074125352 0.6524794298483377
0.6852643748577264 0.16139428078670826 0.38279200679864256 0.9636264753052375 0.7675055040091079 0.7702258732242165 0.42759418983446373 0.2751395796210162 0.7436576738208487 0.6854343127202862 0.8258278827798731 0.4810805963728235 0.7595592589098293 0.8040932105624804 0.0 0.36808411231377636 0.25713398518719144
0.6507025851857475 0.1899836098092983 0.8385999525047744 0.7398329933715245 0.5026665694438079 0.4607255494734841 0.24929395158003265 0.22957114047373106 0.5746730643316226 0.7529883433996657 0.4913699543652016 0.9762879903346788 0.10053501106996832 0.1401368074125352 0.36808411231377636 0.0 0.17304075102919536
0.556201921155603 0.9902883672893897 0.6147971271268526 0.5219401912854427 0.10061230727808734 0.0906322954473372 0.2651465324037283 0.07153539335997317 0.7486204426000491 0.1577793777764004 0.7176821775384595 0.3920003881128672 0.6264669652640498 0.6524794298483377 0.25713398518719144 0.17304075102919536 0.0

# Optimal Walk
0 8 6 1 14 7 10 3 9 4 16 5 11 13 2 15 12 0
