# MCW Instance
# Type: UNIFORM
# N: 17
# Optimal cost: 1.542573900750051
# Optimal tour (permutation): [0, 13, 15, 14, 2, 5, 10, 6, 16, 11, 7, 9, 3, 8, 1, 4, 12, 0]
# Optimal walk (full path): [0, 13, 15, 14, 15, 2, 15, 5, 10, 6, 16, 11, 7, 9, 3, 8, 1, 4, 12, 0]
# Walk size: 20
# Is walk (has repeats): true

# Distance Matrix
0.0000000000 0.5197044146 0.8201374826 0.6434546103 0.3923119422 0.1577779858 0.9799521746 0.4601720270 0.5967778913 0.3253982044 0.3062649454 0.3699481534 0.1856223070 0.0721602761 0.1927037603 0.9570228821 0.5160755999
0.5197044146 0.0000000000 0.7357337499 0.4443068701 0.0166884979 0.6873719720 0.2402192904 0.0858981988 0.0631998662 0.8085139294 0.8763026605 0.1600494648 0.0865867371 0.5907219898 0.3671916788 0.1362418862 0.1558110842
0.8201374826 0.7357337499 0.0000000000 0.4491703171 0.1815478480 0.5616287061 0.8885635194 0.1980231899 0.9931019802 0.6238394886 0.5120946908 0.8534512055 0.9063686529 0.3675556825 0.2248287449 0.0212201876 0.5688514853
0.6434546103 0.4443068701 0.4491703171 0.0000000000 0.4091266172 0.8351080390 0.8386102370 0.5723576307 0.1272832657 0.2012691875 0.4648355171 0.6095166101 0.4730472671 0.8263528010 0.6698003716 0.6963246505 0.7382206579
0.3923119422 0.0166884979 0.1815478480 0.4091266172 0.0000000000 0.0711002053 0.1579409697 0.3975130658 0.8493819199 0.8404924565 0.8820656914 0.3987649760 0.0131018575 0.2719380508 0.7515217469 0.9582818209 0.8281330052
0.1577779858 0.6873719720 0.5616287061 0.8351080390 0.0711002053 0.0000000000 0.9073181763 0.8196795245 0.7399273895 0.3016144662 0.0664485338 0.2476399927 0.2811535060 0.5588735977 0.6561197437 0.0842350296 0.8811387553
0.9799521746 0.2402192904 0.8885635194 0.8386102370 0.1579409697 0.9073181763 0.0000000000 0.4201949449 0.4467289416 0.1768039802 0.0080471137 0.4329657552 0.9276172065 0.3328944665 0.4190410737 0.3938966010 0.2125788309
0.4601720270 0.0858981988 0.1980231899 0.5723576307 0.3975130658 0.8196795245 0.4201949449 0.0000000000 0.1899490025 0.0626594900 0.8735547390 0.1086100426 0.1182033305 0.4903974449 0.7642366305 0.3838164221 0.8814363677
0.5967778913 0.0631998662 0.9931019802 0.1272832657 0.8493819199 0.7399273895 0.4467289416 0.1899490025 0.0000000000 0.9428018491 0.4122454690 0.4744997640 0.7108757300 0.4951230928 0.4669284150 0.3567965908 0.9094767520
0.3253982044 0.8085139294 0.6238394886 0.2012691875 0.8404924565 0.3016144662 0.1768039802 0.0626594900 0.9428018491 0.0000000000 0.6485394264 0.1813672266 0.0748423464 0.0969572416 0.5351977823 0.5334053010 0.4652866453
0.3062649454 0.8763026605 0.5120946908 0.4648355171 0.8820656914 0.0664485338 0.0080471137 0.8735547390 0.4122454690 0.6485394264 0.0000000000 0.7303840178 0.4687906448 0.2007329473 0.9470865962 0.5907714032 0.9171157904
0.3699481534 0.1600494648 0.8534512055 0.6095166101 0.3987649760 0.2476399927 0.4329657552 0.1086100426 0.4744997640 0.1813672266 0.7303840178 0.0000000000 0.1200420531 0.8558565597 0.5130660129 0.0990419461 0.0877996609
0.1856223070 0.0865867371 0.9063686529 0.4730472671 0.0131018575 0.2811535060 0.9276172065 0.1182033305 0.7108757300 0.0748423464 0.4687906448 0.1200420531 0.0000000000 0.6936549538 0.7550561607 0.3155297575 0.6189805002
0.0721602761 0.5907219898 0.3675556825 0.8263528010 0.2719380508 0.5588735977 0.3328944665 0.4903974449 0.4951230928 0.0969572416 0.2007329473 0.8558565597 0.6936549538 0.0000000000 0.8379392509 0.0501582265 0.8128347441
0.1927037603 0.3671916788 0.2248287449 0.6698003716 0.7515217469 0.6561197437 0.4190410737 0.7642366305 0.4669284150 0.5351977823 0.9470865962 0.5130660129 0.7550561607 0.8379392509 0.0000000000 0.0701356698 0.7075227471
0.9570228821 0.1362418862 0.0212201876 0.6963246505 0.9582818209 0.0842350296 0.3938966010 0.3838164221 0.3567965908 0.5334053010 0.5907714032 0.0990419461 0.3155297575 0.0501582265 0.0701356698 0.0000000000 0.5696965128
0.5160755999 0.1558110842 0.5688514853 0.7382206579 0.8281330052 0.8811387553 0.2125788309 0.8814363677 0.9094767520 0.4652866453 0.9171157904 0.0877996609 0.6189805002 0.8128347441 0.7075227471 0.5696965128 0.0000000000
