# MCW Instance
# Type: UNIFORM
# N: 17
# Optimal cost: 1.2551523775226188
# Optimal tour (permutation): [0, 12, 9, 10, 7, 1, 14, 6, 4, 16, 15, 8, 13, 11, 5, 3, 2, 0]
# Optimal walk (full path): [0, 12, 9, 10, 7, 10, 1, 14, 6, 4, 16, 15, 8, 16, 13, 11, 13, 5, 3, 2, 0]
# Walk size: 21
# Is walk (has repeats): true

# Distance Matrix
0.0000000000 0.3547321283 0.0684564749 0.3712880489 0.7845136289 0.6109820287 0.3099689698 0.3424720594 0.1789726092 0.9942725990 0.9689622537 0.9982529011 0.0418079366 0.8681431041 0.1750700344 0.7736002873 0.9536271681
0.3547321283 0.0000000000 0.3438393596 0.5455660719 0.8731922470 0.7111134929 0.4270739891 0.9889439963 0.9991809307 0.5104584633 0.0534291100 0.7402562712 0.7168836875 0.2013139599 0.0580858278 0.3782426051 0.2897284065
0.0684564749 0.3438393596 0.0000000000 0.1039700930 0.1421675613 0.8174426821 0.8470095419 0.7662539442 0.1958347076 0.0429016231 0.5614867484 0.9516841854 0.9173700862 0.6607409613 0.1085854984 0.0967044364 0.5278466755
0.3712880489 0.5455660719 0.1039700930 0.0000000000 0.1747819597 0.0549353724 0.4523583122 0.5225697020 0.2675719595 0.9812077604 0.1345576592 0.8233378027 0.2635788214 0.0826921082 0.3471345400 0.3996685923 0.3829822573
0.7845136289 0.8731922470 0.1421675613 0.1747819597 0.0000000000 0.7107756899 0.1131569517 0.4124861707 0.3564051750 0.8194691346 0.9525267808 0.2003694515 0.4640921197 0.5633455057 0.0776681616 0.9763116250 0.0874557957
0.6109820287 0.7111134929 0.8174426821 0.0549353724 0.7107756899 0.0000000000 0.3567386408 0.8441528759 0.9320428378 0.4165771783 0.5487716436 0.3893989404 0.5573197432 0.0441581180 0.4947640682 0.6201174771 0.3731867654
0.3099689698 0.4270739891 0.8470095419 0.4523583122 0.1131569517 0.3567386408 0.0000000000 0.7945900680 0.2117921200 0.9679718093 0.9510661860 0.2862161671 0.9946534324 0.6229520911 0.0436348780 0.4055281724 0.3382137976
0.3424720594 0.9889439963 0.7662539442 0.5225697020 0.4124861707 0.8441528759 0.7945900680 0.0000000000 0.2752576967 0.8887978089 0.0839537664 0.2630907084 0.7490185388 0.2646694730 0.5110538463 0.6738540492 0.2949758823
0.1789726092 0.9991809307 0.1958347076 0.2675719595 0.3564051750 0.9320428378 0.2117921200 0.2752576967 0.0000000000 0.6713264731 0.1923633670 0.6924018740 0.7242819334 0.0941953664 0.0657734842 0.0038951010 0.0118666832
0.9942725990 0.5104584633 0.0429016231 0.9812077604 0.8194691346 0.4165771783 0.9679718093 0.8887978089 0.6713264731 0.0000000000 0.1642922538 0.2272667297 0.1286115732 0.4753596763 0.1721312935 0.6849812153 0.1903071108
0.9689622537 0.0534291100 0.5614867484 0.1345576592 0.9525267808 0.5487716436 0.9510661860 0.0839537664 0.1923633670 0.1642922538 0.0000000000 0.1443431521 0.3149718725 0.9599934876 0.1901467195 0.4747524174 0.7611746047
0.9982529011 0.7402562712 0.9516841854 0.8233378027 0.2003694515 0.3893989404 0.2862161671 0.2630907084 0.6924018740 0.2272667297 0.1443431521 0.0000000000 0.2828741085 0.0149965226 0.1345280420 0.6007889552 0.5969842137
0.0418079366 0.7168836875 0.9173700862 0.2635788214 0.4640921197 0.5573197432 0.9946534324 0.7490185388 0.7242819334 0.1286115732 0.3149718725 0.2828741085 0.0000000000 0.4098434082 0.1891636641 0.5180959733 0.5726446005
0.8681431041 0.2013139599 0.6607409613 0.0826921082 0.5633455057 0.0441581180 0.6229520911 0.2646694730 0.0941953664 0.4753596763 0.9599934876 0.0149965226 0.4098434082 0.0000000000 0.9263354332 0.6495823733 0.0696820081
0.1750700344 0.0580858278 0.1085854984 0.3471345400 0.0776681616 0.4947640682 0.0436348780 0.5110538463 0.0657734842 0.1721312935 0.1901467195 0.1345280420 0.1891636641 0.9263354332 0.0000000000 0.3607240432 0.4229132592
0.7736002873 0.3782426051 0.0967044364 0.3996685923 0.9763116250 0.6201174771 0.4055281724 0.6738540492 0.0038951010 0.6849812153 0.4747524174 0.6007889552 0.5180959733 0.6495823733 0.3607240432 0.0000000000 0.0098136222
0.9536271681 0.2897284065 0.5278466755 0.3829822573 0.0874557957 0.3731867654 0.3382137976 0.2949758823 0.0118666832 0.1903071108 0.7611746047 0.5969842137 0.5726446005 0.0696820081 0.4229132592 0.0098136222 0.0000000000
