# Graph size: 17
# Optimal cost: 1.4015435882270428

# Distance Matrix
0.0 0.9837165378713709 0.3462350362264086 0.04533703678144896 0.4951481687621436 0.6443708181680019 0.7819516116494032 0.16082170844307075 0.9552163186985262 0.7469742464487855 0.24934602200513534 0.8046368078716926 0.3684477391542147 0.7404564287538395 0.12491785041861192 0.8816144404229926 0.586757197894061
0.9837165378713709 0.0 0.9983640714533374 0.052079785123693934 0.6413489831687827 0.5092799315706141 0.6020492890290184 0.8250357563462781 0.4012621693337368 0.7385434873593685 0.2260924315906757 0.7285089571142529 0.10897901020509781 0.9995112888300745 0.07691828126451783 0.6370608067714058 0.21499192806252254
0.3462350362264086 0.9983640714533374 0.0 0.4772902075063642 0.0709148988867 0.38965659834039323 0.07756787595169412 0.5818333339629336 0.9549669604754977 0.6982972683741927 0.6540789558000671 0.03175849289379362 0.8701662026353139 0.12395115418968261 0.5464142744922594 0.5644417624730297 0.9385636670041846
0.04533703678144896 0.052079785123693934 0.4772902075063642 0.0 0.45868319376921163 0.5628570840980749 0.025834501811681898 0.8131796801287741 0.18979344707627166 0.8347874868441063 0.07099162494896083 0.7730892231380663 0.5899407627575104 0.18379825032626662 0.21508738524848126 0.8682520137484186 0.3766415219452166
0.4951481687621436 0.6413489831687827 0.0709148988867 0.45868319376921163 0.0 0.873287279096595 0.5147347172537952 0.8228578540381456 0.8151973780100483 0.09831694737308583 0.7307125566843915 0.8913096341606495 0.6010199117535798 0.5685071883673176 0.42574517573019244 0.6275680796632264 0.8504845529067414
0.6443708181680019 0.5092799315706141 0.38965659834039323 0.5628570840980749 0.873287279096595 0.0 0.320956003304799 0.08476631416452007 0.5764331134836918 0.053859520599621735 0.4636568843482438 0.010139874629632728 0.22443962774691417 0.8995203961843056 0.8946100735218309 0.4405984360749685 0.15839551838807298
0.7819516116494032 0.6020492890290184 0.07756787595169412 0.025834501811681898 0.5147347172537952 0.320956003304799 0.0 0.4655742066873969 0.16780060924150786 0.07019949654284219 0.2711925408185981 0.3931818295969186 0.5844428591474417 0.902388511502868 0.02737148658059907 0.305280463963744 0.27636755522039413
0.16082170844307075 0.8250357563462781 0.5818333339629336 0.8131796801287741 0.8228578540381456 0.08476631416452007 0.4655742066873969 0.0 0.1642969698976613 0.25502493710702945 0.9150733490712685 0.5181545459462974 0.8276928128679659 0.6659726315563211 0.9805665304841419 0.7555901763868182 0.13553918155434685
0.9552163186985262 0.4012621693337368 0.9549669604754977 0.18979344707627166 0.8151973780100483 0.5764331134836918 0.16780060924150786 0.1642969698976613 0.0 0.3227454269544101 0.5045979365687887 0.8702554551562967 0.4169074195527219 0.568766121024657 0.3542168678590061 0.013527359793887417 0.3880281593756536
0.7469742464487855 0.7385434873593685 0.6982972683741927 0.8347874868441063 0.09831694737308583 0.053859520599621735 0.07019949654284219 0.25502493710702945 0.3227454269544101 0.0 0.5172166520301875 0.7789368511802615 0.938002378179465 0.08355428845980628 0.05443227976332021 0.1442986602118631 0.1303279980194202
0.24934602200513534 0.2260924315906757 0.6540789558000671 0.07099162494896083 0.7307125566843915 0.4636568843482438 0.2711925408185981 0.9150733490712685 0.5045979365687887 0.5172166520301875 0.0 0.5396484151126505 0.4552661203358206 0.5653441972382313 0.20665381748327716 0.35929618138963515 0.13071756311732197
0.8046368078716926 0.7285089571142529 0.03175849289379362 0.7730892231380663 0.8913096341606495 0.010139874629632728 0.3931818295969186 0.5181545459462974 0.8702554551562967 0.7789368511802615 0.5396484151126505 0.0 0.02401620994574971 0.9703917910014612 0.3302862923063268 0.7322205882228793 0.9851628266090567
0.3684477391542147 0.10897901020509781 0.8701662026353139 0.5899407627575104 0.6010199117535798 0.22443962774691417 0.5844428591474417 0.8276928128679659 0.4169074195527219 0.938002378179465 0.4552661203358206 0.02401620994574971 0.0 0.25170009156815776 0.33758694400116007 0.8223393851960475 0.4877397818917296
0.7404564287538395 0.9995112888300745 0.12395115418968261 0.18379825032626662 0.5685071883673176 0.8995203961843056 0.902388511502868 0.6659726315563211 0.568766121024657 0.08355428845980628 0.5653441972382313 0.9703917910014612 0.25170009156815776 0.0 0.14908306549083195 0.914387540159368 0.5882200208547085
0.12491785041861192 0.07691828126451783 0.5464142744922594 0.21508738524848126 0.42574517573019244 0.8946100735218309 0.02737148658059907 0.9805665304841419 0.3542168678590061 0.05443227976332021 0.20665381748327716 0.3302862923063268 0.33758694400116007 0.14908306549083195 0.0 0.18096761451107524 0.5757251298495504
0.8816144404229926 0.6370608067714058 0.5644417624730297 0.8682520137484186 0.6275680796632264 0.4405984360749685 0.305280463963744 0.7555901763868182 0.013527359793887417 0.1442986602118631 0.35929618138963515 0.7322205882228793 0.8223393851960475 0.914387540159368 0.18096761451107524 0.0 0.9098632623153828
0.586757197894061 0.21499192806252254 0.9385636670041846 0.3766415219452166 0.8504845529067414 0.15839551838807298 0.27636755522039413 0.13553918155434685 0.3880281593756536 0.1303279980194202 0.13071756311732197 0.9851628266090567 0.4877397818917296 0.5882200208547085 0.5757251298495504 0.9098632623153828 0.0

# Optimal Walk
0 6 14 1 12 11 5 2 4 13 9 15 8 7 16 10 3 0
