# Graph size: 17
# Optimal cost: 1.6650789684456049

# Distance Matrix
0.0 0.2179622332211716 0.2880176731666543 0.529695691326535 0.3718159210958335 0.47929829974475335 0.7148487872091469 0.07646513852914028 0.00567728978203863 0.510043022419983 0.6713469802665001 0.38322856282719153 0.8736345529429107 0.013212431903036448 0.8482359480697627 0.014088844860087324 0.23927252906386143
0.2179622332211716 0.0 0.24617170851500714 0.501387044584472 0.2354926137527492 0.43050452599870814 0.3295525425754391 0.4039605177787483 0.6603339203981535 0.06368684092754373 0.6997565604144373 0.45565992783471443 0.09840375006342394 0.1786457080096313 0.143307929748833 0.919833280214727 0.618342237562458
0.2880176731666543 0.24617170851500714 0.0 0.029276232518216316 0.9304195095024893 0.06481847322327872 0.9209782747319701 0.7206616168891576 0.9254887216672881 0.3228451129680098 0.9999164806714839 0.3612005763777545 0.1938405639513907 0.9479681872099011 0.722459202247877 0.9070191290320306 0.5468874312681135
0.529695691326535 0.501387044584472 0.029276232518216316 0.0 0.5539237635787538 0.40242692987902307 0.41598281728130837 0.6719757062511086 0.8434604922366583 0.656167574557822 0.9999137175599793 0.9785423462238592 0.3026150066363499 0.834021444800721 0.36615649398530825 0.05880458850910775 0.6265633450664966
0.3718159210958335 0.2354926137527492 0.9304195095024893 0.5539237635787538 0.0 0.10173518705825901 0.4734258994236016 0.7090586612232922 0.1680943645101921 0.8097949167487101 0.4919079495782225 0.7867643437977277 0.7554155469254578 0.13337483895808266 0.9538756617951095 0.7889438886984115 0.8129155186026261
0.47929829974475335 0.43050452599870814 0.06481847322327872 0.40242692987902307 0.10173518705825901 0.0 0.0915745218217564 0.7086193992343833 0.9290256120346365 0.8366710604665629 0.9618445836824704 0.05428083724921562 0.662113611092704 0.9259020036761609 0.7939768575038969 0.20921908750112694 0.06276707632220613
0.7148487872091469 0.3295525425754391 0.9209782747319701 0.41598281728130837 0.4734258994236016 0.0915745218217564 0.0 0.2522393691765372 0.1977618924701685 0.10682563937331391 0.19472389481087438 0.0605880960789037 0.8293932577660859 0.350244949788721 0.6286048690015885 0.03852846991481518 0.033924258989388445
0.07646513852914028 0.4039605177787483 0.7206616168891576 0.6719757062511086 0.7090586612232922 0.7086193992343833 0.2522393691765372 0.0 0.04724579769081472 0.5614867046167293 0.6656151680453365 0.914559823809244 0.1605277345218462 0.5713329421816608 0.45959639264497976 0.6942924486972214 0.955036421582398
0.00567728978203863 0.6603339203981535 0.9254887216672881 0.8434604922366583 0.1680943645101921 0.9290256120346365 0.1977618924701685 0.04724579769081472 0.0 0.8996243182444837 0.8734900521957457 0.6113678470450419 0.10140008257849054 0.297130739646878 0.9656177709928502 0.7472924513811607 0.0033889054291749154
0.510043022419983 0.06368684092754373 0.3228451129680098 0.656167574557822 0.8097949167487101 0.8366710604665629 0.10682563937331391 0.5614867046167293 0.8996243182444837 0.0 0.8906193705628137 0.8641114127399407 0.12457145202545161 0.9573378706523107 0.2323944511687156 0.4780715439558858 0.13109270568608966
0.6713469802665001 0.6997565604144373 0.9999164806714839 0.9999137175599793 0.4919079495782225 0.9618445836824704 0.19472389481087438 0.6656151680453365 0.8734900521957457 0.8906193705628137 0.0 0.8227629972119413 0.6799162513854408 0.8694703173312844 0.8290483370830771 0.9859396073591623 0.5193479402555803
0.38322856282719153 0.45565992783471443 0.3612005763777545 0.9785423462238592 0.7867643437977277 0.05428083724921562 0.0605880960789037 0.914559823809244 0.6113678470450419 0.8641114127399407 0.8227629972119413 0.0 0.19305615593592806 0.9885125125042926 0.5320004545492226 0.7947307768402173 0.13593150526557207
0.8736345529429107 0.09840375006342394 0.1938405639513907 0.3026150066363499 0.7554155469254578 0.662113611092704 0.8293932577660859 0.1605277345218462 0.10140008257849054 0.12457145202545161 0.6799162513854408 0.19305615593592806 0.0 0.7492700902160069 0.7061508071220446 0.6335898722350323 0.34413835777169044
0.013212431903036448 0.1786457080096313 0.9479681872099011 0.834021444800721 0.13337483895808266 0.9259020036761609 0.350244949788721 0.5713329421816608 0.297130739646878 0.9573378706523107 0.8694703173312844 0.9885125125042926 0.7492700902160069 0.0 0.6592181538777825 0.9408863731553909 0.9701237019283026
0.8482359480697627 0.143307929748833 0.722459202247877 0.36615649398530825 0.9538756617951095 0.7939768575038969 0.6286048690015885 0.45959639264497976 0.9656177709928502 0.2323944511687156 0.8290483370830771 0.5320004545492226 0.7061508071220446 0.6592181538777825 0.0 0.41050146401439525 0.46363805483674825
0.014088844860087324 0.919833280214727 0.9070191290320306 0.05880458850910775 0.7889438886984115 0.20921908750112694 0.03852846991481518 0.6942924486972214 0.7472924513811607 0.4780715439558858 0.9859396073591623 0.7947307768402173 0.6335898722350323 0.9408863731553909 0.41050146401439525 0.0 0.9536390188964502
0.23927252906386143 0.618342237562458 0.5468874312681135 0.6265633450664966 0.8129155186026261 0.06276707632220613 0.033924258989388445 0.955036421582398 0.0033889054291749154 0.13109270568608966 0.5193479402555803 0.13593150526557207 0.34413835777169044 0.9701237019283026 0.46363805483674825 0.9536390188964502 0.0

# Optimal Walk
0 16 8 7 12 14 1 9 10 6 11 5 4 2 3 15 13 0
