# MCW Instance
# Type: UNIFORM
# N: 17
# Optimal cost: 2.042600919455983
# Optimal tour (permutation): [0, 1, 11, 14, 15, 8, 12, 7, 5, 9, 16, 4, 2, 6, 3, 13, 10, 0]
# Optimal walk (full path): [0, 1, 3, 11, 14, 15, 8, 12, 7, 5, 9, 16, 4, 2, 6, 3, 13, 10, 13, 0]
# Walk size: 20
# Is walk (has repeats): true

# Distance Matrix
0.0000000000 0.1496408272 0.1163667044 0.5358502811 0.2638186416 0.6190479750 0.9641175099 0.9300978507 0.8876718192 0.8807801137 0.5621024071 0.8881408067 0.1133239633 0.0659901000 0.5516631800 0.2822897246 0.7467798521
0.1496408272 0.0000000000 0.2205298236 0.1276481812 0.5700761062 0.6824027263 0.6995983699 0.4637472706 0.4994213069 0.8657787664 0.3889447713 0.9050320281 0.4157658797 0.4804670098 0.5810245619 0.6127902885 0.9336403859
0.1163667044 0.2205298236 0.0000000000 0.3723372680 0.0229865979 0.1367832819 0.1892617891 0.9058624185 0.1230926967 0.2113423222 0.6260894075 0.1586455351 0.5531498086 0.9242618765 0.2818774123 0.6036266280 0.5167601584
0.5358502811 0.1276481812 0.3723372680 0.0000000000 0.2912337156 0.8436114536 0.2028273419 0.7666722599 0.1836071625 0.3158191629 0.1421566229 0.0492415646 0.5035485761 0.0080953708 0.2737139119 0.0299863832 0.4782126255
0.2638186416 0.5700761062 0.0229865979 0.2912337156 0.0000000000 0.6892847678 0.7001908095 0.9114514162 0.9533272817 0.1786163232 0.8353859737 0.8930673178 0.6066326900 0.3481849404 0.7055124095 0.3424219027 0.0729042280
0.6190479750 0.6824027263 0.1367832819 0.8436114536 0.6892847678 0.0000000000 0.4965279379 0.2178899583 0.0483344109 0.0748279812 0.3196450727 0.6167802207 0.2083518969 0.7877870444 0.2536625031 0.3705349116 0.8667619678
0.9641175099 0.6995983699 0.1892617891 0.2028273419 0.7001908095 0.4965279379 0.0000000000 0.8316551041 0.7924429207 0.2898930546 0.3639438666 0.4789836346 0.4937951580 0.7641760958 0.9838559703 0.8965074815 0.7795385455
0.9300978507 0.4637472706 0.9058624185 0.7666722599 0.9114514162 0.2178899583 0.8316551041 0.0000000000 0.6202942709 0.3936841789 0.4956831882 0.3075286597 0.2588918164 0.6581525792 0.7580130808 0.6478527620 0.4026222652
0.8876718192 0.4994213069 0.1230926967 0.1836071625 0.9533272817 0.0483344109 0.7924429207 0.6202942709 0.0000000000 0.5807239781 0.2221973758 0.2307546292 0.0034593980 0.8748949528 0.6726957133 0.0504503942 0.5991135907
0.8807801137 0.8657787664 0.2113423222 0.3158191629 0.1786163232 0.0748279812 0.2898930546 0.3936841789 0.5807239781 0.0000000000 0.2010160171 0.9530682254 0.4068478843 0.6830368500 0.4175445175 0.2425059053 0.0462846110
0.5621024071 0.3889447713 0.6260894075 0.1421566229 0.8353859737 0.3196450727 0.3639438666 0.4956831882 0.2221973758 0.2010160171 0.0000000000 0.4581647114 0.4903643601 0.0802485126 0.4227497845 0.6814562755 0.3797829629
0.8881408067 0.9050320281 0.1586455351 0.0492415646 0.8930673178 0.6167802207 0.4789836346 0.3075286597 0.2307546292 0.9530682254 0.4581647114 0.0000000000 0.9001276010 0.4426585156 0.1744586432 0.8820428245 0.3462613939
0.1133239633 0.4157658797 0.5531498086 0.5035485761 0.6066326900 0.2083518969 0.4937951580 0.2588918164 0.0034593980 0.4068478843 0.4903643601 0.9001276010 0.0000000000 0.9790971127 0.9745353314 0.8406612069 0.1809670325
0.0659901000 0.4804670098 0.9242618765 0.0080953708 0.3481849404 0.7877870444 0.7641760958 0.6581525792 0.8748949528 0.6830368500 0.0802485126 0.4426585156 0.9790971127 0.0000000000 0.6455602539 0.0320628307 0.3626384583
0.5516631800 0.5810245619 0.2818774123 0.2737139119 0.7055124095 0.2536625031 0.9838559703 0.7580130808 0.6726957133 0.4175445175 0.4227497845 0.1744586432 0.9745353314 0.6455602539 0.0000000000 0.1672450911 0.8045525153
0.2822897246 0.6127902885 0.6036266280 0.0299863832 0.3424219027 0.3705349116 0.8965074815 0.6478527620 0.0504503942 0.2425059053 0.6814562755 0.8820428245 0.8406612069 0.0320628307 0.1672450911 0.0000000000 0.8208131583
0.7467798521 0.9336403859 0.5167601584 0.4782126255 0.0729042280 0.8667619678 0.7795385455 0.4026222652 0.5991135907 0.0462846110 0.3797829629 0.3462613939 0.1809670325 0.3626384583 0.8045525153 0.8208131583 0.0000000000
