# Graph size: 17
# Optimal cost: 1.7748768349770594

# Distance Matrix
0.0 0.4629187878815375 0.22989043318082358 0.28348569445415406 0.8998038419779024 0.6373968127180849 0.4794602092004744 0.2848668892677386 0.6620446095464898 0.9496553966471416 0.5172774111262867 0.3740658368171734 0.9451506600624826 0.01693243534778388 0.2851144733448828 0.3689750388680245 0.3053625570339439
0.4629187878815375 0.0 0.07688684816535285 0.05868126380918359 0.8021424207712634 0.8615012995319337 0.25937689465388714 0.42449413250578494 0.4645190196392671 0.07007100446617365 0.4225094275247877 0.03888875568674721 0.3618816066393795 0.27898039687889153 0.00782485220711715 0.3830740728268184 0.12131420577898422
0.22989043318082358 0.07688684816535285 0.0 0.6883315282414251 0.7298334369682391 0.06503939435524086 0.7611091827911679 0.8242633475704473 0.5567207825655515 0.08729040541417865 0.3946749336656121 0.14062687165958843 0.36189183915455814 0.8988039582423563 0.8775141417785124 0.9033072471094499 0.830123776159644
0.28348569445415406 0.05868126380918359 0.6883315282414251 0.0 0.9802555776216113 0.626062605341949 0.08329796489014174 0.6874504286900502 0.17348770877199993 0.8381556405635515 0.5871704208161194 0.09050207102940844 0.9593508704343727 0.12711538645260212 0.7873723381981272 0.05887582599258445 0.4124637843182066
0.8998038419779024 0.8021424207712634 0.7298334369682391 0.9802555776216113 0.0 0.1449292263264621 0.9798263944806105 0.16321381050528394 0.617102608145986 0.1147153149301573 0.09259041574079607 0.2920177551896779 0.915343737304002 0.3186490177283058 0.6968789515239949 0.21182981239375587 0.47674826123529934
0.6373968127180849 0.8615012995319337 0.06503939435524086 0.626062605341949 0.1449292263264621 0.0 0.4947493110023331 0.13053562962988063 0.8082617138492411 0.32829080861950055 0.7844017007644922 0.33408407666423756 0.3494551224307353 0.16389879098941618 0.3422203742014166 0.8207749831331582 0.848908280177409
0.4794602092004744 0.25937689465388714 0.7611091827911679 0.08329796489014174 0.9798263944806105 0.4947493110023331 0.0 0.964882893264481 0.970828813017318 0.05458548387870277 0.6212052046189954 0.7057033944282636 0.17536498856166427 0.3939160548643309 0.42203532194433435 0.19393072433449932 0.8459934213122966
0.2848668892677386 0.42449413250578494 0.8242633475704473 0.6874504286900502 0.16321381050528394 0.13053562962988063 0.964882893264481 0.0 0.6737697000231151 0.14299322083770283 0.39892310983507484 0.37143322285164215 0.4454866332506321 0.8919993751241104 0.4606581323982345 0.3624876591361538 0.8706470219189028
0.6620446095464898 0.4645190196392671 0.5567207825655515 0.17348770877199993 0.617102608145986 0.8082617138492411 0.970828813017318 0.6737697000231151 0.0 0.43178458761646776 0.9383189720619767 0.3217875991812521 0.2745435766242097 0.3717324192567989 0.757650153254285 0.5344371319636609 0.40466451943452453
0.9496553966471416 0.07007100446617365 0.08729040541417865 0.8381556405635515 0.1147153149301573 0.32829080861950055 0.05458548387870277 0.14299322083770283 0.43178458761646776 0.0 0.21247507619743777 0.7467618410166296 0.173977194478677 0.510916723148248 0.32799038457395246 0.6119756995540825 0.11905853019130785
0.5172774111262867 0.4225094275247877 0.3946749336656121 0.5871704208161194 0.09259041574079607 0.7844017007644922 0.6212052046189954 0.39892310983507484 0.9383189720619767 0.21247507619743777 0.0 0.466857663143028 0.23654862142611677 0.6984693168276299 0.25844287681363864 0.2849944086709775 0.05970944653225507
0.3740658368171734 0.03888875568674721 0.14062687165958843 0.09050207102940844 0.2920177551896779 0.33408407666423756 0.7057033944282636 0.37143322285164215 0.3217875991812521 0.7467618410166296 0.466857663143028 0.0 0.9048905320262369 0.12542682290343554 0.5442462349913794 0.8976713365624305 0.6767765149173343
0.9451506600624826 0.3618816066393795 0.36189183915455814 0.9593508704343727 0.915343737304002 0.3494551224307353 0.17536498856166427 0.4454866332506321 0.2745435766242097 0.173977194478677 0.23654862142611677 0.9048905320262369 0.0 0.5475104018325201 0.44395679669814303 0.959626629061186 0.09052728304187962
0.01693243534778388 0.27898039687889153 0.8988039582423563 0.12711538645260212 0.3186490177283058 0.16389879098941618 0.3939160548643309 0.8919993751241104 0.3717324192567989 0.510916723148248 0.6984693168276299 0.12542682290343554 0.5475104018325201 0.0 0.6231080815961901 0.4263814507410997 0.6793776685847251
0.2851144733448828 0.00782485220711715 0.8775141417785124 0.7873723381981272 0.6968789515239949 0.3422203742014166 0.42203532194433435 0.4606581323982345 0.757650153254285 0.32799038457395246 0.25844287681363864 0.5442462349913794 0.44395679669814303 0.6231080815961901 0.0 0.6578467030756814 0.7443271148195559
0.3689750388680245 0.3830740728268184 0.9033072471094499 0.05887582599258445 0.21182981239375587 0.8207749831331582 0.19393072433449932 0.3624876591361538 0.5344371319636609 0.6119756995540825 0.2849944086709775 0.8976713365624305 0.959626629061186 0.4263814507410997 0.6578467030756814 0.0 0.5683630197835338
0.3053625570339439 0.12131420577898422 0.830123776159644 0.4124637843182066 0.47674826123529934 0.848908280177409 0.8459934213122966 0.8706470219189028 0.40466451943452453 0.11905853019130785 0.05970944653225507 0.6767765149173343 0.09052728304187962 0.6793776685847251 0.7443271148195559 0.5683630197835338 0.0

# Optimal Walk
0 15 3 8 12 16 10 4 7 5 2 9 6 14 1 11 13 0
