# MCW Instance
# Type: UNIFORM
# N: 17
# Optimal cost: 1.9627992623257209
# Optimal tour (permutation): [0, 6, 5, 3, 2, 11, 13, 8, 14, 4, 15, 10, 9, 7, 12, 16, 1, 0]
# Optimal walk (full path): [0, 6, 3, 5, 3, 2, 11, 13, 7, 8, 7, 14, 4, 15, 10, 9, 7, 12, 16, 1, 0]
# Walk size: 21
# Is walk (has repeats): true

# Distance Matrix
0.0000000000 0.0627386579 0.9045759320 0.6726933147 0.6481518001 0.2889406245 0.1214913090 0.6996000189 0.4613421980 0.2995658329 0.7857782141 0.9002411994 0.8595283689 0.9164267299 0.9707104129 0.7885681600 0.6329649462
0.0627386579 0.0000000000 0.4416862046 0.1392527686 0.2706088791 0.3058072273 0.2318290759 0.4657146532 0.0382679967 0.3007445061 0.6329169206 0.9774040173 0.2648551748 0.2094158949 0.8262290830 0.8751992848 0.1167764529
0.9045759320 0.4416862046 0.0000000000 0.1373891160 0.3843689583 0.2444954692 0.6124250533 0.3356470271 0.3701417238 0.2517699381 0.6571595209 0.1049402440 0.6239857962 0.8370518134 0.6623588168 0.2650288226 0.4804672474
0.6726933147 0.1392527686 0.1373891160 0.0000000000 0.8588693175 0.0168953140 0.3177496441 0.5303226086 0.6257866365 0.8209684412 0.8010102685 0.2017621844 0.7574327580 0.7150929243 0.2302244303 0.8732227948 0.3579624015
0.6481518001 0.2706088791 0.3843689583 0.8588693175 0.0000000000 0.3411376712 0.4543676181 0.9494850840 0.5561790908 0.9576625405 0.2157464523 0.8340473055 0.5690888770 0.9984016516 0.1957382428 0.0128738534 0.5794430331
0.2889406245 0.3058072273 0.2444954692 0.0168953140 0.3411376712 0.0000000000 0.9105939248 0.8531723628 0.5281137779 0.8828660046 0.4389627997 0.9176883958 0.9651105156 0.9564553059 0.6314985790 0.4873203568 0.7020011731
0.1214913090 0.2318290759 0.6124250533 0.3177496441 0.4543676181 0.9105939248 0.0000000000 0.3282777899 0.2347987645 0.2977205290 0.5784299218 0.3859767927 0.8195727047 0.8798499638 0.3283765638 0.5527432851 0.9310192146
0.6996000189 0.4657146532 0.3356470271 0.5303226086 0.9494850840 0.8531723628 0.3282777899 0.0000000000 0.0036272738 0.0918285385 0.5801929203 0.7941366371 0.0169413576 0.0709999791 0.0602309144 0.6206270257 0.4325974243
0.4613421980 0.0382679967 0.3701417238 0.6257866365 0.5561790908 0.5281137779 0.2347987645 0.0036272738 0.0000000000 0.9290295262 0.6417744624 0.3619071374 0.3901800075 0.8425637854 0.8532425604 0.8318408408 0.4254808737
0.2995658329 0.3007445061 0.2517699381 0.8209684412 0.9576625405 0.8828660046 0.2977205290 0.0918285385 0.9290295262 0.0000000000 0.2143605653 0.8780113727 0.4831590483 0.3170532751 0.9280229056 0.1075732527 0.7631347290
0.7857782141 0.6329169206 0.6571595209 0.8010102685 0.2157464523 0.4389627997 0.5784299218 0.5801929203 0.6417744624 0.2143605653 0.0000000000 0.6476185382 0.6842003238 0.8059252145 0.8969321975 0.1174650274 0.3960718084
0.9002411994 0.9774040173 0.1049402440 0.2017621844 0.8340473055 0.9176883958 0.3859767927 0.7941366371 0.3619071374 0.8780113727 0.6476185382 0.0000000000 0.7587533157 0.1511514629 0.5776431374 0.8416501520 0.3522672180
0.8595283689 0.2648551748 0.6239857962 0.7574327580 0.5690888770 0.9651105156 0.8195727047 0.0169413576 0.3901800075 0.4831590483 0.6842003238 0.7587533157 0.0000000000 0.1154399599 0.2126745499 0.7714248785 0.1290787215
0.9164267299 0.2094158949 0.8370518134 0.7150929243 0.9984016516 0.9564553059 0.8798499638 0.0709999791 0.8425637854 0.3170532751 0.8059252145 0.1511514629 0.1154399599 0.0000000000 0.3066455049 0.2956577964 0.4520871122
0.9707104129 0.8262290830 0.6623588168 0.2302244303 0.1957382428 0.6314985790 0.3283765638 0.0602309144 0.8532425604 0.9280229056 0.8969321975 0.5776431374 0.2126745499 0.3066455049 0.0000000000 0.5023075994 0.4478358597
0.7885681600 0.8751992848 0.2650288226 0.8732227948 0.0128738534 0.4873203568 0.5527432851 0.6206270257 0.8318408408 0.1075732527 0.1174650274 0.8416501520 0.7714248785 0.2956577964 0.5023075994 0.0000000000 0.4630661357
0.6329649462 0.1167764529 0.4804672474 0.3579624015 0.5794430331 0.7020011731 0.9310192146 0.4325974243 0.4254808737 0.7631347290 0.3960718084 0.3522672180 0.1290787215 0.4520871122 0.4478358597 0.4630661357 0.0000000000
