# MCW Instance
# Type: EXPONENTIAL
# N: 17
# Optimal cost: 2.5630235795829925
# Optimal tour (permutation): [0, 9, 13, 5, 1, 11, 10, 3, 16, 2, 14, 8, 15, 12, 6, 4, 7, 0]
# Optimal walk (full path): [0, 9, 13, 5, 1, 11, 10, 3, 10, 16, 2, 14, 8, 14, 15, 12, 15, 14, 4, 6, 4, 7, 9, 0]
# Walk size: 24
# Is walk (has repeats): true

# Distance Matrix
0.0000000000 0.7553666717 0.2614946108 0.3231152018 0.7218322854 0.3087001759 2.3191166816 3.0402255206 1.3364044050 0.0594816844 0.2036305788 3.3015011158 1.2602263308 0.4086779185 1.5827838005 3.6799280640 0.2668143897
0.7553666717 0.0000000000 1.1148774530 2.2197637172 0.4588884848 0.1989092565 1.0286032020 0.9213346316 0.9280853430 0.0853705093 0.5596784468 0.0407398028 2.6258084037 2.8044733098 1.6059364854 1.1237865467 0.1296081741
0.2614946108 1.1148774530 0.0000000000 1.5667927899 1.3305309368 1.5558648714 1.2655672236 2.6400578638 2.2338539440 0.1594023254 0.6250922626 0.2652352786 0.3499401435 2.9480159322 0.1093646105 1.1139754676 0.1578502628
0.3231152018 2.2197637172 1.5667927899 0.0000000000 0.8418693596 0.6825708679 0.9030281237 0.5108247506 1.0232609685 2.4797222520 0.1109913710 1.5872123589 0.6264777991 2.5846232282 0.5915699989 0.4625291784 2.3373351635
0.7218322854 0.4588884848 1.3305309368 0.8418693596 0.0000000000 0.7103718656 0.0419383616 0.1025072554 0.4936192360 0.5050586164 0.7814035840 0.1836374555 2.2622728333 0.3316189304 0.0268052469 0.9666110510 0.3328890229
0.3087001759 0.1989092565 1.5558648714 0.6825708679 0.7103718656 0.0000000000 0.5505146283 0.2673031869 0.6334156129 1.1315246068 0.7707528250 0.9109946217 0.2632640996 0.2406959484 0.1857083931 1.0079307879 1.3365323874
2.3191166816 1.0286032020 1.2655672236 0.9030281237 0.0419383616 0.5505146283 0.0000000000 1.3277415387 1.3484505010 0.2106008555 0.5997263211 1.6309036585 0.3475205806 2.2631793180 0.0744320708 1.2173652860 0.8193642964
3.0402255206 0.9213346316 2.6400578638 0.5108247506 0.1025072554 0.2673031869 1.3277415387 0.0000000000 0.2213814050 0.0620198421 2.5051458203 0.3932129466 0.2800212298 2.1044334621 3.7373557059 0.3048957824 3.0983750577
1.3364044050 0.9280853430 2.2338539440 1.0232609685 0.4936192360 0.6334156129 1.3484505010 0.2213814050 0.0000000000 0.1588476922 0.5519963096 0.3541522809 1.0360332950 1.0133237725 0.1421056990 0.4026749797 0.9457272833
0.0594816844 0.0853705093 0.1594023254 2.4797222520 0.5050586164 1.1315246068 0.2106008555 0.0620198421 0.1588476922 0.0000000000 4.2944649004 0.1018184288 0.9538861762 0.2562221746 0.3724251168 0.5025589624 0.4758294995
0.2036305788 0.5596784468 0.6250922626 0.1109913710 0.7814035840 0.7707528250 0.5997263211 2.5051458203 0.5519963096 4.2944649004 0.0000000000 0.2207012851 0.5437248771 3.8532087461 0.4458265726 1.8192510022 0.1896272629
3.3015011158 0.0407398028 0.2652352786 1.5872123589 0.1836374555 0.9109946217 1.6309036585 0.3932129466 0.3541522809 0.1018184288 0.2207012851 0.0000000000 0.7732279606 1.3037729155 0.4245267312 1.0206469757 1.4488375660
1.2602263308 2.6258084037 0.3499401435 0.6264777991 2.2622728333 0.2632640996 0.3475205806 0.2800212298 1.0360332950 0.9538861762 0.5437248771 0.7732279606 0.0000000000 0.7798298784 0.4845095688 0.0954664063 3.0408942536
0.4086779185 2.8044733098 2.9480159322 2.5846232282 0.3316189304 0.2406959484 2.2631793180 2.1044334621 1.0133237725 0.2562221746 3.8532087461 1.3037729155 0.7798298784 0.0000000000 0.2866688917 0.5811584016 0.7957730921
1.5827838005 1.6059364854 0.1093646105 0.5915699989 0.0268052469 0.1857083931 0.0744320708 3.7373557059 0.1421056990 0.3724251168 0.4458265726 0.4245267312 0.4845095688 0.2866688917 0.0000000000 0.0288067934 3.9054998428
3.6799280640 1.1237865467 1.1139754676 0.4625291784 0.9666110510 1.0079307879 1.2173652860 0.3048957824 0.4026749797 0.5025589624 1.8192510022 1.0206469757 0.0954664063 0.5811584016 0.0288067934 0.0000000000 1.5855998698
0.2668143897 0.1296081741 0.1578502628 2.3373351635 0.3328890229 1.3365323874 0.8193642964 3.0983750577 0.9457272833 0.4758294995 0.1896272629 1.4488375660 3.0408942536 0.7957730921 3.9054998428 1.5855998698 0.0000000000
