# MCW Instance
# Type: EXPONENTIAL
# N: 17
# Optimal cost: 2.1053302206069127
# Optimal tour (permutation): [0, 16, 9, 12, 8, 4, 14, 3, 13, 2, 1, 15, 5, 10, 6, 11, 7, 0]
# Optimal walk (full path): [0, 16, 9, 12, 14, 8, 4, 8, 14, 3, 13, 2, 1, 15, 5, 10, 6, 11, 7, 0]
# Walk size: 20
# Is walk (has repeats): true

# Distance Matrix
0.0000000000 1.0147221006 2.6103809946 3.0683366294 0.8434333852 1.0100487980 0.9722816857 0.0650378394 0.2869319790 0.2091482657 0.3565141779 1.0009416465 0.8589740658 0.2714816179 0.2944430496 1.1560614635 0.1550857472
1.0147221006 0.0000000000 0.1426342819 0.1604631450 1.1958048388 0.7431657701 2.5703041279 0.1450590420 0.6929164431 1.5485825920 0.2286745025 1.1860999667 2.9368408508 0.7044657526 0.6066665742 0.1329318396 0.5862230585
2.6103809946 0.1426342819 0.0000000000 0.7310759737 0.5621663272 2.2329434264 1.6479753767 0.4011170953 0.8580824817 0.3547723053 0.9747167761 0.1872678300 0.9791969740 0.2006107206 0.2091109945 0.5624346628 0.6818150163
3.0683366294 0.1604631450 0.7310759737 0.0000000000 1.3578726180 0.5290978294 0.4957726128 0.4784687747 2.2039391565 0.6708110925 2.5095444996 0.5722898192 2.3809019011 0.0622247968 0.0564241644 1.4998409388 1.0985563065
0.8434333852 1.1958048388 0.5621663272 1.3578726180 0.0000000000 0.7740530009 0.2926886633 0.9785968681 0.0270719604 1.3368321483 0.4273443519 0.3262289329 0.8581016569 0.7340248253 0.2109195433 0.3287677622 0.4321850331
1.0100487980 0.7431657701 2.2329434264 0.5290978294 0.7740530009 0.0000000000 0.1524407400 0.3933145579 0.7898746395 1.2780268482 0.1476187275 3.3781950805 0.6715613691 0.2244087056 0.1266191431 0.0221521900 0.1461259069
0.9722816857 2.5703041279 1.6479753767 0.4957726128 0.2926886633 0.1524407400 0.0000000000 0.7762287868 0.8849789157 2.4355829548 0.0346689629 0.1003415399 2.6753328358 0.5524196671 0.3632676639 0.1501790840 0.1102949377
0.0650378394 0.1450590420 0.4011170953 0.4784687747 0.9785968681 0.3933145579 0.7762287868 0.0000000000 2.6759496176 0.7837608427 0.6075969987 0.0902602686 2.0698880831 0.5054254794 0.3713050730 0.1273984634 0.7476660882
0.2869319790 0.6929164431 0.8580824817 2.2039391565 0.0270719604 0.7898746395 0.8849789157 2.6759496176 0.0000000000 0.7943175566 1.0240723293 2.2744307041 1.2549146209 0.7682070161 0.0912448483 0.3827167379 0.4129658451
0.2091482657 1.5485825920 0.3547723053 0.6708110925 1.3368321483 1.2780268482 2.4355829548 0.7837608427 0.7943175566 0.0000000000 0.3565603800 0.3909999929 0.1893119909 0.2998197629 0.8990771080 5.3797097429 0.1395125815
0.3565141779 0.2286745025 0.9747167761 2.5095444996 0.4273443519 0.1476187275 0.0346689629 0.6075969987 1.0240723293 0.3565603800 0.0000000000 0.4517792094 0.5867868823 0.5942071015 1.2181773535 0.4713642954 1.0518511368
1.0009416465 1.1860999667 0.1872678300 0.5722898192 0.3262289329 3.3781950805 0.1003415399 0.0902602686 2.2744307041 0.3909999929 0.4517792094 0.0000000000 0.4366064398 0.5843381575 0.3707127358 2.2686239850 0.3370474312
0.8589740658 2.9368408508 0.9791969740 2.3809019011 0.8581016569 0.6715613691 2.6753328358 2.0698880831 1.2549146209 0.1893119909 0.5867868823 0.4366064398 0.0000000000 0.6152750308 0.3298809518 0.5863994982 0.3136732146
0.2714816179 0.7044657526 0.2006107206 0.0622247968 0.7340248253 0.2244087056 0.5524196671 0.5054254794 0.7682070161 0.2998197629 0.5942071015 0.5843381575 0.6152750308 0.0000000000 0.8227423633 1.4768191359 0.7451016614
0.2944430496 0.6066665742 0.2091109945 0.0564241644 0.2109195433 0.1266191431 0.3632676639 0.3713050730 0.0912448483 0.8990771080 1.2181773535 0.3707127358 0.3298809518 0.8227423633 0.0000000000 0.4153619998 1.0157338632
1.1560614635 0.1329318396 0.5624346628 1.4998409388 0.3287677622 0.0221521900 0.1501790840 0.1273984634 0.3827167379 5.3797097429 0.4713642954 2.2686239850 0.5863994982 1.4768191359 0.4153619998 0.0000000000 0.4099073228
0.1550857472 0.5862230585 0.6818150163 1.0985563065 0.4321850331 0.1461259069 0.1102949377 0.7476660882 0.4129658451 0.1395125815 1.0518511368 0.3370474312 0.3136732146 0.7451016614 1.0157338632 0.4099073228 0.0000000000
