# MCW Instance
# Type: EXPONENTIAL
# N: 17
# Optimal cost: 2.5129161425896984
# Optimal tour (permutation): [0, 11, 12, 14, 15, 1, 16, 2, 4, 7, 6, 10, 3, 8, 5, 13, 9, 0]
# Optimal walk (full path): [0, 11, 12, 14, 15, 1, 16, 2, 4, 7, 6, 10, 3, 10, 8, 5, 13, 9, 0]
# Walk size: 19
# Is walk (has repeats): true

# Distance Matrix
0.0000000000 0.7111989473 1.1787767121 0.5601404959 0.8009063046 0.9915422553 1.3933971177 1.5812767613 1.8209342818 0.2613181123 0.3080758742 0.3028035262 0.4139976709 1.3866669995 0.4281171476 1.3933105105 1.4711685342
0.7111989473 0.0000000000 0.8262490034 1.0560814434 0.7895707368 0.2337372833 0.2575768593 2.1014759236 1.3863422076 0.2157473601 0.3250904218 2.5303495776 0.8274172528 1.0563233750 0.5093316606 0.1257139165 0.0538332201
1.1787767121 0.8262490034 0.0000000000 0.5186154317 0.0071464589 0.5857202935 0.3696978018 0.0629810061 1.0475403707 0.4752202049 1.5200803006 0.1245051268 0.4507102798 1.0396420187 0.3862881323 0.1693825213 0.1101007111
0.5601404959 1.0560814434 0.5186154317 0.0000000000 2.6740613863 3.2190442583 0.1670716930 0.9978564579 0.2329747103 1.3453403926 0.0265081073 1.4722542552 0.4186851829 2.8892547737 1.2345953152 1.7620794819 0.1696580113
0.8009063046 0.7895707368 0.0071464589 2.6740613863 0.0000000000 3.8632530822 0.3243911426 0.0154336650 0.3007219491 1.2617724567 1.6957218860 0.1591043162 0.8126041784 0.8600106732 0.0392932305 0.8065007406 0.6591808202
0.9915422553 0.2337372833 0.5857202935 3.2190442583 3.8632530822 0.0000000000 1.4497583924 2.3242602524 0.0910838278 1.2967823600 0.0968043706 1.8477505524 0.4337833656 0.4662178663 0.7343077503 0.7943078101 1.5944407863
1.3933971177 0.2575768593 0.3696978018 0.1670716930 0.3243911426 1.4497583924 0.0000000000 0.1924462805 0.1496460055 0.9656117992 0.1142166107 2.6107699339 0.8455504330 1.8897851958 0.5419269249 1.2039653268 2.3439365927
1.5812767613 2.1014759236 0.0629810061 0.9978564579 0.0154336650 2.3242602524 0.1924462805 0.0000000000 0.3859892005 0.2433599519 0.0801937972 0.1457789960 4.3715256341 0.6238452818 0.4214387348 1.3851349076 2.4926080199
1.8209342818 1.3863422076 1.0475403707 0.2329747103 0.3007219491 0.0910838278 0.1496460055 0.3859892005 0.0000000000 0.4781785049 0.0366473771 0.7107634876 2.4086698120 0.7285901562 0.1543382591 1.3705241689 1.5413558997
0.2613181123 0.2157473601 0.4752202049 1.3453403926 1.2617724567 1.2967823600 0.9656117992 0.2433599519 0.4781785049 0.0000000000 0.3323266145 1.3764400531 0.6023069106 0.2621625586 1.5429793387 1.9935773696 0.2637730632
0.3080758742 0.3250904218 1.5200803006 0.0265081073 1.6957218860 0.0968043706 0.1142166107 0.0801937972 0.0366473771 0.3323266145 0.0000000000 1.2865382842 3.5508463805 1.4618267815 1.4403467423 1.3475305462 0.3547728954
0.3028035262 2.5303495776 0.1245051268 1.4722542552 0.1591043162 1.8477505524 2.6107699339 0.1457789960 0.7107634876 1.3764400531 1.2865382842 0.0000000000 0.1833694047 1.3937302583 0.1166268848 2.0470144977 0.1499433665
0.4139976709 0.8274172528 0.4507102798 0.4186851829 0.8126041784 0.4337833656 0.8455504330 4.3715256341 2.4086698120 0.6023069106 3.5508463805 0.1833694047 0.0000000000 0.6529851822 0.1665899929 1.4858057472 2.2523873054
1.3866669995 1.0563233750 1.0396420187 2.8892547737 0.8600106732 0.4662178663 1.8897851958 0.6238452818 0.7285901562 0.2621625586 1.4618267815 1.3937302583 0.6529851822 0.0000000000 3.4178082197 3.1859724544 0.8787498805
0.4281171476 0.5093316606 0.3862881323 1.2345953152 0.0392932305 0.7343077503 0.5419269249 0.4214387348 0.1543382591 1.5429793387 1.4403467423 0.1166268848 0.1665899929 3.4178082197 0.0000000000 0.0708163993 0.6112733595
1.3933105105 0.1257139165 0.1693825213 1.7620794819 0.8065007406 0.7943078101 1.2039653268 1.3851349076 1.3705241689 1.9935773696 1.3475305462 2.0470144977 1.4858057472 3.1859724544 0.0708163993 0.0000000000 3.5187055085
1.4711685342 0.0538332201 0.1101007111 0.1696580113 0.6591808202 1.5944407863 2.3439365927 2.4926080199 1.5413558997 0.2637730632 0.3547728954 0.1499433665 2.2523873054 0.8787498805 0.6112733595 3.5187055085 0.0000000000
