# MCW Instance
# Type: EXPONENTIAL
# N: 17
# Optimal cost: 2.0607329418966676
# Optimal tour (permutation): [0, 15, 3, 2, 4, 10, 1, 5, 14, 6, 7, 16, 13, 8, 12, 9, 11, 0]
# Optimal walk (full path): [0, 15, 3, 2, 3, 4, 3, 10, 1, 5, 6, 14, 6, 7, 11, 16, 13, 12, 8, 12, 13, 16, 9, 16, 11, 0]
# Walk size: 26
# Is walk (has repeats): true

# Distance Matrix
0.0000000000 1.1501293170 2.3671642156 2.4365740179 1.3599466772 1.1237838248 1.2954513096 0.6840354626 0.9969335893 1.0524031775 0.8336323942 0.4043367850 1.1552701766 1.6876172277 1.9086887109 0.3770611911 0.4193817318
1.1501293170 0.0000000000 0.8995640265 0.2561870429 0.1236655274 0.0487565525 1.0364568991 0.8737352459 0.5246424820 0.9955914546 0.1074965483 1.4639316783 0.0931203477 0.2007136932 1.4567140953 1.6019360752 0.8141507321
2.3671642156 0.8995640265 0.0000000000 0.0583965313 0.9642465739 0.4822495719 2.0757880986 0.6575894427 0.3861435836 0.7974253586 1.7674806657 0.9339876307 0.9353937283 0.1586220309 0.3870711059 1.3461813132 0.4449700183
2.4365740179 0.2561870429 0.0583965313 0.0000000000 0.0487220214 0.2279303717 2.7519681008 2.0839571719 3.2837158754 1.2021582265 0.0821480400 0.4992282794 1.9263593480 1.4446392109 0.0714024025 0.1524331046 0.0969433710
1.3599466772 0.1236655274 0.9642465739 0.0487220214 0.0000000000 0.4162057763 1.5254106056 0.3836405115 1.0360549844 0.2908807501 5.9658448599 0.2210706709 1.6409214796 0.9541188427 0.8763543006 0.2408252668 0.1953457542
1.1237838248 0.0487565525 0.4822495719 0.2279303717 0.4162057763 0.0000000000 0.0181142287 2.0243232475 0.3146007397 2.2176265853 0.5469086484 0.2657978386 1.2638299582 0.4196929346 1.0385702160 1.1923226193 0.5199109275
1.2954513096 1.0364568991 2.0757880986 2.7519681008 1.5254106056 0.0181142287 0.0000000000 0.0286464475 0.8901687009 0.5315523986 3.3246070221 0.5641639528 1.6141001151 1.6429316326 0.0134653718 0.3419053933 1.9637572543
0.6840354626 0.8737352459 0.6575894427 2.0839571719 0.3836405115 2.0243232475 0.0286464475 0.0000000000 0.3622658596 0.3607922033 4.3613713380 0.0718581891 0.5603768110 2.1227555849 0.3011065825 0.4292938389 0.5015987110
0.9969335893 0.5246424820 0.3861435836 3.2837158754 1.0360549844 0.3146007397 0.8901687009 0.3622658596 0.0000000000 0.3107165457 2.1723549922 1.8264290708 0.1695090291 0.3183129552 0.7707290260 1.0895573702 0.3804175480
1.0524031775 0.9955914546 0.7974253586 1.2021582265 0.2908807501 2.2176265853 0.5315523986 0.3607922033 0.3107165457 0.0000000000 0.7324918632 0.7107214216 0.6885887034 0.2112873029 3.4827611916 0.9545232852 0.0703873804
0.8336323942 0.1074965483 1.7674806657 0.0821480400 5.9658448599 0.5469086484 3.3246070221 4.3613713380 2.1723549922 0.7324918632 0.0000000000 1.6198013706 1.3694484951 0.1570750335 0.6688625805 0.8749362849 0.3895805920
0.4043367850 1.4639316783 0.9339876307 0.4992282794 0.2210706709 0.2657978386 0.5641639528 0.0718581891 1.8264290708 0.7107214216 1.6198013706 0.0000000000 0.5125153078 0.4635276961 0.0650801133 1.2772488110 0.0059852245
1.1552701766 0.0931203477 0.9353937283 1.9263593480 1.6409214796 1.2638299582 1.6141001151 0.5603768110 0.1695090291 0.6885887034 1.3694484951 0.5125153078 0.0000000000 0.0009445915 2.2676216060 1.1896461293 2.0951493203
1.6876172277 0.2007136932 0.1586220309 1.4446392109 0.9541188427 0.4196929346 1.6429316326 2.1227555849 0.3183129552 0.2112873029 0.1570750335 0.4635276961 0.0009445915 0.0000000000 0.5779788255 0.1777747649 0.0175307777
1.9086887109 1.4567140953 0.3870711059 0.0714024025 0.8763543006 1.0385702160 0.0134653718 0.3011065825 0.7707290260 3.4827611916 0.6688625805 0.0650801133 2.2676216060 0.5779788255 0.0000000000 0.6281406655 0.4309147951
0.3770611911 1.6019360752 1.3461813132 0.1524331046 0.2408252668 1.1923226193 0.3419053933 0.4292938389 1.0895573702 0.9545232852 0.8749362849 1.2772488110 1.1896461293 0.1777747649 0.6281406655 0.0000000000 4.5541336868
0.4193817318 0.8141507321 0.4449700183 0.0969433710 0.1953457542 0.5199109275 1.9637572543 0.5015987110 0.3804175480 0.0703873804 0.3895805920 0.0059852245 2.0951493203 0.0175307777 0.4309147951 4.5541336868 0.0000000000
