# MCW Instance
# Type: EXPONENTIAL
# N: 17
# Optimal cost: 2.495110424813915
# Optimal tour (permutation): [0, 6, 4, 12, 3, 15, 16, 11, 8, 5, 7, 14, 13, 9, 10, 1, 2, 0]
# Optimal walk (full path): [0, 6, 4, 12, 3, 15, 16, 11, 8, 11, 5, 7, 14, 13, 9, 13, 10, 1, 10, 13, 2, 0]
# Walk size: 22
# Is walk (has repeats): true

# Distance Matrix
0.0000000000 0.7309182384 0.2010327595 0.5848254953 0.8567700224 0.7610551108 0.0398837492 3.1787361561 2.8500256364 0.8842737954 0.4539183711 0.4131852201 0.8069380996 0.6617254170 1.9621146537 0.4648360083 0.6514792414
0.7309182384 0.0000000000 3.5807524050 1.1529502393 0.5387320705 5.0281870394 0.5204103589 0.0761637020 1.7694380716 1.0628171846 0.0011833333 0.7480289089 1.1610149398 2.3626881234 0.2556604255 0.3833698134 2.0942858367
0.2010327595 3.5807524050 0.0000000000 0.3077956157 0.7213608792 0.8159144593 0.8493184257 0.7589080810 2.9713758349 0.8765069091 0.3398947113 0.5014122529 1.4134908279 0.0456536137 0.2491806974 0.3092305210 0.6453767430
0.5848254953 1.1529502393 0.3077956157 0.0000000000 0.9546298426 0.3963012861 0.2053304664 0.5618337069 2.8008722155 1.0721667678 0.1416146852 1.2557041826 0.0534735887 1.4784919805 0.1782179239 0.2689120988 0.2574010210
0.8567700224 0.5387320705 0.7213608792 0.9546298426 0.0000000000 1.1842152453 0.4716822198 0.6312180083 2.6163886456 1.3514947681 1.6128346174 0.7472341872 0.3482648865 1.3530004741 5.0747014979 1.6083365519 0.5143258860
0.7610551108 5.0281870394 0.8159144593 0.3963012861 1.1842152453 0.0000000000 0.9305884680 0.3204965691 2.2621028640 0.3838298786 3.0907636324 0.2990406149 2.1056732161 2.0967154539 0.7392792730 0.9016165831 1.7087441337
0.0398837492 0.5204103589 0.8493184257 0.2053304664 0.4716822198 0.9305884680 0.0000000000 2.7854939051 0.4338224413 0.8346687044 0.6891745780 1.8525456866 0.4685116284 0.8088482684 1.1364696308 1.1966861130 1.7888472526
3.1787361561 0.0761637020 0.7589080810 0.5618337069 0.6312180083 0.3204965691 2.7854939051 0.0000000000 0.1775570346 1.4427057764 0.1206811311 0.1613629483 0.2164897410 1.5483962229 0.0337473193 0.2800406936 0.8524143236
2.8500256364 1.7694380716 2.9713758349 2.8008722155 2.6163886456 2.2621028640 0.4338224413 0.1775570346 0.0000000000 1.0650001658 0.3725052078 0.0515579651 1.2366179670 0.2717612929 1.5749151875 2.4348778230 1.5924627368
0.8842737954 1.0628171846 0.8765069091 1.0721667678 1.3514947681 0.3838298786 0.8346687044 1.4427057764 1.0650001658 0.0000000000 0.5937923061 1.3349805042 1.9963049021 0.0069464566 1.1957581622 0.8044245878 0.3520672615
0.4539183711 0.0011833333 0.3398947113 0.1416146852 1.6128346174 3.0907636324 0.6891745780 0.1206811311 0.3725052078 0.5937923061 0.0000000000 0.8648526433 0.2338165245 0.0063540176 0.4732989121 0.4240248773 0.6501526745
0.4131852201 0.7480289089 0.5014122529 1.2557041826 0.7472341872 0.2990406149 1.8525456866 0.1613629483 0.0515579651 1.3349805042 0.8648526433 0.0000000000 0.2554122937 1.1317410959 0.4202214753 1.8568698070 0.0769515193
0.8069380996 1.1610149398 1.4134908279 0.0534735887 0.3482648865 2.1056732161 0.4685116284 0.2164897410 1.2366179670 1.9963049021 0.2338165245 0.2554122937 0.0000000000 2.0683652744 1.3950022283 0.6709252896 1.2845305210
0.6617254170 2.3626881234 0.0456536137 1.4784919805 1.3530004741 2.0967154539 0.8088482684 1.5483962229 0.2717612929 0.0069464566 0.0063540176 1.1317410959 2.0683652744 0.0000000000 0.0369975388 0.8630143063 0.5425977357
1.9621146537 0.2556604255 0.2491806974 0.1782179239 5.0747014979 0.7392792730 1.1364696308 0.0337473193 1.5749151875 1.1957581622 0.4732989121 0.4202214753 1.3950022283 0.0369975388 0.0000000000 0.7575867003 0.0025935387
0.4648360083 0.3833698134 0.3092305210 0.2689120988 1.6083365519 0.9016165831 1.1966861130 0.2800406936 2.4348778230 0.8044245878 0.4240248773 1.8568698070 0.6709252896 0.8630143063 0.7575867003 0.0000000000 0.1668904018
0.6514792414 2.0942858367 0.6453767430 0.2574010210 0.5143258860 1.7087441337 1.7888472526 0.8524143236 1.5924627368 0.3520672615 0.6501526745 0.0769515193 1.2845305210 0.5425977357 0.0025935387 0.1668904018 0.0000000000
