# MCW Instance
# Type: EXPONENTIAL
# N: 17
# Optimal cost: 1.9436420651028181
# Optimal tour (permutation): [0, 13, 12, 6, 14, 16, 9, 10, 4, 11, 15, 8, 7, 5, 3, 2, 1, 0]
# Optimal walk (full path): [0, 13, 9, 6, 12, 6, 14, 6, 9, 16, 9, 10, 4, 11, 15, 8, 5, 7, 5, 2, 3, 2, 1, 0]
# Walk size: 24
# Is walk (has repeats): true

# Distance Matrix
0.0000000000 0.0072721118 1.2965227962 0.3071223147 0.1072067180 0.1547002395 2.1952675852 0.3876265332 0.2804115795 0.9677468598 2.0780289155 2.3270918920 1.0728120645 0.1726014308 0.5953461672 0.4363839141 0.3316604558
0.0072721118 0.0000000000 0.0050201355 0.4472409189 0.6140480981 0.1132318962 0.6044400740 1.8377013629 0.7984512635 0.2542387727 0.1752297616 0.2543199366 0.3236988644 0.5316745217 0.1229980900 1.1719678390 0.1760412781
1.2965227962 0.0050201355 0.0000000000 0.0076765613 1.2995231555 0.0353047681 2.6596558688 1.1027045611 1.9716336393 0.4921488332 1.3523964130 4.4012525323 1.7048561267 1.5350898576 2.0618067345 1.7863901192 0.2149395283
0.3071223147 0.4472409189 0.0076765613 0.0000000000 0.7493892793 0.1206700617 1.1692150070 0.2894694593 0.4985355219 0.1162570744 0.3434614265 4.1465602768 1.4973818895 0.1800605522 0.3018113480 0.3255305857 0.0579871394
0.1072067180 0.6140480981 1.2995231555 0.7493892793 0.0000000000 0.8112736392 0.8253556671 1.1591203820 0.8908166085 0.2818137810 0.0769597890 0.1686508438 3.3795639179 4.5246902806 1.2665510705 1.0921220627 0.4551770728
0.1547002395 0.1132318962 0.0353047681 0.1206700617 0.8112736392 0.0000000000 0.2455124970 0.1840987824 0.1777409883 0.1394251094 1.4368957088 0.4024198037 0.4459726688 2.8095019302 0.5612549528 0.6273981554 2.3870617159
2.1952675852 0.6044400740 2.6596558688 1.1692150070 0.8253556671 0.2455124970 0.0000000000 0.3846196554 1.1305628587 0.0138910514 0.3021264330 0.7782346383 0.1709949225 3.4234607476 0.0198642448 0.4762414890 1.1629971446
0.3876265332 1.8377013629 1.1027045611 0.2894694593 1.1591203820 0.1840987824 0.3846196554 0.0000000000 2.0465807201 2.3635947583 0.8868745937 0.3504756286 0.4343755213 0.8593927057 0.5408592811 0.4119639576 0.5603596764
0.2804115795 0.7984512635 1.9716336393 0.4985355219 0.8908166085 0.1777409883 1.1305628587 2.0465807201 0.0000000000 0.4925752306 3.1940534498 0.4078491399 1.1685263528 2.0421728745 0.9799386199 0.1030036892 1.9575858984
0.9677468598 0.2542387727 0.4921488332 0.1162570744 0.2818137810 0.1394251094 0.0138910514 2.3635947583 0.4925752306 0.0000000000 0.0936843469 0.9308476552 2.3715010909 0.2083348161 0.4265401902 1.2636606854 0.0058627453
2.0780289155 0.1752297616 1.3523964130 0.3434614265 0.0769597890 1.4368957088 0.3021264330 0.8868745937 3.1940534498 0.0936843469 0.0000000000 0.8140639579 0.9212551818 1.0503727199 0.5733219086 0.2122351415 1.7740395389
2.3270918920 0.2543199366 4.4012525323 4.1465602768 0.1686508438 0.4024198037 0.7782346383 0.3504756286 0.4078491399 0.9308476552 0.8140639579 0.0000000000 0.3256568331 0.3224102908 0.5192362213 0.0902925300 0.4085589706
1.0728120645 0.3236988644 1.7048561267 1.4973818895 3.3795639179 0.4459726688 0.1709949225 0.4343755213 1.1685263528 2.3715010909 0.9212551818 0.3256568331 0.0000000000 1.1588162614 1.8425602108 0.4555176527 0.6504810809
0.1726014308 0.5316745217 1.5350898576 0.1800605522 4.5246902806 2.8095019302 3.4234607476 0.8593927057 2.0421728745 0.2083348161 1.0503727199 0.3224102908 1.1588162614 0.0000000000 1.5289523005 0.3159756847 0.7154635851
0.5953461672 0.1229980900 2.0618067345 0.3018113480 1.2665510705 0.5612549528 0.0198642448 0.5408592811 0.9799386199 0.4265401902 0.5733219086 0.5192362213 1.8425602108 1.5289523005 0.0000000000 0.6229266535 0.2530000140
0.4363839141 1.1719678390 1.7863901192 0.3255305857 1.0921220627 0.6273981554 0.4762414890 0.4119639576 0.1030036892 1.2636606854 0.2122351415 0.0902925300 0.4555176527 0.3159756847 0.6229266535 0.0000000000 0.1290744459
0.3316604558 0.1760412781 0.2149395283 0.0579871394 0.4551770728 2.3870617159 1.1629971446 0.5603596764 1.9575858984 0.0058627453 1.7740395389 0.4085589706 0.6504810809 0.7154635851 0.2530000140 0.1290744459 0.0000000000
