# MCW Instance
# Type: EXPONENTIAL
# N: 17
# Optimal cost: 2.1522121107081293
# Optimal tour (permutation): [0, 13, 14, 7, 15, 9, 2, 16, 10, 12, 11, 1, 6, 5, 8, 4, 3, 0]
# Optimal walk (full path): [0, 13, 14, 7, 9, 15, 9, 2, 16, 10, 12, 11, 1, 6, 5, 8, 10, 4, 3, 0]
# Walk size: 20
# Is walk (has repeats): true

# Distance Matrix
0.0000000000 0.3567878631 1.7477532022 0.2403270892 0.6526536962 1.7511789790 0.5007451708 0.7266717819 0.5665029875 0.6804330299 0.2519495842 1.5161029232 0.3821342200 0.3240515311 0.5566663789 0.4380043366 1.0223937887
0.3567878631 0.0000000000 3.1857260462 0.3481590720 0.3594763091 0.4416107013 0.1180107025 2.7962658159 0.5179029911 1.0570317664 2.5450638112 0.1406689140 0.3395659222 0.5966571896 0.6071494503 0.8582874673 3.9165755352
1.7477532022 3.1857260462 0.0000000000 0.3430147048 1.2288480675 0.3328377921 1.2853247106 3.8160923814 0.3844024895 0.0392460965 1.1266106564 0.9897325771 0.1631035018 0.5349671084 0.2225400394 0.9270276939 0.0000296503
0.2403270892 0.3481590720 0.3430147048 0.0000000000 0.2137087467 1.6318404657 0.1371617165 1.0018772741 0.8190805205 0.6046715581 0.2785971493 2.7751162176 2.7470691376 1.9661333113 0.2126041710 0.6401728429 1.8956430097
0.6526536962 0.3594763091 1.2288480675 0.2137087467 0.0000000000 0.9323823829 0.2347048488 2.1095110966 1.7224182597 0.5310406882 0.2196740660 1.0157087927 1.8783729266 0.9860854439 1.2890527020 0.5860152982 1.1711026591
1.7511789790 0.4416107013 0.3328377921 1.6318404657 0.9323823829 0.0000000000 0.0951198147 0.4156145268 0.0025588726 1.9264728934 1.6960146249 0.2610433221 0.5864862229 1.7192490320 0.8557775102 1.8159891328 0.9823244572
0.5007451708 0.1180107025 1.2853247106 0.1371617165 0.2347048488 0.0951198147 0.0000000000 1.8349992224 0.4171058801 0.2112284893 0.7970748946 0.4297771502 1.3556904715 0.3846842019 1.4600372545 1.9259510638 0.1053472998
0.7266717819 2.7962658159 3.8160923814 1.0018772741 2.1095110966 0.4156145268 1.8349992224 0.0000000000 0.4130407079 0.1639565473 3.1940127857 0.4946223603 0.6361937354 0.9793288639 0.0590702219 0.6295450797 0.7799472238
0.5665029875 0.5179029911 0.3844024895 0.8190805205 1.7224182597 0.0025588726 0.4171058801 0.4130407079 0.0000000000 0.7300356423 0.1046490427 0.2133937089 0.2723251208 5.0862923523 1.4010669915 1.1617685072 1.3563622087
0.6804330299 1.0570317664 0.0392460965 0.6046715581 0.5310406882 1.9264728934 0.2112284893 0.1639565473 0.7300356423 0.0000000000 0.9046640408 0.2685293690 1.5795989084 0.1902973414 0.4386976657 0.0475796756 3.2960504611
0.2519495842 2.5450638112 1.1266106564 0.2785971493 0.2196740660 1.6960146249 0.7970748946 3.1940127857 0.1046490427 0.9046640408 0.0000000000 1.0681796634 0.0435331316 2.1354771354 0.2409036815 1.2779014249 0.0815516405
1.5161029232 0.1406689140 0.9897325771 2.7751162176 1.0157087927 0.2610433221 0.4297771502 0.4946223603 0.2133937089 0.2685293690 1.0681796634 0.0000000000 0.0004591038 0.7373802586 0.1893483975 0.4447125896 0.5527255336
0.3821342200 0.3395659222 0.1631035018 2.7470691376 1.8783729266 0.5864862229 1.3556904715 0.6361937354 0.2723251208 1.5795989084 0.0435331316 0.0004591038 0.0000000000 3.1444233617 0.7576762736 1.3412470969 0.5766624451
0.3240515311 0.5966571896 0.5349671084 1.9661333113 0.9860854439 1.7192490320 0.3846842019 0.9793288639 5.0862923523 0.1902973414 2.1354771354 0.7373802586 3.1444233617 0.0000000000 0.2104375884 1.0411388502 0.2136709444
0.5566663789 0.6071494503 0.2225400394 0.2126041710 1.2890527020 0.8557775102 1.4600372545 0.0590702219 1.4010669915 0.4386976657 0.2409036815 0.1893483975 0.7576762736 0.2104375884 0.0000000000 4.3621186483 0.6905398750
0.4380043366 0.8582874673 0.9270276939 0.6401728429 0.5860152982 1.8159891328 1.9259510638 0.6295450797 1.1617685072 0.0475796756 1.2779014249 0.4447125896 1.3412470969 1.0411388502 4.3621186483 0.0000000000 0.0987760132
1.0223937887 3.9165755352 0.0000296503 1.8956430097 1.1711026591 0.9823244572 0.1053472998 0.7799472238 1.3563622087 3.2960504611 0.0815516405 0.5527255336 0.5766624451 0.2136709444 0.6905398750 0.0987760132 0.0000000000
