# MCW Instance
# Type: EXPONENTIAL
# N: 17
# Optimal cost: 1.7468766797191044
# Optimal tour (permutation): [0, 3, 16, 11, 10, 9, 2, 15, 7, 13, 4, 5, 14, 12, 8, 6, 1, 0]
# Optimal walk (full path): [0, 3, 16, 11, 10, 9, 2, 15, 7, 1, 4, 13, 4, 5, 14, 12, 14, 8, 1, 6, 1, 0]
# Walk size: 22
# Is walk (has repeats): true

# Distance Matrix
0.0000000000 0.1333533472 0.9479124746 0.0368296194 0.2869505695 0.4249071285 1.3738728793 0.8583764194 1.4309702213 0.5372538228 4.6500147168 0.4146237444 1.7488073281 2.1374745721 3.5611702772 0.4924068562 0.8643571539
0.1333533472 0.0000000000 0.4610156601 2.0404660159 0.0068657375 1.3316686313 0.0484943607 0.0946425278 0.1037341962 4.9042521924 0.2461419123 0.5741406187 1.3360121327 2.5867073848 0.2633832111 0.3189984100 2.1893724723
0.9479124746 0.4610156601 0.0000000000 1.3108633863 1.0780711061 0.2481989999 0.4070160272 0.1002286853 0.1816963369 0.0486893667 0.0969144251 3.4067262293 1.5222477987 0.8122627275 0.1665634853 0.0427942061 0.4601628002
0.0368296194 2.0404660159 1.3108633863 0.0000000000 0.5027296782 0.2470040108 0.4041434587 2.2461876594 3.7867722268 0.2271362552 0.2965884270 1.4384646707 2.0074538118 1.1206511470 0.3908479673 2.0105455903 0.3155611285
0.2869505695 0.0068657375 1.0780711061 0.5027296782 0.0000000000 0.0708885924 0.9890938081 0.2145311134 0.8844610497 0.6585596443 0.0558538627 1.6888081646 0.2482908854 0.0621872211 0.3499619881 1.6831701122 0.3571664477
0.4249071285 1.3316686313 0.2481989999 0.2470040108 0.0708885924 0.0000000000 0.7638583104 0.7832943945 0.2851958849 0.3277233459 0.2948532623 3.7186869553 0.8419323570 1.6022252058 0.1545663197 3.6187424657 5.9700220576
1.3738728793 0.0484943607 0.4070160272 0.4041434587 0.9890938081 0.7638583104 0.0000000000 1.1558899099 0.4060708001 0.4045104937 0.2675414628 0.5081023543 3.0982631234 0.9694267694 0.8110321907 1.4131449683 0.4718007257
0.8583764194 0.0946425278 0.1002286853 2.2461876594 0.2145311134 0.7832943945 1.1558899099 0.0000000000 0.2213949586 1.4077067013 0.3906844606 0.6641257581 0.4947196532 1.0532720397 0.4999263509 0.0305467762 1.2760061184
1.4309702213 0.1037341962 0.1816963369 3.7867722268 0.8844610497 0.2851958849 0.4060708001 0.2213949586 0.0000000000 1.8106473403 0.1371551867 1.7680877501 0.1625175654 0.1821211948 0.0216937712 1.2231960690 1.3722969735
0.5372538228 4.9042521924 0.0486893667 0.2271362552 0.6585596443 0.3277233459 0.4045104937 1.4077067013 1.8106473403 0.0000000000 0.0231942184 0.7795386004 0.3882171593 0.3673446842 1.3599361199 0.6752556058 1.2405038862
4.6500147168 0.2461419123 0.0969144251 0.2965884270 0.0558538627 0.2948532623 0.2675414628 0.3906844606 0.1371551867 0.0231942184 0.0000000000 0.0120840038 1.3176157699 0.4429477230 0.2060761829 0.3819219320 1.1247676574
0.4146237444 0.5741406187 3.4067262293 1.4384646707 1.6888081646 3.7186869553 0.5081023543 0.6641257581 1.7680877501 0.7795386004 0.0120840038 0.0000000000 1.1444024911 0.6645412682 3.1014884944 3.4155830507 0.2978167701
1.7488073281 1.3360121327 1.5222477987 2.0074538118 0.2482908854 0.8419323570 3.0982631234 0.4947196532 0.1625175654 0.3882171593 1.3176157699 1.1444024911 0.0000000000 0.6134841610 0.0661264676 2.7137545937 1.7024874408
2.1374745721 2.5867073848 0.8122627275 1.1206511470 0.0621872211 1.6022252058 0.9694267694 1.0532720397 0.1821211948 0.3673446842 0.4429477230 0.6645412682 0.6134841610 0.0000000000 0.4266469839 0.2403661105 1.1384491901
3.5611702772 0.2633832111 0.1665634853 0.3908479673 0.3499619881 0.1545663197 0.8110321907 0.4999263509 0.0216937712 1.3599361199 0.2060761829 3.1014884944 0.0661264676 0.4266469839 0.0000000000 1.1423993266 1.2652328552
0.4924068562 0.3189984100 0.0427942061 2.0105455903 1.6831701122 3.6187424657 1.4131449683 0.0305467762 1.2231960690 0.6752556058 0.3819219320 3.4155830507 2.7137545937 0.2403661105 1.1423993266 0.0000000000 0.3661508768
0.8643571539 2.1893724723 0.4601628002 0.3155611285 0.3571664477 5.9700220576 0.4718007257 1.2760061184 1.3722969735 1.2405038862 1.1247676574 0.2978167701 1.7024874408 1.1384491901 1.2652328552 0.3661508768 0.0000000000
