# MCW Instance
# Type: EXPONENTIAL
# N: 17
# Optimal cost: 2.523086980158907
# Optimal tour (permutation): [0, 13, 8, 5, 10, 7, 2, 16, 9, 4, 12, 3, 1, 15, 14, 11, 6, 0]
# Optimal walk (full path): [0, 13, 8, 5, 10, 7, 10, 2, 4, 9, 16, 9, 4, 3, 12, 3, 1, 3, 4, 15, 11, 14, 11, 6, 0]
# Walk size: 25
# Is walk (has repeats): true

# Distance Matrix
0.0000000000 1.1403032251 0.4138006398 0.5550559915 1.4490006426 0.5488805827 0.1144716651 1.3775410446 0.3218663860 0.2487321724 0.1897618343 0.3171631699 0.8638381209 0.1186645289 2.9291748980 0.2014695480 1.2318487637
1.1403032251 0.0000000000 0.3825833575 0.1285772497 0.5242406842 0.7453848284 0.9230845947 0.6155969145 1.7863729224 0.3514470665 0.3641247470 0.6630930032 0.9288570774 0.5314385389 0.6773880887 3.1539581745 1.2045716851
0.4138006398 0.3825833575 0.0000000000 2.1459315388 0.1723284086 2.2773618463 0.9631408403 2.9580127042 1.0495531967 1.2830056173 0.1421120059 0.4969753081 0.7257556463 3.8534603945 0.3366110257 2.5796087081 1.6685086851
0.5550559915 0.1285772497 2.1459315388 0.0000000000 0.0461700417 0.5482461376 0.3518537153 0.6251247952 0.1627291234 2.2315983018 1.0527584500 1.2173363798 0.0026027673 0.2557634286 3.9461691990 1.1639580640 0.4427247237
1.4490006426 0.5242406842 0.1723284086 0.0461700417 0.0000000000 3.3205751768 0.6351691334 0.5626700279 2.0950702954 0.0878079735 2.5041924919 1.7489498820 1.2353183839 2.2550899094 0.5233388367 0.0857680988 0.3954918209
0.5488805827 0.7453848284 2.2773618463 0.5482461376 3.3205751768 0.0000000000 0.8634379082 2.0986782982 0.1621500150 0.3270374514 0.0849270460 0.3338539914 1.6378485847 1.1997233565 2.3896756783 0.8695771692 2.1686368693
0.1144716651 0.9230845947 0.9631408403 0.3518537153 0.6351691334 0.8634379082 0.0000000000 0.8751433405 0.6051952106 1.8965132028 1.5656848279 0.1136395747 2.6404849066 0.7310789127 1.6145832276 0.6579453325 0.8820047621
1.3775410446 0.6155969145 2.9580127042 0.6251247952 0.5626700279 2.0986782982 0.8751433405 0.0000000000 1.4316841821 2.4235228350 0.1733616900 2.6043206073 1.9112773315 2.1941038826 0.7131936977 1.4975437641 0.6153388562
0.3218663860 1.7863729224 1.0495531967 0.1627291234 2.0950702954 0.1621500150 0.6051952106 1.4316841821 0.0000000000 3.8995436174 0.6021534265 1.1231561645 0.9233768799 0.2912292450 2.1987627779 1.4793869031 0.3274205843
0.2487321724 0.3514470665 1.2830056173 2.2315983018 0.0878079735 0.3270374514 1.8965132028 2.4235228350 3.8995436174 0.0000000000 1.8996225395 0.2628262872 0.8083045323 0.8339078706 0.7837861073 1.3120287449 0.0421464051
0.1897618343 0.3641247470 0.1421120059 1.0527584500 2.5041924919 0.0849270460 1.5656848279 0.1733616900 0.6021534265 1.8996225395 0.0000000000 0.4164623167 1.8013387752 1.7242784089 1.4498748469 1.0187815874 0.7666656656
0.3171631699 0.6630930032 0.4969753081 1.2173363798 1.7489498820 0.3338539914 0.1136395747 2.6043206073 1.1231561645 0.2628262872 0.4164623167 0.0000000000 0.1946447402 1.3935437898 0.0528994188 0.1706653002 1.3118684319
0.8638381209 0.9288570774 0.7257556463 0.0026027673 1.2353183839 1.6378485847 2.6404849066 1.9112773315 0.9233768799 0.8083045323 1.8013387752 0.1946447402 0.0000000000 2.6233023393 0.7187621715 1.2088356324 0.6672429778
0.1186645289 0.5314385389 3.8534603945 0.2557634286 2.2550899094 1.1997233565 0.7310789127 2.1941038826 0.2912292450 0.8339078706 1.7242784089 1.3935437898 2.6233023393 0.0000000000 2.0625442385 0.3286588607 0.5394031133
2.9291748980 0.6773880887 0.3366110257 3.9461691990 0.5233388367 2.3896756783 1.6145832276 0.7131936977 2.1987627779 0.7837861073 1.4498748469 0.0528994188 0.7187621715 2.0625442385 0.0000000000 0.7630363300 0.9057693621
0.2014695480 3.1539581745 2.5796087081 1.1639580640 0.0857680988 0.8695771692 0.6579453325 1.4975437641 1.4793869031 1.3120287449 1.0187815874 0.1706653002 1.2088356324 0.3286588607 0.7630363300 0.0000000000 2.3588118421
1.2318487637 1.2045716851 1.6685086851 0.4427247237 0.3954918209 2.1686368693 0.8820047621 0.6153388562 0.3274205843 0.0421464051 0.7666656656 1.3118684319 0.6672429778 0.5394031133 0.9057693621 2.3588118421 0.0000000000
