# MCW Instance
# Type: EXPONENTIAL
# N: 17
# Optimal cost: 1.797597652255687
# Optimal tour (permutation): [0, 8, 7, 16, 2, 10, 5, 14, 15, 3, 11, 9, 12, 1, 13, 4, 6, 0]
# Optimal walk (full path): [0, 8, 7, 16, 7, 2, 10, 5, 14, 15, 3, 11, 9, 12, 1, 13, 6, 4, 6, 8, 0]
# Walk size: 21
# Is walk (has repeats): true

# Distance Matrix
0.0000000000 0.1933538950 0.0911754093 1.1744812408 0.2762468373 0.9397397791 1.7717195204 0.2892657267 0.0309683807 1.2929315608 3.0002136950 1.0495444099 1.9016759655 1.4289775396 1.6867413947 1.5073319173 0.7965597780
0.1933538950 0.0000000000 0.5387162989 0.8205467534 0.6882831044 1.4146341472 1.6182549576 2.6965635926 1.1189903334 1.4003970384 0.4744116641 0.2900336296 0.2232622073 0.0268111800 2.0099974040 2.1467590510 1.7625098891
0.0911754093 0.5387162989 0.0000000000 1.1879359211 0.9836394434 0.3526434918 3.0210900574 0.0176981379 0.4503198364 0.6340997434 0.1132083963 1.5614972746 0.1573180695 0.1204714357 1.9109331954 0.8386832470 1.0055939164
1.1744812408 0.8205467534 1.1879359211 0.0000000000 4.6897571818 1.7588458301 0.3260980102 0.0874385718 0.4162781611 0.3587187969 4.7463783562 0.2046183247 0.3322404996 0.2169314207 0.3670120357 0.0367237994 2.4070727073
0.2762468373 0.6882831044 0.9836394434 4.6897571818 0.0000000000 1.0022540011 0.0832185908 0.8629967022 1.0818755705 0.4124620304 3.2030381744 1.0289507490 0.6688994928 1.5276206590 0.7902646551 0.4289227582 0.3153493949
0.9397397791 1.4146341472 0.3526434918 1.7588458301 1.0022540011 0.0000000000 2.0161447398 1.5445236782 3.4619360054 2.5003664968 0.0253807033 0.9277186885 0.7618173731 0.8985408786 0.1129884983 1.1079827775 0.4976528273
1.7717195204 1.6182549576 3.0210900574 0.3260980102 0.0832185908 2.0161447398 0.0000000000 0.7915898672 0.0580489785 0.9832065483 1.0733603006 0.1272446876 0.5454486060 0.0722414725 3.5279005450 0.8134621814 3.5231327812
0.2892657267 2.6965635926 0.0176981379 0.0874385718 0.8629967022 1.5445236782 0.7915898672 0.0000000000 0.0653166392 0.3439767435 0.5814115992 0.3247360496 4.2229540226 0.7160429787 1.1621453594 2.3249659484 0.0889509828
0.0309683807 1.1189903334 0.4503198364 0.4162781611 1.0818755705 3.4619360054 0.0580489785 0.0653166392 0.0000000000 0.6869141505 0.2982327426 4.0660837015 0.2062030541 1.6838242949 3.6835736682 0.4775881960 0.9431280863
1.2929315608 1.4003970384 0.6340997434 0.3587187969 0.4124620304 2.5003664968 0.9832065483 0.3439767435 0.6869141505 0.0000000000 1.6099593889 0.0704790761 0.2550426797 0.7670412660 1.6871622599 0.4907996258 1.1047999319
3.0002136950 0.4744116641 0.1132083963 4.7463783562 3.2030381744 0.0253807033 1.0733603006 0.5814115992 0.2982327426 1.6099593889 0.0000000000 1.1598883418 0.6919186359 0.7585625746 1.8971726188 0.6331086267 0.9047116563
1.0495444099 0.2900336296 1.5614972746 0.2046183247 1.0289507490 0.9277186885 0.1272446876 0.3247360496 4.0660837015 0.0704790761 1.1598883418 0.0000000000 0.6654756493 1.0330751292 0.5079858604 0.5662168773 1.4716407073
1.9016759655 0.2232622073 0.1573180695 0.3322404996 0.6688994928 0.7618173731 0.5454486060 4.2229540226 0.2062030541 0.2550426797 0.6919186359 0.6654756493 0.0000000000 0.7456747726 2.9605224384 0.6719314137 0.6626229665
1.4289775396 0.0268111800 0.1204714357 0.2169314207 1.5276206590 0.8985408786 0.0722414725 0.7160429787 1.6838242949 0.7670412660 0.7585625746 1.0330751292 0.7456747726 0.0000000000 3.6522083804 1.4123238210 0.7728029303
1.6867413947 2.0099974040 1.9109331954 0.3670120357 0.7902646551 0.1129884983 3.5279005450 1.1621453594 3.6835736682 1.6871622599 1.8971726188 0.5079858604 2.9605224384 3.6522083804 0.0000000000 0.1095016505 0.2294847241
1.5073319173 2.1467590510 0.8386832470 0.0367237994 0.4289227582 1.1079827775 0.8134621814 2.3249659484 0.4775881960 0.4907996258 0.6331086267 0.5662168773 0.6719314137 1.4123238210 0.1095016505 0.0000000000 0.6026362602
0.7965597780 1.7625098891 1.0055939164 2.4070727073 0.3153493949 0.4976528273 3.5231327812 0.0889509828 0.9431280863 1.1047999319 0.9047116563 1.4716407073 0.6626229665 0.7728029303 0.2294847241 0.6026362602 0.0000000000
