# MCW Instance
# Type: EXPONENTIAL
# N: 17
# Optimal cost: 2.16300696964333
# Optimal tour (permutation): [0, 12, 7, 2, 1, 16, 11, 15, 3, 8, 10, 9, 6, 14, 4, 13, 5, 0]
# Optimal walk (full path): [0, 12, 7, 2, 1, 11, 16, 11, 15, 3, 8, 3, 6, 10, 6, 9, 6, 14, 4, 5, 13, 5, 0]
# Walk size: 23
# Is walk (has repeats): true

# Distance Matrix
0.0000000000 2.2503753877 0.2662901585 4.4854397898 0.5720428651 0.0773227354 0.3913034598 0.1774782638 2.5991128442 1.3618372540 0.1060470677 2.6694275548 0.0114965974 0.1727342178 0.7316657174 0.7466047976 0.3449586113
2.2503753877 0.0000000000 0.1999756974 0.7428507487 2.8402874444 1.6271092612 0.9113288620 1.3894890566 0.5336821889 0.4294034066 3.7773116849 0.3277884783 0.5220333633 0.5554564291 0.6983220517 2.5421704414 1.1735607524
0.2662901585 0.1999756974 0.0000000000 0.7367294986 1.8721990567 1.2640599559 0.6695556758 0.1596701365 0.7909872232 0.9347924648 0.4239319573 0.1688432505 0.8042799609 0.7018037761 0.4123689498 0.7475608101 0.8175775528
4.4854397898 0.7428507487 0.7367294986 0.0000000000 0.4196696686 0.5895457448 0.0761448851 0.7119104199 0.0093865930 0.6242941071 0.2334552156 0.2059126381 0.6129643775 0.9369364385 0.2516673131 0.1009197302 1.2828924954
0.5720428651 2.8402874444 1.8721990567 0.4196696686 0.0000000000 0.0353539772 0.3863203519 4.1837030276 4.1075197566 2.2684724196 4.6065475456 0.1828032022 0.4014585219 0.1645191415 0.1752464306 0.7467822833 0.4544272455
0.0773227354 1.6271092612 1.2640599559 0.5895457448 0.0353539772 0.0000000000 0.3522882436 6.4813023436 0.6402599084 0.3957627963 0.4895988487 0.1243892775 0.4699601234 0.0045534300 0.2136906595 0.5960518965 3.4007844715
0.3913034598 0.9113288620 0.6695556758 0.0761448851 0.3863203519 0.3522882436 0.0000000000 0.3428759442 0.1155154077 0.0121311493 0.0327024174 2.0361796596 0.6731820694 0.3979249924 0.2488786477 0.2319713064 0.4893842199
0.1774782638 1.3894890566 0.1596701365 0.7119104199 4.1837030276 6.4813023436 0.3428759442 0.0000000000 0.3779300300 0.2118473385 1.1510657945 0.3741314703 0.0465900053 0.5461418326 0.6265211311 0.7134693969 2.3768725925
2.5991128442 0.5336821889 0.7909872232 0.0093865930 4.1075197566 0.6402599084 0.1155154077 0.3779300300 0.0000000000 2.3465902050 0.5938231820 0.5340917052 0.3803338440 1.1105202954 0.5180171078 0.5180296783 0.4330620656
1.3618372540 0.4294034066 0.9347924648 0.6242941071 2.2684724196 0.3957627963 0.0121311493 0.2118473385 2.3465902050 0.0000000000 0.7170086386 0.3504596560 1.3213879850 0.4458459445 0.8313035635 0.7778091399 0.6601257598
0.1060470677 3.7773116849 0.4239319573 0.2334552156 4.6065475456 0.4895988487 0.0327024174 1.1510657945 0.5938231820 0.7170086386 0.0000000000 1.8713543578 0.5482272235 2.8198983674 1.3410106524 1.2873805095 0.3087012962
2.6694275548 0.3277884783 0.1688432505 0.2059126381 0.1828032022 0.1243892775 2.0361796596 0.3741314703 0.5340917052 0.3504596560 1.8713543578 0.0000000000 1.9628695327 1.2628322271 0.3761089447 0.1053293244 0.2403715724
0.0114965974 0.5220333633 0.8042799609 0.6129643775 0.4014585219 0.4699601234 0.6731820694 0.0465900053 0.3803338440 1.3213879850 0.5482272235 1.9628695327 0.0000000000 0.6510306196 0.3701455219 0.8047694208 1.5706361352
0.1727342178 0.5554564291 0.7018037761 0.9369364385 0.1645191415 0.0045534300 0.3979249924 0.5461418326 1.1105202954 0.4458459445 2.8198983674 1.2628322271 0.6510306196 0.0000000000 3.1418089028 0.3722956491 1.9363056323
0.7316657174 0.6983220517 0.4123689498 0.2516673131 0.1752464306 0.2136906595 0.2488786477 0.6265211311 0.5180171078 0.8313035635 1.3410106524 0.3761089447 0.3701455219 3.1418089028 0.0000000000 0.6015172387 0.6940587109
0.7466047976 2.5421704414 0.7475608101 0.1009197302 0.7467822833 0.5960518965 0.2319713064 0.7134693969 0.5180296783 0.7778091399 1.2873805095 0.1053293244 0.8047694208 0.3722956491 0.6015172387 0.0000000000 0.5142425667
0.3449586113 1.1735607524 0.8175775528 1.2828924954 0.4544272455 3.4007844715 0.4893842199 2.3768725925 0.4330620656 0.6601257598 0.3087012962 0.2403715724 1.5706361352 1.9363056323 0.6940587109 0.5142425667 0.0000000000
