# MCW Instance
# Type: EXPONENTIAL
# N: 17
# Optimal cost: 1.584561961171586
# Optimal tour (permutation): [0, 8, 3, 14, 13, 7, 1, 5, 15, 2, 9, 12, 11, 4, 16, 10, 6, 0]
# Optimal walk (full path): [0, 8, 3, 14, 13, 7, 1, 5, 15, 2, 12, 9, 12, 11, 4, 16, 6, 10, 6, 16, 0]
# Walk size: 21
# Is walk (has repeats): true

# Distance Matrix
0.0000000000 0.4433315260 0.4151290477 1.5482613739 1.6029169983 0.5434979941 1.2556722448 0.7120286842 0.0649367766 1.7509395157 0.7356784135 1.1628363178 0.1769221195 0.3587925062 0.1679597706 0.4416799916 0.0761989285
0.4433315260 0.0000000000 0.4397965895 2.3612636520 1.5680278160 0.1418227858 0.3320637275 0.0224984691 0.9262994238 1.3431067558 2.2753472985 0.1787673891 0.4368490576 1.6430955786 0.3990655455 0.6082512219 0.1123161461
0.4151290477 0.4397965895 0.0000000000 1.0404808334 1.0506587835 1.7563989998 0.4950995986 0.8912712902 2.2899146186 0.3618441643 1.5694809380 0.3179764885 0.0999747348 0.5985554802 3.4266950729 0.2047376752 0.2076397585
1.5482613739 2.3612636520 1.0404808334 0.0000000000 0.2547205141 0.2584052452 1.5016870505 0.6226495772 0.0739368340 2.9241752521 0.1444459725 2.0006899718 0.2485441654 3.6019076219 0.0115869925 1.6571961011 1.5990212017
1.6029169983 1.5680278160 1.0506587835 0.2547205141 0.0000000000 2.3711158622 1.5438144247 0.8725379938 0.7690844090 0.8316526515 1.3028595453 0.0938803357 0.8694571925 0.2505352253 1.7127444921 1.5646581564 0.1491414994
0.5434979941 0.1418227858 1.7563989998 0.2584052452 2.3711158622 0.0000000000 0.2727355497 0.3033176619 2.4619029086 0.6744626857 0.7065730612 1.2100979851 1.0588650757 0.2027630309 1.2909092394 0.1908192697 2.1143037627
1.2556722448 0.3320637275 0.4950995986 1.5016870505 1.5438144247 0.2727355497 0.0000000000 0.0683567358 2.4669924763 1.2474477492 0.0859699479 0.2188682797 1.2839408461 0.9761127757 1.0025920846 0.7989785200 0.0035503994
0.7120286842 0.0224984691 0.8912712902 0.6226495772 0.8725379938 0.3033176619 0.0683567358 0.0000000000 0.5275552986 0.2198159473 2.1530088411 2.3109293547 0.6173262396 0.1082058777 0.0824068004 0.1490629701 1.0978757890
0.0649367766 0.9262994238 2.2899146186 0.0739368340 0.7690844090 2.4619029086 2.4669924763 0.5275552986 0.0000000000 1.2943345955 1.4997844726 0.7247798178 0.3611331133 0.7400757546 0.1525054540 1.1047822106 1.0761144023
1.7509395157 1.3431067558 0.3618441643 2.9241752521 0.8316526515 0.6744626857 1.2474477492 0.2198159473 1.2943345955 0.0000000000 0.1545364148 0.1604689303 0.0047458398 0.0984280232 0.2118495724 2.0743694726 0.4068551868
0.7356784135 2.2753472985 1.5694809380 0.1444459725 1.3028595453 0.7065730612 0.0859699479 2.1530088411 1.4997844726 0.1545364148 0.0000000000 0.5741761498 0.8650801030 2.2255716893 0.1557952907 2.2842910338 0.1037926129
1.1628363178 0.1787673891 0.3179764885 2.0006899718 0.0938803357 1.2100979851 0.2188682797 2.3109293547 0.7247798178 0.1604689303 0.5741761498 0.0000000000 0.0122107010 1.0096663967 2.9405407418 1.5156665962 0.3672026105
0.1769221195 0.4368490576 0.0999747348 0.2485441654 0.8694571925 1.0588650757 1.2839408461 0.6173262396 0.3611331133 0.0047458398 0.8650801030 0.0122107010 0.0000000000 0.9727140315 2.8697561467 1.9529188810 0.8079412798
0.3587925062 1.6430955786 0.5985554802 3.6019076219 0.2505352253 0.2027630309 0.9761127757 0.1082058777 0.7400757546 0.0984280232 2.2255716893 1.0096663967 0.9727140315 0.0000000000 0.1460787069 1.0505773896 1.0899949649
0.1679597706 0.3990655455 3.4266950729 0.0115869925 1.7127444921 1.2909092394 1.0025920846 0.0824068004 0.1525054540 0.2118495724 0.1557952907 2.9405407418 2.8697561467 0.1460787069 0.0000000000 3.8987134445 0.1318502581
0.4416799916 0.6082512219 0.2047376752 1.6571961011 1.5646581564 0.1908192697 0.7989785200 0.1490629701 1.1047822106 2.0743694726 2.2842910338 1.5156665962 1.9529188810 1.0505773896 3.8987134445 0.0000000000 0.1644305837
0.0761989285 0.1123161461 0.2076397585 1.5990212017 0.1491414994 2.1143037627 0.0035503994 1.0978757890 1.0761144023 0.4068551868 0.1037926129 0.3672026105 0.8079412798 1.0899949649 0.1318502581 0.1644305837 0.0000000000
