# MCW Instance
# Type: EXPONENTIAL
# N: 17
# Optimal cost: 1.8245942446945738
# Optimal tour (permutation): [0, 11, 7, 16, 2, 10, 9, 4, 15, 13, 12, 5, 3, 8, 6, 14, 1, 0]
# Optimal walk (full path): [0, 7, 11, 7, 16, 2, 10, 9, 4, 15, 13, 5, 12, 5, 3, 7, 8, 7, 6, 7, 0, 1, 14, 1, 0]
# Walk size: 25
# Is walk (has repeats): true

# Distance Matrix
0.0000000000 0.0054289001 2.5637662893 0.2901123354 0.9474379373 1.5764704066 0.1369993368 0.0425027865 0.6972899713 0.0729444180 0.3057630824 0.1551003121 0.4873652669 0.9430594624 1.3979751886 1.3472252524 0.5690330973
0.0054289001 0.0000000000 2.1955875455 0.3957173057 5.3323101366 1.6540313658 0.4539829725 0.2529409766 1.0209577597 0.3431349192 0.9101744959 1.1132987378 0.4727830211 3.2190818383 0.0084111696 0.9851793197 2.5542827019
2.5637662893 2.1955875455 0.0000000000 3.9872981633 1.5933024559 2.1738053300 1.1480377163 1.7116979795 0.6049698384 0.4873283139 0.0400250245 0.7921785557 0.8294045683 1.1759120033 3.2380593161 0.2917103647 0.0970228944
0.2901123354 0.3957173057 3.9872981633 0.0000000000 0.5979705084 0.2244487522 2.7903123830 0.1853254424 1.7531343251 1.0389293313 1.2533221278 0.5713368520 1.4772251695 0.6454342516 0.7933157171 0.5186214398 0.3430501492
0.9474379373 5.3323101366 1.5933024559 0.5979705084 0.0000000000 1.1230923448 0.3453085228 2.4774544536 1.4339483629 0.1000213804 0.2749313753 1.1431821932 1.3748392362 1.1901835431 3.8874653385 0.1498813440 1.0967866085
1.5764704066 1.6540313658 2.1738053300 0.2244487522 1.1230923448 0.0000000000 1.7117507290 2.2811898455 0.3709000316 0.1877175324 0.4447928100 0.3573225735 0.1139844181 0.0565555608 0.5999556200 1.2667973978 0.9790097539
0.1369993368 0.4539829725 1.1480377163 2.7903123830 0.3453085228 1.7117507290 0.0000000000 0.0411974232 2.2688523159 1.0909497727 0.2452630183 1.9934648643 1.9203832497 1.5340466839 1.9308055182 1.0447543758 0.6432230381
0.0425027865 0.2529409766 1.7116979795 0.1853254424 2.4774544536 2.2811898455 0.0411974232 0.0000000000 0.0860593206 0.0533919299 1.1379013260 0.0678076207 1.0486317650 2.4745736312 0.4306457583 0.0353154860 0.1359270908
0.6972899713 1.0209577597 0.6049698384 1.7531343251 1.4339483629 0.3709000316 2.2688523159 0.0860593206 0.0000000000 0.3054021307 0.2400627406 0.4541587826 2.9529273706 0.7198235512 1.6552074895 0.9214985822 0.2938972299
0.0729444180 0.3431349192 0.4873283139 1.0389293313 0.1000213804 0.1877175324 1.0909497727 0.0533919299 0.3054021307 0.0000000000 0.0763613086 0.1635360781 0.4680281504 0.3277560987 0.2707332131 0.8227922028 0.3237036927
0.3057630824 0.9101744959 0.0400250245 1.2533221278 0.2749313753 0.4447928100 0.2452630183 1.1379013260 0.2400627406 0.0763613086 0.0000000000 2.1200592256 0.2037322668 1.7156335748 0.8118558112 2.1098111828 0.7892155863
0.1551003121 1.1132987378 0.7921785557 0.5713368520 1.1431821932 0.3573225735 1.9934648643 0.0678076207 0.4541587826 0.1635360781 2.1200592256 0.0000000000 0.6158665774 0.4870725205 1.7476049750 0.1340680021 0.4647799270
0.4873652669 0.4727830211 0.8294045683 1.4772251695 1.3748392362 0.1139844181 1.9203832497 1.0486317650 2.9529273706 0.4680281504 0.2037322668 0.6158665774 0.0000000000 1.2213018940 1.6902637489 1.6174944119 1.7489639037
0.9430594624 3.2190818383 1.1759120033 0.6454342516 1.1901835431 0.0565555608 1.5340466839 2.4745736312 0.7198235512 0.3277560987 1.7156335748 0.4870725205 1.2213018940 0.0000000000 0.7303405265 0.0282421690 0.4032818451
1.3979751886 0.0084111696 3.2380593161 0.7933157171 3.8874653385 0.5999556200 1.9308055182 0.4306457583 1.6552074895 0.2707332131 0.8118558112 1.7476049750 1.6902637489 0.7303405265 0.0000000000 0.5260479766 0.3124092969
1.3472252524 0.9851793197 0.2917103647 0.5186214398 0.1498813440 1.2667973978 1.0447543758 0.0353154860 0.9214985822 0.8227922028 2.1098111828 0.1340680021 1.6174944119 0.0282421690 0.5260479766 0.0000000000 1.3314609406
0.5690330973 2.5542827019 0.0970228944 0.3430501492 1.0967866085 0.9790097539 0.6432230381 0.1359270908 0.2938972299 0.3237036927 0.7892155863 0.4647799270 1.7489639037 0.4032818451 0.3124092969 1.3314609406 0.0000000000
