# MCW Instance
# Type: EXPONENTIAL
# N: 17
# Optimal cost: 2.3704616641329403
# Optimal tour (permutation): [0, 7, 6, 5, 1, 10, 16, 12, 8, 3, 4, 9, 14, 13, 15, 11, 2, 0]
# Optimal walk (full path): [0, 7, 6, 7, 5, 1, 10, 16, 8, 12, 8, 3, 8, 4, 9, 14, 13, 15, 2, 11, 2, 0]
# Walk size: 22
# Is walk (has repeats): true

# Distance Matrix
0.0000000000 2.0453757224 0.0569493397 0.6535687109 0.6252984668 0.5910493678 1.5614283718 0.0878000500 0.1507786990 0.7717795970 1.1946396958 1.9958160206 2.2590708267 0.2248760811 1.9414710026 1.1108198210 0.6311746219
2.0453757224 0.0000000000 1.3457918372 1.3629026956 1.7685897524 0.0114655876 1.3735013177 0.3621482890 0.5004000453 0.7295853548 0.2551547460 0.2274401159 0.2062262269 1.4908434193 1.2830527751 1.4704917828 1.6103748267
0.0569493397 1.3457918372 0.0000000000 0.0344970076 0.4000409582 0.2496185864 1.0123443460 0.3978960592 0.7925490835 0.5974293985 1.3816102493 0.1768086945 0.6857018824 1.7066929953 1.2947018507 0.1270960246 1.0940086880
0.6535687109 1.3629026956 0.0344970076 0.0000000000 0.1110526886 0.1129631507 1.5657081137 0.5419505714 0.0103487806 1.8389229928 0.3606278558 1.5147465845 0.5046570481 0.1431399784 1.0247877127 0.8890869975 1.3339323916
0.6252984668 1.7685897524 0.4000409582 0.1110526886 0.0000000000 0.9095616070 2.5649880844 3.9064669112 0.0982528701 0.0227298404 1.3066357864 0.3434544545 0.3694915525 0.2452912721 1.0004448128 2.4427429844 4.5828774692
0.5910493678 0.0114655876 0.2496185864 0.1129631507 0.9095616070 0.0000000000 0.3968660001 0.0943197479 0.3754607510 0.3662365537 1.3704230019 2.9169503981 0.5620088464 0.8644250613 0.2754574503 2.1238166114 2.6754891721
1.5614283718 1.3735013177 1.0123443460 1.5657081137 2.5649880844 0.3968660001 0.0000000000 0.1238312183 0.2207539942 0.3448875757 0.4242711386 1.6948316822 2.9809573579 0.2856547782 2.6808497694 0.8131823163 4.8065098100
0.0878000500 0.3621482890 0.3978960592 0.5419505714 3.9064669112 0.0943197479 0.1238312183 0.0000000000 0.4382375053 0.2713419866 0.7571819192 0.7799563231 0.9000323595 1.2725028790 0.3240479689 0.3004807622 0.6411346980
0.1507786990 0.5004000453 0.7925490835 0.0103487806 0.0982528701 0.3754607510 0.2207539942 0.4382375053 0.0000000000 0.5704955851 0.3547199083 0.2063724397 0.1025128375 1.5911483711 2.0886878244 2.1806116476 0.0918777792
0.7717795970 0.7295853548 0.5974293985 1.8389229928 0.0227298404 0.3662365537 0.3448875757 0.2713419866 0.5704955851 0.0000000000 0.9468320637 1.8987415776 0.8138620230 1.0696346850 0.1423448187 2.6448341762 0.4748400734
1.1946396958 0.2551547460 1.3816102493 0.3606278558 1.3066357864 1.3704230019 0.4242711386 0.7571819192 0.3547199083 0.9468320637 0.0000000000 0.6920629575 1.0433598059 0.3966085550 1.2788528605 0.8984760331 0.2714374933
1.9958160206 0.2274401159 0.1768086945 1.5147465845 0.3434544545 2.9169503981 1.6948316822 0.7799563231 0.2063724397 1.8987415776 0.6920629575 0.0000000000 0.4483562928 2.2210972603 0.5799357963 1.0636640296 3.0426494129
2.2590708267 0.2062262269 0.6857018824 0.5046570481 0.3694915525 0.5620088464 2.9809573579 0.9000323595 0.1025128375 0.8138620230 1.0433598059 0.4483562928 0.0000000000 3.8190469070 1.4657877871 2.8969435873 2.0315094952
0.2248760811 1.4908434193 1.7066929953 0.1431399784 0.2452912721 0.8644250613 0.2856547782 1.2725028790 1.5911483711 1.0696346850 0.3966085550 2.2210972603 3.8190469070 0.0000000000 0.0510159260 0.2330143789 0.4252264117
1.9414710026 1.2830527751 1.2947018507 1.0247877127 1.0004448128 0.2754574503 2.6808497694 0.3240479689 2.0886878244 0.1423448187 1.2788528605 0.5799357963 1.4657877871 0.0510159260 0.0000000000 2.6429410300 0.4262897790
1.1108198210 1.4704917828 0.1270960246 0.8890869975 2.4427429844 2.1238166114 0.8131823163 0.3004807622 2.1806116476 2.6448341762 0.8984760331 1.0636640296 2.8969435873 0.2330143789 2.6429410300 0.0000000000 5.8626854328
0.6311746219 1.6103748267 1.0940086880 1.3339323916 4.5828774692 2.6754891721 4.8065098100 0.6411346980 0.0918777792 0.4748400734 0.2714374933 3.0426494129 2.0315094952 0.4252264117 0.4262897790 5.8626854328 0.0000000000
