# Graph size: 22
# Optimal cost: 1.9861756080092992

# Distance Matrix
0.0 0.7009135408888137 0.39332456042118535 0.6791008664300691 0.1647029512911895 0.19033004174185875 0.18228936815123686 0.9539721575002168 0.7596010995179068 0.44716459856833246 0.745502313290203 0.050987880373205674 0.9037780190976107 0.5426961513634415 0.11997785803523175 0.6060526465631891 0.9506840459578688 0.7455079587198216 0.00860223052508513 0.012302971418388875 0.2201213286916015 0.7044265800446147
0.7009135408888137 0.0 0.9996525565027881 0.6261903618750652 0.8971762533318441 0.29109908619095304 0.7226650407275458 0.3434230617402092 0.6046987575755514 0.4447684807573856 0.862557347425542 0.4229711190335458 0.06390971014489744 0.8784088590699946 0.6970752335576017 0.9695652351988036 0.6415067474483432 0.3032329244660561 0.09704672284302618 0.7985970543110443 0.9966778693067639 0.9076866865670199
0.39332456042118535 0.9996525565027881 0.0 0.7345915929407996 0.5020552146101771 0.4877216072130046 0.1873971144776887 0.5813480885275563 0.4101071826469497 0.47551094896048895 0.864140727574012 0.646942524522721 0.8001645426642927 0.1698277868914102 0.5547518657325324 0.3073418047728764 0.14374520585664186 0.20463368023942008 0.054991833655248734 0.5033927196314331 0.40117282667803156 0.699631363889514
0.6791008664300691 0.6261903618750652 0.7345915929407996 0.0 0.5887508926920565 0.5517660057187741 0.37513043391810763 0.16801123116860894 0.13955720319472087 0.303687329204807 0.916311425996578 0.2640651208923227 0.029217976370374932 0.9112514859121437 0.3378882074629348 0.02938990391932339 0.2375200649781698 0.5167795864463467 0.7402446814600097 0.9926913301722157 0.5672682188905835 0.767593883681226
0.1647029512911895 0.8971762533318441 0.5020552146101771 0.5887508926920565 0.0 0.07339598980633821 0.2057385805018822 0.6505415940033298 0.1767485359541865 0.6717449539899368 0.05680848202879518 0.9648997466844339 0.9996684872764057 0.6843015240935759 0.4929973874456456 0.48237157896163985 0.4773130390548982 0.2932179218902621 0.10406837761767318 0.3094121377720934 0.008394721990936382 0.864469082336377
0.19033004174185875 0.29109908619095304 0.4877216072130046 0.5517660057187741 0.07339598980633821 0.0 0.37303965140892104 0.6926135151937871 0.05634793077580724 0.20673397923380976 0.28250971212767195 0.06280770327241514 0.37115594968878607 0.9280104030824166 0.38075366842168046 0.3693011119489241 0.4118092059926103 0.4742224606003753 0.35791427799120135 0.8163318315252428 0.6920812589733584 0.8100560390176542
0.18228936815123686 0.7226650407275458 0.1873971144776887 0.37513043391810763 0.2057385805018822 0.37303965140892104 0.0 0.16015006813120747 0.25544182069469756 0.14047386431683728 0.859484586692013 0.6783923536715432 0.9103089645604302 0.46459521270040816 0.7619239720148926 0.08840160122737306 0.8146839784271571 0.9409011646000798 0.7196815208149816 0.9901032065461322 0.32943006511781014 0.012641880891622659
0.9539721575002168 0.3434230617402092 0.5813480885275563 0.16801123116860894 0.6505415940033298 0.6926135151937871 0.16015006813120747 0.0 0.7133413137859196 0.5967210643624336 0.37126380602703535 0.5720211644886879 0.6439538554372617 0.3580171934731755 0.5336480321940857 0.8269896398422445 0.5243754653628528 0.5669840193786959 0.10938834152140442 0.20875703513553623 0.1868285239302937 0.6956255440228933
0.7596010995179068 0.6046987575755514 0.4101071826469497 0.13955720319472087 0.1767485359541865 0.05634793077580724 0.25544182069469756 0.7133413137859196 0.0 0.13483725859700457 0.8630225811914704 0.5997310378537891 0.4330023117315883 0.9672106898582326 0.886087287272883 0.2940698068811358 0.6575042429054972 0.5793737214275633 0.6164250341007437 0.5880687810385056 0.8653547394476745 0.7105538404161992
0.44716459856833246 0.4447684807573856 0.47551094896048895 0.303687329204807 0.6717449539899368 0.20673397923380976 0.14047386431683728 0.5967210643624336 0.13483725859700457 0.0 0.9729542124884076 0.26863013751105 0.8986379997196408 0.24679149349679896 0.04316543918944704 0.13900260618247873 0.16868107867082693 0.7215392177904543 0.8674246982601921 0.37435759165355176 0.9544109088179752 0.6246724465775261
0.745502313290203 0.862557347425542 0.864140727574012 0.916311425996578 0.05680848202879518 0.28250971212767195 0.859484586692013 0.37126380602703535 0.8630225811914704 0.9729542124884076 0.0 0.640185861306273 0.9404312402076136 0.770345779883195 0.28727634373655264 0.35450987705492465 0.4251156550692222 0.24516976506180077 0.46992490783770335 0.2532030892131387 0.5088605305427195 0.4293775334036022
0.050987880373205674 0.4229711190335458 0.646942524522721 0.2640651208923227 0.9648997466844339 0.06280770327241514 0.6783923536715432 0.5720211644886879 0.5997310378537891 0.26863013751105 0.640185861306273 0.0 0.42376969385686003 0.31804952217593074 0.9569720417916103 0.9592663923922891 0.1166077497831467 0.4280280786464997 0.4553726770218077 0.044590906491299265 0.520199104559921 0.7480678071275036
0.9037780190976107 0.06390971014489744 0.8001645426642927 0.029217976370374932 0.9996684872764057 0.37115594968878607 0.9103089645604302 0.6439538554372617 0.4330023117315883 0.8986379997196408 0.9404312402076136 0.42376969385686003 0.0 0.831112551162295 0.8184852117605856 0.34045630835562557 0.3718095601730568 0.19989876033053344 0.19079643692222215 0.33873005974624526 0.2350063933362021 0.3651362976651784
0.5426961513634415 0.8784088590699946 0.1698277868914102 0.9112514859121437 0.6843015240935759 0.9280104030824166 0.46459521270040816 0.3580171934731755 0.9672106898582326 0.24679149349679896 0.770345779883195 0.31804952217593074 0.831112551162295 0.0 0.979762382992528 0.4402659911158653 0.840608173423941 0.35645068690666504 0.7620052885081342 0.15500995198068057 0.39224130653339584 0.3403884427791146
0.11997785803523175 0.6970752335576017 0.5547518657325324 0.3378882074629348 0.4929973874456456 0.38075366842168046 0.7619239720148926 0.5336480321940857 0.886087287272883 0.04316543918944704 0.28727634373655264 0.9569720417916103 0.8184852117605856 0.979762382992528 0.0 0.5771026055692575 0.4462901564220112 0.5197074781155934 0.2619688974431623 0.3505349055798661 0.07450649114263808 0.8982896634972742
0.6060526465631891 0.9695652351988036 0.3073418047728764 0.02938990391932339 0.48237157896163985 0.3693011119489241 0.08840160122737306 0.8269896398422445 0.2940698068811358 0.13900260618247873 0.35450987705492465 0.9592663923922891 0.34045630835562557 0.4402659911158653 0.5771026055692575 0.0 0.4829868598164899 0.6576000097570052 0.6158084012045574 0.713068121485037 0.37144210046077675 0.24092157073935594
0.9506840459578688 0.6415067474483432 0.14374520585664186 0.2375200649781698 0.4773130390548982 0.4118092059926103 0.8146839784271571 0.5243754653628528 0.6575042429054972 0.16868107867082693 0.4251156550692222 0.1166077497831467 0.3718095601730568 0.840608173423941 0.4462901564220112 0.4829868598164899 0.0 0.8098449439102035 0.10011259769988912 0.2661989876267299 0.5154691858144304 0.6260215327744915
0.7455079587198216 0.3032329244660561 0.20463368023942008 0.5167795864463467 0.2932179218902621 0.4742224606003753 0.9409011646000798 0.5669840193786959 0.5793737214275633 0.7215392177904543 0.24516976506180077 0.4280280786464997 0.19989876033053344 0.35645068690666504 0.5197074781155934 0.6576000097570052 0.8098449439102035 0.0 0.4083311772716304 0.4919550279214683 0.14754657857318587 0.45429990768282347
0.00860223052508513 0.09704672284302618 0.054991833655248734 0.7402446814600097 0.10406837761767318 0.35791427799120135 0.7196815208149816 0.10938834152140442 0.6164250341007437 0.8674246982601921 0.46992490783770335 0.4553726770218077 0.19079643692222215 0.7620052885081342 0.2619688974431623 0.6158084012045574 0.10011259769988912 0.4083311772716304 0.0 0.3689207361300918 0.1318247602399658 0.6779929391729828
0.012302971418388875 0.7985970543110443 0.5033927196314331 0.9926913301722157 0.3094121377720934 0.8163318315252428 0.9901032065461322 0.20875703513553623 0.5880687810385056 0.37435759165355176 0.2532030892131387 0.044590906491299265 0.33873005974624526 0.15500995198068057 0.3505349055798661 0.713068121485037 0.2661989876267299 0.4919550279214683 0.3689207361300918 0.0 0.12442932501275628 0.0337770923351951
0.2201213286916015 0.9966778693067639 0.40117282667803156 0.5672682188905835 0.008394721990936382 0.6920812589733584 0.32943006511781014 0.1868285239302937 0.8653547394476745 0.9544109088179752 0.5088605305427195 0.520199104559921 0.2350063933362021 0.39224130653339584 0.07450649114263808 0.37144210046077675 0.5154691858144304 0.14754657857318587 0.1318247602399658 0.12442932501275628 0.0 0.07832091393380558
0.7044265800446147 0.9076866865670199 0.699631363889514 0.767593883681226 0.864469082336377 0.8100560390176542 0.012641880891622659 0.6956255440228933 0.7105538404161992 0.6246724465775261 0.4293775334036022 0.7480678071275036 0.3651362976651784 0.3403884427791146 0.8982896634972742 0.24092157073935594 0.6260215327744915 0.45429990768282347 0.6779929391729828 0.0337770923351951 0.07832091393380558 0.0

# Optimal Walk
0 7 16 11 5 8 9 14 20 10 4 17 2 13 19 21 6 15 3 12 1 18 0
