# MCW Instance
# Type: UNIFORM
# N: 22
# Optimal cost: 2.0954875215612683
# Optimal tour (permutation): [0, 4, 3, 17, 21, 14, 20, 12, 13, 9, 18, 19, 5, 16, 2, 1, 11, 7, 8, 10, 15, 6, 0]
# Optimal walk (full path): [0, 15, 4, 3, 17, 21, 14, 20, 12, 20, 13, 9, 18, 19, 5, 16, 2, 1, 2, 11, 13, 7, 8, 10, 15, 6, 15, 0]
# Walk size: 28
# Is walk (has repeats): true

# Distance Matrix
0.0000000000 0.2463478171 0.4438965638 0.3935450415 0.4488503675 0.5864352916 0.5916776586 0.3751475199 0.9940151846 0.8056225617 0.9351303523 0.9132592211 0.9242033008 0.4695854289 0.6788051580 0.0863252063 0.6565709178 0.4257055852 0.3103524157 0.8303049435 0.5148831157 0.8742854623
0.2463478171 0.0000000000 0.0758483549 0.8702048569 0.9515292324 0.2271176372 0.7547818913 0.2473303435 0.3615727066 0.7375701263 0.5247717137 0.9776880964 0.4122054724 0.6842004316 0.9804970924 0.6904459278 0.2260164845 0.9690128632 0.1769906380 0.1900845402 0.2027730479 0.3518252010
0.4438965638 0.0758483549 0.0000000000 0.9043539644 0.7618515749 0.7419519973 0.1838124209 0.2691231062 0.6973551282 0.6370479476 0.4261464601 0.0569225333 0.9556105500 0.4527238515 0.9437530004 0.2817125890 0.0945807350 0.7671586319 0.5495574630 0.7888477637 0.6092266967 0.7644860373
0.3935450415 0.8702048569 0.9043539644 0.0000000000 0.0411941024 0.7723283161 0.5943120178 0.2960071192 0.5200036761 0.5910409653 0.2136809847 0.1938986578 0.6112465721 0.3244493234 0.8024569589 0.3174281692 0.8148102393 0.0951079177 0.5545840582 0.5392258139 0.1072906854 0.3035384014
0.4488503675 0.9515292324 0.7618515749 0.0411941024 0.0000000000 0.6553621018 0.6379522506 0.0891800128 0.5704202189 0.4071004658 0.8537404272 0.4249930504 0.3617122199 0.3657441693 0.6840788768 0.0595181135 0.9842357810 0.7573012696 0.3503425079 0.7099780425 0.8824139352 0.4751275926
0.5864352916 0.2271176372 0.7419519973 0.7723283161 0.6553621018 0.0000000000 0.2489664058 0.4317395334 0.9412751047 0.7726011079 0.6162970603 0.6343104335 0.8064944433 0.3604451234 0.5824444936 0.7847157636 0.0691590861 0.9939359541 0.7669978263 0.1769453146 0.5311086078 0.7924569478
0.5916776586 0.7547818913 0.1838124209 0.5943120178 0.6379522506 0.2489664058 0.0000000000 0.5782558119 0.5690169513 0.6661151718 0.4723379097 0.4176632167 0.1933013841 0.8228326938 0.3936450033 0.0624326888 0.6311056398 0.6773576838 0.8225630705 0.6018706373 0.3091142430 0.9364091634
0.3751475199 0.2473303435 0.2691231062 0.2960071192 0.0891800128 0.4317395334 0.5782558119 0.0000000000 0.0932387006 0.4367155460 0.9231384310 0.3165486468 0.4164290942 0.0158352404 0.9237255101 0.3805252812 0.9270281931 0.1809189321 0.3085318233 0.8987456752 0.1885182354 0.2173398371
0.9940151846 0.3615727066 0.6973551282 0.5200036761 0.5704202189 0.9412751047 0.5690169513 0.0932387006 0.0000000000 0.3579644513 0.0220315601 0.7796214021 0.9681515100 0.6234484826 0.7012426352 0.7769025998 0.6582218445 0.4317779113 0.4700063657 0.9168013813 0.3967965377 0.4043601157
0.8056225617 0.7375701263 0.6370479476 0.5910409653 0.4071004658 0.7726011079 0.6661151718 0.4367155460 0.3579644513 0.0000000000 0.9187097956 0.9715473932 0.6793234739 0.0067652222 0.9310732270 0.4056397882 0.5931585065 0.9418433018 0.0290395326 0.6930488495 0.8468116828 0.2787740167
0.9351303523 0.5247717137 0.4261464601 0.2136809847 0.8537404272 0.6162970603 0.4723379097 0.9231384310 0.0220315601 0.9187097956 0.0000000000 0.9773764331 0.7700230394 0.1886829009 0.5707644888 0.1363038332 0.9743627236 0.2587740450 0.8557134197 0.9186219165 0.4792473261 0.4256546915
0.9132592211 0.9776880964 0.0569225333 0.1938986578 0.4249930504 0.6343104335 0.4176632167 0.3165486468 0.7796214021 0.9715473932 0.9773764331 0.0000000000 0.3570102929 0.1072298330 0.6681798351 0.7009966209 0.9057406595 0.7195891169 0.1173387922 0.3952821760 0.5909196308 0.5675996568
0.9242033008 0.4122054724 0.9556105500 0.6112465721 0.3617122199 0.8064944433 0.1933013841 0.4164290942 0.9681515100 0.6793234739 0.7700230394 0.3570102929 0.0000000000 0.8526048073 0.7808302141 0.9109776367 0.6545204298 0.3307548797 0.6620723225 0.7475736786 0.0749809829 0.1577943453
0.4695854289 0.6842004316 0.4527238515 0.3244493234 0.3657441693 0.3604451234 0.8228326938 0.0158352404 0.6234484826 0.0067652222 0.1886829009 0.1072298330 0.8526048073 0.0000000000 0.4180514764 0.8119133674 0.1397942096 0.9021234633 0.7784039251 0.8240999275 0.0341941597 0.4862110889
0.6788051580 0.9804970924 0.9437530004 0.8024569589 0.6840788768 0.5824444936 0.3936450033 0.9237255101 0.7012426352 0.9310732270 0.5707644888 0.6681798351 0.7808302141 0.4180514764 0.0000000000 0.3216245535 0.5776487413 0.4362878196 0.5476757123 0.4432046149 0.2141466963 0.1719226472
0.0863252063 0.6904459278 0.2817125890 0.3174281692 0.0595181135 0.7847157636 0.0624326888 0.3805252812 0.7769025998 0.4056397882 0.1363038332 0.7009966209 0.9109776367 0.8119133674 0.3216245535 0.0000000000 0.8491495674 0.3312701300 0.4871399205 0.1628368713 0.2860290571 0.3086382810
0.6565709178 0.2260164845 0.0945807350 0.8148102393 0.9842357810 0.0691590861 0.6311056398 0.9270281931 0.6582218445 0.5931585065 0.9743627236 0.9057406595 0.6545204298 0.1397942096 0.5776487413 0.8491495674 0.0000000000 0.5296844358 0.6368726181 0.2921903751 0.7527477505 0.6565964109
0.4257055852 0.9690128632 0.7671586319 0.0951079177 0.7573012696 0.9939359541 0.6773576838 0.1809189321 0.4317779113 0.9418433018 0.2587740450 0.7195891169 0.3307548797 0.9021234633 0.4362878196 0.3312701300 0.5296844358 0.0000000000 0.8121967781 0.4759766512 0.6887088937 0.0302896873
0.3103524157 0.1769906380 0.5495574630 0.5545840582 0.3503425079 0.7669978263 0.8225630705 0.3085318233 0.4700063657 0.0290395326 0.8557134197 0.1173387922 0.6620723225 0.7784039251 0.5476757123 0.4871399205 0.6368726181 0.8121967781 0.0000000000 0.0418881407 0.1322387746 0.0657576879
0.8303049435 0.1900845402 0.7888477637 0.5392258139 0.7099780425 0.1769453146 0.6018706373 0.8987456752 0.9168013813 0.6930488495 0.9186219165 0.3952821760 0.7475736786 0.8240999275 0.4432046149 0.1628368713 0.2921903751 0.4759766512 0.0418881407 0.0000000000 0.5981902135 0.7109132369
0.5148831157 0.2027730479 0.6092266967 0.1072906854 0.8824139352 0.5311086078 0.3091142430 0.1885182354 0.3967965377 0.8468116828 0.4792473261 0.5909196308 0.0749809829 0.0341941597 0.2141466963 0.2860290571 0.7527477505 0.6887088937 0.1322387746 0.5981902135 0.0000000000 0.8709391770
0.8742854623 0.3518252010 0.7644860373 0.3035384014 0.4751275926 0.7924569478 0.9364091634 0.2173398371 0.4043601157 0.2787740167 0.4256546915 0.5675996568 0.1577943453 0.4862110889 0.1719226472 0.3086382810 0.6565964109 0.0302896873 0.0657576879 0.7109132369 0.8709391770 0.0000000000
