# MCW Instance
# Type: UNIFORM
# N: 22
# Optimal cost: 1.4077113858588892
# Optimal tour (permutation): [0, 4, 7, 5, 3, 2, 8, 17, 21, 14, 19, 9, 20, 18, 16, 15, 10, 6, 13, 1, 12, 11, 0]
# Optimal walk (full path): [0, 11, 2, 4, 7, 5, 3, 2, 8, 17, 21, 14, 21, 19, 9, 20, 18, 20, 16, 15, 10, 6, 13, 1, 12, 11, 0]
# Walk size: 27
# Is walk (has repeats): true

# Distance Matrix
0.0000000000 0.6839571260 0.2172062393 0.2369990225 0.1621812625 0.3969751627 0.6035105410 0.7506289632 0.8732910370 0.3404604564 0.8678548776 0.0003028256 0.8341228364 0.8218400315 0.2072840972 0.2484835293 0.9544051789 0.8147587528 0.2952319454 0.9490749225 0.9333847871 0.3176921426
0.6839571260 0.0000000000 0.6721478176 0.9557091345 0.0335334038 0.4704488983 0.9123013019 0.2428220827 0.4337922555 0.1378222573 0.7420872683 0.3766075710 0.0100404250 0.0456256978 0.2626946240 0.1145430178 0.7586384389 0.7115751450 0.4387900127 0.9350308749 0.9783115345 0.3519565709
0.2172062393 0.6721478176 0.0000000000 0.0549073044 0.0028015252 0.7563019323 0.6647439203 0.4125224435 0.0610749521 0.2666328945 0.8908096167 0.1433327163 0.0080799224 0.8814916706 0.8370957093 0.6480480232 0.4633814388 0.1211525708 0.6090909477 0.8350411852 0.4585681221 0.0235253670
0.2369990225 0.9557091345 0.0549073044 0.0000000000 0.6446849389 0.0294934187 0.4972033508 0.6013281487 0.2674479079 0.1512097043 0.6205451766 0.6730481051 0.3846103962 0.5180685310 0.7883914928 0.5032675861 0.1434941983 0.9221088647 0.8385093338 0.3685969110 0.3298725086 0.9465468238
0.1621812625 0.0335334038 0.0028015252 0.6446849389 0.0000000000 0.5234572472 0.3773693021 0.0427132637 0.8445531743 0.6402129049 0.6144179119 0.7119869239 0.6844121681 0.0658683956 0.9566679381 0.8396960470 0.8807209927 0.5917580236 0.7109422131 0.9390105811 0.6775784048 0.8087341938
0.3969751627 0.4704488983 0.7563019323 0.0294934187 0.5234572472 0.0000000000 0.5622916949 0.0223696364 0.6272502488 0.9379098567 0.1893265106 0.6466367899 0.6165879548 0.4240356468 0.3024380315 0.9618727231 0.5335164878 0.3127833542 0.7914651602 0.4300153244 0.2371956118 0.9185575707
0.6035105410 0.9123013019 0.6647439203 0.4972033508 0.3773693021 0.5622916949 0.0000000000 0.1312735329 0.8807343607 0.0979990948 0.0560595546 0.1868794154 0.3539538619 0.0072439580 0.1566786459 0.0841642772 0.7420122628 0.4216422926 0.9198882712 0.8678906801 0.5891570334 0.7037363376
0.7506289632 0.2428220827 0.4125224435 0.6013281487 0.0427132637 0.0223696364 0.1312735329 0.0000000000 0.7601753432 0.2556431890 0.5320466304 0.7471169045 0.2016327061 0.9144833633 0.7721593945 0.6340141481 0.5451966944 0.3365203130 0.6594861117 0.8628893210 0.5876129275 0.5702641737
0.8732910370 0.4337922555 0.0610749521 0.2674479079 0.8445531743 0.6272502488 0.8807343607 0.7601753432 0.0000000000 0.9366082766 0.5049440355 0.9065652436 0.7765424130 0.4432420119 0.5010038933 0.2430039019 0.8209237320 0.1135532694 0.1940217737 0.8095613087 0.8890083307 0.9120267968
0.3404604564 0.1378222573 0.2666328945 0.1512097043 0.6402129049 0.9379098567 0.0979990948 0.2556431890 0.9366082766 0.0000000000 0.1074847690 0.9330446046 0.4166069584 0.9483980902 0.9262989438 0.2993461344 0.4637458892 0.3881335370 0.6142637846 0.2107145777 0.0295982557 0.9321714072
0.8678548776 0.7420872683 0.8908096167 0.6205451766 0.6144179119 0.1893265106 0.0560595546 0.5320466304 0.5049440355 0.1074847690 0.0000000000 0.6110385028 0.6881806568 0.7048569933 0.5781120764 0.0915404703 0.9560337092 0.4887280569 0.0947727360 0.3420056894 0.8305956922 0.5596371203
0.0003028256 0.3766075710 0.1433327163 0.6730481051 0.7119869239 0.6466367899 0.1868794154 0.7471169045 0.9065652436 0.9330446046 0.6110385028 0.0000000000 0.1429987115 0.4094802970 0.8021421879 0.2819067486 0.2578495967 0.3153003659 0.1466703207 0.7550752052 0.9707551153 0.2881577335
0.8341228364 0.0100404250 0.0080799224 0.3846103962 0.6844121681 0.6165879548 0.3539538619 0.2016327061 0.7765424130 0.4166069584 0.6881806568 0.1429987115 0.0000000000 0.2333161039 0.7681921917 0.1949624622 0.6686371318 0.3035741827 0.1083405246 0.6235730446 0.3646500592 0.3900756573
0.8218400315 0.0456256978 0.8814916706 0.5180685310 0.0658683956 0.4240356468 0.0072439580 0.9144833633 0.4432420119 0.9483980902 0.7048569933 0.4094802970 0.2333161039 0.0000000000 0.7907973932 0.2966933317 0.9959794941 0.7155303160 0.9276624416 0.6827010943 0.1561883431 0.8665416896
0.2072840972 0.2626946240 0.8370957093 0.7883914928 0.9566679381 0.3024380315 0.1566786459 0.7721593945 0.5010038933 0.9262989438 0.5781120764 0.8021421879 0.7681921917 0.7907973932 0.0000000000 0.6324440952 0.5883546046 0.5414342590 0.2723546610 0.5700096809 0.9634495686 0.0482717803
0.2484835293 0.1145430178 0.6480480232 0.5032675861 0.8396960470 0.9618727231 0.0841642772 0.6340141481 0.2430039019 0.2993461344 0.0915404703 0.2819067486 0.1949624622 0.2966933317 0.6324440952 0.0000000000 0.0351970754 0.5044690673 0.1979541250 0.3263123914 0.9567283337 0.4719750814
0.9544051789 0.7586384389 0.4633814388 0.1434941983 0.8807209927 0.5335164878 0.7420122628 0.5451966944 0.8209237320 0.4637458892 0.9560337092 0.2578495967 0.6686371318 0.9959794941 0.5883546046 0.0351970754 0.0000000000 0.8230299326 0.6866517302 0.6842091899 0.0110889653 0.6220729741
0.8147587528 0.7115751450 0.1211525708 0.9221088647 0.5917580236 0.3127833542 0.4216422926 0.3365203130 0.1135532694 0.3881335370 0.4887280569 0.3153003659 0.3035741827 0.7155303160 0.5414342590 0.5044690673 0.8230299326 0.0000000000 0.7132626509 0.2603592926 0.2202720547 0.0338848785
0.2952319454 0.4387900127 0.6090909477 0.8385093338 0.7109422131 0.7914651602 0.9198882712 0.6594861117 0.1940217737 0.6142637846 0.0947727360 0.1466703207 0.1083405246 0.9276624416 0.2723546610 0.1979541250 0.6866517302 0.7132626509 0.0000000000 0.4020915050 0.0024696087 0.2802300420
0.9490749225 0.9350308749 0.8350411852 0.3685969110 0.9390105811 0.4300153244 0.8678906801 0.8628893210 0.8095613087 0.2107145777 0.3420056894 0.7550752052 0.6235730446 0.6827010943 0.5700096809 0.3263123914 0.6842091899 0.2603592926 0.4020915050 0.0000000000 0.3873119496 0.1613843003
0.9333847871 0.9783115345 0.4585681221 0.3298725086 0.6775784048 0.2371956118 0.5891570334 0.5876129275 0.8890083307 0.0295982557 0.8305956922 0.9707551153 0.3646500592 0.1561883431 0.9634495686 0.9567283337 0.0110889653 0.2202720547 0.0024696087 0.3873119496 0.0000000000 0.5591892243
0.3176921426 0.3519565709 0.0235253670 0.9465468238 0.8087341938 0.9185575707 0.7037363376 0.5702641737 0.9120267968 0.9321714072 0.5596371203 0.2881577335 0.3900756573 0.8665416896 0.0482717803 0.4719750814 0.6220729741 0.0338848785 0.2802300420 0.1613843003 0.5591892243 0.0000000000
