# MCW Instance
# Type: UNIFORM
# N: 22
# Optimal cost: 2.3710364528065915
# Optimal tour (permutation): [0, 2, 18, 12, 4, 1, 5, 13, 19, 3, 17, 14, 20, 8, 6, 11, 15, 10, 7, 9, 21, 16, 0]
# Optimal walk (full path): [0, 2, 18, 12, 4, 1, 5, 13, 19, 3, 17, 14, 20, 8, 6, 8, 11, 15, 10, 7, 9, 21, 9, 16, 0]
# Walk size: 25
# Is walk (has repeats): true

# Distance Matrix
0.0000000000 0.8160316592 0.0695886308 0.5385725196 0.2571755903 0.2315975469 0.3607063191 0.8713772757 0.9087924213 0.1898758495 0.6625974628 0.0482196360 0.7591690028 0.6258534734 0.7561649172 0.6685221598 0.0396722069 0.7223006577 0.1455971283 0.8781293000 0.1705658883 0.4064165985
0.8160316592 0.0000000000 0.3067088408 0.3846036491 0.2130186595 0.1381174029 0.1617154095 0.9184764214 0.7893820807 0.6386783501 0.5983426402 0.8482467035 0.7432538189 0.1469191600 0.8912125228 0.3610246645 0.2415052074 0.5098477429 0.9547347756 0.6060665352 0.9823657921 0.9156540151
0.0695886308 0.3067088408 0.0000000000 0.4592731207 0.4650500053 0.6668222358 0.3591724008 0.9761437038 0.1607904658 0.9150024920 0.9934078751 0.4820431449 0.7452002273 0.3648807781 0.3654470979 0.7497917490 0.6176441238 0.7775521760 0.1610528634 0.3798172522 0.6164467545 0.5914905425
0.5385725196 0.3846036491 0.4592731207 0.0000000000 0.4894662350 0.4855929812 0.8991580011 0.5176170655 0.9284178781 0.3362837010 0.7812850561 0.4476706840 0.5190763140 0.5811414314 0.9385507327 0.1602862697 0.6516371884 0.0327323835 0.8943396701 0.0523497799 0.3144848773 0.3698656227
0.2571755903 0.2130186595 0.4650500053 0.4894662350 0.0000000000 0.5118450812 0.3976142856 0.4933335484 0.5361325544 0.2895305213 0.4402244570 0.6014819233 0.0562560369 0.6188733122 0.9677112910 0.6982921750 0.9699864575 0.8049562757 0.8761829721 0.9102302735 0.5920714868 0.5733279317
0.2315975469 0.1381174029 0.6668222358 0.4855929812 0.5118450812 0.0000000000 0.6398515544 0.9072814337 0.8468650941 0.9906513527 0.5276998696 0.5072809375 0.4974307557 0.2120139897 0.8720060367 0.4816770787 0.1915323119 0.2343727780 0.6866083077 0.4184699460 0.8806957619 0.8834593160
0.3607063191 0.1617154095 0.3591724008 0.8991580011 0.3976142856 0.6398515544 0.0000000000 0.4572057998 0.0615456316 0.8335635719 0.5905728816 0.9816558575 0.8903526742 0.1610525446 0.1260390168 0.7251419161 0.8298437216 0.4983655927 0.3477145493 0.2732503430 0.8878320593 0.2476960390
0.8713772757 0.9184764214 0.9761437038 0.5176170655 0.4933335484 0.9072814337 0.4572057998 0.0000000000 0.1957702659 0.1154087413 0.2053892767 0.5755030730 0.6190847148 0.1718019075 0.4756368917 0.1795253134 0.8539338140 0.1887963099 0.9372610548 0.6932388649 0.4922628522 0.3710673603
0.9087924213 0.7893820807 0.1607904658 0.9284178781 0.5361325544 0.8468650941 0.0615456316 0.1957702659 0.0000000000 0.1813065299 0.4792552631 0.0746784359 0.3930383519 0.8232823953 0.4781937155 0.5224004450 0.2379034864 0.6873381226 0.7258510366 0.5827644352 0.1494221738 0.5252461061
0.1898758495 0.6386783501 0.9150024920 0.3362837010 0.2895305213 0.9906513527 0.8335635719 0.1154087413 0.1813065299 0.0000000000 0.1290319562 0.6044676944 0.3498349807 0.4501526215 0.0991913739 0.3816026709 0.0766665225 0.2035358514 0.6830791921 0.5096238219 0.9218438452 0.0935362114
0.6625974628 0.5983426402 0.9934078751 0.7812850561 0.4402244570 0.5276998696 0.5905728816 0.2053892767 0.4792552631 0.1290319562 0.0000000000 0.9008674260 0.6817451290 0.4184738326 0.9438011572 0.1047785709 0.6208670877 0.3137860808 0.6742125695 0.3050228239 0.8899836008 0.9911630258
0.0482196360 0.8482467035 0.4820431449 0.4476706840 0.6014819233 0.5072809375 0.9816558575 0.5755030730 0.0746784359 0.6044676944 0.9008674260 0.0000000000 0.1983416600 0.5748914372 0.6531209608 0.0598420440 0.1672032590 0.8431416923 0.5692122293 0.2177890787 0.7148571575 0.6093491240
0.7591690028 0.7432538189 0.7452002273 0.5190763140 0.0562560369 0.4974307557 0.8903526742 0.6190847148 0.3930383519 0.3498349807 0.6817451290 0.1983416600 0.0000000000 0.3929124229 0.1114069186 0.7686315565 0.3766905937 0.5292107918 0.0651557426 0.6752195557 0.8866616652 0.7427989819
0.6258534734 0.1469191600 0.3648807781 0.5811414314 0.6188733122 0.2120139897 0.1610525446 0.1718019075 0.8232823953 0.4501526215 0.4184738326 0.5748914372 0.3929124229 0.0000000000 0.2348271729 0.8636266384 0.5615206132 0.4585043380 0.9501274909 0.0169232782 0.9127899635 0.6057002497
0.7561649172 0.8912125228 0.3654470979 0.9385507327 0.9677112910 0.8720060367 0.1260390168 0.4756368917 0.4781937155 0.0991913739 0.9438011572 0.6531209608 0.1114069186 0.2348271729 0.0000000000 0.7553895792 0.7569839707 0.0579362776 0.7574559546 0.9316471135 0.1598697497 0.9023875939
0.6685221598 0.3610246645 0.7497917490 0.1602862697 0.6982921750 0.4816770787 0.7251419161 0.1795253134 0.5224004450 0.3816026709 0.1047785709 0.0598420440 0.7686315565 0.8636266384 0.7553895792 0.0000000000 0.3942907755 0.0889689125 0.5142384011 0.9903367811 0.4827485976 0.7548650430
0.0396722069 0.2415052074 0.6176441238 0.6516371884 0.9699864575 0.1915323119 0.8298437216 0.8539338140 0.2379034864 0.0766665225 0.6208670877 0.1672032590 0.3766905937 0.5615206132 0.7569839707 0.3942907755 0.0000000000 0.6111429860 0.5053185445 0.2006100962 0.7527405546 0.5108059106
0.7223006577 0.5098477429 0.7775521760 0.0327323835 0.8049562757 0.2343727780 0.4983655927 0.1887963099 0.6873381226 0.2035358514 0.3137860808 0.8431416923 0.5292107918 0.4585043380 0.0579362776 0.0889689125 0.6111429860 0.0000000000 0.4103366365 0.5634123661 0.5637868232 0.1704319276
0.1455971283 0.9547347756 0.1610528634 0.8943396701 0.8761829721 0.6866083077 0.3477145493 0.9372610548 0.7258510366 0.6830791921 0.6742125695 0.5692122293 0.0651557426 0.9501274909 0.7574559546 0.5142384011 0.5053185445 0.4103366365 0.0000000000 0.2573569351 0.9110461548 0.7963643065
0.8781293000 0.6060665352 0.3798172522 0.0523497799 0.9102302735 0.4184699460 0.2732503430 0.6932388649 0.5827644352 0.5096238219 0.3050228239 0.2177890787 0.6752195557 0.0169232782 0.9316471135 0.9903367811 0.2006100962 0.5634123661 0.2573569351 0.0000000000 0.5368507848 0.7672712165
0.1705658883 0.9823657921 0.6164467545 0.3144848773 0.5920714868 0.8806957619 0.8878320593 0.4922628522 0.1494221738 0.9218438452 0.8899836008 0.7148571575 0.8866616652 0.9127899635 0.1598697497 0.4827485976 0.7527405546 0.5637868232 0.9110461548 0.5368507848 0.0000000000 0.6985534057
0.4064165985 0.9156540151 0.5914905425 0.3698656227 0.5733279317 0.8834593160 0.2476960390 0.3710673603 0.5252461061 0.0935362114 0.9911630258 0.6093491240 0.7427989819 0.6057002497 0.9023875939 0.7548650430 0.5108059106 0.1704319276 0.7963643065 0.7672712165 0.6985534057 0.0000000000
