# Graph size: 22
# Optimal cost: 2.058022985082644

# Distance Matrix
0.0 0.34381004560227846 0.1287826054236204 0.37080872792746455 0.7739486292122628 0.9881796359075721 0.19143189225573198 0.6802438089938815 0.9135085748049487 0.39731775024801796 0.9111692346647784 0.09690213097441636 0.24314945677550226 0.40055642549587345 0.6011442860070378 0.9245190058052186 0.48092228785947255 0.47610894772745604 0.25504821060795557 0.3814352443340684 0.27415468185571745 0.7395458360097245
0.34381004560227846 0.0 0.5233342597076187 0.41609604480814477 0.19204464982468716 0.3937587520153949 0.5543458023236312 0.5004107457645808 0.7163555971015242 0.11871407749568219 0.37518661160128586 0.8367942415483434 0.6945986216687214 0.9896498892448538 0.5740829696826056 0.040688624174260446 0.9476269834064017 0.9039713135167118 0.6641508572080717 0.7675895651289345 0.9823570444162846 0.1699511298067039
0.1287826054236204 0.5233342597076187 0.0 0.6578956422849528 0.9420785436654435 0.05036874679476222 0.8644437806982229 0.06243557775952446 0.2160889363535793 0.1144277644866708 0.8021724645528249 0.7173547403705324 0.03461025243659699 0.6375109295913082 0.47575094981782307 0.6402551600880747 0.21926107166198383 0.4927050049079995 0.12345294663694939 0.3194913605219907 0.29363879719845287 0.7073883056521839
0.37080872792746455 0.41609604480814477 0.6578956422849528 0.0 0.16084342086760162 0.699235432978238 0.8690797040536823 0.20139375284238947 0.5727380630258142 0.43893410241723574 0.285440115392375 0.15639078806288076 0.5035584105336265 0.8973839189511601 0.3587358801886176 0.1625129094019293 0.20700208782820706 0.6910641755091544 0.525953788218513 0.8282962092586883 0.7200484574662426 0.6070316162722044
0.7739486292122628 0.19204464982468716 0.9420785436654435 0.16084342086760162 0.0 0.897075246816788 0.11128399454188298 0.11167249754136321 0.11259510542736584 0.7253290408520051 0.2291911580802668 0.9232402708410774 0.697151992900183 0.5889166457458651 0.645311011449964 0.4654120121210116 0.8059827907384849 0.14093002034614366 0.28688672429277917 0.9654792358256361 0.18146377189180474 0.6289083849844701
0.9881796359075721 0.3937587520153949 0.05036874679476222 0.699235432978238 0.897075246816788 0.0 0.8514582855698557 0.16941491729142855 0.01407245418821057 0.5114570709001168 0.7837349468398637 0.8945165089019704 0.42372359976187535 0.40657830410433704 0.26433230736090807 0.20137377589418537 0.44138870844829003 0.294839761318757 0.34175242148011575 0.30799447743062547 0.8416149910483065 0.3702340387119516
0.19143189225573198 0.5543458023236312 0.8644437806982229 0.8690797040536823 0.11128399454188298 0.8514582855698557 0.0 0.1602736712258691 0.10427283351465744 0.8884747962039324 0.18255818317623396 0.08895739306858264 0.14158712152557662 0.30063960332956796 0.7473693860060594 0.44076575810676977 0.2701642932402062 0.5156876045843367 0.11304886310699003 0.38582634854668263 0.6759512388898758 0.639417332801185
0.6802438089938815 0.5004107457645808 0.06243557775952446 0.20139375284238947 0.11167249754136321 0.16941491729142855 0.1602736712258691 0.0 0.4692336158958853 0.6091658742012136 0.9290836679315563 0.30285428280390714 0.2568511148318602 0.24077651785944054 0.7976451526381069 0.01780120270253094 0.897219324182654 0.5946656795637008 0.003260779742048747 0.5211970704674018 0.6961507331362197 0.293580589436094
0.9135085748049487 0.7163555971015242 0.2160889363535793 0.5727380630258142 0.11259510542736584 0.01407245418821057 0.10427283351465744 0.4692336158958853 0.0 0.799170840403625 0.02921360175574117 0.1987256052240285 0.4273867308029493 0.23678219058319905 0.28393241127574687 0.7713765499342956 0.4956196674733515 0.2532958439863613 0.7686098225562562 0.47015237155205436 0.018517442648619986 0.26086161091949933
0.39731775024801796 0.11871407749568219 0.1144277644866708 0.43893410241723574 0.7253290408520051 0.5114570709001168 0.8884747962039324 0.6091658742012136 0.799170840403625 0.0 0.49195057960615307 0.31750668758126166 0.8658809788230334 0.7468112778187778 0.2974754049227576 0.9546824414020352 0.5493980600082095 0.5048745250763101 0.7409821405724252 0.26274054365731403 0.9516063790751179 0.5088820496365927
0.9111692346647784 0.37518661160128586 0.8021724645528249 0.285440115392375 0.2291911580802668 0.7837349468398637 0.18255818317623396 0.9290836679315563 0.02921360175574117 0.49195057960615307 0.0 0.1972632713989062 0.952507392986279 0.22345935669165018 0.1133131706618482 0.006657612600132867 0.3121924855685756 0.8724980687803766 0.2191457084894104 0.1526773163768388 0.27115356060098217 0.38492173438076893
0.09690213097441636 0.8367942415483434 0.7173547403705324 0.15639078806288076 0.9232402708410774 0.8945165089019704 0.08895739306858264 0.30285428280390714 0.1987256052240285 0.31750668758126166 0.1972632713989062 0.0 0.2788182220458233 0.17386616883479578 0.6892641907092829 0.07738757685420117 0.5307159664226505 0.7562081007587061 0.3135642533565792 0.258160862704237 0.6514432931439905 0.726820200903166
0.24314945677550226 0.6945986216687214 0.03461025243659699 0.5035584105336265 0.697151992900183 0.42372359976187535 0.14158712152557662 0.2568511148318602 0.4273867308029493 0.8658809788230334 0.952507392986279 0.2788182220458233 0.0 0.157351021934234 0.19227442955638585 0.09324733131765128 0.9753275296930463 0.15159475788433519 0.8116459453992956 0.7343086765063965 0.1662315291916978 0.7945394858446593
0.40055642549587345 0.9896498892448538 0.6375109295913082 0.8973839189511601 0.5889166457458651 0.40657830410433704 0.30063960332956796 0.24077651785944054 0.23678219058319905 0.7468112778187778 0.22345935669165018 0.17386616883479578 0.157351021934234 0.0 0.5886407930564682 0.11121702388121268 0.9737482621598238 0.18257607914964413 0.5003570290923716 0.42580057551961525 0.9700056584791937 0.24395143930797802
0.6011442860070378 0.5740829696826056 0.47575094981782307 0.3587358801886176 0.645311011449964 0.26433230736090807 0.7473693860060594 0.7976451526381069 0.28393241127574687 0.2974754049227576 0.1133131706618482 0.6892641907092829 0.19227442955638585 0.5886407930564682 0.0 0.5509480385928126 0.722580400204617 0.22815446917060622 0.2166038093614534 0.8905877004501893 0.11847171772953147 0.1638604665847443
0.9245190058052186 0.040688624174260446 0.6402551600880747 0.1625129094019293 0.4654120121210116 0.20137377589418537 0.44076575810676977 0.01780120270253094 0.7713765499342956 0.9546824414020352 0.006657612600132867 0.07738757685420117 0.09324733131765128 0.11121702388121268 0.5509480385928126 0.0 0.41239154782221754 0.17222188331348964 0.7329561348397794 0.13180996502919307 0.09220823557046975 0.4210390741434321
0.48092228785947255 0.9476269834064017 0.21926107166198383 0.20700208782820706 0.8059827907384849 0.44138870844829003 0.2701642932402062 0.897219324182654 0.4956196674733515 0.5493980600082095 0.3121924855685756 0.5307159664226505 0.9753275296930463 0.9737482621598238 0.722580400204617 0.41239154782221754 0.0 0.014800239394317849 0.8182753746906635 0.839954383851876 0.35663206325771635 0.49049755717591803
0.47610894772745604 0.9039713135167118 0.4927050049079995 0.6910641755091544 0.14093002034614366 0.294839761318757 0.5156876045843367 0.5946656795637008 0.2532958439863613 0.5048745250763101 0.8724980687803766 0.7562081007587061 0.15159475788433519 0.18257607914964413 0.22815446917060622 0.17222188331348964 0.014800239394317849 0.0 0.5264499931430401 0.16806227711124577 0.8041117079472002 0.5699624536026813
0.25504821060795557 0.6641508572080717 0.12345294663694939 0.525953788218513 0.28688672429277917 0.34175242148011575 0.11304886310699003 0.003260779742048747 0.7686098225562562 0.7409821405724252 0.2191457084894104 0.3135642533565792 0.8116459453992956 0.5003570290923716 0.2166038093614534 0.7329561348397794 0.8182753746906635 0.5264499931430401 0.0 0.038177409353278846 0.21324696094084905 0.557972856289782
0.3814352443340684 0.7675895651289345 0.3194913605219907 0.8282962092586883 0.9654792358256361 0.30799447743062547 0.38582634854668263 0.5211970704674018 0.47015237155205436 0.26274054365731403 0.1526773163768388 0.258160862704237 0.7343086765063965 0.42580057551961525 0.8905877004501893 0.13180996502919307 0.839954383851876 0.16806227711124577 0.038177409353278846 0.0 0.9366061054917555 0.8538629665022767
0.27415468185571745 0.9823570444162846 0.29363879719845287 0.7200484574662426 0.18146377189180474 0.8416149910483065 0.6759512388898758 0.6961507331362197 0.018517442648619986 0.9516063790751179 0.27115356060098217 0.6514432931439905 0.1662315291916978 0.9700056584791937 0.11847171772953147 0.09220823557046975 0.35663206325771635 0.8041117079472002 0.21324696094084905 0.9366061054917555 0.0 0.28838304310583385
0.7395458360097245 0.1699511298067039 0.7073883056521839 0.6070316162722044 0.6289083849844701 0.3702340387119516 0.639417332801185 0.293580589436094 0.26086161091949933 0.5088820496365927 0.38492173438076893 0.726820200903166 0.7945394858446593 0.24395143930797802 0.1638604665847443 0.4210390741434321 0.49049755717591803 0.5699624536026813 0.557972856289782 0.8538629665022767 0.28838304310583385 0.0

# Optimal Walk
0 12 2 9 1 21 14 20 8 5 10 7 18 19 15 13 17 16 3 4 6 11 0
