# MCW Instance
# Type: UNIFORM
# N: 22
# Optimal cost: 1.4934256005490048
# Optimal tour (permutation): [0, 21, 11, 12, 20, 18, 14, 8, 3, 15, 7, 5, 4, 1, 9, 10, 6, 17, 16, 19, 13, 2, 0]
# Optimal walk (full path): [0, 2, 21, 11, 12, 20, 18, 3, 14, 8, 14, 3, 15, 7, 15, 1, 5, 1, 4, 1, 10, 9, 10, 6, 17, 16, 17, 6, 19, 2, 13, 2, 0]
# Walk size: 33
# Is walk (has repeats): true

# Distance Matrix
0.0000000000 0.6600246410 0.0033064047 0.9958120745 0.7775007615 0.9374590040 0.4034610164 0.5925499189 0.4780046349 0.4890477047 0.2953463912 0.5053096403 0.9706295694 0.3208928183 0.0609574224 0.0494498280 0.5508171426 0.8211595717 0.9424186813 0.3074838467 0.7375263596 0.4171885771
0.6600246410 0.0000000000 0.9340033151 0.5467480650 0.0463107391 0.0133098912 0.2440150909 0.3228161612 0.2759994403 0.1837544799 0.0912128948 0.1380748927 0.3007123625 0.0804103245 0.5623704335 0.0258532654 0.4614780749 0.2817720746 0.7507282692 0.7127233955 0.7855120024 0.3572847986
0.0033064047 0.9340033151 0.0000000000 0.4195095129 0.0750679872 0.4262524541 0.7503837450 0.9903340028 0.4507362451 0.9135397695 0.6938836767 0.7432807180 0.9925858583 0.0308643399 0.2629728565 0.7335113898 0.6579362167 0.3953968770 0.3439185359 0.0787828108 0.6164336948 0.1065549114
0.9958120745 0.5467480650 0.4195095129 0.0000000000 0.2506920663 0.9528392768 0.8285569065 0.1501469244 0.9570734391 0.8315908804 0.2979664188 0.5976760926 0.4283966939 0.2821468783 0.0331296102 0.0241736248 0.3349491889 0.8591880748 0.0671283026 0.9829712750 0.5081389782 0.4788257311
0.7775007615 0.0463107391 0.0750679872 0.2506920663 0.0000000000 0.9792830752 0.8221113733 0.8608967578 0.9770089571 0.2382049965 0.6046321683 0.1353796475 0.4277062527 0.3431118097 0.4037547306 0.7638961656 0.1955010624 0.1787224084 0.7840375962 0.3330731137 0.6279056248 0.2187696996
0.9374590040 0.0133098912 0.4262524541 0.9528392768 0.9792830752 0.0000000000 0.8508532266 0.6266368114 0.7546106406 0.2141489977 0.8530808137 0.9887822765 0.3540532057 0.7839449207 0.9576976257 0.7979560611 0.2720990959 0.8910573515 0.4799913043 0.1699795702 0.9332994402 0.5288723537
0.4034610164 0.2440150909 0.7503837450 0.8285569065 0.8221113733 0.8508532266 0.0000000000 0.5494039315 0.6197916137 0.5720962209 0.0714016270 0.9185576422 0.3026900817 0.8295148637 0.6465399752 0.3818014892 0.6288046169 0.0102963697 0.5805668692 0.0596572189 0.4986334244 0.4760852237
0.5925499189 0.3228161612 0.9903340028 0.1501469244 0.8608967578 0.6266368114 0.5494039315 0.0000000000 0.4317452874 0.6268312914 0.1428291686 0.3622040617 0.3818466033 0.4139996824 0.5660202051 0.0487090686 0.7866580621 0.1973606292 0.8923049746 0.5908352308 0.5000048211 0.4049896870
0.4780046349 0.2759994403 0.4507362451 0.9570734391 0.9770089571 0.7546106406 0.6197916137 0.4317452874 0.0000000000 0.4891595960 0.6196040267 0.1805457793 0.4153207993 0.6068489079 0.0602800805 0.1665788882 0.6006157631 0.4120342890 0.3845280317 0.6613178368 0.7770736431 0.7171221897
0.4890477047 0.1837544799 0.9135397695 0.8315908804 0.2382049965 0.2141489977 0.5720962209 0.6268312914 0.4891595960 0.0000000000 0.0115341384 0.9095791703 0.7632711670 0.4109988601 0.9040217220 0.7665448281 0.8199132471 0.5821491688 0.3670036157 0.5602420623 0.8464131403 0.5917578591
0.2953463912 0.0912128948 0.6938836767 0.2979664188 0.6046321683 0.8530808137 0.0714016270 0.1428291686 0.6196040267 0.0115341384 0.0000000000 0.5502782783 0.4316092552 0.3436093510 0.9022439492 0.1800913269 0.3994923755 0.3169668777 0.2957802091 0.6010470106 0.2426438189 0.4908983804
0.5053096403 0.1380748927 0.7432807180 0.5976760926 0.1353796475 0.9887822765 0.9185576422 0.3622040617 0.1805457793 0.9095791703 0.5502782783 0.0000000000 0.2277012527 0.2962694620 0.9167715642 0.4323803126 0.4513055253 0.6719767702 0.6319135090 0.4408285245 0.7234076389 0.0420452826
0.9706295694 0.3007123625 0.9925858583 0.4283966939 0.4277062527 0.3540532057 0.3026900817 0.3818466033 0.4153207993 0.7632711670 0.4316092552 0.2277012527 0.0000000000 0.9038878450 0.3512359529 0.3540993622 0.4288056853 0.8632977963 0.7188650531 0.5995294041 0.0082263061 0.8565444880
0.3208928183 0.0804103245 0.0308643399 0.2821468783 0.3431118097 0.7839449207 0.8295148637 0.4139996824 0.6068489079 0.4109988601 0.3436093510 0.2962694620 0.9038878450 0.0000000000 0.2063262114 0.4131128403 0.7708032593 0.9055292735 0.3776621636 0.8684334961 0.2438909995 0.9062027435
0.0609574224 0.5623704335 0.2629728565 0.0331296102 0.4037547306 0.9576976257 0.6465399752 0.5660202051 0.0602800805 0.9040217220 0.9022439492 0.9167715642 0.3512359529 0.2063262114 0.0000000000 0.5190983946 0.6462036706 0.9268711577 0.5408446972 0.5524075323 0.3379973117 0.4274711977
0.0494498280 0.0258532654 0.7335113898 0.0241736248 0.7638961656 0.7979560611 0.3818014892 0.0487090686 0.1665788882 0.7665448281 0.1800913269 0.4323803126 0.3540993622 0.4131128403 0.5190983946 0.0000000000 0.7549353337 0.5843754467 0.9610741843 0.1557089691 0.3067051433 0.1446458826
0.5508171426 0.4614780749 0.6579362167 0.3349491889 0.1955010624 0.2720990959 0.6288046169 0.7866580621 0.6006157631 0.8199132471 0.3994923755 0.4513055253 0.4288056853 0.7708032593 0.6462036706 0.7549353337 0.0000000000 0.0014642446 0.8313527791 0.3359270237 0.7042588577 0.5065830649
0.8211595717 0.2817720746 0.3953968770 0.8591880748 0.1787224084 0.8910573515 0.0102963697 0.1973606292 0.4120342890 0.5821491688 0.3169668777 0.6719767702 0.8632977963 0.9055292735 0.9268711577 0.5843754467 0.0014642446 0.0000000000 0.9914511839 0.1182409972 0.6384879298 0.2340006029
0.9424186813 0.7507282692 0.3439185359 0.0671283026 0.7840375962 0.4799913043 0.5805668692 0.8923049746 0.3845280317 0.3670036157 0.2957802091 0.6319135090 0.7188650531 0.3776621636 0.5408446972 0.9610741843 0.8313527791 0.9914511839 0.0000000000 0.1464004359 0.1722783297 0.4001200314
0.3074838467 0.7127233955 0.0787828108 0.9829712750 0.3330731137 0.1699795702 0.0596572189 0.5908352308 0.6613178368 0.5602420623 0.6010470106 0.4408285245 0.5995294041 0.8684334961 0.5524075323 0.1557089691 0.3359270237 0.1182409972 0.1464004359 0.0000000000 0.6295869052 0.2261815212
0.7375263596 0.7855120024 0.6164336948 0.5081389782 0.6279056248 0.9332994402 0.4986334244 0.5000048211 0.7770736431 0.8464131403 0.2426438189 0.7234076389 0.0082263061 0.2438909995 0.3379973117 0.3067051433 0.7042588577 0.6384879298 0.1722783297 0.6295869052 0.0000000000 0.6690784391
0.4171885771 0.3572847986 0.1065549114 0.4788257311 0.2187696996 0.5288723537 0.4760852237 0.4049896870 0.7171221897 0.5917578591 0.4908983804 0.0420452826 0.8565444880 0.9062027435 0.4274711977 0.1446458826 0.5065830649 0.2340006029 0.4001200314 0.2261815212 0.6690784391 0.0000000000
