# MCW Instance
# Type: UNIFORM
# N: 22
# Optimal cost: 1.4457937942547534
# Optimal tour (permutation): [0, 9, 3, 15, 10, 6, 2, 1, 19, 5, 12, 21, 8, 20, 14, 13, 16, 11, 18, 17, 7, 4, 0]
# Optimal walk (full path): [0, 9, 3, 9, 15, 10, 15, 6, 2, 1, 2, 19, 5, 12, 21, 8, 20, 14, 20, 13, 16, 11, 17, 18, 17, 7, 4, 0]
# Walk size: 28
# Is walk (has repeats): true

# Distance Matrix
0.0000000000 0.4290102351 0.2269640310 0.6144379072 0.0548234795 0.6165065629 0.1135235025 0.9385374520 0.8402425311 0.0707807485 0.7404837840 0.3111423420 0.9746011334 0.5654815750 0.5944714866 0.6323971080 0.5351401285 0.8343559641 0.7044584627 0.6427297318 0.4292348557 0.7535101813
0.4290102351 0.0000000000 0.0555153504 0.7635340842 0.5002191043 0.5499325177 0.9890085793 0.8098317928 0.4591455322 0.1303017563 0.1649551247 0.8530206797 0.7968097125 0.8125830064 0.9522879880 0.4659178978 0.5110292541 0.7126385066 0.4340747225 0.8176574435 0.6960838385 0.7890576979
0.2269640310 0.0555153504 0.0000000000 0.5672702769 0.6026035094 0.7843852841 0.0816375864 0.4203746340 0.5852926320 0.5048616498 0.9924208256 0.8274044951 0.6225192755 0.4282028762 0.5529255807 0.2428775509 0.3840304853 0.3060299161 0.4971776078 0.0600469927 0.6348977957 0.2792129250
0.6144379072 0.7635340842 0.5672702769 0.0000000000 0.6173820215 0.1634127730 0.8654851147 0.4299786630 0.3175481631 0.0265752512 0.2590336242 0.0831108793 0.5001079588 0.2377860831 0.4722359339 0.7234618635 0.9215447068 0.9380900855 0.4707732408 0.3901570068 0.9352756934 0.2907409497
0.0548234795 0.5002191043 0.6026035094 0.6173820215 0.0000000000 0.7096411377 0.9322888416 0.1035082668 0.7656126251 0.2771909505 0.5665604379 0.5045165030 0.7186176329 0.2321651373 0.7642525734 0.6877609989 0.4736819861 0.2546070946 0.6130531414 0.1365017937 0.8736161497 0.9043766268
0.6165065629 0.5499325177 0.7843852841 0.1634127730 0.7096411377 0.0000000000 0.4487008239 0.7860305399 0.0562601369 0.2351049111 0.7320599869 0.6153746038 0.0335696664 0.2467731545 0.8591567742 0.5813026517 0.5038502674 0.6767019604 0.8348714532 0.1956873898 0.2111341611 0.9265886706
0.1135235025 0.9890085793 0.0816375864 0.8654851147 0.9322888416 0.4487008239 0.0000000000 0.5153952483 0.8607582136 0.0807346025 0.5023328035 0.4302247747 0.6715024063 0.3063010985 0.2037402016 0.0313805174 0.7704509866 0.5412381421 0.4427987952 0.5857002409 0.4973108676 0.3561388909
0.9385374520 0.8098317928 0.4203746340 0.4299786630 0.1035082668 0.7860305399 0.5153952483 0.0000000000 0.4920699961 0.8254724666 0.5143824101 0.1639246501 0.1688415409 0.9033385825 0.8084274199 0.8856697901 0.4460392253 0.1593069328 0.9706295629 0.7326309026 0.7474960622 0.7008858096
0.8402425311 0.4591455322 0.5852926320 0.3175481631 0.7656126251 0.0562601369 0.8607582136 0.4920699961 0.0000000000 0.4385156432 0.6137881274 0.2330297245 0.8217565280 0.4471825268 0.8432455265 0.2078799919 0.8400717837 0.2819014452 0.0181264191 0.9014097912 0.0243784950 0.0501476344
0.0707807485 0.1303017563 0.5048616498 0.0265752512 0.2771909505 0.2351049111 0.0807346025 0.8254724666 0.4385156432 0.0000000000 0.1651388934 0.2515751473 0.8933286612 0.5983301205 0.5127754104 0.0045204304 0.3247553803 0.3869725795 0.5361499604 0.3927574977 0.5903555993 0.1078235711
0.7404837840 0.1649551247 0.9924208256 0.2590336242 0.5665604379 0.7320599869 0.5023328035 0.5143824101 0.6137881274 0.1651388934 0.0000000000 0.2427644641 0.8907382632 0.6441352132 0.5773497895 0.0200365893 0.0632320912 0.7359358403 0.9732939168 0.7492083005 0.3197713024 0.6957772216
0.3111423420 0.8530206797 0.8274044951 0.0831108793 0.5045165030 0.6153746038 0.4302247747 0.1639246501 0.2330297245 0.2515751473 0.2427644641 0.0000000000 0.7944541794 0.3052954810 0.4675287691 0.0404125885 0.0185696095 0.0090265754 0.3153440437 0.3904092439 0.8091718286 0.0742579531
0.9746011334 0.7968097125 0.6225192755 0.5001079588 0.7186176329 0.0335696664 0.6715024063 0.1688415409 0.8217565280 0.8933286612 0.8907382632 0.7944541794 0.0000000000 0.2232154962 0.5542296526 0.7794904248 0.6031426089 0.4144277254 0.0352033532 0.2599754241 0.2213678973 0.0715848869
0.5654815750 0.8125830064 0.4282028762 0.2377860831 0.2321651373 0.2467731545 0.3063010985 0.9033385825 0.4471825268 0.5983301205 0.6441352132 0.3052954810 0.2232154962 0.0000000000 0.6479434555 0.2357275992 0.0170670592 0.7231724044 0.3926757398 0.6211029899 0.0495480776 0.1938707641
0.5944714866 0.9522879880 0.5529255807 0.4722359339 0.7642525734 0.8591567742 0.2037402016 0.8084274199 0.8432455265 0.5127754104 0.5773497895 0.4675287691 0.5542296526 0.6479434555 0.0000000000 0.7291124355 0.3209853443 0.3277733087 0.4396969807 0.9159170789 0.0916962293 0.8235610536
0.6323971080 0.4659178978 0.2428775509 0.7234618635 0.6877609989 0.5813026517 0.0313805174 0.8856697901 0.2078799919 0.0045204304 0.0200365893 0.0404125885 0.7794904248 0.2357275992 0.7291124355 0.0000000000 0.9181506219 0.1374700611 0.5592397326 0.7807706605 0.7538931678 0.7265598978
0.5351401285 0.5110292541 0.3840304853 0.9215447068 0.4736819861 0.5038502674 0.7704509866 0.4460392253 0.8400717837 0.3247553803 0.0632320912 0.0185696095 0.6031426089 0.0170670592 0.3209853443 0.9181506219 0.0000000000 0.8785543225 0.3092710026 0.8520904627 0.9097878493 0.4246718178
0.8343559641 0.7126385066 0.3060299161 0.9380900855 0.2546070946 0.6767019604 0.5412381421 0.1593069328 0.2819014452 0.3869725795 0.7359358403 0.0090265754 0.4144277254 0.7231724044 0.3277733087 0.1374700611 0.8785543225 0.0000000000 0.0112813026 0.2844002481 0.1518888359 0.5951599165
0.7044584627 0.4340747225 0.4971776078 0.4707732408 0.6130531414 0.8348714532 0.4427987952 0.9706295629 0.0181264191 0.5361499604 0.9732939168 0.3153440437 0.0352033532 0.3926757398 0.4396969807 0.5592397326 0.3092710026 0.0112813026 0.0000000000 0.1777127168 0.7266880522 0.3558346607
0.6427297318 0.8176574435 0.0600469927 0.3901570068 0.1365017937 0.1956873898 0.5857002409 0.7326309026 0.9014097912 0.3927574977 0.7492083005 0.3904092439 0.2599754241 0.6211029899 0.9159170789 0.7807706605 0.8520904627 0.2844002481 0.1777127168 0.0000000000 0.2729504268 0.9134277259
0.4292348557 0.6960838385 0.6348977957 0.9352756934 0.8736161497 0.2111341611 0.4973108676 0.7474960622 0.0243784950 0.5903555993 0.3197713024 0.8091718286 0.2213678973 0.0495480776 0.0916962293 0.7538931678 0.9097878493 0.1518888359 0.7266880522 0.2729504268 0.0000000000 0.4629059800
0.7535101813 0.7890576979 0.2792129250 0.2907409497 0.9043766268 0.9265886706 0.3561388909 0.7008858096 0.0501476344 0.1078235711 0.6957772216 0.0742579531 0.0715848869 0.1938707641 0.8235610536 0.7265598978 0.4246718178 0.5951599165 0.3558346607 0.9134277259 0.4629059800 0.0000000000
