# Graph size: 22
# Optimal cost: 1.3954739133476246

# Distance Matrix
0.0 0.2608679006312491 0.7774419631334809 0.8196883907952256 0.46903116842302295 0.7552078918254225 0.7231633808918723 0.8054691448068703 0.5204995227644871 0.46950862329076937 0.21471581937442286 0.3510432559599034 0.5569722091492254 0.8258612444180695 0.48597736461180596 0.8676990942470104 0.8773740740305419 0.8068436284677923 0.09891329080720546 0.35923919089028167 0.05574900165290597 0.17123276607126314
0.2608679006312491 0.0 0.5044586043251469 0.36160457596264606 0.7269888931869808 0.6091864530823886 0.2891850092796362 0.4977644804625698 0.056042797863942395 0.37232514423447705 0.031122576987812733 0.4298851940646722 0.9550901788150415 0.22762166984449472 0.10314540056531463 0.0698921674892008 0.9188255439878646 0.6787325660628218 0.20862014685191665 0.26989115664163177 0.6849166175116533 0.27438183802956884
0.7774419631334809 0.5044586043251469 0.0 0.9115544156942279 0.8555167730270675 0.794861665470672 0.48063419712362543 0.9322721897886855 0.7881269382859544 0.5298858766004567 0.0323714846788703 0.5196814447160882 0.44586431270765814 0.627180879272499 0.8990126978608504 0.7824892548732629 0.49895697846051157 0.6437053277611211 4.942473061140262E-4 0.46425751464149956 0.6212322514669308 0.8279285496337642
0.8196883907952256 0.36160457596264606 0.9115544156942279 0.0 0.5917540970262593 0.28098289583034985 0.3276689647106288 0.8843135717772986 0.7974395811384387 0.604922204856878 0.5569154020281322 0.07099964530672886 0.12328537481384916 0.974674742420805 0.22805132633558967 0.6580585187649852 0.8965851098193737 0.639071359406471 0.8924741934485612 0.891862762282034 0.4954056800256914 0.10120944517925845
0.46903116842302295 0.7269888931869808 0.8555167730270675 0.5917540970262593 0.0 0.7746413592427023 0.26051870584033754 0.9146710449534871 0.4190120219868202 0.9495014268421911 0.03598020292791693 0.6869678394795032 0.8399780776729213 0.1397996762753887 0.7803739269636807 0.42690262676053015 0.20033065069527167 0.6330437732257991 0.7472306277257418 0.3000661063378315 0.40255782421784114 0.11576787312494496
0.7552078918254225 0.6091864530823886 0.794861665470672 0.28098289583034985 0.7746413592427023 0.0 0.8827312534217291 0.5311373464948852 0.20038109053193998 0.8018344360743183 0.4377402481678021 0.6603865746011731 0.4664746638826547 0.09186514137033497 0.038313138082943676 0.6338125527208461 0.09579823403686194 0.14249297276274375 0.43052911425393325 0.9693763331047847 0.7061947520562192 0.14698039838070043
0.7231633808918723 0.2891850092796362 0.48063419712362543 0.3276689647106288 0.26051870584033754 0.8827312534217291 0.0 0.014913391315404811 0.18027034366056938 0.33794397472161697 0.8328486602274028 0.7163785024057956 0.3558879278225371 0.4252513817725264 0.6675160754068844 0.6975274609318025 0.3021354296616101 0.4151915252381796 0.529543764102369 0.9163257411685286 0.924954885442601 0.5434132484210228
0.8054691448068703 0.4977644804625698 0.9322721897886855 0.8843135717772986 0.9146710449534871 0.5311373464948852 0.014913391315404811 0.0 0.15093972381471565 0.5535634522514369 0.6044026221317242 0.4409542504588648 0.4650727166842229 0.8911927710912816 0.15135506818399624 0.4428004306491625 0.10509997566712359 0.3095398512572517 0.5648899831651362 0.6963654971920662 0.6894136002338388 0.6895546643976104
0.5204995227644871 0.056042797863942395 0.7881269382859544 0.7974395811384387 0.4190120219868202 0.20038109053193998 0.18027034366056938 0.15093972381471565 0.0 0.21561776928098286 0.42685460829744015 0.20346257902357612 0.6556762155744399 0.2687139718329886 0.006515518553582456 0.7414082464422073 0.7755542294738927 0.13013093912471663 0.7960692670720567 0.10642354335281135 0.04478338484451205 0.4504427778243677
0.46950862329076937 0.37232514423447705 0.5298858766004567 0.604922204856878 0.9495014268421911 0.8018344360743183 0.33794397472161697 0.5535634522514369 0.21561776928098286 0.0 0.07915175865139357 0.2850470430951675 0.7279691567547504 0.753004727160628 0.7943865970599817 0.6088548248547097 0.9018591995498839 0.0665841709600371 0.18474873716471574 0.4958147662146386 0.8519378682865334 0.03734766247572452
0.21471581937442286 0.031122576987812733 0.0323714846788703 0.5569154020281322 0.03598020292791693 0.4377402481678021 0.8328486602274028 0.6044026221317242 0.42685460829744015 0.07915175865139357 0.0 0.9301670508584011 0.024039222008829353 0.8107958402786194 0.8710640945181799 0.806853911233905 0.2322537447780637 0.3947502071728899 0.11361168052601345 0.4256378884437031 0.9641509616773171 0.49460551409186326
0.3510432559599034 0.4298851940646722 0.5196814447160882 0.07099964530672886 0.6869678394795032 0.6603865746011731 0.7163785024057956 0.4409542504588648 0.20346257902357612 0.2850470430951675 0.9301670508584011 0.0 0.7163520850251195 0.14161558287868325 0.27790057943610613 0.30710934525031164 0.05266216247605593 0.7987270843339258 0.9274375955478502 0.655570369015602 0.5528901264299306 0.575399162306032
0.5569722091492254 0.9550901788150415 0.44586431270765814 0.12328537481384916 0.8399780776729213 0.4664746638826547 0.3558879278225371 0.4650727166842229 0.6556762155744399 0.7279691567547504 0.024039222008829353 0.7163520850251195 0.0 0.18875261057160297 0.7412713208691636 0.40722947027233003 0.8311886484983366 0.3522599778169684 0.9917228045257429 0.34948083505139715 0.5193982204036789 0.5314203347680746
0.8258612444180695 0.22762166984449472 0.627180879272499 0.974674742420805 0.1397996762753887 0.09186514137033497 0.4252513817725264 0.8911927710912816 0.2687139718329886 0.753004727160628 0.8107958402786194 0.14161558287868325 0.18875261057160297 0.0 0.7274679667298971 0.8793979725590585 0.42692565461167853 0.04814641328602576 0.956062796655628 0.40729138205054927 0.2301461713939411 0.547122255603438
0.48597736461180596 0.10314540056531463 0.8990126978608504 0.22805132633558967 0.7803739269636807 0.038313138082943676 0.6675160754068844 0.15135506818399624 0.006515518553582456 0.7943865970599817 0.8710640945181799 0.27790057943610613 0.7412713208691636 0.7274679667298971 0.0 0.7200199004202746 0.7117888731948279 0.1144174815921718 0.1640172028777399 0.07491829383626392 0.7901294446980106 0.49483535421998004
0.8676990942470104 0.0698921674892008 0.7824892548732629 0.6580585187649852 0.42690262676053015 0.6338125527208461 0.6975274609318025 0.4428004306491625 0.7414082464422073 0.6088548248547097 0.806853911233905 0.30710934525031164 0.40722947027233003 0.8793979725590585 0.7200199004202746 0.0 0.5266783007819955 0.9545458814956918 0.6500933068652308 0.19715707773306812 0.10373574280079456 0.8918547731071628
0.8773740740305419 0.9188255439878646 0.49895697846051157 0.8965851098193737 0.20033065069527167 0.09579823403686194 0.3021354296616101 0.10509997566712359 0.7755542294738927 0.9018591995498839 0.2322537447780637 0.05266216247605593 0.8311886484983366 0.42692565461167853 0.7117888731948279 0.5266783007819955 0.0 0.8436473175179058 0.3103492120782001 0.43165771782564466 0.8076743509316535 0.5746116931748927
0.8068436284677923 0.6787325660628218 0.6437053277611211 0.639071359406471 0.6330437732257991 0.14249297276274375 0.4151915252381796 0.3095398512572517 0.13013093912471663 0.0665841709600371 0.3947502071728899 0.7987270843339258 0.3522599778169684 0.04814641328602576 0.1144174815921718 0.9545458814956918 0.8436473175179058 0.0 0.8060047757185844 0.04914268004195166 0.8535404821946522 0.026130571435105
0.09891329080720546 0.20862014685191665 4.942473061140262E-4 0.8924741934485612 0.7472306277257418 0.43052911425393325 0.529543764102369 0.5648899831651362 0.7960692670720567 0.18474873716471574 0.11361168052601345 0.9274375955478502 0.9917228045257429 0.956062796655628 0.1640172028777399 0.6500933068652308 0.3103492120782001 0.8060047757185844 0.0 0.9349143908229081 0.5468384222529845 0.600663777165457
0.35923919089028167 0.26989115664163177 0.46425751464149956 0.891862762282034 0.3000661063378315 0.9693763331047847 0.9163257411685286 0.6963654971920662 0.10642354335281135 0.4958147662146386 0.4256378884437031 0.655570369015602 0.34948083505139715 0.40729138205054927 0.07491829383626392 0.19715707773306812 0.43165771782564466 0.04914268004195166 0.9349143908229081 0.0 0.1484555231414707 0.35736499682523803
0.05574900165290597 0.6849166175116533 0.6212322514669308 0.4954056800256914 0.40255782421784114 0.7061947520562192 0.924954885442601 0.6894136002338388 0.04478338484451205 0.8519378682865334 0.9641509616773171 0.5528901264299306 0.5193982204036789 0.2301461713939411 0.7901294446980106 0.10373574280079456 0.8076743509316535 0.8535404821946522 0.5468384222529845 0.1484555231414707 0.0 7.291984567457943E-4
0.17123276607126314 0.27438183802956884 0.8279285496337642 0.10120944517925845 0.11576787312494496 0.14698039838070043 0.5434132484210228 0.6895546643976104 0.4504427778243677 0.03734766247572452 0.49460551409186326 0.575399162306032 0.5314203347680746 0.547122255603438 0.49483535421998004 0.8918547731071628 0.5746116931748927 0.026130571435105 0.600663777165457 0.35736499682523803 7.291984567457943E-4 0.0

# Optimal Walk
0 20 15 1 10 4 18 2 12 3 11 16 7 6 8 14 5 13 19 17 21 9 0
