# Graph size: 22
# Optimal cost: 1.6178696048881118

# Distance Matrix
0.0 0.20174217541010575 0.4170209106307198 0.6701229544990435 0.858409544271533 0.184054259663046 0.8311825110691384 0.8045729376791686 0.6881556837598771 0.8900858881498275 0.3032373353508252 0.5625823631996436 0.4075996361523734 0.0944823934276875 0.015686823202404998 0.05476037797124145 0.41278052117429065 0.8480908919659468 0.140781048257707 0.843512166137368 0.14216482896872829 0.8860911144178766
0.20174217541010575 0.0 0.19690465575172156 0.8985298954507209 0.14728146528804598 0.0574286430804557 0.1753872010962928 0.7344896373468145 0.7427564268189569 0.8554146431566503 0.27663645475991805 0.3933386570846438 0.489196571569795 0.4897086277012388 0.4314057847879673 0.809533347094855 0.2399089338077265 0.5815014859382941 0.651171761310524 0.7538151478670959 0.9912332257739996 0.486568149637051
0.4170209106307198 0.19690465575172156 0.0 0.6510117433886264 0.9895881291697609 0.3163023736880374 0.45496060744652256 0.11903553841203396 0.4956885481095896 0.7333363655383089 0.3214636797096214 0.4683390013840295 0.6103131379648638 0.9621129486291106 0.1875372167408217 0.9006118281017848 0.7330996493060888 0.6560481734700657 0.6033203143458237 0.13494543645878898 0.7858294877916591 0.862358455504898
0.6701229544990435 0.8985298954507209 0.6510117433886264 0.0 0.08737460409782949 0.21105136298649974 0.9769492142743706 0.15906559492412686 0.43219507489427633 0.36301444779263614 0.5410835831523599 0.1451443155791463 0.13511841031527627 0.07786885119100628 0.031940301948306216 0.7189017840797295 0.46711101973240743 0.10269969753488584 0.43548234183416634 0.3697170606648693 0.14601926677645927 0.34463655148160044
0.858409544271533 0.14728146528804598 0.9895881291697609 0.08737460409782949 0.0 0.8399706338861009 0.5295578538703277 0.3162176399380261 0.32001914489731853 0.6504567846337037 0.8832308857649978 0.5531902549380003 0.05218035672446619 0.3675312620987582 0.42011107062703545 0.9094344435362102 0.09170454073446732 0.7636099924082219 0.9251341038214835 0.5971754588149869 0.6386844436520784 0.8847679505399333
0.184054259663046 0.0574286430804557 0.3163023736880374 0.21105136298649974 0.8399706338861009 0.0 0.5531258764401812 0.7637335194705179 0.5834129416357845 0.6821058223056221 0.10808128394297967 0.9569857834547635 0.6501109678683165 0.23386131379460262 0.6577939173525121 0.30121754672507806 0.7277060910237106 0.457954570134416 0.1542776032645684 0.1077582310170867 0.9023409291204444 0.9343820731536531
0.8311825110691384 0.1753872010962928 0.45496060744652256 0.9769492142743706 0.5295578538703277 0.5531258764401812 0.0 0.8017091698159121 0.6301496283424326 0.668204293337344 0.9578518738681387 0.016161558888107774 0.9401951427280392 0.28644238029488056 0.22327765987633008 0.9551848278129076 0.4490907377608532 0.28632069585096065 0.6102271868063506 0.7603323241875106 0.4269392332469648 0.6584724702433593
0.8045729376791686 0.7344896373468145 0.11903553841203396 0.15906559492412686 0.3162176399380261 0.7637335194705179 0.8017091698159121 0.0 0.3771464587724235 0.8520176928975383 0.984301671306067 0.3769824477448891 0.7021577205059768 0.843627962982751 0.3710410970771748 0.5052193821377015 0.9144558399497454 0.9006067668097717 0.12056501858962909 0.2897450011552788 0.9488046106882151 0.660260838020975
0.6881556837598771 0.7427564268189569 0.4956885481095896 0.43219507489427633 0.32001914489731853 0.5834129416357845 0.6301496283424326 0.3771464587724235 0.0 0.5216751849230415 0.3272903668871514 0.525360294210519 0.14933199008371179 0.13558421601223203 0.1017056289394942 0.3080272285865021 0.48891619630051497 0.5922606092492623 0.9309523729007536 0.8267759913055852 0.5600994761264942 0.6981151131678043
0.8900858881498275 0.8554146431566503 0.7333363655383089 0.36301444779263614 0.6504567846337037 0.6821058223056221 0.668204293337344 0.8520176928975383 0.5216751849230415 0.0 0.638622535642383 0.2628319215541909 0.21872070726043713 0.9661428290989763 0.07013125566188783 0.2903678008585673 0.09395951946424519 0.03998705029146099 0.9106457779611813 0.04431147047587902 0.4829866010952951 0.12499283419683627
0.3032373353508252 0.27663645475991805 0.3214636797096214 0.5410835831523599 0.8832308857649978 0.10808128394297967 0.9578518738681387 0.984301671306067 0.3272903668871514 0.638622535642383 0.0 0.12997594173756688 0.9411053112357362 0.362703690379093 0.4621690330093512 0.7790663041390792 0.5177316297574267 0.0796380714590118 0.08507978153616991 0.7933938361634203 0.6740438489208113 0.8503470636656115
0.5625823631996436 0.3933386570846438 0.4683390013840295 0.1451443155791463 0.5531902549380003 0.9569857834547635 0.016161558888107774 0.3769824477448891 0.525360294210519 0.2628319215541909 0.12997594173756688 0.0 0.5850378311701129 0.9204892466288227 0.7044207170636388 0.8072259548960099 0.3765733244967241 0.8819637211670973 0.28698678780128395 0.9584020203905539 0.003003804082816308 0.4048378147092785
0.4075996361523734 0.489196571569795 0.6103131379648638 0.13511841031527627 0.05218035672446619 0.6501109678683165 0.9401951427280392 0.7021577205059768 0.14933199008371179 0.21872070726043713 0.9411053112357362 0.5850378311701129 0.0 0.16211890915129357 0.09543719480132118 0.35103210178218736 0.8126320402902416 0.5766857246202014 0.3788497076371591 0.25365097346730237 0.45359397355040254 0.6964429352950094
0.0944823934276875 0.4897086277012388 0.9621129486291106 0.07786885119100628 0.3675312620987582 0.23386131379460262 0.28644238029488056 0.843627962982751 0.13558421601223203 0.9661428290989763 0.362703690379093 0.9204892466288227 0.16211890915129357 0.0 0.059005109698376024 0.8522344250583053 0.3615996279850552 0.09623411709600327 0.5487157217777602 0.2615474817179235 0.19468224895895658 0.12612315992975942
0.015686823202404998 0.4314057847879673 0.1875372167408217 0.031940301948306216 0.42011107062703545 0.6577939173525121 0.22327765987633008 0.3710410970771748 0.1017056289394942 0.07013125566188783 0.4621690330093512 0.7044207170636388 0.09543719480132118 0.059005109698376024 0.0 0.8539266681623988 0.5355076251302076 0.6768041305450929 0.42131137074628267 0.19015575007868823 0.666882740719757 0.48040276234402846
0.05476037797124145 0.809533347094855 0.9006118281017848 0.7189017840797295 0.9094344435362102 0.30121754672507806 0.9551848278129076 0.5052193821377015 0.3080272285865021 0.2903678008585673 0.7790663041390792 0.8072259548960099 0.35103210178218736 0.8522344250583053 0.8539266681623988 0.0 0.07466841073139852 0.46489334897165413 0.3707119837810501 0.7304052007980465 0.022932978368643164 0.18995796714919988
0.41278052117429065 0.2399089338077265 0.7330996493060888 0.46711101973240743 0.09170454073446732 0.7277060910237106 0.4490907377608532 0.9144558399497454 0.48891619630051497 0.09395951946424519 0.5177316297574267 0.3765733244967241 0.8126320402902416 0.3615996279850552 0.5355076251302076 0.07466841073139852 0.0 0.6990874162688775 0.0848199170910866 0.011115759825850113 0.30284149824182804 0.1140359271774275
0.8480908919659468 0.5815014859382941 0.6560481734700657 0.10269969753488584 0.7636099924082219 0.457954570134416 0.28632069585096065 0.9006067668097717 0.5922606092492623 0.03998705029146099 0.0796380714590118 0.8819637211670973 0.5766857246202014 0.09623411709600327 0.6768041305450929 0.46489334897165413 0.6990874162688775 0.0 0.6526782712137039 0.09436358645581522 0.32236803279713044 0.5055926650944695
0.140781048257707 0.651171761310524 0.6033203143458237 0.43548234183416634 0.9251341038214835 0.1542776032645684 0.6102271868063506 0.12056501858962909 0.9309523729007536 0.9106457779611813 0.08507978153616991 0.28698678780128395 0.3788497076371591 0.5487157217777602 0.42131137074628267 0.3707119837810501 0.0848199170910866 0.6526782712137039 0.0 0.8470128632353664 0.012520651601219845 0.24152857586127352
0.843512166137368 0.7538151478670959 0.13494543645878898 0.3697170606648693 0.5971754588149869 0.1077582310170867 0.7603323241875106 0.2897450011552788 0.8267759913055852 0.04431147047587902 0.7933938361634203 0.9584020203905539 0.25365097346730237 0.2615474817179235 0.19015575007868823 0.7304052007980465 0.011115759825850113 0.09436358645581522 0.8470128632353664 0.0 0.7837583260072752 0.6387232353462037
0.14216482896872829 0.9912332257739996 0.7858294877916591 0.14601926677645927 0.6386844436520784 0.9023409291204444 0.4269392332469648 0.9488046106882151 0.5600994761264942 0.4829866010952951 0.6740438489208113 0.003003804082816308 0.45359397355040254 0.19468224895895658 0.666882740719757 0.022932978368643164 0.30284149824182804 0.32236803279713044 0.012520651601219845 0.7837583260072752 0.0 0.9298485254429777
0.8860911144178766 0.486568149637051 0.862358455504898 0.34463655148160044 0.8847679505399333 0.9343820731536531 0.6584724702433593 0.660260838020975 0.6981151131678043 0.12499283419683627 0.8503470636656115 0.4048378147092785 0.6964429352950094 0.12612315992975942 0.48040276234402846 0.18995796714919988 0.1140359271774275 0.5055926650944695 0.24152857586127352 0.6387232353462037 0.9298485254429777 0.0

# Optimal Walk
0 14 3 4 12 8 13 21 16 19 9 17 10 5 1 2 7 18 20 6 11 15 0
