# MCW Instance
# Type: UNIFORM
# N: 22
# Optimal cost: 1.943216555939995
# Optimal tour (permutation): [0, 14, 6, 17, 10, 9, 3, 13, 21, 19, 20, 7, 18, 12, 11, 16, 8, 1, 5, 15, 2, 4, 0]
# Optimal walk (full path): [0, 14, 6, 17, 10, 17, 9, 17, 3, 13, 21, 19, 20, 7, 18, 12, 11, 16, 8, 1, 5, 2, 15, 2, 4, 6, 14, 0]
# Walk size: 28
# Is walk (has repeats): true

# Distance Matrix
0.0000000000 0.4390113052 0.5272368350 0.3423208500 0.7782826390 0.3169537803 0.9300573643 0.5083695146 0.9238257109 0.2817486168 0.7658999628 0.6505389830 0.6402298916 0.2246771940 0.0493362167 0.5388179853 0.2703067130 0.3656591145 0.1840918860 0.7168042460 0.9871167070 0.5595377393
0.4390113052 0.0000000000 0.9018029153 0.4739949192 0.6351381871 0.1987262622 0.5007220980 0.1864248806 0.2191804684 0.3540897522 0.9845044164 0.3672366600 0.3604075233 0.2656668286 0.5224883985 0.5041163559 0.7507528456 0.5458095892 0.5054299613 0.7771322018 0.8801700912 0.4895482089
0.5272368350 0.9018029153 0.0000000000 0.3544336874 0.0483636433 0.0855780521 0.7004623709 0.1558663677 0.0938104003 0.2760226652 0.8350686066 0.1413259570 0.9084225869 0.5254930295 0.6447094071 0.0092788660 0.0566945514 0.0929918622 0.6511558338 0.0937668223 0.4641166258 0.3288757323
0.3423208500 0.4739949192 0.3544336874 0.0000000000 0.7306127123 0.4256242212 0.7488804825 0.3571436861 0.6005414791 0.8029356094 0.1785853822 0.3852675613 0.7046926112 0.0900021510 0.6032944280 0.9863206504 0.2739660903 0.0978748575 0.2641408880 0.7225765265 0.4041948037 0.5645515333
0.7782826390 0.6351381871 0.0483636433 0.7306127123 0.0000000000 0.2057869311 0.0354124038 0.8366722929 0.9492235584 0.1313881646 0.4132671217 0.7532233305 0.9824972746 0.9303190502 0.4675664702 0.3048414982 0.1733043862 0.7817661601 0.6959434250 0.7813953534 0.7632544132 0.6913970917
0.3169537803 0.1987262622 0.0855780521 0.4256242212 0.2057869311 0.0000000000 0.3927450806 0.2996308013 0.9404712637 0.5536653330 0.3787312198 0.6376741086 0.4774956793 0.3489120929 0.9650345232 0.3764663134 0.3416233448 0.8822781630 0.8408659878 0.8220366274 0.2410885715 0.5505404045
0.9300573643 0.5007220980 0.7004623709 0.7488804825 0.0354124038 0.3927450806 0.0000000000 0.3801130690 0.2772489224 0.5167917685 0.9833387815 0.1988925889 0.1076317535 0.2668083130 0.0468615601 0.6642839682 0.7031290634 0.0997054652 0.6209080679 0.4538829365 0.8760855069 0.4527329941
0.5083695146 0.1864248806 0.1558663677 0.3571436861 0.8366722929 0.2996308013 0.3801130690 0.0000000000 0.7643495493 0.1964795065 0.4555064408 0.9822421678 0.3693604131 0.6860781766 0.8386094933 0.1362270771 0.1713940631 0.1546426839 0.0429112308 0.6526709629 0.0297282657 0.6133612090
0.9238257109 0.2191804684 0.0938104003 0.6005414791 0.9492235584 0.9404712637 0.2772489224 0.7643495493 0.0000000000 0.3655687492 0.3924195325 0.7225076272 0.3278923492 0.1014227731 0.6115925102 0.1105610854 0.0799661851 0.8971654411 0.5060828215 0.4158751535 0.9858785229 0.2262822288
0.2817486168 0.3540897522 0.2760226652 0.8029356094 0.1313881646 0.5536653330 0.5167917685 0.1964795065 0.3655687492 0.0000000000 0.6194834230 0.5334543506 0.2918310537 0.1578944744 0.4958190442 0.7494018786 0.7467336615 0.0623551467 0.7797507517 0.9734056700 0.8649993323 0.1474272312
0.7658999628 0.9845044164 0.8350686066 0.1785853822 0.4132671217 0.3787312198 0.9833387815 0.4555064408 0.3924195325 0.6194834230 0.0000000000 0.8194593871 0.6104161518 0.6350266021 0.7511006296 0.7112030252 0.4941533685 0.0034775867 0.1305800336 0.6395834057 0.8841833624 0.7711250369
0.6505389830 0.3672366600 0.1413259570 0.3852675613 0.7532233305 0.6376741086 0.1988925889 0.9822421678 0.7225076272 0.5334543506 0.8194593871 0.0000000000 0.0817028728 0.3138441282 0.3886545453 0.3729545209 0.0990229359 0.2780639108 0.8163869551 0.3833729966 0.9440216391 0.8818959536
0.6402298916 0.3604075233 0.9084225869 0.7046926112 0.9824972746 0.4774956793 0.1076317535 0.3693604131 0.3278923492 0.2918310537 0.6104161518 0.0817028728 0.0000000000 0.3848583695 0.4867884334 0.4273859542 0.7385442243 0.4147331417 0.0844895131 0.9310179275 0.5679566401 0.6269311123
0.2246771940 0.2656668286 0.5254930295 0.0900021510 0.9303190502 0.3489120929 0.2668083130 0.6860781766 0.1014227731 0.1578944744 0.6350266021 0.3138441282 0.3848583695 0.0000000000 0.6706686250 0.6964181226 0.4257535813 0.4248352969 0.6035946927 0.1883107952 0.4521999955 0.0920890757
0.0493362167 0.5224883985 0.6447094071 0.6032944280 0.4675664702 0.9650345232 0.0468615601 0.8386094933 0.6115925102 0.4958190442 0.7511006296 0.3886545453 0.4867884334 0.6706686250 0.0000000000 0.9223577133 0.9058562821 0.4405674522 0.6655344905 0.4152695136 0.8585219109 0.7205228953
0.5388179853 0.5041163559 0.0092788660 0.9863206504 0.3048414982 0.3764663134 0.6642839682 0.1362270771 0.1105610854 0.7494018786 0.7112030252 0.3729545209 0.4273859542 0.6964181226 0.9223577133 0.0000000000 0.3531956846 0.2329205350 0.5496594458 0.0797184037 0.7588121793 0.9570555860
0.2703067130 0.7507528456 0.0566945514 0.2739660903 0.1733043862 0.3416233448 0.7031290634 0.1713940631 0.0799661851 0.7467336615 0.4941533685 0.0990229359 0.7385442243 0.4257535813 0.9058562821 0.3531956846 0.0000000000 0.7180639421 0.7055465629 0.8472789572 0.1858462287 0.2762651342
0.3656591145 0.5458095892 0.0929918622 0.0978748575 0.7817661601 0.8822781630 0.0997054652 0.1546426839 0.8971654411 0.0623551467 0.0034775867 0.2780639108 0.4147331417 0.4248352969 0.4405674522 0.2329205350 0.7180639421 0.0000000000 0.4190644013 0.5394515332 0.3768010757 0.8540290014
0.1840918860 0.5054299613 0.6511558338 0.2641408880 0.6959434250 0.8408659878 0.6209080679 0.0429112308 0.5060828215 0.7797507517 0.1305800336 0.8163869551 0.0844895131 0.6035946927 0.6655344905 0.5496594458 0.7055465629 0.4190644013 0.0000000000 0.7943781689 0.0601256846 0.9004695873
0.7168042460 0.7771322018 0.0937668223 0.7225765265 0.7813953534 0.8220366274 0.4538829365 0.6526709629 0.4158751535 0.9734056700 0.6395834057 0.3833729966 0.9310179275 0.1883107952 0.4152695136 0.0797184037 0.8472789572 0.5394515332 0.7943781689 0.0000000000 0.1065241252 0.1093202955
0.9871167070 0.8801700912 0.4641166258 0.4041948037 0.7632544132 0.2410885715 0.8760855069 0.0297282657 0.9858785229 0.8649993323 0.8841833624 0.9440216391 0.5679566401 0.4521999955 0.8585219109 0.7588121793 0.1858462287 0.3768010757 0.0601256846 0.1065241252 0.0000000000 0.6796035184
0.5595377393 0.4895482089 0.3288757323 0.5645515333 0.6913970917 0.5505404045 0.4527329941 0.6133612090 0.2262822288 0.1474272312 0.7711250369 0.8818959536 0.6269311123 0.0920890757 0.7205228953 0.9570555860 0.2762651342 0.8540290014 0.9004695873 0.1093202955 0.6796035184 0.0000000000
