# Graph size: 22
# Optimal cost: 1.480279753167871

# Distance Matrix
0.0 0.8421458618708032 0.5765249624825681 0.7068981501641709 0.6148410561900013 0.26397721018433906 0.4759840934866886 0.843833035160437 0.5814819348710685 0.16230692019638882 0.6164565801656707 0.897268504486497 0.30430077050647864 0.09859529158517133 0.13304619200232348 0.6991761710428264 0.9042476521415483 0.3757029950418592 0.5611807717999225 0.6229479225579022 0.5496317442599997 0.5299829333984851
0.8421458618708032 0.0 0.949089599869088 0.5229868028398449 0.15289633047692608 0.4241269698212654 0.9816570472147895 0.9923527703303195 0.68437624168002 0.5982685998199214 0.3564059119244397 0.5456720420022224 0.3130292009737723 0.5065691646032325 0.973652411475896 0.5698695354681073 0.7960466295970267 0.017492456575922133 0.8554144462380778 0.40188603317165084 0.28241346840297155 0.08819802032464308
0.5765249624825681 0.949089599869088 0.0 0.09144302713756947 0.6903927702373934 0.9699006530181681 0.8369612021006244 0.5257869217651436 0.27761806950085777 0.8606378735207793 0.33225345801582173 0.3435884159691609 0.19775222133901815 0.1973286431361002 0.2930939321660806 0.195347993169656 0.029997868257217064 0.03033309433064113 0.5525091353885844 0.004684720995385971 0.7671854780011761 0.7652588032883001
0.7068981501641709 0.5229868028398449 0.09144302713756947 0.0 0.574414762990913 0.14565768123333678 0.5649744367461911 0.4713633646436681 0.5339596480498685 0.24700330009648253 0.22201211574528212 0.19298672210938395 0.47234883564746843 0.4831825754552932 0.008024783502257216 0.4993955579004965 0.8193892478695937 0.8459206728195326 0.5046659130103225 0.0328355350651619 0.14047767266174094 0.5549613182664904
0.6148410561900013 0.15289633047692608 0.6903927702373934 0.574414762990913 0.0 0.4530486291121302 0.8702519730413961 0.3094780289079203 0.46304638221938643 0.21224117020328026 0.10105290596270822 0.4349103829662596 0.03767122511273924 0.32460525985922306 0.14145303313445567 0.7741020714741722 0.26095469652298775 0.8567092836778025 0.9553509739536985 0.5584266190449824 0.5790018255016138 0.638649162841899
0.26397721018433906 0.4241269698212654 0.9699006530181681 0.14565768123333678 0.4530486291121302 0.0 0.5323561111969625 0.12248356177781405 0.8534267496884442 0.2599622673103703 0.6854957132967733 0.9810481326076806 0.12024191849670474 0.696920250478329 0.47429690998664453 0.5298473553920072 0.8451090233008968 0.7438390090976904 0.3333518886490835 0.8596943334439582 0.27898618852494084 1.4523109412056812E-4
0.4759840934866886 0.9816570472147895 0.8369612021006244 0.5649744367461911 0.8702519730413961 0.5323561111969625 0.0 0.292139528241507 0.7682401584523295 0.464494672018985 0.025290635069604273 0.5087896731731664 0.429579003268191 0.4208678036170346 0.4152062389793385 0.7086413495722858 0.3391683850292476 0.04413381108080239 0.976841431042907 0.017859492208916472 0.09000363626075747 0.29922295999039494
0.843833035160437 0.9923527703303195 0.5257869217651436 0.4713633646436681 0.3094780289079203 0.12248356177781405 0.292139528241507 0.0 0.8814329155326313 0.11303928136702279 0.2557113488846683 0.35197905201629687 0.6625013741354038 0.5696411374450618 0.15720431224768783 0.3915939217544342 0.19117441995753548 0.7852632936472708 0.5717656319843184 0.02777266584533411 0.3092864786964392 0.8781733492614575
0.5814819348710685 0.68437624168002 0.27761806950085777 0.5339596480498685 0.46304638221938643 0.8534267496884442 0.7682401584523295 0.8814329155326313 0.0 0.5069077455874526 0.31197682512141733 0.6298073897653178 0.5171837181802065 0.0060770868106033715 0.6283812948299303 0.12450346305864313 0.7258704113655077 0.5792532741459901 0.927720013591816 0.5103361283837492 0.32229850365531976 0.2587167693331125
0.16230692019638882 0.5982685998199214 0.8606378735207793 0.24700330009648253 0.21224117020328026 0.2599622673103703 0.464494672018985 0.11303928136702279 0.5069077455874526 0.0 0.0359847634232231 0.11895466609564465 0.8048315903155792 0.4687367667048201 0.05997983659899164 0.8877415095127504 0.17526665626195947 0.8676568200971645 0.2330252596609773 0.346219787045725 0.4024500609122664 0.07183262458747375
0.6164565801656707 0.3564059119244397 0.33225345801582173 0.22201211574528212 0.10105290596270822 0.6854957132967733 0.025290635069604273 0.2557113488846683 0.31197682512141733 0.0359847634232231 0.0 0.8966396259281028 0.9882344806455311 0.972694039124662 0.7031028510578813 0.6978228341411655 0.21817035523441786 0.2477273512160454 0.5149505040496006 0.4965984173156134 0.13857070755022483 0.15657799090054003
0.897268504486497 0.5456720420022224 0.3435884159691609 0.19298672210938395 0.4349103829662596 0.9810481326076806 0.5087896731731664 0.35197905201629687 0.6298073897653178 0.11895466609564465 0.8966396259281028 0.0 0.44723883326844394 0.9247637188054183 0.8068735404089334 0.08469952348908205 0.3353825105348903 0.014335496622746913 0.230582413493998 0.6918168252369505 0.6570408716866635 0.8229677032405278
0.30430077050647864 0.3130292009737723 0.19775222133901815 0.47234883564746843 0.03767122511273924 0.12024191849670474 0.429579003268191 0.6625013741354038 0.5171837181802065 0.8048315903155792 0.9882344806455311 0.44723883326844394 0.0 0.2930412326691523 0.7893815197005072 0.13789751369390835 0.5236570027131341 0.006083917751730561 0.3391904553268821 0.25781597396722966 0.9973407205365105 0.9711808909493597
0.09859529158517133 0.5065691646032325 0.1973286431361002 0.4831825754552932 0.32460525985922306 0.696920250478329 0.4208678036170346 0.5696411374450618 0.0060770868106033715 0.4687367667048201 0.972694039124662 0.9247637188054183 0.2930412326691523 0.0 0.09663583573885604 0.6996386695441119 0.5695311358145788 0.6973067558178924 0.41521861504221214 0.5651223857682857 0.16591891767231748 0.47160414118953065
0.13304619200232348 0.973652411475896 0.2930939321660806 0.008024783502257216 0.14145303313445567 0.47429690998664453 0.4152062389793385 0.15720431224768783 0.6283812948299303 0.05997983659899164 0.7031028510578813 0.8068735404089334 0.7893815197005072 0.09663583573885604 0.0 0.25337164749718166 0.7459803441827296 0.8269177043062895 0.8080209976224243 0.48030260050730866 0.18272729396588783 0.21741054873021148
0.6991761710428264 0.5698695354681073 0.195347993169656 0.4993955579004965 0.7741020714741722 0.5298473553920072 0.7086413495722858 0.3915939217544342 0.12450346305864313 0.8877415095127504 0.6978228341411655 0.08469952348908205 0.13789751369390835 0.6996386695441119 0.25337164749718166 0.0 0.10944979451368764 0.1644808584483447 0.8700008458057358 0.49549875987717606 0.0704987877302764 0.6465570557471931
0.9042476521415483 0.7960466295970267 0.029997868257217064 0.8193892478695937 0.26095469652298775 0.8451090233008968 0.3391683850292476 0.19117441995753548 0.7258704113655077 0.17526665626195947 0.21817035523441786 0.3353825105348903 0.5236570027131341 0.5695311358145788 0.7459803441827296 0.10944979451368764 0.0 0.3742585373602223 0.6628417349419011 0.5208769908826616 0.8479171695242465 0.3182270923893771
0.3757029950418592 0.017492456575922133 0.03033309433064113 0.8459206728195326 0.8567092836778025 0.7438390090976904 0.04413381108080239 0.7852632936472708 0.5792532741459901 0.8676568200971645 0.2477273512160454 0.014335496622746913 0.006083917751730561 0.6973067558178924 0.8269177043062895 0.1644808584483447 0.3742585373602223 0.0 0.30921628496455766 0.8634763140434809 0.4467380168453796 0.7562063274328148
0.5611807717999225 0.8554144462380778 0.5525091353885844 0.5046659130103225 0.9553509739536985 0.3333518886490835 0.976841431042907 0.5717656319843184 0.927720013591816 0.2330252596609773 0.5149505040496006 0.230582413493998 0.3391904553268821 0.41521861504221214 0.8080209976224243 0.8700008458057358 0.6628417349419011 0.30921628496455766 0.0 0.48521264593428903 0.9965852055940019 0.26532449935547664
0.6229479225579022 0.40188603317165084 0.004684720995385971 0.0328355350651619 0.5584266190449824 0.8596943334439582 0.017859492208916472 0.02777266584533411 0.5103361283837492 0.346219787045725 0.4965984173156134 0.6918168252369505 0.25781597396722966 0.5651223857682857 0.48030260050730866 0.49549875987717606 0.5208769908826616 0.8634763140434809 0.48521264593428903 0.0 0.6153074355229695 0.28952330243927304
0.5496317442599997 0.28241346840297155 0.7671854780011761 0.14047767266174094 0.5790018255016138 0.27898618852494084 0.09000363626075747 0.3092864786964392 0.32229850365531976 0.4024500609122664 0.13857070755022483 0.6570408716866635 0.9973407205365105 0.16591891767231748 0.18272729396588783 0.0704987877302764 0.8479171695242465 0.4467380168453796 0.9965852055940019 0.6153074355229695 0.0 0.6262708175812811
0.5299829333984851 0.08819802032464308 0.7652588032883001 0.5549613182664904 0.638649162841899 1.4523109412056812E-4 0.29922295999039494 0.8781733492614575 0.2587167693331125 0.07183262458747375 0.15657799090054003 0.8229677032405278 0.9711808909493597 0.47160414118953065 0.21741054873021148 0.6465570557471931 0.3182270923893771 0.7562063274328148 0.26532449935547664 0.28952330243927304 0.6262708175812811 0.0

# Optimal Walk
0 13 8 15 20 6 10 9 21 5 18 11 17 12 4 1 16 2 19 7 3 14 0
