# MCW Instance
# Type: UNIFORM
# N: 22
# Optimal cost: 1.7414825859767822
# Optimal tour (permutation): [0, 10, 19, 18, 8, 20, 12, 17, 4, 9, 21, 6, 3, 7, 5, 14, 16, 15, 2, 13, 11, 1, 0]
# Optimal walk (full path): [0, 10, 19, 18, 8, 20, 15, 12, 17, 4, 9, 21, 6, 3, 7, 5, 14, 16, 15, 2, 13, 2, 11, 1, 0]
# Walk size: 25
# Is walk (has repeats): true

# Distance Matrix
0.0000000000 0.0530720325 0.8849977153 0.8738261432 0.9881686795 0.9806593515 0.1009758225 0.2311612778 0.6843008752 0.9461801126 0.0317290634 0.6222423550 0.2486431231 0.2072364509 0.9240174523 0.7660974705 0.2481879172 0.5147832184 0.2215690312 0.5731512250 0.8274744706 0.8970293590
0.0530720325 0.0000000000 0.3500315876 0.2290496167 0.7894545775 0.3545343252 0.8360700630 0.7763649771 0.5265105718 0.2104260265 0.3260693777 0.1456272603 0.4066362175 0.4700193731 0.6568175879 0.7131052280 0.9473306827 0.4357152320 0.2487072243 0.3699864972 0.8685445889 0.9959114935
0.8849977153 0.3500315876 0.0000000000 0.7414074138 0.7760835352 0.9060565708 0.4607596577 0.9726232003 0.9409175924 0.0879472221 0.5529517435 0.1124725710 0.5260103431 0.0293770526 0.1783236364 0.0091758347 0.2944391093 0.6846635651 0.8989130902 0.5761657591 0.9471881028 0.9106921143
0.8738261432 0.2290496167 0.7414074138 0.0000000000 0.6102119469 0.3563916370 0.1805544988 0.1419837501 0.7847031957 0.2365034788 0.1748454506 0.4552829470 0.7853760564 0.6517676306 0.8818275671 0.3103164044 0.1757628426 0.5219784420 0.4168681398 0.2934140857 0.6571436412 0.5892949897
0.9881686795 0.7894545775 0.7760835352 0.6102119469 0.0000000000 0.5814330456 0.2619716719 0.2489159319 0.7908460353 0.0425832590 0.3902739014 0.5947281202 0.7921100588 0.9783385250 0.7509858697 0.8248274074 0.8314916031 0.0612529318 0.2316599093 0.2341740404 0.5821792584 0.4972740300
0.9806593515 0.3545343252 0.9060565708 0.3563916370 0.5814330456 0.0000000000 0.7818936857 0.1462253435 0.8242843172 0.4629337256 0.2143146018 0.7238949211 0.3384237018 0.6911452789 0.0413546020 0.1620434252 0.5813243015 0.1443580160 0.1198187363 0.6499594644 0.3846902721 0.6835472117
0.1009758225 0.8360700630 0.4607596577 0.1805544988 0.2619716719 0.7818936857 0.0000000000 0.1965394138 0.7276401248 0.1304889825 0.3924936616 0.8009478684 0.1762827446 0.5989748424 0.7490338227 0.3141832655 0.3812507641 0.9601849953 0.1484380044 0.4593985036 0.1848781741 0.1853043824
0.2311612778 0.7763649771 0.9726232003 0.1419837501 0.2489159319 0.1462253435 0.1965394138 0.0000000000 0.3788005316 0.9042116053 0.6068287021 0.4912119530 0.5243027078 0.1437901258 0.4513270585 0.2996839974 0.4294354635 0.3418449201 0.7434320078 0.5921442394 0.2957455879 0.3468494533
0.6843008752 0.5265105718 0.9409175924 0.7847031957 0.7908460353 0.8242843172 0.7276401248 0.3788005316 0.0000000000 0.1406213666 0.4715150411 0.2023958053 0.6720888375 0.9513117601 0.2046371818 0.3428054959 0.8306829212 0.1585366261 0.0118908464 0.5518654824 0.0505157639 0.8948582390
0.9461801126 0.2104260265 0.0879472221 0.2365034788 0.0425832590 0.4629337256 0.1304889825 0.9042116053 0.1406213666 0.0000000000 0.3950636539 0.2616968777 0.0590439411 0.1436905039 0.8501759551 0.3686505241 0.3242441741 0.0525612463 0.3988877117 0.6202199855 0.8655008696 0.1354439719
0.0317290634 0.3260693777 0.5529517435 0.1748454506 0.3902739014 0.2143146018 0.3924936616 0.6068287021 0.4715150411 0.3950636539 0.0000000000 0.4902754136 0.0377681006 0.5070220288 0.8141409614 0.4741811098 0.5794429277 0.2364123342 0.2028008508 0.0280002896 0.7173859358 0.1523203077
0.6222423550 0.1456272603 0.1124725710 0.4552829470 0.5947281202 0.7238949211 0.8009478684 0.4912119530 0.2023958053 0.2616968777 0.4902754136 0.0000000000 0.7750053843 0.6306891319 0.8543121809 0.3376157207 0.5694621037 0.4209354355 0.5367677286 0.8783431415 0.8881905111 0.5508521691
0.2486431231 0.4066362175 0.5260103431 0.7853760564 0.7921100588 0.3384237018 0.1762827446 0.5243027078 0.6720888375 0.0590439411 0.0377681006 0.7750053843 0.0000000000 0.2358474002 0.1637353606 0.0201913320 0.4522162097 0.0608814574 0.5488607483 0.3839400904 0.2691889669 0.1475770240
0.2072364509 0.4700193731 0.0293770526 0.6517676306 0.9783385250 0.6911452789 0.5989748424 0.1437901258 0.9513117601 0.1436905039 0.5070220288 0.6306891319 0.2358474002 0.0000000000 0.4390167038 0.6236473949 0.0796199371 0.6193263729 0.8637711718 0.6170803539 0.4264478927 0.9588707857
0.9240174523 0.6568175879 0.1783236364 0.8818275671 0.7509858697 0.0413546020 0.7490338227 0.4513270585 0.2046371818 0.8501759551 0.8141409614 0.8543121809 0.1637353606 0.4390167038 0.0000000000 0.6485924591 0.0568406409 0.1113786493 0.3472351736 0.3632975116 0.2523466670 0.1649326733
0.7660974705 0.7131052280 0.0091758347 0.3103164044 0.8248274074 0.1620434252 0.3141832655 0.2996839974 0.3428054959 0.3686505241 0.4741811098 0.3376157207 0.0201913320 0.6236473949 0.6485924591 0.0000000000 0.0278255619 0.3290872033 0.0663688564 0.4001192329 0.0358074594 0.0997265018
0.2481879172 0.9473306827 0.2944391093 0.1757628426 0.8314916031 0.5813243015 0.3812507641 0.4294354635 0.8306829212 0.3242441741 0.5794429277 0.5694621037 0.4522162097 0.0796199371 0.0568406409 0.0278255619 0.0000000000 0.4478180056 0.9814086192 0.6963605423 0.9974665964 0.8515894015
0.5147832184 0.4357152320 0.6846635651 0.5219784420 0.0612529318 0.1443580160 0.9601849953 0.3418449201 0.1585366261 0.0525612463 0.2364123342 0.4209354355 0.0608814574 0.6193263729 0.1113786493 0.3290872033 0.4478180056 0.0000000000 0.9963372997 0.1401307863 0.4805948521 0.9466155870
0.2215690312 0.2487072243 0.8989130902 0.4168681398 0.2316599093 0.1198187363 0.1484380044 0.7434320078 0.0118908464 0.3988877117 0.2028008508 0.5367677286 0.5488607483 0.8637711718 0.3472351736 0.0663688564 0.9814086192 0.9963372997 0.0000000000 0.1039956277 0.7101783066 0.3470375341
0.5731512250 0.3699864972 0.5761657591 0.2934140857 0.2341740404 0.6499594644 0.4593985036 0.5921442394 0.5518654824 0.6202199855 0.0280002896 0.8783431415 0.3839400904 0.6170803539 0.3632975116 0.4001192329 0.6963605423 0.1401307863 0.1039956277 0.0000000000 0.4048834491 0.9528110011
0.8274744706 0.8685445889 0.9471881028 0.6571436412 0.5821792584 0.3846902721 0.1848781741 0.2957455879 0.0505157639 0.8655008696 0.7173859358 0.8881905111 0.2691889669 0.4264478927 0.2523466670 0.0358074594 0.9974665964 0.4805948521 0.7101783066 0.4048834491 0.0000000000 0.5419456944
0.8970293590 0.9959114935 0.9106921143 0.5892949897 0.4972740300 0.6835472117 0.1853043824 0.3468494533 0.8948582390 0.1354439719 0.1523203077 0.5508521691 0.1475770240 0.9588707857 0.1649326733 0.0997265018 0.8515894015 0.9466155870 0.3470375341 0.9528110011 0.5419456944 0.0000000000
