# MCW Instance
# Type: UNIFORM
# N: 22
# Optimal cost: 1.0731740123566667
# Optimal tour (permutation): [0, 9, 1, 19, 21, 13, 20, 15, 7, 4, 5, 12, 2, 17, 8, 11, 3, 18, 14, 10, 16, 6, 0]
# Optimal walk (full path): [0, 9, 1, 9, 6, 19, 13, 21, 13, 20, 15, 7, 4, 5, 12, 2, 17, 8, 17, 11, 3, 6, 16, 14, 18, 14, 10, 14, 16, 6, 9, 0]
# Walk size: 32
# Is walk (has repeats): true

# Distance Matrix
0.0000000000 0.7073640811 0.3210479585 0.2687234719 0.0579936809 0.9735271845 0.2569376833 0.3955873325 0.8856880220 0.0013766755 0.3880623768 0.9902071410 0.2344528019 0.3835363100 0.4919401305 0.0574518956 0.5574040310 0.5024758068 0.2914696365 0.6566623514 0.0745523195 0.4737641425
0.7073640811 0.0000000000 0.9124973791 0.5058583941 0.6727762820 0.7627400262 0.9979334287 0.2876989343 0.9766420295 0.1057333496 0.4506141456 0.5661606247 0.9846301851 0.2429483985 0.2546494716 0.8645029290 0.5334967580 0.6273461669 0.3337812932 0.3779387258 0.2529072921 0.7123388275
0.3210479585 0.9124973791 0.0000000000 0.9453187426 0.9985311436 0.6031485710 0.6408375186 0.6795049154 0.8151891143 0.0506356239 0.1591695561 0.7367090976 0.0182353557 0.4290964650 0.3616090308 0.7886270436 0.1858722585 0.0587303213 0.4347402737 0.3947115613 0.2589727363 0.2512998216
0.2687234719 0.5058583941 0.9453187426 0.0000000000 0.9156010965 0.6413440469 0.1209745710 0.4160312956 0.1035288056 0.3987973973 0.5912583601 0.0993616275 0.1728584669 0.3498289941 0.8132407512 0.9409838025 0.2220999436 0.7337823844 0.4725163349 0.7093080470 0.9649461497 0.5713643959
0.0579936809 0.6727762820 0.9985311436 0.9156010965 0.0000000000 0.0157327945 0.2913684900 0.0194422514 0.9878044750 0.0574858199 0.7553704613 0.7838714384 0.1358912908 0.4603718730 0.3784868053 0.7013896800 0.1354210752 0.1524379241 0.8381759421 0.3101688459 0.3918812805 0.6066195032
0.9735271845 0.7627400262 0.6031485710 0.6413440469 0.0157327945 0.0000000000 0.6022084386 0.8517834751 0.6347321159 0.0483598659 0.9207529978 0.3678035212 0.0244373802 0.8804538718 0.7232866670 0.1530315478 0.7174354437 0.5182629435 0.1537582829 0.1535501075 0.3495301787 0.8137980860
0.2569376833 0.9979334287 0.6408375186 0.1209745710 0.2913684900 0.6022084386 0.0000000000 0.4393481048 0.3987206498 0.0007203523 0.5137699147 0.2813308489 0.8385026890 0.3382756277 0.7445561800 0.9809630126 0.0209382027 0.7999059688 0.3461387011 0.0689800517 0.8893724629 0.8751603820
0.3955873325 0.2876989343 0.6795049154 0.4160312956 0.0194422514 0.8517834751 0.4393481048 0.0000000000 0.9874133553 0.2942023233 0.6049599056 0.7707303224 0.3868782176 0.4449134034 0.7072292699 0.0041213292 0.6355565322 0.6260879321 0.1139592775 0.7601967290 0.5731128001 0.2962106546
0.8856880220 0.9766420295 0.8151891143 0.1035288056 0.9878044750 0.6347321159 0.3987206498 0.9874133553 0.0000000000 0.4313430883 0.1663851500 0.4034717108 0.5793420710 0.7963951923 0.9948833856 0.2528514438 0.1112502390 0.0057821269 0.6839747336 0.1709741247 0.9528424443 0.9987343140
0.0013766755 0.1057333496 0.0506356239 0.3987973973 0.0574858199 0.0483598659 0.0007203523 0.2942023233 0.4313430883 0.0000000000 0.9856226967 0.1553180200 0.9097944780 0.8564231954 0.9927879535 0.1386275721 0.9341890712 0.3561639177 0.7774565012 0.5214987643 0.1521397135 0.7760311884
0.3880623768 0.4506141456 0.1591695561 0.5912583601 0.7553704613 0.9207529978 0.5137699147 0.6049599056 0.1663851500 0.9856226967 0.0000000000 0.3791556512 0.7547091978 0.4607892210 0.0839517274 0.4237732547 0.6800633908 0.5687375976 0.8650635801 0.2237849954 0.8238758961 0.8158666636
0.9902071410 0.5661606247 0.7367090976 0.0993616275 0.7838714384 0.3678035212 0.2813308489 0.7707303224 0.4034717108 0.1553180200 0.3791556512 0.0000000000 0.3421092619 0.8135338175 0.6038158951 0.1016938905 0.6258561733 0.0069939848 0.4576887042 0.7758014931 0.8960141220 0.2304917786
0.2344528019 0.9846301851 0.0182353557 0.1728584669 0.1358912908 0.0244373802 0.8385026890 0.3868782176 0.5793420710 0.9097944780 0.7547091978 0.3421092619 0.0000000000 0.2318314670 0.3995508562 0.5578465626 0.5791441037 0.7771511850 0.8752067701 0.5456485790 0.2733145698 0.5924356275
0.3835363100 0.2429483985 0.4290964650 0.3498289941 0.4603718730 0.8804538718 0.3382756277 0.4449134034 0.7963951923 0.8564231954 0.4607892210 0.8135338175 0.2318314670 0.0000000000 0.5567596886 0.8514914569 0.4501766968 0.5274184145 0.6061482781 0.0461097441 0.0155118443 0.0121819298
0.4919401305 0.2546494716 0.3616090308 0.8132407512 0.3784868053 0.7232866670 0.7445561800 0.7072292699 0.9948833856 0.9927879535 0.0839517274 0.6038158951 0.3995508562 0.5567596886 0.0000000000 0.0392490788 0.0285339688 0.1021597229 0.0148325051 0.6179134082 0.4920480588 0.5340771592
0.0574518956 0.8645029290 0.7886270436 0.9409838025 0.7013896800 0.1530315478 0.9809630126 0.0041213292 0.2528514438 0.1386275721 0.4237732547 0.1016938905 0.5578465626 0.8514914569 0.0392490788 0.0000000000 0.9459844952 0.9874962464 0.6262774300 0.5787510123 0.0264410805 0.2337358623
0.5574040310 0.5334967580 0.1858722585 0.2220999436 0.1354210752 0.7174354437 0.0209382027 0.6355565322 0.1112502390 0.9341890712 0.6800633908 0.6258561733 0.5791441037 0.4501766968 0.0285339688 0.9459844952 0.0000000000 0.3886903614 0.1857492922 0.2135614033 0.3385066411 0.2735215766
0.5024758068 0.6273461669 0.0587303213 0.7337823844 0.1524379241 0.5182629435 0.7999059688 0.6260879321 0.0057821269 0.3561639177 0.5687375976 0.0069939848 0.7771511850 0.5274184145 0.1021597229 0.9874962464 0.3886903614 0.0000000000 0.8554841887 0.6421549076 0.8508820624 0.8821035497
0.2914696365 0.3337812932 0.4347402737 0.4725163349 0.8381759421 0.1537582829 0.3461387011 0.1139592775 0.6839747336 0.7774565012 0.8650635801 0.4576887042 0.8752067701 0.6061482781 0.0148325051 0.6262774300 0.1857492922 0.8554841887 0.0000000000 0.2597994802 0.6773456758 0.4581086002
0.6566623514 0.3779387258 0.3947115613 0.7093080470 0.3101688459 0.1535501075 0.0689800517 0.7601967290 0.1709741247 0.5214987643 0.2237849954 0.7758014931 0.5456485790 0.0461097441 0.6179134082 0.5787510123 0.2135614033 0.6421549076 0.2597994802 0.0000000000 0.7558178647 0.7447837751
0.0745523195 0.2529072921 0.2589727363 0.9649461497 0.3918812805 0.3495301787 0.8893724629 0.5731128001 0.9528424443 0.1521397135 0.8238758961 0.8960141220 0.2733145698 0.0155118443 0.4920480588 0.0264410805 0.3385066411 0.8508820624 0.6773456758 0.7558178647 0.0000000000 0.0997009450
0.4737641425 0.7123388275 0.2512998216 0.5713643959 0.6066195032 0.8137980860 0.8751603820 0.2962106546 0.9987343140 0.7760311884 0.8158666636 0.2304917786 0.5924356275 0.0121819298 0.5340771592 0.2337358623 0.2735215766 0.8821035497 0.4581086002 0.7447837751 0.0997009450 0.0000000000
