# Graph size: 22
# Optimal cost: 0.7878826766999208

# Distance Matrix
0.0 0.8256614190984887 0.011708769565710764 0.5546066251982459 0.17688446932882096 0.6216594031801759 0.6530648594567078 0.2577651508584322 0.972459445156978 0.07547892818247648 0.155540706241036 0.1788899553897556 0.04044736307237251 0.013781483414344597 0.9339637324367165 0.5616186258296391 0.6571745368774178 0.1871975369501936 0.19277882251897327 0.25179573701235025 0.4864181267145091 0.018034329851061903
0.8256614190984887 0.0 0.2543961025692111 0.9316273451214839 0.28862886270005694 0.8666000550875086 9.811200958986799E-4 0.6778873120854211 0.2283529260403504 0.4975718805445408 0.432647519128019 0.7331220695237739 0.8223634178545699 0.03818619766094933 0.9319267626696172 0.5047768180876981 0.29855185915054816 0.6116312287702548 0.9425529863228703 0.7143929200291586 0.8944188882717263 0.0018736341844426407
0.011708769565710764 0.2543961025692111 0.0 0.42001546147636026 0.3075026197245555 0.4140418424439465 0.1602525609365857 0.5919951820196332 0.20457394882345536 0.18368710534455812 0.0995257301011725 0.27871607800907194 0.2243350691412621 0.398772979382611 0.7376539502413353 0.2664051987654439 0.5430340628189402 0.7386788550648447 0.5514622598425928 0.0014710141173248648 0.8666666250810874 0.040934696323537856
0.5546066251982459 0.9316273451214839 0.42001546147636026 0.0 0.4794168475135252 0.1786719395974644 0.08793051835667354 0.7726146927603194 0.3731091359333456 0.6334622779610842 0.5756427824449788 0.014297501292971693 0.43863929159794157 0.31686637934509476 0.40158131373735184 0.6807445392147876 0.5319437387779273 0.030645579951826152 0.7481899992139115 0.742487164077706 0.8762122262374334 0.03118727838979085
0.17688446932882096 0.28862886270005694 0.3075026197245555 0.4794168475135252 0.0 0.4603125268434015 0.28380259763785176 0.7548917202344975 0.5724588910456103 0.20509661770521026 0.33509695744245593 3.760277668052314E-4 0.9515339560952869 0.9864372597879311 0.5515038664553295 0.6463318283587707 0.6446113779373595 0.8238036749291032 0.9745448100017411 0.9407126529250563 0.6771131057531447 0.25002193237945414
0.6216594031801759 0.8666000550875086 0.4140418424439465 0.1786719395974644 0.4603125268434015 0.0 0.30998822859352004 0.026864872292546638 0.4583594082912652 0.9085609061128089 0.3825811670175626 0.9917304291434211 0.9294853253116535 0.9380965341839369 0.6871187722080146 0.6530031586129802 0.02267532448973608 0.020605290643834206 0.245353999869378 0.411197112682799 0.11045795085223242 0.9389650463596573
0.6530648594567078 9.811200958986799E-4 0.1602525609365857 0.08793051835667354 0.28380259763785176 0.30998822859352004 0.0 0.2995401372656876 0.7279363765561163 0.3357157609921948 0.24101733274107584 0.7259373341623637 0.3083779464053852 0.4562302619621297 0.1392720395494026 0.4354035056776647 0.8635306434104012 0.11199541985297568 0.08891207592811456 0.44322914862460316 0.40733449901628427 0.2291974448018942
0.2577651508584322 0.6778873120854211 0.5919951820196332 0.7726146927603194 0.7548917202344975 0.026864872292546638 0.2995401372656876 0.0 0.5814819644792981 0.7366643050633872 0.40371657573498654 0.6116727144111824 0.5676208557305794 0.5461254543434433 0.7204410995163034 0.6388194937751245 0.5794273725167906 0.13485889366627812 0.2694228071258945 0.3883534862743987 0.061519813645913746 0.7618762351283058
0.972459445156978 0.2283529260403504 0.20457394882345536 0.3731091359333456 0.5724588910456103 0.4583594082912652 0.7279363765561163 0.5814819644792981 0.0 0.41727453694299876 0.4329611917298093 0.6395820240435341 0.04426663177725687 0.7352111534609864 0.02181890013530763 0.05616186971141557 0.5475299318903253 0.42403374228362445 0.35110966997373017 0.2857155912822823 0.06636316760235494 0.7977696749834499
0.07547892818247648 0.4975718805445408 0.18368710534455812 0.6334622779610842 0.20509661770521026 0.9085609061128089 0.3357157609921948 0.7366643050633872 0.41727453694299876 0.0 0.15208413132504672 0.9043680947624968 0.7233725169045483 0.5386453089015717 0.8808756358791778 0.13458572716901618 0.7094718123172546 0.046419962814618354 0.38119371967435434 0.11093463581465168 0.21726740126081234 0.09671147150239978
0.155540706241036 0.432647519128019 0.0995257301011725 0.5756427824449788 0.33509695744245593 0.3825811670175626 0.24101733274107584 0.40371657573498654 0.4329611917298093 0.15208413132504672 0.0 0.009184463885647198 0.8203241845576715 0.8775187204862942 0.1957946980901598 0.8591599587171743 0.8586119477743623 0.7988025417440036 0.47345657134440167 0.909563483544922 0.6151728542062441 0.13179834080683184
0.1788899553897556 0.7331220695237739 0.27871607800907194 0.014297501292971693 3.760277668052314E-4 0.9917304291434211 0.7259373341623637 0.6116727144111824 0.6395820240435341 0.9043680947624968 0.009184463885647198 0.0 0.6908421018830926 0.6204507526013214 0.7480118963165667 0.9321508637899419 0.9568282477401936 0.7569319211875358 0.844226279171763 0.9796554419523748 0.04431301863386172 0.9874329446624237
0.04044736307237251 0.8223634178545699 0.2243350691412621 0.43863929159794157 0.9515339560952869 0.9294853253116535 0.3083779464053852 0.5676208557305794 0.04426663177725687 0.7233725169045483 0.8203241845576715 0.6908421018830926 0.0 0.9740995670903009 0.1265503593070122 0.776909763533883 0.11129915085218556 0.44183673012975133 0.6939897984957578 0.8168874077131244 0.6071774084647126 0.41192577077323667
0.013781483414344597 0.03818619766094933 0.398772979382611 0.31686637934509476 0.9864372597879311 0.9380965341839369 0.4562302619621297 0.5461254543434433 0.7352111534609864 0.5386453089015717 0.8775187204862942 0.6204507526013214 0.9740995670903009 0.0 0.4133100281638532 0.3267994885334663 0.5617782400483071 0.24733809377185823 0.4174900428514544 0.4000960230903824 0.9380323001456502 0.33425635643040974
0.9339637324367165 0.9319267626696172 0.7376539502413353 0.40158131373735184 0.5515038664553295 0.6871187722080146 0.1392720395494026 0.7204410995163034 0.02181890013530763 0.8808756358791778 0.1957946980901598 0.7480118963165667 0.1265503593070122 0.4133100281638532 0.0 0.8282479848803223 0.860114015638237 0.572320498147452 0.8877449046664403 0.555502477645659 0.012193958876561384 0.25237060640577014
0.5616186258296391 0.5047768180876981 0.2664051987654439 0.6807445392147876 0.6463318283587707 0.6530031586129802 0.4354035056776647 0.6388194937751245 0.05616186971141557 0.13458572716901618 0.8591599587171743 0.9321508637899419 0.776909763533883 0.3267994885334663 0.8282479848803223 0.0 0.7337549708983672 0.02846795147610981 0.20027107520188558 0.7205775137847771 0.3450826907793926 0.7114417791363191
0.6571745368774178 0.29855185915054816 0.5430340628189402 0.5319437387779273 0.6446113779373595 0.02267532448973608 0.8635306434104012 0.5794273725167906 0.5475299318903253 0.7094718123172546 0.8586119477743623 0.9568282477401936 0.11129915085218556 0.5617782400483071 0.860114015638237 0.7337549708983672 0.0 0.5671419673735465 0.4719182454196911 0.4723751605831963 0.42238022704622247 0.24670841689726863
0.1871975369501936 0.6116312287702548 0.7386788550648447 0.030645579951826152 0.8238036749291032 0.020605290643834206 0.11199541985297568 0.13485889366627812 0.42403374228362445 0.046419962814618354 0.7988025417440036 0.7569319211875358 0.44183673012975133 0.24733809377185823 0.572320498147452 0.02846795147610981 0.5671419673735465 0.0 0.7712969180575064 0.5560059406882627 0.6686490657167914 0.32685201133193476
0.19277882251897327 0.9425529863228703 0.5514622598425928 0.7481899992139115 0.9745448100017411 0.245353999869378 0.08891207592811456 0.2694228071258945 0.35110966997373017 0.38119371967435434 0.47345657134440167 0.844226279171763 0.6939897984957578 0.4174900428514544 0.8877449046664403 0.20027107520188558 0.4719182454196911 0.7712969180575064 0.0 0.4020689667683891 0.7306181926233418 0.4418738542066113
0.25179573701235025 0.7143929200291586 0.0014710141173248648 0.742487164077706 0.9407126529250563 0.411197112682799 0.44322914862460316 0.3883534862743987 0.2857155912822823 0.11093463581465168 0.909563483544922 0.9796554419523748 0.8168874077131244 0.4000960230903824 0.555502477645659 0.7205775137847771 0.4723751605831963 0.5560059406882627 0.4020689667683891 0.0 0.31319495128339847 0.27565796502090634
0.4864181267145091 0.8944188882717263 0.8666666250810874 0.8762122262374334 0.6771131057531447 0.11045795085223242 0.40733449901628427 0.061519813645913746 0.06636316760235494 0.21726740126081234 0.6151728542062441 0.04431301863386172 0.6071774084647126 0.9380323001456502 0.012193958876561384 0.3450826907793926 0.42238022704622247 0.6686490657167914 0.7306181926233418 0.31319495128339847 0.0 0.6413599148410135
0.018034329851061903 0.0018736341844426407 0.040934696323537856 0.03118727838979085 0.25002193237945414 0.9389650463596573 0.2291974448018942 0.7618762351283058 0.7977696749834499 0.09671147150239978 0.13179834080683184 0.9874329446624237 0.41192577077323667 0.33425635643040974 0.25237060640577014 0.7114417791363191 0.24670841689726863 0.32685201133193476 0.4418738542066113 0.27565796502090634 0.6413599148410135 0.0

# Optimal Walk
0 13 19 2 12 8 14 20 7 16 5 17 15 9 11 10 4 3 21 18 6 1 0
