# MCW Instance
# Type: UNIFORM
# N: 22
# Optimal cost: 1.8284719855862523
# Optimal tour (permutation): [0, 9, 6, 18, 1, 17, 7, 19, 20, 21, 13, 11, 4, 8, 2, 5, 16, 14, 10, 15, 12, 3, 0]
# Optimal walk (full path): [0, 9, 6, 9, 18, 1, 17, 7, 4, 19, 11, 20, 21, 13, 11, 19, 4, 8, 2, 5, 16, 14, 10, 15, 12, 3, 9, 0]
# Walk size: 28
# Is walk (has repeats): true

# Distance Matrix
0.0000000000 0.2286741762 0.8415682907 0.4520637344 0.8277825748 0.6807154053 0.7147071519 0.9350882606 0.7298494877 0.0143432836 0.9140579014 0.3346900753 0.8835737354 0.4764370968 0.8813840188 0.0601914470 0.1051050009 0.4215948790 0.7285318900 0.2506431292 0.6304604640 0.9538620946
0.2286741762 0.0000000000 0.1318346133 0.5488892383 0.6857409097 0.7404277509 0.5199206873 0.7988354735 0.3945900543 0.5781292928 0.4963638196 0.5949065142 0.7695094773 0.4352083735 0.8067750145 0.7699045058 0.5424307430 0.1136122805 0.0593516915 0.8459576454 0.6299855255 0.3812364450
0.8415682907 0.1318346133 0.0000000000 0.8385628803 0.1929738699 0.1002032863 0.4088552538 0.8135634240 0.1399916949 0.6099054714 0.6130903802 0.9360942684 0.5670464408 0.4158539573 0.5546167816 0.8470400326 0.5686470297 0.2277508482 0.3699085698 0.1664791710 0.6246846710 0.3674752740
0.4520637344 0.5488892383 0.8385628803 0.0000000000 0.3251780069 0.4289756768 0.3405716583 0.9264828074 0.4727632337 0.0440259678 0.2256349377 0.8720807992 0.0630709299 0.8109882323 0.1672655724 0.3433337284 0.3192825260 0.1984856367 0.2280519961 0.6986400459 0.4173835532 0.8101890250
0.8277825748 0.6857409097 0.1929738699 0.3251780069 0.0000000000 0.1441012967 0.2295621890 0.0306776208 0.2020486085 0.4349796377 0.8392801197 0.5957979176 0.4904582508 0.3491789018 0.3990776080 0.5363307406 0.9965002798 0.9637441108 0.9425599457 0.0405171746 0.5083321340 0.6326717224
0.6807154053 0.7404277509 0.1002032863 0.4289756768 0.1441012967 0.0000000000 0.3348406414 0.6311004503 0.6119413947 0.6359163063 0.5627235113 0.6882382526 0.9399081643 0.3193191024 0.3319459811 0.2905006442 0.1184797483 0.2354989761 0.2288384099 0.2243260476 0.6551747094 0.7967223130
0.7147071519 0.5199206873 0.4088552538 0.3405716583 0.2295621890 0.3348406414 0.0000000000 0.3062931051 0.7789090673 0.0022991762 0.7329955138 0.5877258878 0.9913455690 0.5561710675 0.2120999717 0.6477521600 0.3359620877 0.4075124252 0.8230160693 0.1245885822 0.4621082008 0.2453845190
0.9350882606 0.7988354735 0.8135634240 0.9264828074 0.0306776208 0.6311004503 0.3062931051 0.0000000000 0.7501592047 0.7467302482 0.4762916725 0.9352036686 0.3730776955 0.2152424114 0.4373885325 0.9407902682 0.2147386524 0.0730452179 0.1877608620 0.9410676104 0.6312545302 0.5138584581
0.7298494877 0.3945900543 0.1399916949 0.4727632337 0.2020486085 0.6119413947 0.7789090673 0.7501592047 0.0000000000 0.3784675850 0.7039408140 0.8868799081 0.9360126244 0.5633540863 0.5230506816 0.2903342878 0.9301216994 0.5346592044 0.2975108257 0.8819832885 0.3046522964 0.6518784938
0.0143432836 0.5781292928 0.6099054714 0.0440259678 0.4349796377 0.6359163063 0.0022991762 0.7467302482 0.3784675850 0.0000000000 0.6404011165 0.7561374737 0.6997121489 0.7759754285 0.2387038757 0.4787042820 0.3169210044 0.5626325843 0.0555339268 0.2176552286 0.3020152592 0.2910874411
0.9140579014 0.4963638196 0.6130903802 0.2256349377 0.8392801197 0.5627235113 0.7329955138 0.4762916725 0.7039408140 0.6404011165 0.0000000000 0.8649271888 0.1422471305 0.3568770003 0.1091983373 0.0401169864 0.3666625686 0.2289674224 0.5607379426 0.4781407972 0.2147115414 0.8286830677
0.3346900753 0.5949065142 0.9360942684 0.8720807992 0.5957979176 0.6882382526 0.5877258878 0.9352036686 0.8868799081 0.7561374737 0.8649271888 0.0000000000 0.5275131515 0.0367847893 0.8644626667 0.8589430993 0.2667617221 0.8842871621 0.4951488290 0.0063542168 0.0533778524 0.7178855355
0.8835737354 0.7695094773 0.5670464408 0.0630709299 0.4904582508 0.9399081643 0.9913455690 0.3730776955 0.9360126244 0.6997121489 0.1422471305 0.5275131515 0.0000000000 0.9034189474 0.9395895415 0.0468701335 0.8942076299 0.1819838610 0.5881561493 0.3945569274 0.1326685452 0.4609309477
0.4764370968 0.4352083735 0.4158539573 0.8109882323 0.3491789018 0.3193191024 0.5561710675 0.2152424114 0.5633540863 0.7759754285 0.3568770003 0.0367847893 0.9034189474 0.0000000000 0.4335157018 0.2553561334 0.6024520907 0.9004589394 0.8345610373 0.3826272693 0.8843176058 0.0935102613
0.8813840188 0.8067750145 0.5546167816 0.1672655724 0.3990776080 0.3319459811 0.2120999717 0.4373885325 0.5230506816 0.2387038757 0.1091983373 0.8644626667 0.9395895415 0.4335157018 0.0000000000 0.7307412766 0.1398759352 0.5103876902 0.7877558792 0.4186664505 0.3397318463 0.5282367511
0.0601914470 0.7699045058 0.8470400326 0.3433337284 0.5363307406 0.2905006442 0.6477521600 0.9407902682 0.2903342878 0.4787042820 0.0401169864 0.8589430993 0.0468701335 0.2553561334 0.7307412766 0.0000000000 0.3686128676 0.4818122305 0.0944635852 0.8100133892 0.8584526741 0.3679840583
0.1051050009 0.5424307430 0.5686470297 0.3192825260 0.9965002798 0.1184797483 0.3359620877 0.2147386524 0.9301216994 0.3169210044 0.3666625686 0.2667617221 0.8942076299 0.6024520907 0.1398759352 0.3686128676 0.0000000000 0.9453942600 0.6329950396 0.2818840084 0.5554891997 0.8989346270
0.4215948790 0.1136122805 0.2277508482 0.1984856367 0.9637441108 0.2354989761 0.4075124252 0.0730452179 0.5346592044 0.5626325843 0.2289674224 0.8842871621 0.1819838610 0.9004589394 0.5103876902 0.4818122305 0.9453942600 0.0000000000 0.3948861255 0.1229706934 0.7265042752 0.6385506321
0.7285318900 0.0593516915 0.3699085698 0.2280519961 0.9425599457 0.2288384099 0.8230160693 0.1877608620 0.2975108257 0.0555339268 0.5607379426 0.4951488290 0.5881561493 0.8345610373 0.7877558792 0.0944635852 0.6329950396 0.3948861255 0.0000000000 0.1953358257 0.2574720092 0.8749148335
0.2506431292 0.8459576454 0.1664791710 0.6986400459 0.0405171746 0.2243260476 0.1245885822 0.9410676104 0.8819832885 0.2176552286 0.4781407972 0.0063542168 0.3945569274 0.3826272693 0.4186664505 0.8100133892 0.2818840084 0.1229706934 0.1953358257 0.0000000000 0.1048353036 0.4145651837
0.6304604640 0.6299855255 0.6246846710 0.4173835532 0.5083321340 0.6551747094 0.4621082008 0.6312545302 0.3046522964 0.3020152592 0.2147115414 0.0533778524 0.1326685452 0.8843176058 0.3397318463 0.8584526741 0.5554891997 0.7265042752 0.2574720092 0.1048353036 0.0000000000 0.1816690147
0.9538620946 0.3812364450 0.3674752740 0.8101890250 0.6326717224 0.7967223130 0.2453845190 0.5138584581 0.6518784938 0.2910874411 0.8286830677 0.7178855355 0.4609309477 0.0935102613 0.5282367511 0.3679840583 0.8989346270 0.6385506321 0.8749148335 0.4145651837 0.1816690147 0.0000000000
