# MCW Instance
# Type: UNIFORM
# N: 22
# Optimal cost: 1.9755007602490904
# Optimal tour (permutation): [0, 9, 14, 13, 7, 12, 18, 11, 3, 1, 20, 8, 15, 2, 4, 21, 17, 5, 19, 16, 6, 10, 0]
# Optimal walk (full path): [0, 9, 14, 13, 7, 12, 18, 11, 1, 3, 1, 11, 20, 8, 15, 2, 15, 4, 5, 21, 5, 17, 5, 19, 16, 6, 10, 0]
# Walk size: 28
# Is walk (has repeats): true

# Distance Matrix
0.0000000000 0.7423795017 0.4191580136 0.2271353867 0.6277314853 0.2122472443 0.7572827700 0.1584364619 0.5120732786 0.0759749801 0.0650987455 0.3099182250 0.7721338763 0.6465640327 0.5465410170 0.7000225095 0.8245172566 0.6611390787 0.7938360467 0.6027090887 0.2347104327 0.9328162813
0.7423795017 0.0000000000 0.7035807992 0.0856884054 0.7944484104 0.7157986271 0.1435016598 0.1107735715 0.6475037954 0.1223522792 0.8816428754 0.0081500631 0.9058263346 0.3219186885 0.9078972448 0.5435876209 0.4567461500 0.9254694920 0.4272070656 0.9860955188 0.9519941918 0.9123122921
0.4191580136 0.7035807992 0.0000000000 0.4844262697 0.5532493444 0.2905818028 0.6919070794 0.3927496312 0.3623929637 0.2601211116 0.4098549329 0.8807783888 0.5481473529 0.3849561289 0.4050714740 0.1477061102 0.5201332010 0.4445143881 0.8042601838 0.8217723525 0.4295415339 0.5715773660
0.2271353867 0.0856884054 0.4844262697 0.0000000000 0.6001510193 0.1540460033 0.7891629802 0.3177073649 0.2015724917 0.6477639875 0.8487127442 0.5818574006 0.3662760149 0.7228655009 0.7657651269 0.8382296993 0.6315335256 0.9460253117 0.8323376629 0.6707377745 0.8428804886 0.8184045780
0.6277314853 0.7944484104 0.5532493444 0.6001510193 0.0000000000 0.0181420469 0.2239656753 0.1479783783 0.1065010328 0.8737449016 0.8143072457 0.8704218392 0.2258946417 0.4003586044 0.6100075075 0.0074177297 0.2433489947 0.8377087082 0.9851170033 0.7056145753 0.6496429162 0.4474007519
0.2122472443 0.7157986271 0.2905818028 0.1540460033 0.0181420469 0.0000000000 0.8799092206 0.9609623548 0.1736701865 0.2764366215 0.2591000728 0.9613346287 0.5577600832 0.5740061284 0.5492478607 0.9447460625 0.3948352288 0.0044070940 0.7580007200 0.1813501467 0.8399369567 0.0499229056
0.7572827700 0.1435016598 0.6919070794 0.7891629802 0.2239656753 0.8799092206 0.0000000000 0.8303979597 0.7040036039 0.2518131681 0.0297136108 0.6812206069 0.7100353389 0.5946769827 0.9742530776 0.2574256869 0.1359594214 0.7359090698 0.1895711800 0.9309875595 0.7672233203 0.6123904544
0.1584364619 0.1107735715 0.3927496312 0.3177073649 0.1479783783 0.9609623548 0.8303979597 0.0000000000 0.7215364949 0.5000089307 0.3866837535 0.6063164255 0.0876419542 0.0847533205 0.8883545789 0.3707567378 0.5822318462 0.2452893494 0.9870723631 0.7758907849 0.1808357166 0.7187267209
0.5120732786 0.6475037954 0.3623929637 0.2015724917 0.1065010328 0.1736701865 0.7040036039 0.7215364949 0.0000000000 0.1400769418 0.6087609375 0.5702508671 0.2765629388 0.5631059190 0.1525509770 0.1132418349 0.3364481152 0.7714534666 0.7958109948 0.6202020445 0.1277152533 0.9055454831
0.0759749801 0.1223522792 0.2601211116 0.6477639875 0.8737449016 0.2764366215 0.2518131681 0.5000089307 0.1400769418 0.0000000000 0.3777137420 0.6448487812 0.4063117731 0.2109345875 0.0623417304 0.6470000459 0.9423073438 0.4342202636 0.1531685953 0.7727075015 0.2619421864 0.5692505775
0.0650987455 0.8816428754 0.4098549329 0.8487127442 0.8143072457 0.2591000728 0.0297136108 0.3866837535 0.6087609375 0.3777137420 0.0000000000 0.4083118587 0.1904970887 0.4162189875 0.3420639416 0.0977987044 0.8921948743 0.8693306324 0.0583806780 0.2560003168 0.6177925454 0.9527552081
0.3099182250 0.0081500631 0.8807783888 0.5818574006 0.8704218392 0.9613346287 0.6812206069 0.6063164255 0.5702508671 0.6448487812 0.4083118587 0.0000000000 0.9540556801 0.3255541932 0.0960335034 0.7146382875 0.9867552039 0.6635082844 0.1058769795 0.4091224429 0.0862222807 0.1860843606
0.7721338763 0.9058263346 0.5481473529 0.3662760149 0.2258946417 0.5577600832 0.7100353389 0.0876419542 0.2765629388 0.4063117731 0.1904970887 0.9540556801 0.0000000000 0.9587241839 0.3165719733 0.2408467581 0.7653728574 0.8772670923 0.0631806329 0.4398576175 0.8594344764 0.4040471124
0.6465640327 0.3219186885 0.3849561289 0.7228655009 0.4003586044 0.5740061284 0.5946769827 0.0847533205 0.5631059190 0.2109345875 0.4162189875 0.3255541932 0.9587241839 0.0000000000 0.1172390875 0.4133068728 0.2566988792 0.4112872913 0.6793773759 0.3161155088 0.7462141253 0.5032882636
0.5465410170 0.9078972448 0.4050714740 0.7657651269 0.6100075075 0.5492478607 0.9742530776 0.8883545789 0.1525509770 0.0623417304 0.3420639416 0.0960335034 0.3165719733 0.1172390875 0.0000000000 0.7553876323 0.9878042619 0.9872150777 0.6036549059 0.8027704400 0.1861324471 0.8446427685
0.7000225095 0.5435876209 0.1477061102 0.8382296993 0.0074177297 0.9447460625 0.2574256869 0.3707567378 0.1132418349 0.6470000459 0.0977987044 0.7146382875 0.2408467581 0.4133068728 0.7553876323 0.0000000000 0.3018470874 0.9759378539 0.2407210696 0.9816607813 0.0970244986 0.6600450543
0.8245172566 0.4567461500 0.5201332010 0.6315335256 0.2433489947 0.3948352288 0.1359594214 0.5822318462 0.3364481152 0.9423073438 0.8921948743 0.9867552039 0.7653728574 0.2566988792 0.9878042619 0.3018470874 0.0000000000 0.9018363848 0.5558790859 0.0218818488 0.6797115489 0.7698632485
0.6611390787 0.9254694920 0.4445143881 0.9460253117 0.8377087082 0.0044070940 0.7359090698 0.2452893494 0.7714534666 0.4342202636 0.8693306324 0.6635082844 0.8772670923 0.4112872913 0.9872150777 0.9759378539 0.9018363848 0.0000000000 0.4529093403 0.2551481109 0.2964319236 0.5825977497
0.7938360467 0.4272070656 0.8042601838 0.8323376629 0.9851170033 0.7580007200 0.1895711800 0.9870723631 0.7958109948 0.1531685953 0.0583806780 0.1058769795 0.0631806329 0.6793773759 0.6036549059 0.2407210696 0.5558790859 0.4529093403 0.0000000000 0.6090402216 0.2386486858 0.8672654228
0.6027090887 0.9860955188 0.8217723525 0.6707377745 0.7056145753 0.1813501467 0.9309875595 0.7758907849 0.6202020445 0.7727075015 0.2560003168 0.4091224429 0.4398576175 0.3161155088 0.8027704400 0.9816607813 0.0218818488 0.2551481109 0.6090402216 0.0000000000 0.8103412939 0.6242348754
0.2347104327 0.9519941918 0.4295415339 0.8428804886 0.6496429162 0.8399369567 0.7672233203 0.1808357166 0.1277152533 0.2619421864 0.6177925454 0.0862222807 0.8594344764 0.7462141253 0.1861324471 0.0970244986 0.6797115489 0.2964319236 0.2386486858 0.8103412939 0.0000000000 0.5033074685
0.9328162813 0.9123122921 0.5715773660 0.8184045780 0.4474007519 0.0499229056 0.6123904544 0.7187267209 0.9055454831 0.5692505775 0.9527552081 0.1860843606 0.4040471124 0.5032882636 0.8446427685 0.6600450543 0.7698632485 0.5825977497 0.8672654228 0.6242348754 0.5033074685 0.0000000000
