# Graph size: 22
# Optimal cost: 1.7344975804496214

# Distance Matrix
0.0 0.500313612344687 0.6472955998463168 0.4161233085432422 0.3016390827444869 0.06265033640813866 0.6945502670750461 0.5556751441628427 0.886463408782635 0.8274059773005613 0.9856105758281716 0.2629689555284368 0.08767645868293739 0.6830407158498881 0.27908641306857784 0.2530760189907372 0.10905087915052802 0.47191256839521467 0.19620463234924312 0.19930247679028645 0.6684284796907123 0.958473738957246
0.500313612344687 0.0 0.15113797438609988 0.24714311823350144 0.3725076160243962 0.8250860648944827 0.8869332785562504 0.45064548201729204 0.31431062700492185 0.11028139988371843 0.12683538665317695 0.7379037855540003 0.8020533620769711 0.8333938096658956 0.906466644941129 0.35712931701302064 0.8244275023803707 0.15984195931572764 0.7392365314515054 0.8807205811512432 0.5848462726126228 0.35294228424432095
0.6472955998463168 0.15113797438609988 0.0 0.8855196012933982 0.7519826112467262 0.19599198446832367 0.9309840765425245 0.6455541883281088 0.047621787683297945 0.41604408641736024 0.9024001344033966 0.7766782477148823 0.5988690170628621 0.129254846441757 0.6872177028590892 0.8474329666187868 0.8650603284551803 0.12607860989049235 0.34957592667460247 0.5842286541304897 0.9857312213398197 0.6218507522103129
0.4161233085432422 0.24714311823350144 0.8855196012933982 0.0 0.06394794095825218 0.04068158693158341 0.25075690485321467 0.8680498285445835 0.3168070136961997 0.7253944576109415 0.8227975674332485 0.15646713343875218 0.2058278700773014 0.6608672203263605 0.9222842515174138 0.4941459487844666 0.34031565158098054 0.7143892748975335 0.8424075842611285 0.23574191686618806 0.2694069662384011 0.4411776581786928
0.3016390827444869 0.3725076160243962 0.7519826112467262 0.06394794095825218 0.0 0.1000479362537613 0.9999956020955637 0.06868860562402934 0.11069039788379798 0.748312484694472 0.26829661159047435 0.7012311396998306 0.5489579537089446 0.37732068513433337 0.16585831338659918 0.0356366632109163 0.9229398561040184 0.6121070865730133 0.059810867376064225 0.9515505942742754 0.617327643440873 0.9799859801621066
0.06265033640813866 0.8250860648944827 0.19599198446832367 0.04068158693158341 0.1000479362537613 0.0 0.7735596518814709 0.7921900592795287 0.9098792916317167 0.8644494792800869 0.4130448124840357 0.5337919404131092 0.2382846158759101 0.8886475746722644 0.028077322767558477 0.43348619594305826 0.46972457397587997 0.47872419629205754 0.5907153491378255 0.5899506996576763 0.7337022646386927 0.5457608601113624
0.6945502670750461 0.8869332785562504 0.9309840765425245 0.25075690485321467 0.9999956020955637 0.7735596518814709 0.0 0.06268429762026562 0.8053060863104405 0.059386816444881196 0.19480577543004585 0.6451327076727877 0.3720604609931589 0.2706257922143155 0.1204423791888759 0.6565553386686251 0.9255152112077736 0.334945699214117 0.8805785938891844 0.8685035939453096 0.29989492356358394 0.6372741599718436
0.5556751441628427 0.45064548201729204 0.6455541883281088 0.8680498285445835 0.06868860562402934 0.7921900592795287 0.06268429762026562 0.0 0.5536140225395206 0.5437431862851181 0.4055658372351977 0.45478154450048236 0.3788692413749579 0.86780694047696 0.5050591086352997 0.24615381136488323 0.8561377792077746 0.942430682808147 0.9072162538947669 0.23677230985002662 0.43744778780844007 0.018148782173916356
0.886463408782635 0.31431062700492185 0.047621787683297945 0.3168070136961997 0.11069039788379798 0.9098792916317167 0.8053060863104405 0.5536140225395206 0.0 0.021626072125022433 0.18069052244271533 0.38259749613660565 0.1833648264088339 0.9196238664650852 0.11096175867739211 0.5697541567759156 0.29850236395469254 0.03347511000713921 0.3517855140133689 0.053383941654926326 0.5663794378925158 0.39196772901810684
0.8274059773005613 0.11028139988371843 0.41604408641736024 0.7253944576109415 0.748312484694472 0.8644494792800869 0.059386816444881196 0.5437431862851181 0.021626072125022433 0.0 0.05910511562441512 0.944005760019026 0.7637396956526114 0.8384880039832061 0.0807021423392369 0.7477392034626877 0.823912277684415 0.00675749150677829 0.9824984137224246 0.6483429245158925 0.15686092229636328 0.43975938168471373
0.9856105758281716 0.12683538665317695 0.9024001344033966 0.8227975674332485 0.26829661159047435 0.4130448124840357 0.19480577543004585 0.4055658372351977 0.18069052244271533 0.05910511562441512 0.0 0.6746894144653235 0.3404169321749705 0.8204231543288276 0.12898429316485627 0.1894976993645866 0.9296679321732249 0.415327672981031 0.9239775078240617 0.8117485631043345 0.10461445347340304 0.3666191374227872
0.2629689555284368 0.7379037855540003 0.7766782477148823 0.15646713343875218 0.7012311396998306 0.5337919404131092 0.6451327076727877 0.45478154450048236 0.38259749613660565 0.944005760019026 0.6746894144653235 0.0 0.7162704047842252 0.9441345181396676 0.25383427073509957 0.07540664467421332 0.03713166252119904 0.8009489346292822 0.45383328227800934 0.27739306613625936 0.7251735916953049 0.26723378047834
0.08767645868293739 0.8020533620769711 0.5988690170628621 0.2058278700773014 0.5489579537089446 0.2382846158759101 0.3720604609931589 0.3788692413749579 0.1833648264088339 0.7637396956526114 0.3404169321749705 0.7162704047842252 0.0 0.28484234061150826 0.8284297555329811 0.6177025796830646 0.034699507054204215 0.24532383101981636 0.052381816417114924 0.7988024263211655 0.4314404674163047 0.13069750842720118
0.6830407158498881 0.8333938096658956 0.129254846441757 0.6608672203263605 0.37732068513433337 0.8886475746722644 0.2706257922143155 0.86780694047696 0.9196238664650852 0.8384880039832061 0.8204231543288276 0.9441345181396676 0.28484234061150826 0.0 0.7328769229106229 0.7974919004976115 0.1993820754868283 0.11777104659299864 0.8080503764719025 0.27089912562796736 0.8415609699515506 0.45358725118282917
0.27908641306857784 0.906466644941129 0.6872177028590892 0.9222842515174138 0.16585831338659918 0.028077322767558477 0.1204423791888759 0.5050591086352997 0.11096175867739211 0.0807021423392369 0.12898429316485627 0.25383427073509957 0.8284297555329811 0.7328769229106229 0.0 0.836188076300394 0.1302470329631591 0.06075266780294364 0.5858770586395354 0.34020802225731583 0.7715455686476389 0.24162599168660315
0.2530760189907372 0.35712931701302064 0.8474329666187868 0.4941459487844666 0.0356366632109163 0.43348619594305826 0.6565553386686251 0.24615381136488323 0.5697541567759156 0.7477392034626877 0.1894976993645866 0.07540664467421332 0.6177025796830646 0.7974919004976115 0.836188076300394 0.0 0.2920332147736828 0.21021009531677992 0.05823785680259663 0.8905171609710844 0.8644968063353555 0.44586293314602177
0.10905087915052802 0.8244275023803707 0.8650603284551803 0.34031565158098054 0.9229398561040184 0.46972457397587997 0.9255152112077736 0.8561377792077746 0.29850236395469254 0.823912277684415 0.9296679321732249 0.03713166252119904 0.034699507054204215 0.1993820754868283 0.1302470329631591 0.2920332147736828 0.0 0.9696494791773431 0.4400805921662435 0.6926747444935171 0.6541856182376121 0.37694110588963947
0.47191256839521467 0.15984195931572764 0.12607860989049235 0.7143892748975335 0.6121070865730133 0.47872419629205754 0.334945699214117 0.942430682808147 0.03347511000713921 0.00675749150677829 0.415327672981031 0.8009489346292822 0.24532383101981636 0.11777104659299864 0.06075266780294364 0.21021009531677992 0.9696494791773431 0.0 0.8504875639197393 0.6449834341361015 0.8833214128418712 0.2373663766775791
0.19620463234924312 0.7392365314515054 0.34957592667460247 0.8424075842611285 0.059810867376064225 0.5907153491378255 0.8805785938891844 0.9072162538947669 0.3517855140133689 0.9824984137224246 0.9239775078240617 0.45383328227800934 0.052381816417114924 0.8080503764719025 0.5858770586395354 0.05823785680259663 0.4400805921662435 0.8504875639197393 0.0 0.9945080994358769 0.49933997203908054 0.5691892398441942
0.19930247679028645 0.8807205811512432 0.5842286541304897 0.23574191686618806 0.9515505942742754 0.5899506996576763 0.8685035939453096 0.23677230985002662 0.053383941654926326 0.6483429245158925 0.8117485631043345 0.27739306613625936 0.7988024263211655 0.27089912562796736 0.34020802225731583 0.8905171609710844 0.6926747444935171 0.6449834341361015 0.9945080994358769 0.0 0.6079890239988511 0.9007250193320789
0.6684284796907123 0.5848462726126228 0.9857312213398197 0.2694069662384011 0.617327643440873 0.7337022646386927 0.29989492356358394 0.43744778780844007 0.5663794378925158 0.15686092229636328 0.10461445347340304 0.7251735916953049 0.4314404674163047 0.8415609699515506 0.7715455686476389 0.8644968063353555 0.6541856182376121 0.8833214128418712 0.49933997203908054 0.6079890239988511 0.0 0.2963991628811681
0.958473738957246 0.35294228424432095 0.6218507522103129 0.4411776581786928 0.9799859801621066 0.5457608601113624 0.6372741599718436 0.018148782173916356 0.39196772901810684 0.43975938168471373 0.3666191374227872 0.26723378047834 0.13069750842720118 0.45358725118282917 0.24162599168660315 0.44586293314602177 0.37694110588963947 0.2373663766775791 0.5691892398441942 0.9007250193320789 0.2963991628811681 0.0

# Optimal Walk
0 12 16 11 15 18 4 21 7 6 9 20 10 1 8 19 2 13 17 14 3 5 0
