# MCW Instance
# Type: UNIFORM
# N: 22
# Optimal cost: 1.878496922839965
# Optimal tour (permutation): [0, 4, 1, 20, 13, 17, 16, 6, 3, 18, 9, 8, 21, 11, 19, 10, 14, 12, 7, 15, 5, 2, 0]
# Optimal walk (full path): [0, 2, 4, 1, 20, 13, 17, 16, 6, 3, 18, 9, 8, 11, 21, 11, 10, 19, 10, 14, 7, 12, 7, 15, 5, 2, 0]
# Walk size: 27
# Is walk (has repeats): true

# Distance Matrix
0.0000000000 0.9904832606 0.0246964128 0.9110624583 0.9463083041 0.1201387523 0.3301861352 0.8287015620 0.3676281642 0.5094776904 0.2473803771 0.8229505047 0.8772472253 0.2001984197 0.6236779912 0.6747318456 0.7252530655 0.5010061207 0.7919487736 0.7166773117 0.4726261729 0.8655466636
0.9904832606 0.0000000000 0.9515317216 0.3807360737 0.0545048801 0.6808027516 0.9314743886 0.4187115976 0.1987291680 0.8739419083 0.1280363336 0.5362365174 0.6562370157 0.1059574555 0.2453930795 0.5566709097 0.6774256496 0.4620451049 0.8366418734 0.3886361704 0.1773795167 0.9715092648
0.0246964128 0.9515317216 0.0000000000 0.5416237305 0.0093730789 0.0729054649 0.9940948068 0.3487408964 0.3958397311 0.3456049333 0.4949918349 0.1698627779 0.8364406334 0.4877521465 0.4973618705 0.5105773433 0.3385058590 0.1215356864 0.5490865812 0.0424591443 0.9101148737 0.7472609711
0.9110624583 0.3807360737 0.5416237305 0.0000000000 0.8695402337 0.4396891915 0.3395869233 0.7723991453 0.9525401605 0.9292759930 0.7219355831 0.2009077123 0.7932299886 0.6222909451 0.3888127369 0.6210368645 0.5795022547 0.8429456554 0.0869426647 0.4198747405 0.6426690162 0.3530024293
0.9463083041 0.0545048801 0.0093730789 0.8695402337 0.0000000000 0.2197743500 0.4741738954 0.6974399483 0.5809237627 0.7180561796 0.9195402250 0.9178693479 0.7083299463 0.6372641196 0.9838546680 0.1937852459 0.7407490018 0.8932906521 0.2858372482 0.9913146306 0.4953061302 0.6425285122
0.1201387523 0.6808027516 0.0729054649 0.4396891915 0.2197743500 0.0000000000 0.4459517250 0.6014714927 0.7749146981 0.6884601674 0.3343886393 0.2023747518 0.8666947446 0.9540895633 0.7896532146 0.0835154440 0.9017583996 0.4980305548 0.1813238962 0.5845941712 0.5441667550 0.7717916666
0.3301861352 0.9314743886 0.9940948068 0.3395869233 0.4741738954 0.4459517250 0.0000000000 0.7618359822 0.7868007108 0.9387758052 0.8167746073 0.3546846692 0.7610099317 0.8408536999 0.8817294924 0.5602298200 0.2252194242 0.3747653551 0.5048869635 0.3253246879 0.7926557289 0.9246848530
0.8287015620 0.4187115976 0.3487408964 0.7723991453 0.6974399483 0.6014714927 0.7618359822 0.0000000000 0.4497136980 0.4192796734 0.6023278525 0.2472094900 0.0092144799 0.0862106736 0.0154081950 0.0139143242 0.1009302970 0.9026118652 0.2336724638 0.6412990671 0.2632588592 0.6590303047
0.3676281642 0.1987291680 0.3958397311 0.9525401605 0.5809237627 0.7749146981 0.7868007108 0.4497136980 0.0000000000 0.1503319030 0.4462442729 0.1334502562 0.9060104132 0.4789427269 0.8770069945 0.2386072047 0.6570136943 0.2226789586 0.8129506571 0.9632454441 0.6248100462 0.8441067340
0.5094776904 0.8739419083 0.3456049333 0.9292759930 0.7180561796 0.6884601674 0.9387758052 0.4192796734 0.1503319030 0.0000000000 0.7006176814 0.3704473363 0.2828742781 0.0746996767 0.5994176678 0.1483670616 0.9896118068 0.1636860485 0.0471179120 0.3298235594 0.3907758459 0.5074207090
0.2473803771 0.1280363336 0.4949918349 0.7219355831 0.9195402250 0.3343886393 0.8167746073 0.6023278525 0.4462442729 0.7006176814 0.0000000000 0.0234869544 0.5899430303 0.3242278092 0.0233258848 0.1898561658 0.8652896840 0.4912314884 0.3365464123 0.0130283018 0.7576504597 0.2297610342
0.8229505047 0.5362365174 0.1698627779 0.2009077123 0.9178693479 0.2023747518 0.3546846692 0.2472094900 0.1334502562 0.3704473363 0.0234869544 0.0000000000 0.8328170454 0.3438760135 0.6866149491 0.8278409771 0.8976402789 0.5141374878 0.0373194233 0.9487268995 0.2097257006 0.0393301571
0.8772472253 0.6562370157 0.8364406334 0.7932299886 0.7083299463 0.8666947446 0.7610099317 0.0092144799 0.9060104132 0.2828742781 0.5899430303 0.8328170454 0.0000000000 0.6131997018 0.9047728928 0.7857422100 0.5713680165 0.5483243823 0.7131224652 0.5837873371 0.8313813475 0.4598566725
0.2001984197 0.1059574555 0.4877521465 0.6222909451 0.6372641196 0.9540895633 0.8408536999 0.0862106736 0.4789427269 0.0746996767 0.3242278092 0.3438760135 0.6131997018 0.0000000000 0.0938974609 0.8645782086 0.8714027326 0.0284193431 0.8303494688 0.1822211942 0.1629962187 0.3826141507
0.6236779912 0.2453930795 0.4973618705 0.3888127369 0.9838546680 0.7896532146 0.8817294924 0.0154081950 0.8770069945 0.5994176678 0.0233258848 0.6866149491 0.9047728928 0.0938974609 0.0000000000 0.2004765811 0.8305184745 0.6915715587 0.6336733201 0.5108979229 0.8061211631 0.4470385913
0.6747318456 0.5566709097 0.5105773433 0.6210368645 0.1937852459 0.0835154440 0.5602298200 0.0139143242 0.2386072047 0.1483670616 0.1898561658 0.8278409771 0.7857422100 0.8645782086 0.2004765811 0.0000000000 0.6571976270 0.1163173154 0.8664404533 0.4446218144 0.7511619584 0.6916960577
0.7252530655 0.6774256496 0.3385058590 0.5795022547 0.7407490018 0.9017583996 0.2252194242 0.1009302970 0.6570136943 0.9896118068 0.8652896840 0.8976402789 0.5713680165 0.8714027326 0.8305184745 0.6571976270 0.0000000000 0.0580798316 0.6840682643 0.1128456014 0.9392948815 0.1706527126
0.5010061207 0.4620451049 0.1215356864 0.8429456554 0.8932906521 0.4980305548 0.3747653551 0.9026118652 0.2226789586 0.1636860485 0.4912314884 0.5141374878 0.5483243823 0.0284193431 0.6915715587 0.1163173154 0.0580798316 0.0000000000 0.2611470381 0.1720717759 0.3590329034 0.9312015543
0.7919487736 0.8366418734 0.5490865812 0.0869426647 0.2858372482 0.1813238962 0.5048869635 0.2336724638 0.8129506571 0.0471179120 0.3365464123 0.0373194233 0.7131224652 0.8303494688 0.6336733201 0.8664404533 0.6840682643 0.2611470381 0.0000000000 0.1822516155 0.6941163246 0.1881516175
0.7166773117 0.3886361704 0.0424591443 0.4198747405 0.9913146306 0.5845941712 0.3253246879 0.6412990671 0.9632454441 0.3298235594 0.0130283018 0.9487268995 0.5837873371 0.1822211942 0.5108979229 0.4446218144 0.1128456014 0.1720717759 0.1822516155 0.0000000000 0.3960363088 0.3010810470
0.4726261729 0.1773795167 0.9101148737 0.6426690162 0.4953061302 0.5441667550 0.7926557289 0.2632588592 0.6248100462 0.3907758459 0.7576504597 0.2097257006 0.8313813475 0.1629962187 0.8061211631 0.7511619584 0.9392948815 0.3590329034 0.6941163246 0.3960363088 0.0000000000 0.2228734087
0.8655466636 0.9715092648 0.7472609711 0.3530024293 0.6425285122 0.7717916666 0.9246848530 0.6590303047 0.8441067340 0.5074207090 0.2297610342 0.0393301571 0.4598566725 0.3826141507 0.4470385913 0.6916960577 0.1706527126 0.9312015543 0.1881516175 0.3010810470 0.2228734087 0.0000000000
