# MCW Instance
# Type: UNIFORM
# N: 22
# Optimal cost: 1.7063805894921553
# Optimal tour (permutation): [0, 10, 4, 6, 1, 14, 9, 20, 12, 2, 18, 17, 21, 13, 7, 11, 3, 19, 5, 16, 15, 8, 0]
# Optimal walk (full path): [0, 10, 4, 6, 1, 14, 9, 2, 12, 20, 12, 2, 9, 18, 17, 11, 21, 11, 7, 13, 7, 11, 3, 11, 19, 5, 19, 11, 16, 15, 16, 8, 0]
# Walk size: 33
# Is walk (has repeats): true

# Distance Matrix
0.0000000000 0.6093917187 0.1739551729 0.8598048169 0.3707289824 0.9755557597 0.5734116533 0.7225302319 0.0510246410 0.0559083069 0.0655812740 0.1910704259 0.1243195286 0.9506088048 0.1453553335 0.2202797785 0.5457341004 0.9406099821 0.9400925315 0.2182818687 0.6450735779 0.1133518857
0.6093917187 0.0000000000 0.3718055544 0.4613983039 0.5993255573 0.7560808918 0.0395864474 0.9451744814 0.1040489918 0.7953883223 0.2778675696 0.8373046034 0.1059902790 0.4062907004 0.0424041325 0.8086094064 0.5461753075 0.5401491954 0.5034034066 0.9098216461 0.6808910037 0.5279533501
0.1739551729 0.3718055544 0.0000000000 0.4840145626 0.3347862958 0.6973836658 0.1039700779 0.1724327227 0.3647832261 0.0217656687 0.1644857632 0.8571588628 0.0240328175 0.9285358973 0.3273458997 0.7874973175 0.4930453245 0.8042836318 0.8902229992 0.6451612233 0.1243271368 0.6925593678
0.8598048169 0.4613983039 0.4840145626 0.0000000000 0.0990204070 0.5278949588 0.9840585926 0.5525605046 0.7325460101 0.7923125767 0.2037092263 0.0011934269 0.8855662660 0.5806893325 0.0671580072 0.1762379569 0.4895781134 0.3652332140 0.6817380200 0.7577540955 0.5491120570 0.3834020492
0.3707289824 0.5993255573 0.3347862958 0.0990204070 0.0000000000 0.2857261297 0.1155347963 0.2911068087 0.4091207457 0.7301499268 0.0123230244 0.4258727083 0.9072929608 0.4393861192 0.2856752426 0.5003866638 0.2527893695 0.2028753554 0.4557669798 0.8881392199 0.3601351871 0.4793808773
0.9755557597 0.7560808918 0.6973836658 0.5278949588 0.2857261297 0.0000000000 0.2621013049 0.3044799640 0.7664071993 0.5055693997 0.7189941173 0.8623842191 0.9373910395 0.3922943046 0.3978746378 0.5907912136 0.3258372849 0.5648129705 0.2938534869 0.0261393417 0.5006949522 0.3572712612
0.5734116533 0.0395864474 0.1039700779 0.9840585926 0.1155347963 0.2621013049 0.0000000000 0.8146749248 0.9574516849 0.4874891710 0.3071404263 0.1420836077 0.6563010297 0.3125499269 0.7118921608 0.4588005456 0.9552102614 0.6275866632 0.3080503841 0.3087168584 0.3515206592 0.2061435349
0.7225302319 0.9451744814 0.1724327227 0.5525605046 0.2911068087 0.3044799640 0.8146749248 0.0000000000 0.5118587677 0.6635780476 0.9084870448 0.0497586287 0.5211554124 0.1063455144 0.1013354931 0.8191898113 0.7196471023 0.9095863485 0.9132456219 0.3148586227 0.2476273242 0.6866558898
0.0510246410 0.1040489918 0.3647832261 0.7325460101 0.4091207457 0.7664071993 0.9574516849 0.5118587677 0.0000000000 0.4246964376 0.7707032423 0.3072840203 0.7241024210 0.8593405744 0.7969198218 0.7560940638 0.0656368216 0.5505492700 0.9096112604 0.8084035397 0.9111741863 0.5749961939
0.0559083069 0.7953883223 0.0217656687 0.7923125767 0.7301499268 0.5055693997 0.4874891710 0.6635780476 0.4246964376 0.0000000000 0.7191514331 0.2131444506 0.9188687550 0.8631251148 0.0141112195 0.1047391612 0.5537271816 0.4410730067 0.1738829782 0.8345972117 0.7132995412 0.0845967530
0.0655812740 0.2778675696 0.1644857632 0.2037092263 0.0123230244 0.7189941173 0.3071404263 0.9084870448 0.7707032423 0.7191514331 0.0000000000 0.5706782271 0.4822084727 0.4791111952 0.0727778855 0.8803624210 0.4176902926 0.9919133608 0.9177568793 0.5116303927 0.2417463507 0.1294930866
0.1910704259 0.8373046034 0.8571588628 0.0011934269 0.4258727083 0.8623842191 0.1420836077 0.0497586287 0.3072840203 0.2131444506 0.5706782271 0.0000000000 0.9164744800 0.6843145601 0.6643469895 0.8776990122 0.1213746437 0.0401570294 0.4000429511 0.0285018883 0.8592498670 0.0531661242
0.1243195286 0.1059902790 0.0240328175 0.8855662660 0.9072929608 0.9373910395 0.6563010297 0.5211554124 0.7241024210 0.9188687550 0.4822084727 0.9164744800 0.0000000000 0.9556747194 0.1133236588 0.2408864960 0.9217168215 0.2653426021 0.2855329635 0.1988938503 0.0708433574 0.4878532195
0.9506088048 0.4062907004 0.9285358973 0.5806893325 0.4393861192 0.3922943046 0.3125499269 0.1063455144 0.8593405744 0.8631251148 0.4791111952 0.6843145601 0.9556747194 0.0000000000 0.2029185325 0.4670779618 0.8707117561 0.9234601871 0.8291167150 0.5719470550 0.6860487797 0.9295681326
0.1453553335 0.0424041325 0.3273458997 0.0671580072 0.2856752426 0.3978746378 0.7118921608 0.1013354931 0.7969198218 0.0141112195 0.0727778855 0.6643469895 0.1133236588 0.2029185325 0.0000000000 0.4723825032 0.3454122686 0.9113430939 0.9191708682 0.3107586410 0.6874742380 0.2179231400
0.2202797785 0.8086094064 0.7874973175 0.1762379569 0.5003866638 0.5907912136 0.4588005456 0.8191898113 0.7560940638 0.1047391612 0.8803624210 0.8776990122 0.2408864960 0.4670779618 0.4723825032 0.0000000000 0.0111460020 0.1146101678 0.3086621637 0.8415558846 0.6681297162 0.8706570000
0.5457341004 0.5461753075 0.4930453245 0.4895781134 0.2527893695 0.3258372849 0.9552102614 0.7196471023 0.0656368216 0.5537271816 0.4176902926 0.1213746437 0.9217168215 0.8707117561 0.3454122686 0.0111460020 0.0000000000 0.9642188056 0.3729989118 0.7055474760 0.5360504498 0.2555013686
0.9406099821 0.5401491954 0.8042836318 0.3652332140 0.2028753554 0.5648129705 0.6275866632 0.9095863485 0.5505492700 0.4410730067 0.9919133608 0.0401570294 0.2653426021 0.9234601871 0.9113430939 0.1146101678 0.9642188056 0.0000000000 0.1789780418 0.3844773293 0.2067038460 0.4187949653
0.9400925315 0.5034034066 0.8902229992 0.6817380200 0.4557669798 0.2938534869 0.3080503841 0.9132456219 0.9096112604 0.1738829782 0.9177568793 0.4000429511 0.2855329635 0.8291167150 0.9191708682 0.3086621637 0.3729989118 0.1789780418 0.0000000000 0.2773514602 0.9113745434 0.5710018342
0.2182818687 0.9098216461 0.6451612233 0.7577540955 0.8881392199 0.0261393417 0.3087168584 0.3148586227 0.8084035397 0.8345972117 0.5116303927 0.0285018883 0.1988938503 0.5719470550 0.3107586410 0.8415558846 0.7055474760 0.3844773293 0.2773514602 0.0000000000 0.6477115280 0.2177601918
0.6450735779 0.6808910037 0.1243271368 0.5491120570 0.3601351871 0.5006949522 0.3515206592 0.2476273242 0.9111741863 0.7132995412 0.2417463507 0.8592498670 0.0708433574 0.6860487797 0.6874742380 0.6681297162 0.5360504498 0.2067038460 0.9113745434 0.6477115280 0.0000000000 0.5592877609
0.1133518857 0.5279533501 0.6925593678 0.3834020492 0.4793808773 0.3572712612 0.2061435349 0.6866558898 0.5749961939 0.0845967530 0.1294930866 0.0531661242 0.4878532195 0.9295681326 0.2179231400 0.8706570000 0.2555013686 0.4187949653 0.5710018342 0.2177601918 0.5592877609 0.0000000000
