# Graph size: 22
# Optimal cost: 1.1020711245301702

# Distance Matrix
0.0 0.210426877375108 0.12424789446036921 0.668698031819834 0.7307010847171324 0.8315726432283591 0.0225496268157106 0.8084206612063426 0.6370991031216641 0.48714593975912923 0.6298852154157205 0.9399255558050452 0.6820795955643472 0.9311487474120249 0.7634979077665754 0.4492435688725124 0.050578431874256036 0.0784930474394453 0.5093292104540843 0.355985895654257 0.4564135184474337 0.21100015096528635
0.210426877375108 0.0 0.8972956247664542 0.11347913166329948 0.189365185724497 0.6345572713584084 0.9114892839755117 0.9806783658243928 0.9514195044986774 0.4546987429814511 0.10144592686870224 0.23908266530326117 0.6238061452442174 0.9201050585829134 0.6944133838639397 0.5757280624428959 0.6308770630531338 0.3469895035960966 0.773592516356078 0.2824351991103916 0.6225364511299917 0.9820693997812567
0.12424789446036921 0.8972956247664542 0.0 0.7836110967966644 0.5318400784589066 0.783845774997435 0.28779450841599397 0.3520315325602644 0.8823382597346099 0.1985926319932647 0.040732680091497775 0.1744806886166651 0.3369239374011026 0.3430256215547931 0.3224887829289077 0.5010305065882522 0.7350072510368458 0.9666217006703536 0.9522596480742305 0.5827465398275129 0.9916447893998493 0.3286666373533893
0.668698031819834 0.11347913166329948 0.7836110967966644 0.0 0.16110452540621112 0.2898605781076421 0.7152194466377974 0.0025929246429222674 0.34023682195867433 0.9968129680598845 0.03245758903105367 0.23443414505410332 0.5091196840937455 0.7444486161030455 0.028773256140650516 0.14741810502443886 0.7438743729942212 0.6359408056130283 0.07228022494466635 0.9216357878353486 0.18248722093834657 0.4005548312586119
0.7307010847171324 0.189365185724497 0.5318400784589066 0.16110452540621112 0.0 0.4314146101934828 0.44588684304334636 0.3805269764797009 0.0681531337021366 0.018962305122962264 0.8382165499557448 0.7295615915378496 0.7373829912654394 0.7993868795264828 0.66232306806271 0.3701896330295975 0.4917759976225855 0.3817053814670306 0.6289282573638759 0.5325780657568417 0.6205285510374139 0.5867606872197649
0.8315726432283591 0.6345572713584084 0.783845774997435 0.2898605781076421 0.4314146101934828 0.0 0.06436888138397812 0.519624928297739 0.4345208844416111 0.3255912654025388 0.45307950270670316 0.6113418582802266 0.13317177188133267 0.9546997089619494 0.916302191040296 0.013777919982207787 0.37401482468128244 0.38437437466539515 0.5762724345518186 0.6017828798113848 0.424421476880983 0.6078185895872874
0.0225496268157106 0.9114892839755117 0.28779450841599397 0.7152194466377974 0.44588684304334636 0.06436888138397812 0.0 0.37329431848688044 0.6121347105500601 0.03368456432721423 0.991694561792699 0.05253269045123621 0.6320323256783557 0.4537160620556153 0.6227898231601391 0.7180135979084766 0.1976813787933408 0.35790082508907306 0.24086659544759947 0.5632384442753261 0.06867767996462537 0.760187835235576
0.8084206612063426 0.9806783658243928 0.3520315325602644 0.0025929246429222674 0.3805269764797009 0.519624928297739 0.37329431848688044 0.0 0.8043548680778193 0.1309816780426286 0.7761189188730503 0.420289345116479 0.5334025141354556 0.7292553168311694 0.35585209115762517 0.6358970712475408 0.3538967244402281 0.4360883460731093 0.2729910909305471 0.7691144275237135 0.026423120297465297 0.46268271041200393
0.6370991031216641 0.9514195044986774 0.8823382597346099 0.34023682195867433 0.0681531337021366 0.4345208844416111 0.6121347105500601 0.8043548680778193 0.0 0.4198144515623655 0.3318417733957264 0.8857296549392115 0.5126713376230788 0.7263809883852363 0.9636416665750934 0.03911505040599361 0.17461869627165016 0.36167654625524337 0.17564974589836035 0.07626228558885295 0.3155673323819317 0.72283263740216
0.48714593975912923 0.4546987429814511 0.1985926319932647 0.9968129680598845 0.018962305122962264 0.3255912654025388 0.03368456432721423 0.1309816780426286 0.4198144515623655 0.0 0.30538575024777614 0.8283892643646737 0.9053487399991057 0.41093334305512597 0.7298589002105599 0.48119083298266574 0.6945404131308835 0.17415412655233342 0.01814994196862929 0.3938975910031868 0.6933653416331321 0.36245272223152525
0.6298852154157205 0.10144592686870224 0.040732680091497775 0.03245758903105367 0.8382165499557448 0.45307950270670316 0.991694561792699 0.7761189188730503 0.3318417733957264 0.30538575024777614 0.0 0.3696923328376749 0.3058780610995351 0.45449419515183953 0.7827580829605476 0.38076319239599576 0.22256346354243828 0.7496242852739566 0.9695810676042516 0.9092341795266324 0.16407460258567108 0.34787391123517586
0.9399255558050452 0.23908266530326117 0.1744806886166651 0.23443414505410332 0.7295615915378496 0.6113418582802266 0.05253269045123621 0.420289345116479 0.8857296549392115 0.8283892643646737 0.3696923328376749 0.0 0.7931961941291541 0.5664213871854383 0.13278293792765283 0.2534440758430122 0.016020712280558347 0.15491256737250048 0.11013894043841865 0.9406646369192343 0.8775438376017124 0.19253864435739287
0.6820795955643472 0.6238061452442174 0.3369239374011026 0.5091196840937455 0.7373829912654394 0.13317177188133267 0.6320323256783557 0.5334025141354556 0.5126713376230788 0.9053487399991057 0.3058780610995351 0.7931961941291541 0.0 0.6284525078847153 0.8364546377274482 0.03913560853010245 0.5151960646085803 0.47991199211518865 0.543392097639355 0.25229089925683024 0.835015308766844 0.4229796382339269
0.9311487474120249 0.9201050585829134 0.3430256215547931 0.7444486161030455 0.7993868795264828 0.9546997089619494 0.4537160620556153 0.7292553168311694 0.7263809883852363 0.41093334305512597 0.45449419515183953 0.5664213871854383 0.6284525078847153 0.0 0.07100153258537023 0.9273415503198563 0.04540971864924559 0.3254028825659989 0.6485319518466021 0.3743952521780053 0.010828624348179772 0.0434327463833416
0.7634979077665754 0.6944133838639397 0.3224887829289077 0.028773256140650516 0.66232306806271 0.916302191040296 0.6227898231601391 0.35585209115762517 0.9636416665750934 0.7298589002105599 0.7827580829605476 0.13278293792765283 0.8364546377274482 0.07100153258537023 0.0 0.5294121510281516 0.8642370423378174 0.5565768511858412 0.478441885465794 0.5657342078408463 0.8141552674624442 0.3828524261615335
0.4492435688725124 0.5757280624428959 0.5010305065882522 0.14741810502443886 0.3701896330295975 0.013777919982207787 0.7180135979084766 0.6358970712475408 0.03911505040599361 0.48119083298266574 0.38076319239599576 0.2534440758430122 0.03913560853010245 0.9273415503198563 0.5294121510281516 0.0 0.6749863523701748 0.23052980017964908 0.3421311961817135 0.667193200093757 0.5284570222874846 0.196268750334745
0.050578431874256036 0.6308770630531338 0.7350072510368458 0.7438743729942212 0.4917759976225855 0.37401482468128244 0.1976813787933408 0.3538967244402281 0.17461869627165016 0.6945404131308835 0.22256346354243828 0.016020712280558347 0.5151960646085803 0.04540971864924559 0.8642370423378174 0.6749863523701748 0.0 0.15255706150486603 0.19081201917828328 0.6558179113056118 0.5399221939827269 0.2176247698932915
0.0784930474394453 0.3469895035960966 0.9666217006703536 0.6359408056130283 0.3817053814670306 0.38437437466539515 0.35790082508907306 0.4360883460731093 0.36167654625524337 0.17415412655233342 0.7496242852739566 0.15491256737250048 0.47991199211518865 0.3254028825659989 0.5565768511858412 0.23052980017964908 0.15255706150486603 0.0 0.9268392565760266 0.24953024633780885 0.13809826941483527 7.53454616293725E-4
0.5093292104540843 0.773592516356078 0.9522596480742305 0.07228022494466635 0.6289282573638759 0.5762724345518186 0.24086659544759947 0.2729910909305471 0.17564974589836035 0.01814994196862929 0.9695810676042516 0.11013894043841865 0.543392097639355 0.6485319518466021 0.478441885465794 0.3421311961817135 0.19081201917828328 0.9268392565760266 0.0 0.16228063798608428 0.28261271169318425 0.8401704992209228
0.355985895654257 0.2824351991103916 0.5827465398275129 0.9216357878353486 0.5325780657568417 0.6017828798113848 0.5632384442753261 0.7691144275237135 0.07626228558885295 0.3938975910031868 0.9092341795266324 0.9406646369192343 0.25229089925683024 0.3743952521780053 0.5657342078408463 0.667193200093757 0.6558179113056118 0.24953024633780885 0.16228063798608428 0.0 0.031900828371936196 0.390537275542856
0.4564135184474337 0.6225364511299917 0.9916447893998493 0.18248722093834657 0.6205285510374139 0.424421476880983 0.06867767996462537 0.026423120297465297 0.3155673323819317 0.6933653416331321 0.16407460258567108 0.8775438376017124 0.835015308766844 0.010828624348179772 0.8141552674624442 0.5284570222874846 0.5399221939827269 0.13809826941483527 0.28261271169318425 0.031900828371936196 0.0 0.26188996216728044
0.21100015096528635 0.9820693997812567 0.3286666373533893 0.4005548312586119 0.5867606872197649 0.6078185895872874 0.760187835235576 0.46268271041200393 0.72283263740216 0.36245272223152525 0.34787391123517586 0.19253864435739287 0.4229796382339269 0.0434327463833416 0.3828524261615335 0.196268750334745 0.2176247698932915 7.53454616293725E-4 0.8401704992209228 0.390537275542856 0.26188996216728044 0.0

# Optimal Walk
0 16 11 21 17 13 20 19 7 14 3 10 2 1 18 9 4 8 15 12 5 6 0
