# Graph size: 22
# Optimal cost: 1.2144079961148795

# Distance Matrix
0.0 0.28007171751057225 0.29306661363898734 0.7519638920929208 0.5857348712352355 0.7280895958479292 0.5616689519805477 0.7383798937312667 0.0355301875941767 0.9166553340621175 0.17201236962326916 0.56854099028395 0.6416867588622834 0.019981059898613096 0.6685552030228598 0.7114072084365983 0.3376795691297272 0.7393117838159274 0.3318275248394008 0.5698707365202387 0.7732498023162283 0.27182203413578365
0.28007171751057225 0.0 0.9755226927117272 0.9171403719055397 0.9665154551371804 0.3728821329383444 0.5732635209266791 0.41625684295504684 0.4997612000200201 0.32349180842667336 0.15696835800850906 0.9529939986694004 0.3888207752605295 0.02190614536920099 0.6875309047632248 0.18525288122755412 0.905379343330018 0.6069550807559305 0.888567193055865 0.6661564022605931 0.31218733106163976 0.9902839937698491
0.29306661363898734 0.9755226927117272 0.0 0.3552717986223636 0.13340499626816504 0.6830910686435239 0.425719983823612 0.6029647057483254 0.07405418587111601 0.7229500763057317 0.776194613121135 0.10369901108601443 0.4717273229944059 0.776924454278416 0.45213058188108035 0.7743390999256902 0.7223777681492441 0.024280107444185184 0.08992649836487976 0.8258076799812717 0.06506673151145148 0.18877364664354734
0.7519638920929208 0.9171403719055397 0.3552717986223636 0.0 0.915150125348745 0.3607391880767912 0.5158242704454339 0.9658426346091363 0.39227745156228677 0.6155661916978461 0.21551279999970718 0.7662414737869664 0.20129125017675187 0.283104564707094 0.3067137485088989 0.3064261177526654 0.8011793258319956 0.9229920222833898 0.9400096483540656 0.03790660651211064 0.8413494467454664 0.06987402290593547
0.5857348712352355 0.9665154551371804 0.13340499626816504 0.915150125348745 0.0 0.7766355600243139 0.4009487115851791 0.46420418958481746 0.2830194905435295 0.40232549450435906 0.4124211816112193 0.1055959033104632 0.04608884112441669 0.3962803518012038 0.15324873293700503 0.7446080551754175 0.12206483757563513 0.409536499426402 0.30784516311837706 0.6800862350533868 0.6958965874236235 0.4986146591711491
0.7280895958479292 0.3728821329383444 0.6830910686435239 0.3607391880767912 0.7766355600243139 0.0 0.026064675799614023 0.8185684837292735 0.3961956304137292 0.1331810235434674 0.027623989430788476 0.14674101747888002 0.07736238857915878 0.7505538770768491 0.04961168883616507 0.5312722624192379 0.0648102841931737 0.46524039114101035 0.44961529791295396 0.23985461286720133 0.4184934528626909 0.5582900813181119
0.5616689519805477 0.5732635209266791 0.425719983823612 0.5158242704454339 0.4009487115851791 0.026064675799614023 0.0 0.02016046530087956 0.6095094435982912 0.6537340970155121 0.6691027846833864 0.8445713716898958 0.10168849909537347 0.2733831009825056 0.1914307947149403 0.33002458843901294 0.5784299346122341 0.41163806130867997 0.23566608998389338 0.39048339081674777 0.009805284062678665 0.867380861413568
0.7383798937312667 0.41625684295504684 0.6029647057483254 0.9658426346091363 0.46420418958481746 0.8185684837292735 0.02016046530087956 0.0 0.6611052139056833 0.12036324343182603 0.9801190245564537 0.8136866446972871 0.10473632156746471 0.199193603539634 0.2987997118908906 0.5101946685322455 0.6371937456712657 0.6982046311531663 0.7416479399429626 0.4163209159368928 0.6618776354418602 0.9216820586286967
0.0355301875941767 0.4997612000200201 0.07405418587111601 0.39227745156228677 0.2830194905435295 0.3961956304137292 0.6095094435982912 0.6611052139056833 0.0 0.4490828515856389 0.20583126530078033 0.9398375398668172 0.4090972555723853 0.7902557782889442 0.31708297795897755 0.1708702084393916 0.2484336792220717 0.565375811582201 0.8382814822160146 0.3903838753022939 0.40679465103819745 0.263319008450551
0.9166553340621175 0.32349180842667336 0.7229500763057317 0.6155661916978461 0.40232549450435906 0.1331810235434674 0.6537340970155121 0.12036324343182603 0.4490828515856389 0.0 0.723388418856662 0.5519323266211575 0.8712922372052826 0.7175691336092116 0.5618561738924893 0.05692401859819096 0.011380043275374674 0.9107648494602849 0.38415257149452176 0.665862939554083 0.7232075077537541 0.8666042167441669
0.17201236962326916 0.15696835800850906 0.776194613121135 0.21551279999970718 0.4124211816112193 0.027623989430788476 0.6691027846833864 0.9801190245564537 0.20583126530078033 0.723388418856662 0.0 0.2750794775438411 0.17957941980851622 0.5972373820468114 0.5375847241422883 0.8881770616045485 0.5142607323800935 0.5622814999612434 0.34803285803898776 0.3070453013924884 0.310692842485383 0.20227466561814722
0.56854099028395 0.9529939986694004 0.10369901108601443 0.7662414737869664 0.1055959033104632 0.14674101747888002 0.8445713716898958 0.8136866446972871 0.9398375398668172 0.5519323266211575 0.2750794775438411 0.0 0.5841041216156161 0.08320294914167004 0.015976263060363816 0.21652045296382016 0.13591138724938967 0.6951434912046921 0.4550804782419091 0.2998060173292244 0.19166495320110766 0.11953651807778531
0.6416867588622834 0.3888207752605295 0.4717273229944059 0.20129125017675187 0.04608884112441669 0.07736238857915878 0.10168849909537347 0.10473632156746471 0.4090972555723853 0.8712922372052826 0.17957941980851622 0.5841041216156161 0.0 0.26995311985642345 0.055698575438582365 0.3596855043980647 0.6830619480594323 0.24550133801397334 0.4244985908717611 0.35137678799599537 0.8721540864629492 0.46461463898047783
0.019981059898613096 0.02190614536920099 0.776924454278416 0.283104564707094 0.3962803518012038 0.7505538770768491 0.2733831009825056 0.199193603539634 0.7902557782889442 0.7175691336092116 0.5972373820468114 0.08320294914167004 0.26995311985642345 0.0 0.5067399273140956 0.7967219475281359 0.31797069106277087 0.43850012653970816 0.5937909061385473 0.9835933581056713 0.7451921825053106 0.8439521002238234
0.6685552030228598 0.6875309047632248 0.45213058188108035 0.3067137485088989 0.15324873293700503 0.04961168883616507 0.1914307947149403 0.2987997118908906 0.31708297795897755 0.5618561738924893 0.5375847241422883 0.015976263060363816 0.055698575438582365 0.5067399273140956 0.0 0.6790243396153551 0.31314356876346683 0.27579454789807234 0.26578010832412047 0.7161883569674171 0.045770011991591475 0.1127290338153426
0.7114072084365983 0.18525288122755412 0.7743390999256902 0.3064261177526654 0.7446080551754175 0.5312722624192379 0.33002458843901294 0.5101946685322455 0.1708702084393916 0.05692401859819096 0.8881770616045485 0.21652045296382016 0.3596855043980647 0.7967219475281359 0.6790243396153551 0.0 0.39047102245210474 0.4160244045796102 0.47562381937241616 0.29348025085691687 0.42626170222113946 0.4278426193051763
0.3376795691297272 0.905379343330018 0.7223777681492441 0.8011793258319956 0.12206483757563513 0.0648102841931737 0.5784299346122341 0.6371937456712657 0.2484336792220717 0.011380043275374674 0.5142607323800935 0.13591138724938967 0.6830619480594323 0.31797069106277087 0.31314356876346683 0.39047102245210474 0.0 0.016359288235704428 0.899764006138611 0.13515145442454723 0.3396787390618532 0.8067969164778159
0.7393117838159274 0.6069550807559305 0.024280107444185184 0.9229920222833898 0.409536499426402 0.46524039114101035 0.41163806130867997 0.6982046311531663 0.565375811582201 0.9107648494602849 0.5622814999612434 0.6951434912046921 0.24550133801397334 0.43850012653970816 0.27579454789807234 0.4160244045796102 0.016359288235704428 0.0 0.8371645690870135 0.7539836034731259 0.04882087247809175 0.35239986349728725
0.3318275248394008 0.888567193055865 0.08992649836487976 0.9400096483540656 0.30784516311837706 0.44961529791295396 0.23566608998389338 0.7416479399429626 0.8382814822160146 0.38415257149452176 0.34803285803898776 0.4550804782419091 0.4244985908717611 0.5937909061385473 0.26578010832412047 0.47562381937241616 0.899764006138611 0.8371645690870135 0.0 0.05730088656855681 0.25457880086952855 0.7039086800261853
0.5698707365202387 0.6661564022605931 0.8258076799812717 0.03790660651211064 0.6800862350533868 0.23985461286720133 0.39048339081674777 0.4163209159368928 0.3903838753022939 0.665862939554083 0.3070453013924884 0.2998060173292244 0.35137678799599537 0.9835933581056713 0.7161883569674171 0.29348025085691687 0.13515145442454723 0.7539836034731259 0.05730088656855681 0.0 0.4069399528800841 0.8851494707687843
0.7732498023162283 0.31218733106163976 0.06506673151145148 0.8413494467454664 0.6958965874236235 0.4184934528626909 0.009805284062678665 0.6618776354418602 0.40679465103819745 0.7232075077537541 0.310692842485383 0.19166495320110766 0.8721540864629492 0.7451921825053106 0.045770011991591475 0.42626170222113946 0.3396787390618532 0.04882087247809175 0.25457880086952855 0.4069399528800841 0.0 0.8470023715058198
0.27182203413578365 0.9902839937698491 0.18877364664354734 0.06987402290593547 0.4986146591711491 0.5582900813181119 0.867380861413568 0.9216820586286967 0.263319008450551 0.8666042167441669 0.20227466561814722 0.11953651807778531 0.46461463898047783 0.8439521002238234 0.1127290338153426 0.4278426193051763 0.8067969164778159 0.35239986349728725 0.7039086800261853 0.8851494707687843 0.8470023715058198 0.0

# Optimal Walk
0 13 1 15 9 16 17 20 7 6 10 5 12 4 11 14 21 3 19 18 2 8 0
