# MCW Instance
# Type: UNIFORM
# N: 22
# Optimal cost: 1.3152739962604052
# Optimal tour (permutation): [0, 18, 13, 20, 17, 4, 6, 12, 11, 2, 19, 1, 10, 7, 5, 3, 21, 16, 9, 14, 8, 15, 0]
# Optimal walk (full path): [0, 18, 13, 17, 20, 17, 4, 6, 11, 12, 11, 2, 11, 19, 1, 5, 10, 5, 7, 5, 3, 9, 16, 21, 16, 9, 14, 8, 15, 0]
# Walk size: 30
# Is walk (has repeats): true

# Distance Matrix
0.0000000000 0.8901996492 0.6304988992 0.9392186377 0.2721790760 0.8645638710 0.4175858004 0.2886492716 0.5996304266 0.2860520776 0.9412757274 0.6873112063 0.8774664467 0.4827664170 0.5798816563 0.0904194403 0.5941509127 0.1834428531 0.0316078302 0.2036908029 0.5502062085 0.3371063403
0.8901996492 0.0000000000 0.3831838236 0.5806219194 0.7913422356 0.0889922374 0.6279549078 0.5205798060 0.7074874645 0.8856648555 0.4942987175 0.9872181668 0.2997056044 0.9957406404 0.8602783088 0.8458338190 0.4226459443 0.8273498381 0.4767293905 0.0786294420 0.1470888738 0.2994475349
0.6304988992 0.3831838236 0.0000000000 0.1985196697 0.2784500701 0.2553124676 0.1813110165 0.4325070015 0.6444126731 0.2814200232 0.7530372152 0.0507616094 0.9069495159 0.4394326944 0.3595805516 0.5889075206 0.0951376785 0.2438647846 0.4318479894 0.1519768609 0.8257885011 0.6206643800
0.9392186377 0.5806219194 0.1985196697 0.0000000000 0.3305947249 0.0839597672 0.8416225009 0.8308149271 0.9323405709 0.1222720535 0.8549566814 0.5845582363 0.2212532972 0.4546513872 0.3636828235 0.3111132965 0.2769224154 0.8235323106 0.9979170228 0.6669287604 0.9551727154 0.5817387986
0.2721790760 0.7913422356 0.2784500701 0.3305947249 0.0000000000 0.1285517993 0.0149220383 0.2475439551 0.3933730322 0.9230445334 0.7878211995 0.7747894691 0.0950672426 0.7691265540 0.3606399747 0.1207230220 0.0853050219 0.0037196525 0.3004810939 0.7449697348 0.4933076174 0.1821976124
0.8645638710 0.0889922374 0.2553124676 0.0839597672 0.1285517993 0.0000000000 0.6362756757 0.0266537616 0.2940192729 0.7022326317 0.0967323671 0.5857815592 0.4820157174 0.4568173815 0.1016822171 0.4050563382 0.3946975673 0.3326554228 0.6601704859 0.4320860698 0.2839208771 0.7929642903
0.4175858004 0.6279549078 0.1813110165 0.8416225009 0.0149220383 0.6362756757 0.0000000000 0.2280602332 0.2804234840 0.2752552841 0.4878368481 0.0085766373 0.3676036127 0.9253494392 0.8206582806 0.1411349961 0.3293204126 0.6904225623 0.6656776634 0.7169595571 0.8311112841 0.7526900686
0.2886492716 0.5205798060 0.4325070015 0.8308149271 0.2475439551 0.0266537616 0.2280602332 0.0000000000 0.9796843893 0.5844143149 0.9623940509 0.8165700598 0.8798417012 0.4626309055 0.2424281505 0.6828067284 0.8700805574 0.9689330394 0.8937481455 0.6361856692 0.2900592784 0.7837205916
0.5996304266 0.7074874645 0.6444126731 0.9323405709 0.3933730322 0.2940192729 0.2804234840 0.9796843893 0.0000000000 0.4458441406 0.9413054520 0.7335455627 0.3258908501 0.9203402832 0.0309081848 0.1371789887 0.9925383834 0.8186492366 0.2925617477 0.4759239950 0.2285891116 0.8840570285
0.2860520776 0.8856648555 0.2814200232 0.1222720535 0.9230445334 0.7022326317 0.2752552841 0.5844143149 0.4458441406 0.0000000000 0.7120246343 0.5181245790 0.4351878706 0.1424188536 0.0154141512 0.8909238206 0.0000735520 0.0391237478 0.3673369465 0.7859125154 0.5388391215 0.5847118774
0.9412757274 0.4942987175 0.7530372152 0.8549566814 0.7878211995 0.0967323671 0.4878368481 0.9623940509 0.9413054520 0.7120246343 0.0000000000 0.1284307574 0.9952232674 0.7728885700 0.2975049880 0.6533046925 0.6098871697 0.3380663794 0.3888375551 0.6186546535 0.6351230634 0.2173496690
0.6873112063 0.9872181668 0.0507616094 0.5845582363 0.7747894691 0.5857815592 0.0085766373 0.8165700598 0.7335455627 0.5181245790 0.1284307574 0.0000000000 0.0749518223 0.9113698625 0.9813292231 0.4216567741 0.1193475070 0.6777346618 0.7749004377 0.0047402612 0.7103525760 0.7373700934
0.8774664467 0.2997056044 0.9069495159 0.2212532972 0.0950672426 0.4820157174 0.3676036127 0.8798417012 0.3258908501 0.4351878706 0.9952232674 0.0749518223 0.0000000000 0.6995941374 0.4912966692 0.5609090020 0.1993475009 0.1270208663 0.3218389015 0.6810428585 0.7829464533 0.1239364465
0.4827664170 0.9957406404 0.4394326944 0.4546513872 0.7691265540 0.4568173815 0.9253494392 0.4626309055 0.9203402832 0.1424188536 0.7728885700 0.9113698625 0.6995941374 0.0000000000 0.9735415837 0.6182159234 0.0418178243 0.0343640529 0.0031835570 0.0867313837 0.4178521143 0.2261764729
0.5798816563 0.8602783088 0.3595805516 0.3636828235 0.3606399747 0.1016822171 0.8206582806 0.2424281505 0.0309081848 0.0154141512 0.2975049880 0.9813292231 0.4912966692 0.9735415837 0.0000000000 0.3764760478 0.8145935423 0.8098421200 0.7646203875 0.0974786405 0.1246977948 0.1320681774
0.0904194403 0.8458338190 0.5889075206 0.3111132965 0.1207230220 0.4050563382 0.1411349961 0.6828067284 0.1371789887 0.8909238206 0.6533046925 0.4216567741 0.5609090020 0.6182159234 0.3764760478 0.0000000000 0.2293655260 0.3324697117 0.2369533853 0.1592230551 0.6270139939 0.9345516858
0.5941509127 0.4226459443 0.0951376785 0.2769224154 0.0853050219 0.3946975673 0.3293204126 0.8700805574 0.9925383834 0.0000735520 0.6098871697 0.1193475070 0.1993475009 0.0418178243 0.8145935423 0.2293655260 0.0000000000 0.5289186542 0.8066329720 0.3676058094 0.5184358512 0.0247544108
0.1834428531 0.8273498381 0.2438647846 0.8235323106 0.0037196525 0.3326554228 0.6904225623 0.9689330394 0.8186492366 0.0391237478 0.3380663794 0.6777346618 0.1270208663 0.0343640529 0.8098421200 0.3324697117 0.5289186542 0.0000000000 0.8785200801 0.5715086906 0.0092653276 0.1957779577
0.0316078302 0.4767293905 0.4318479894 0.9979170228 0.3004810939 0.6601704859 0.6656776634 0.8937481455 0.2925617477 0.3673369465 0.3888375551 0.7749004377 0.3218389015 0.0031835570 0.7646203875 0.2369533853 0.8066329720 0.8785200801 0.0000000000 0.2320907156 0.5521815760 0.8949986548
0.2036908029 0.0786294420 0.1519768609 0.6669287604 0.7449697348 0.4320860698 0.7169595571 0.6361856692 0.4759239950 0.7859125154 0.6186546535 0.0047402612 0.6810428585 0.0867313837 0.0974786405 0.1592230551 0.3676058094 0.5715086906 0.2320907156 0.0000000000 0.7506269063 0.2515230159
0.5502062085 0.1470888738 0.8257885011 0.9551727154 0.4933076174 0.2839208771 0.8311112841 0.2900592784 0.2285891116 0.5388391215 0.6351230634 0.7103525760 0.7829464533 0.4178521143 0.1246977948 0.6270139939 0.5184358512 0.0092653276 0.5521815760 0.7506269063 0.0000000000 0.1806530870
0.3371063403 0.2994475349 0.6206643800 0.5817387986 0.1821976124 0.7929642903 0.7526900686 0.7837205916 0.8840570285 0.5847118774 0.2173496690 0.7373700934 0.1239364465 0.2261764729 0.1320681774 0.9345516858 0.0247544108 0.1957779577 0.8949986548 0.2515230159 0.1806530870 0.0000000000
