# Graph size: 22
# Optimal cost: 1.7499306582657779

# Distance Matrix
0.0 0.36324462295221227 0.3315715865828508 0.3263455836689103 0.15836982244012165 0.9836727091220625 0.6970554807054143 0.5638605906797945 0.37217539302452374 0.7649974563814215 0.042646302922239254 0.540644616452842 0.09267002197849661 0.09758126442268455 0.8654602851369473 0.3305295303196575 0.24248340105531396 0.3951919017853992 0.9188743082860478 0.4320331868707502 0.007205251782148925 0.6940881867559997
0.36324462295221227 0.0 0.46314759952337137 0.863024380838331 0.8046889943200382 0.03471449132062532 0.16899113040720626 0.36027747942206423 0.785858059017484 0.29815406069939365 0.9529232379333634 0.7901488015073366 0.9744674196372125 0.8579669963401856 0.8132902092999647 0.3307075859204036 0.33393657536982424 0.8777660533406182 0.55711881453147 0.7210067379603896 0.7612847942584504 0.33585939738362425
0.3315715865828508 0.46314759952337137 0.0 0.16050678034400723 0.889779589020433 0.25136279287672036 0.8905162077751673 0.38904733152928794 0.573700451199788 0.24898995254546408 0.5128877421028759 0.2198213530718921 0.11444881231658499 0.512269397687342 0.4093426430488153 0.5527813182519501 0.48416786812251156 0.6472679759514942 0.13095246341247913 0.6768891928787112 0.7305103056967864 0.8424116853821608
0.3263455836689103 0.863024380838331 0.16050678034400723 0.0 0.9250892272455873 0.9651599527531995 0.45531534646355376 0.23036184984764096 0.32257380676117264 0.31280172485983093 0.6450629065805183 0.7358005338694675 0.6735406203500651 0.9039315713352944 0.15660204018626622 0.22946851564592552 0.8461602889903664 0.9948865724694129 0.4282529382737621 0.3019628904377104 0.5845885590581023 0.5359374833169649
0.15836982244012165 0.8046889943200382 0.889779589020433 0.9250892272455873 0.0 0.5342322189875615 0.9952152923729756 0.08598690473181203 0.6182520086445441 0.5294542511486122 0.385236009750516 0.20118575117363202 0.929243846582955 0.1421116608925278 0.9966233161257759 0.2895388910512575 0.6269823756254814 0.26304016869120916 0.6475014001744812 0.16574360194292737 0.3031271859822421 0.3537245982661714
0.9836727091220625 0.03471449132062532 0.25136279287672036 0.9651599527531995 0.5342322189875615 0.0 0.4729639641127956 0.7648774459154446 0.9938906310964538 0.8489042154891246 0.5557653485259495 0.12163004310644976 0.5198204814718219 0.8650872095569703 0.8049145317323234 0.010683695476971344 0.7877342863048803 0.04288565858843085 0.46599146653679546 0.12742382858067813 0.07192550493069683 0.14893405514356806
0.6970554807054143 0.16899113040720626 0.8905162077751673 0.45531534646355376 0.9952152923729756 0.4729639641127956 0.0 0.921419583876739 0.0016371939956705273 0.7068009310363518 0.14225583777133544 0.24459216637833603 0.9315811279657977 0.06939808667179925 0.7702937401719363 0.30866407755119774 0.10178512473115642 0.2077696632572995 0.4014220686932525 0.11898512694158347 0.705171370387509 0.9800123258526127
0.5638605906797945 0.36027747942206423 0.38904733152928794 0.23036184984764096 0.08598690473181203 0.7648774459154446 0.921419583876739 0.0 0.7236097780712382 0.4375645503355876 0.32855838876764243 0.10875468535792154 0.14300493796799774 0.698620771593863 0.08033778988922524 0.12721007563493347 0.20156343682462197 0.6761845537346203 0.9400910257771629 0.795437168740455 0.09944528985224255 0.35788727359543115
0.37217539302452374 0.785858059017484 0.573700451199788 0.32257380676117264 0.6182520086445441 0.9938906310964538 0.0016371939956705273 0.7236097780712382 0.0 0.5921396323335001 0.1992418290532475 0.4557542213082141 0.00348085691291522 0.5684990121212729 0.4091918349498792 0.7702975059288752 0.4222993110617912 0.8714318252062403 0.2735055525089991 0.6593946024111834 0.09078624968265092 0.37177487284677724
0.7649974563814215 0.29815406069939365 0.24898995254546408 0.31280172485983093 0.5294542511486122 0.8489042154891246 0.7068009310363518 0.4375645503355876 0.5921396323335001 0.0 0.646114496653169 0.8303647739433758 0.8493766778734091 0.1864383773785505 0.10998927247526269 0.9321752050436923 0.5674354627900607 0.926954249833109 0.04585646277179911 0.8738331632596914 0.3456190245725924 0.18067616703653522
0.042646302922239254 0.9529232379333634 0.5128877421028759 0.6450629065805183 0.385236009750516 0.5557653485259495 0.14225583777133544 0.32855838876764243 0.1992418290532475 0.646114496653169 0.0 0.7177242380005759 0.9374566112601914 0.5369405186560855 0.8372105869754299 0.8991726396694876 0.029560240342620725 0.11098334973929425 0.9048847962380352 0.44815421872728556 0.7119441172647403 0.6601215314285629
0.540644616452842 0.7901488015073366 0.2198213530718921 0.7358005338694675 0.20118575117363202 0.12163004310644976 0.24459216637833603 0.10875468535792154 0.4557542213082141 0.8303647739433758 0.7177242380005759 0.0 0.27553439503603494 0.15308904643536314 0.23267500448029177 0.6522697037723206 0.490619222460688 0.11932790257419501 0.6380014589647832 0.37159935145764966 0.9376532943010392 0.942596211086095
0.09267002197849661 0.9744674196372125 0.11444881231658499 0.6735406203500651 0.929243846582955 0.5198204814718219 0.9315811279657977 0.14300493796799774 0.00348085691291522 0.8493766778734091 0.9374566112601914 0.27553439503603494 0.0 0.1876447355927099 0.35682229926241016 0.06316112127177442 0.9248199900517692 0.7187603738312829 0.04605628911869497 0.1268488282883513 0.6277748884334888 0.3079657653079585
0.09758126442268455 0.8579669963401856 0.512269397687342 0.9039315713352944 0.1421116608925278 0.8650872095569703 0.06939808667179925 0.698620771593863 0.5684990121212729 0.1864383773785505 0.5369405186560855 0.15308904643536314 0.1876447355927099 0.0 0.7679515122354059 0.7414054595162392 0.13128779289749237 0.5661812761241609 0.18067118643439228 0.9433266415246814 0.4652599331417354 0.16763369609680545
0.8654602851369473 0.8132902092999647 0.4093426430488153 0.15660204018626622 0.9966233161257759 0.8049145317323234 0.7702937401719363 0.08033778988922524 0.4091918349498792 0.10998927247526269 0.8372105869754299 0.23267500448029177 0.35682229926241016 0.7679515122354059 0.0 0.7534833947572804 0.8223783002085738 0.818569239473439 0.7622222932205619 0.910134944760555 0.8007962009021046 0.2929489549853326
0.3305295303196575 0.3307075859204036 0.5527813182519501 0.22946851564592552 0.2895388910512575 0.010683695476971344 0.30866407755119774 0.12721007563493347 0.7702975059288752 0.9321752050436923 0.8991726396694876 0.6522697037723206 0.06316112127177442 0.7414054595162392 0.7534833947572804 0.0 0.24954993808626424 0.008842965490199028 0.498042266370888 0.1662285209189479 0.5032722306775298 0.42065300795534377
0.24248340105531396 0.33393657536982424 0.48416786812251156 0.8461602889903664 0.6269823756254814 0.7877342863048803 0.10178512473115642 0.20156343682462197 0.4222993110617912 0.5674354627900607 0.029560240342620725 0.490619222460688 0.9248199900517692 0.13128779289749237 0.8223783002085738 0.24954993808626424 0.0 0.742916035233738 0.8568617015905733 0.02602036401434671 0.5860773846013205 0.7020459010696906
0.3951919017853992 0.8777660533406182 0.6472679759514942 0.9948865724694129 0.26304016869120916 0.04288565858843085 0.2077696632572995 0.6761845537346203 0.8714318252062403 0.926954249833109 0.11098334973929425 0.11932790257419501 0.7187603738312829 0.5661812761241609 0.818569239473439 0.008842965490199028 0.742916035233738 0.0 0.04045600320677656 0.6880039910602967 0.07934084224106563 0.28226115680679065
0.9188743082860478 0.55711881453147 0.13095246341247913 0.4282529382737621 0.6475014001744812 0.46599146653679546 0.4014220686932525 0.9400910257771629 0.2735055525089991 0.04585646277179911 0.9048847962380352 0.6380014589647832 0.04605628911869497 0.18067118643439228 0.7622222932205619 0.498042266370888 0.8568617015905733 0.04045600320677656 0.0 0.6590567733198812 0.6565025272634618 0.39022525726177737
0.4320331868707502 0.7210067379603896 0.6768891928787112 0.3019628904377104 0.16574360194292737 0.12742382858067813 0.11898512694158347 0.795437168740455 0.6593946024111834 0.8738331632596914 0.44815421872728556 0.37159935145764966 0.1268488282883513 0.9433266415246814 0.910134944760555 0.1662285209189479 0.02602036401434671 0.6880039910602967 0.6590567733198812 0.0 0.9340730156175829 0.8852280803020829
0.007205251782148925 0.7612847942584504 0.7305103056967864 0.5845885590581023 0.3031271859822421 0.07192550493069683 0.705171370387509 0.09944528985224255 0.09078624968265092 0.3456190245725924 0.7119441172647403 0.9376532943010392 0.6277748884334888 0.4652599331417354 0.8007962009021046 0.5032722306775298 0.5860773846013205 0.07934084224106563 0.6565025272634618 0.9340730156175829 0.0 0.8588046921706083
0.6940881867559997 0.33585939738362425 0.8424116853821608 0.5359374833169649 0.3537245982661714 0.14893405514356806 0.9800123258526127 0.35788727359543115 0.37177487284677724 0.18067616703653522 0.6601215314285629 0.942596211086095 0.3079657653079585 0.16763369609680545 0.2929489549853326 0.42065300795534377 0.7020459010696906 0.28226115680679065 0.39022525726177737 0.8852280803020829 0.8588046921706083 0.0

# Optimal Walk
0 10 16 19 4 7 11 13 21 5 1 15 17 18 9 14 3 2 12 8 6 20 0
