# Graph size: 22
# Optimal cost: 1.847281469986011

# Distance Matrix
0.0 0.9262157609335883 0.5779016168514742 0.5172251568405416 0.08073549191318297 0.41170781812853385 0.42192444935009643 0.4242026160590746 0.4192791120895577 0.042364174137769384 0.10379749863550469 0.6085874022117849 0.411193771550464 0.7654012356267853 0.9120005882800251 0.5439918794529082 0.07581140915774298 0.27832063580331023 0.8384552657402584 0.6790991551823448 0.7832297320047629 0.7158539643633902
0.9262157609335883 0.0 0.9737914260061503 0.010552733383095925 0.6925860837861505 0.8375035648985998 0.9910776758985542 0.4118284983366036 0.8834248161459954 0.3087275001482247 0.19119043007094383 0.7295942551482867 0.8413209918623922 0.07604327180097803 0.8417861604489406 0.3319134497308269 0.1083384554287331 0.024801563914940705 0.8318795101835121 0.7467513353054942 0.5895630085026403 0.07810787430987853
0.5779016168514742 0.9737914260061503 0.0 0.9853199475195401 0.26459352157457505 0.21886692962522558 0.6463461829754773 0.7289980407389718 0.8955880894559619 0.4302238512356805 0.8689857194054991 0.1954016220092587 0.8694743366366098 0.15530785049294193 0.40382829932315156 0.2541815838149416 0.9456626196077818 0.8737746627443829 0.6135801717512027 0.41367541596389756 0.1611813617452046 0.5795363366627828
0.5172251568405416 0.010552733383095925 0.9853199475195401 0.0 0.8756090584178213 0.010876377137335469 0.2858088510716962 0.3945055489732556 0.39797346812816925 0.6171246011758016 0.1765590002919949 0.9606993381895965 0.36328808462351214 0.12683605756428407 0.4277919047286999 0.6722561827290751 0.44171549134991783 0.5678740019331003 0.19857137878075992 0.270834349414506 0.7153509935895458 0.27470669203095
0.08073549191318297 0.6925860837861505 0.26459352157457505 0.8756090584178213 0.0 0.8654934384310269 0.3210239740570623 0.8384940510865115 0.6992842158140137 0.19706113638549771 0.6068184842929418 0.8217763359868554 0.7996065045476771 0.074782828779275 0.5458559696736617 0.17284265180593528 0.6422433145831177 0.3965222172830577 0.30505459242214106 0.25225833464923375 0.5826063935459821 0.6892306940924761
0.41170781812853385 0.8375035648985998 0.21886692962522558 0.010876377137335469 0.8654934384310269 0.0 0.4194304686483332 0.6105421340967815 0.1455627844483961 0.13104314608804657 0.3653002781633 0.760701512673651 0.5190176803188907 0.1368210097934749 0.7197351052112794 0.3103724303500557 0.394383649099329 0.39657697241978684 0.25004627012414216 0.6286436117822924 0.7403931455972265 0.27281796684913906
0.42192444935009643 0.9910776758985542 0.6463461829754773 0.2858088510716962 0.3210239740570623 0.4194304686483332 0.0 0.5202471847138429 0.2548706646020442 0.9804989610901346 0.7606941786645284 0.37585048768482654 0.07026292085219277 0.9591477279531265 0.7939438468395014 0.9740227628481753 0.8477518002631532 0.028499327694735843 0.5399745954016613 0.8630337228417373 0.17162639156337745 0.5647052018427143
0.4242026160590746 0.4118284983366036 0.7289980407389718 0.3945055489732556 0.8384940510865115 0.6105421340967815 0.5202471847138429 0.0 0.4690242058563907 0.9831007235394901 0.8756482965026597 0.23164712780634622 0.40519484952512896 0.36014350011891605 0.0868346983242907 0.35007675449378917 0.4712565886515885 0.6946279805390508 0.6818246119358337 0.8013862275692755 0.8244674714851762 0.009592293591998646
0.4192791120895577 0.8834248161459954 0.8955880894559619 0.39797346812816925 0.6992842158140137 0.1455627844483961 0.2548706646020442 0.4690242058563907 0.0 0.4637204778643864 0.9977781445289071 0.3472590428833239 0.015112095384111845 0.6495232473513713 0.58439309718501 0.004487821603181508 0.8708761645855188 0.32175613662066405 0.7039914285849435 0.4080546176282428 0.5842077124244431 0.342598367291276
0.042364174137769384 0.3087275001482247 0.4302238512356805 0.6171246011758016 0.19706113638549771 0.13104314608804657 0.9804989610901346 0.9831007235394901 0.4637204778643864 0.0 0.8510756075889478 0.24004529716083678 0.36778039396921025 0.8548272899446695 0.5698775886422207 0.5771482277663721 0.8994427683055306 0.9010931632299006 0.5094260427391923 0.8319548535565516 0.5759780310531402 0.8815281989050011
0.10379749863550469 0.19119043007094383 0.8689857194054991 0.1765590002919949 0.6068184842929418 0.3653002781633 0.7606941786645284 0.8756482965026597 0.9977781445289071 0.8510756075889478 0.0 0.6389461282806782 0.9808520013509895 0.5332910628725979 0.5394174079462247 0.7481341219260451 0.9835652639774426 0.4174278659520797 0.9156355294821643 0.7093883505557803 0.8160153798122111 0.6339971563361219
0.6085874022117849 0.7295942551482867 0.1954016220092587 0.9606993381895965 0.8217763359868554 0.760701512673651 0.37585048768482654 0.23164712780634622 0.3472590428833239 0.24004529716083678 0.6389461282806782 0.0 0.24478135638549892 0.36286669450347386 0.33600014342920603 0.0779778442764908 0.0794163603465563 0.3002800057320266 0.28031637867884973 0.15155991889266807 0.02354216693284439 0.2696201473203549
0.411193771550464 0.8413209918623922 0.8694743366366098 0.36328808462351214 0.7996065045476771 0.5190176803188907 0.07026292085219277 0.40519484952512896 0.015112095384111845 0.36778039396921025 0.9808520013509895 0.24478135638549892 0.0 0.052288362737909044 0.214580483174602 0.33242712909487615 0.40055989490689126 0.6002699284900702 0.4802811670282928 0.29311928896758743 0.9590517029650265 0.6105396622991598
0.7654012356267853 0.07604327180097803 0.15530785049294193 0.12683605756428407 0.074782828779275 0.1368210097934749 0.9591477279531265 0.36014350011891605 0.6495232473513713 0.8548272899446695 0.5332910628725979 0.36286669450347386 0.052288362737909044 0.0 0.7685261809230793 0.7384594952898045 0.8796906318531171 0.44210996435171235 0.45928548173034256 0.267134819257562 0.8956962674991439 0.7163220539357897
0.9120005882800251 0.8417861604489406 0.40382829932315156 0.4277919047286999 0.5458559696736617 0.7197351052112794 0.7939438468395014 0.0868346983242907 0.58439309718501 0.5698775886422207 0.5394174079462247 0.33600014342920603 0.214580483174602 0.7685261809230793 0.0 0.4511008971343802 0.7432893109893488 0.6889077840337422 0.24070119125939016 0.9224172032506422 0.4314353103150619 0.1159743724950193
0.5439918794529082 0.3319134497308269 0.2541815838149416 0.6722561827290751 0.17284265180593528 0.3103724303500557 0.9740227628481753 0.35007675449378917 0.004487821603181508 0.5771482277663721 0.7481341219260451 0.0779778442764908 0.33242712909487615 0.7384594952898045 0.4511008971343802 0.0 0.9943970665086691 0.21807443105442326 0.6858852955088883 0.23196360256836357 0.23163687326827465 0.23892150975918547
0.07581140915774298 0.1083384554287331 0.9456626196077818 0.44171549134991783 0.6422433145831177 0.394383649099329 0.8477518002631532 0.4712565886515885 0.8708761645855188 0.8994427683055306 0.9835652639774426 0.0794163603465563 0.40055989490689126 0.8796906318531171 0.7432893109893488 0.9943970665086691 0.0 0.45865111523006263 0.5288982053285665 0.3699691628714651 0.29942555895182377 0.015733150616897174
0.27832063580331023 0.024801563914940705 0.8737746627443829 0.5678740019331003 0.3965222172830577 0.39657697241978684 0.028499327694735843 0.6946279805390508 0.32175613662066405 0.9010931632299006 0.4174278659520797 0.3002800057320266 0.6002699284900702 0.44210996435171235 0.6889077840337422 0.21807443105442326 0.45865111523006263 0.0 0.5342716589625653 0.22167895361127388 0.5363151796505488 0.15894959564020306
0.8384552657402584 0.8318795101835121 0.6135801717512027 0.19857137878075992 0.30505459242214106 0.25004627012414216 0.5399745954016613 0.6818246119358337 0.7039914285849435 0.5094260427391923 0.9156355294821643 0.28031637867884973 0.4802811670282928 0.45928548173034256 0.24070119125939016 0.6858852955088883 0.5288982053285665 0.5342716589625653 0.0 0.6733815035100309 0.2996055998808035 0.6007100718078139
0.6790991551823448 0.7467513353054942 0.41367541596389756 0.270834349414506 0.25225833464923375 0.6286436117822924 0.8630337228417373 0.8013862275692755 0.4080546176282428 0.8319548535565516 0.7093883505557803 0.15155991889266807 0.29311928896758743 0.267134819257562 0.9224172032506422 0.23196360256836357 0.3699691628714651 0.22167895361127388 0.6733815035100309 0.0 0.9389318097649282 0.08935862073075718
0.7832297320047629 0.5895630085026403 0.1611813617452046 0.7153509935895458 0.5826063935459821 0.7403931455972265 0.17162639156337745 0.8244674714851762 0.5842077124244431 0.5759780310531402 0.8160153798122111 0.02354216693284439 0.9590517029650265 0.8956962674991439 0.4314353103150619 0.23163687326827465 0.29942555895182377 0.5363151796505488 0.2996055998808035 0.9389318097649282 0.0 0.38269669738332956
0.7158539643633902 0.07810787430987853 0.5795363366627828 0.27470669203095 0.6892306940924761 0.27281796684913906 0.5647052018427143 0.009592293591998646 0.342598367291276 0.8815281989050011 0.6339971563361219 0.2696201473203549 0.6105396622991598 0.7163220539357897 0.1159743724950193 0.23892150975918547 0.015733150616897174 0.15894959564020306 0.6007100718078139 0.08935862073075718 0.38269669738332956 0.0

# Optimal Walk
0 16 21 19 7 14 18 5 3 1 17 6 12 8 15 11 20 2 13 4 10 9 0
