# MCW Instance
# Type: UNIFORM
# N: 22
# Optimal cost: 1.513097018757603
# Optimal tour (permutation): [0, 3, 6, 21, 20, 5, 9, 7, 1, 18, 13, 17, 2, 11, 4, 14, 10, 8, 16, 12, 19, 15, 0]
# Optimal walk (full path): [0, 3, 6, 21, 20, 5, 9, 7, 1, 7, 18, 13, 17, 2, 11, 4, 14, 8, 10, 8, 14, 16, 12, 15, 19, 15, 0]
# Walk size: 27
# Is walk (has repeats): true

# Distance Matrix
0.0000000000 0.6418688066 0.5796670842 0.0017344039 0.3793553142 0.4411760432 0.8874598119 0.7560220783 0.6532375666 0.6607308879 0.9126672155 0.3553662243 0.5830764369 0.8227588681 0.7991166150 0.1602379070 0.6696145313 0.3918580023 0.1505017423 0.9717021031 0.7272747185 0.5307002333
0.6418688066 0.0000000000 0.6619359862 0.3082033629 0.2053957840 0.3806359250 0.6187933187 0.0039008673 0.4386606406 0.6404257407 0.9044686475 0.0780462828 0.2266500406 0.2641750531 0.6831044325 0.3883744988 0.8074934248 0.4286479564 0.9789930650 0.9262035824 0.9868783271 0.5304895497
0.5796670842 0.6619359862 0.0000000000 0.9612796328 0.7369172057 0.9112179189 0.8654863550 0.8607535267 0.3567291528 0.7325661485 0.8148469314 0.0949308112 0.3451061950 0.2029085384 0.8175855321 0.3582943345 0.9619518593 0.0567457698 0.1434440885 0.1464718247 0.2896309034 0.8934265900
0.0017344039 0.3082033629 0.9612796328 0.0000000000 0.4973883424 0.4262964316 0.1321398731 0.1544750931 0.7845665718 0.9381088021 0.8372066117 0.7061972004 0.9437200728 0.9223227909 0.7818275999 0.4841392890 0.6173867262 0.8991921460 0.6377287315 0.6335121549 0.5688398689 0.4988785984
0.3793553142 0.2053957840 0.7369172057 0.4973883424 0.0000000000 0.6904615756 0.5884813769 0.1785573453 0.2383365361 0.4243241433 0.5732649502 0.0571156506 0.5721928767 0.3050211540 0.0792681279 0.7967571240 0.5067155030 0.1929557341 0.9750239569 0.1504788908 0.5591271850 0.1022709899
0.4411760432 0.3806359250 0.9112179189 0.4262964316 0.6904615756 0.0000000000 0.0394974633 0.4753437690 0.8689361878 0.0842363858 0.8743505705 0.1058154571 0.8236184834 0.8583006139 0.3470535059 0.4332714245 0.6479013677 0.4401086901 0.9442679390 0.8594485843 0.0240614032 0.4230083477
0.8874598119 0.6187933187 0.8654863550 0.1321398731 0.5884813769 0.0394974633 0.0000000000 0.6737157763 0.4644285339 0.9600641494 0.7580466636 0.4427870211 0.1838705425 0.8030372387 0.8471849080 0.1634285823 0.5255522214 0.5074822384 0.5154356702 0.1853958524 0.3718790168 0.0107949274
0.7560220783 0.0039008673 0.8607535267 0.1544750931 0.1785573453 0.4753437690 0.6737157763 0.0000000000 0.9598536292 0.0437368453 0.2128757684 0.8430776089 0.0867868347 0.9214186771 0.2332745324 0.9038910439 0.7435231502 0.6742948078 0.0376650373 0.6755081206 0.2264420397 0.7431506077
0.6532375666 0.4386606406 0.3567291528 0.7845665718 0.2383365361 0.8689361878 0.4644285339 0.9598536292 0.0000000000 0.4392751271 0.0103945704 0.1050090118 0.7863536642 0.6608005156 0.0300571212 0.8394262617 0.4066748184 0.4998046569 0.6030628092 0.8894802860 0.9171344628 0.4965608838
0.6607308879 0.6404257407 0.7325661485 0.9381088021 0.4243241433 0.0842363858 0.9600641494 0.0437368453 0.4392751271 0.0000000000 0.3319473933 0.0131026005 0.6932678089 0.9088108118 0.9718950559 0.2353876168 0.2929924481 0.3457645055 0.7284856592 0.5322872396 0.1902994096 0.2427691730
0.9126672155 0.9044686475 0.8148469314 0.8372066117 0.5732649502 0.8743505705 0.7580466636 0.2128757684 0.0103945704 0.3319473933 0.0000000000 0.9374694965 0.6179288451 0.6652793754 0.9684251961 0.2164439183 0.3504798965 0.1205337130 0.2475295305 0.2964703725 0.1787084568 0.8528095302
0.3553662243 0.0780462828 0.0949308112 0.7061972004 0.0571156506 0.1058154571 0.4427870211 0.8430776089 0.1050090118 0.0131026005 0.9374694965 0.0000000000 0.7560781711 0.3910837923 0.7398663355 0.0987370122 0.1986608469 0.1408113013 0.1892471380 0.9948361541 0.9139329244 0.8832303124
0.5830764369 0.2266500406 0.3451061950 0.9437200728 0.5721928767 0.8236184834 0.1838705425 0.0867868347 0.7863536642 0.6932678089 0.6179288451 0.7560781711 0.0000000000 0.0927490154 0.9444992683 0.0704508526 0.2417609106 0.7459976828 0.7684444933 0.8130088403 0.8008011050 0.5970623498
0.8227588681 0.2641750531 0.2029085384 0.9223227909 0.3050211540 0.8583006139 0.8030372387 0.9214186771 0.6608005156 0.9088108118 0.6652793754 0.3910837923 0.0927490154 0.0000000000 0.9301750461 0.2987167855 0.9404773210 0.0445235320 0.0742673020 0.4224099553 0.7411975672 0.2586284641
0.7991166150 0.6831044325 0.8175855321 0.7818275999 0.0792681279 0.3470535059 0.8471849080 0.2332745324 0.0300571212 0.9718950559 0.9684251961 0.7398663355 0.9444992683 0.9301750461 0.0000000000 0.0928505046 0.1725834332 0.2363573747 0.8304960460 0.9444296630 0.9818953058 0.1909639526
0.1602379070 0.3883744988 0.3582943345 0.4841392890 0.7967571240 0.4332714245 0.1634285823 0.9038910439 0.8394262617 0.2353876168 0.2164439183 0.0987370122 0.0704508526 0.2987167855 0.0928505046 0.0000000000 0.9928102341 0.4892423181 0.1403845497 0.0146072278 0.8751670500 0.6766288312
0.6696145313 0.8074934248 0.9619518593 0.6173867262 0.5067155030 0.6479013677 0.5255522214 0.7435231502 0.4066748184 0.2929924481 0.3504798965 0.1986608469 0.2417609106 0.9404773210 0.1725834332 0.9928102341 0.0000000000 0.3249006750 0.3791208749 0.7582172433 0.5224351491 0.5648442596
0.3918580023 0.4286479564 0.0567457698 0.8991921460 0.1929557341 0.4401086901 0.5074822384 0.6742948078 0.4998046569 0.3457645055 0.1205337130 0.1408113013 0.7459976828 0.0445235320 0.2363573747 0.4892423181 0.3249006750 0.0000000000 0.6044403893 0.5729725696 0.4482557328 0.5121685403
0.1505017423 0.9789930650 0.1434440885 0.6377287315 0.9750239569 0.9442679390 0.5154356702 0.0376650373 0.6030628092 0.7284856592 0.2475295305 0.1892471380 0.7684444933 0.0742673020 0.8304960460 0.1403845497 0.3791208749 0.6044403893 0.0000000000 0.9005793674 0.9551214065 0.7193636909
0.9717021031 0.9262035824 0.1464718247 0.6335121549 0.1504788908 0.8594485843 0.1853958524 0.6755081206 0.8894802860 0.5322872396 0.2964703725 0.9948361541 0.8130088403 0.4224099553 0.9444296630 0.0146072278 0.7582172433 0.5729725696 0.9005793674 0.0000000000 0.7126943650 0.1093092650
0.7272747185 0.9868783271 0.2896309034 0.5688398689 0.5591271850 0.0240614032 0.3718790168 0.2264420397 0.9171344628 0.1902994096 0.1787084568 0.9139329244 0.8008011050 0.7411975672 0.9818953058 0.8751670500 0.5224351491 0.4482557328 0.9551214065 0.7126943650 0.0000000000 0.0089242724
0.5307002333 0.5304895497 0.8934265900 0.4988785984 0.1022709899 0.4230083477 0.0107949274 0.7431506077 0.4965608838 0.2427691730 0.8528095302 0.8832303124 0.5970623498 0.2586284641 0.1909639526 0.6766288312 0.5648442596 0.5121685403 0.7193636909 0.1093092650 0.0089242724 0.0000000000
