# Graph size: 22
# Optimal cost: 1.7503372725010138

# Distance Matrix
0.0 0.965075798403119 0.17881304258723518 0.6536111948133746 0.4891586441024852 0.03678122505800163 0.5969448985064395 0.3109284433169852 0.5292268744491133 0.8015301905350671 0.21362485791860641 0.1817692069701471 0.47457047215400805 0.5833276296671984 0.3992271615949007 0.23368240536935347 0.9228418986999313 0.7209189471837452 0.34446358083650064 0.030053112108688662 0.0058493143144279225 0.31815830183449745
0.965075798403119 0.0 0.47963335778979466 0.21896243745282773 0.8887478212809634 0.7763605069751208 0.8795691182316594 0.9014582040516369 0.8988628838850445 0.2959223707817634 0.772473220377121 0.8677922929716769 0.7856409243722995 0.8323520831484497 0.04525303463515118 0.5036570576339101 0.5282616968025112 0.5709454273812915 0.9436280964473353 0.7631798898019908 0.05373620220938269 0.8447006366658041
0.17881304258723518 0.47963335778979466 0.0 0.002195819801569132 0.981411665945414 0.20585204787507094 0.5616637866925113 0.6078064563931246 0.4562708974670463 0.3141184745509138 0.6307494686298023 0.49901241352229087 0.6683826829698409 0.7519013971599028 0.5791822481519275 0.9350207403807881 0.7269774519431399 0.9442283478844945 0.5400562306091244 0.22949185378927717 0.13099160467808768 0.3882819851046049
0.6536111948133746 0.21896243745282773 0.002195819801569132 0.0 0.055111682869753875 0.8376915513393762 0.21673816829318482 0.3833900742014794 0.6856790790686927 0.20991757380626652 0.7269927237379027 0.3323590948475761 0.253842662002697 0.17978558026606106 0.7810658485680757 0.67228693038632 0.6462268693616514 0.7428744747381653 0.15141054933726183 0.7205303092915454 0.5044112246883518 0.6993934894587273
0.4891586441024852 0.8887478212809634 0.981411665945414 0.055111682869753875 0.0 0.1595388987109282 0.9802906241594872 0.7988297056980866 0.7839492475414264 0.6924994304255359 0.740321652353787 0.23711345399607842 0.5861538936050988 0.8108929785640654 0.12455108722673325 0.6931862715388489 0.7777296460831215 0.17038121543097595 0.09994741649268701 0.36002451979556904 0.9049298804062262 0.010868935966760973
0.03678122505800163 0.7763605069751208 0.20585204787507094 0.8376915513393762 0.1595388987109282 0.0 0.3347525580767531 0.12684405566374035 0.2795096989815602 0.7810174557905875 0.21423932004504231 0.7605790730648118 0.3071442926200362 0.5604732882732926 0.7674426354549712 0.8318686226909455 0.9291065251232595 0.31817239613284676 0.7358517741220127 0.9673686281869165 0.7211796842115477 0.7023076822589225
0.5969448985064395 0.8795691182316594 0.5616637866925113 0.21673816829318482 0.9802906241594872 0.3347525580767531 0.0 0.523840242208415 0.933058423276582 0.5931952560013787 0.4960228188650774 0.31064916336842896 0.2573127059988026 0.9632497312889993 0.0926233051707177 0.17502874094514898 0.587861166111376 0.7425683482286098 0.34507115736929617 0.6861815403537682 0.7433596647138568 0.46014800306191195
0.3109284433169852 0.9014582040516369 0.6078064563931246 0.3833900742014794 0.7988297056980866 0.12684405566374035 0.523840242208415 0.0 0.9267567896495361 0.04844072979909564 0.46814828419624466 0.3807253497853865 0.9040181616251791 0.5521548837686577 0.22787356679846615 0.52528034450911 0.5656035480271855 0.7795405436768795 0.9940031971388239 0.09019954491743098 0.6802511653855118 0.7418024170527674
0.5292268744491133 0.8988628838850445 0.4562708974670463 0.6856790790686927 0.7839492475414264 0.2795096989815602 0.933058423276582 0.9267567896495361 0.0 0.8568633442006601 0.879387319885107 0.2607851606814703 0.8826106391002349 0.47968044584510516 0.01302769770569534 0.6016043802838034 0.6730627725495014 0.8602105131532233 0.3573627824883657 0.8261665974909413 0.3445483872095102 0.6018910511709349
0.8015301905350671 0.2959223707817634 0.3141184745509138 0.20991757380626652 0.6924994304255359 0.7810174557905875 0.5931952560013787 0.04844072979909564 0.8568633442006601 0.0 0.8317689988477519 0.4320474373627833 0.15847183308947765 0.9130516189931206 0.9925748782588067 0.35338011313889806 0.4955792965796204 0.8505711803581193 0.06747977094981239 0.8739583406331399 0.9626739243394963 0.9034717888794709
0.21362485791860641 0.772473220377121 0.6307494686298023 0.7269927237379027 0.740321652353787 0.21423932004504231 0.4960228188650774 0.46814828419624466 0.879387319885107 0.8317689988477519 0.0 0.9200957497937508 0.3190114239451066 0.6607929892483022 0.8722895696774355 0.2610497015923081 0.8296371947122492 0.7364591823684034 0.14166556540132846 0.7902462259979285 0.6811049399195573 0.34640819747718277
0.1817692069701471 0.8677922929716769 0.49901241352229087 0.3323590948475761 0.23711345399607842 0.7605790730648118 0.31064916336842896 0.3807253497853865 0.2607851606814703 0.4320474373627833 0.9200957497937508 0.0 0.8664507945538727 0.8543064798431752 0.5447169084051575 0.2062327325136507 0.29572118289067006 0.6338616820003549 0.8126439949928526 0.9646730375902934 0.4444497238376959 0.837294493723065
0.47457047215400805 0.7856409243722995 0.6683826829698409 0.253842662002697 0.5861538936050988 0.3071442926200362 0.2573127059988026 0.9040181616251791 0.8826106391002349 0.15847183308947765 0.3190114239451066 0.8664507945538727 0.0 0.6061270500130519 0.7478225412528599 0.5891846903998492 0.3706852427949947 0.36966251384142046 0.3513067166518282 0.6119343612553638 0.4781341737239847 0.017267257397156732
0.5833276296671984 0.8323520831484497 0.7519013971599028 0.17978558026606106 0.8108929785640654 0.5604732882732926 0.9632497312889993 0.5521548837686577 0.47968044584510516 0.9130516189931206 0.6607929892483022 0.8543064798431752 0.6061270500130519 0.0 0.7235316740217385 0.04556022471994159 0.402294880316464 0.44164414021853227 0.5793890102841665 0.7843324330556366 0.7018682284814545 0.8230463711327096
0.3992271615949007 0.04525303463515118 0.5791822481519275 0.7810658485680757 0.12455108722673325 0.7674426354549712 0.0926233051707177 0.22787356679846615 0.01302769770569534 0.9925748782588067 0.8722895696774355 0.5447169084051575 0.7478225412528599 0.7235316740217385 0.0 0.21134150030769117 0.8149022786057019 0.9809701974280837 0.5818653769680296 0.8236039132571178 0.9957987088180665 0.9347007989081392
0.23368240536935347 0.5036570576339101 0.9350207403807881 0.67228693038632 0.6931862715388489 0.8318686226909455 0.17502874094514898 0.52528034450911 0.6016043802838034 0.35338011313889806 0.2610497015923081 0.2062327325136507 0.5891846903998492 0.04556022471994159 0.21134150030769117 0.0 0.00744341810947502 0.0051721973586648096 0.867656871080585 0.29590567950153 0.5653386359718665 0.27874321255354306
0.9228418986999313 0.5282616968025112 0.7269774519431399 0.6462268693616514 0.7777296460831215 0.9291065251232595 0.587861166111376 0.5656035480271855 0.6730627725495014 0.4955792965796204 0.8296371947122492 0.29572118289067006 0.3706852427949947 0.402294880316464 0.8149022786057019 0.00744341810947502 0.0 0.7117387646164959 0.4800360525605244 0.6362469938930574 0.015106266822121683 0.5909071148102604
0.7209189471837452 0.5709454273812915 0.9442283478844945 0.7428744747381653 0.17038121543097595 0.31817239613284676 0.7425683482286098 0.7795405436768795 0.8602105131532233 0.8505711803581193 0.7364591823684034 0.6338616820003549 0.36966251384142046 0.44164414021853227 0.9809701974280837 0.0051721973586648096 0.7117387646164959 0.0 0.4681761847136551 0.9720118748682438 0.3863768688300472 0.9050657061181774
0.34446358083650064 0.9436280964473353 0.5400562306091244 0.15141054933726183 0.09994741649268701 0.7358517741220127 0.34507115736929617 0.9940031971388239 0.3573627824883657 0.06747977094981239 0.14166556540132846 0.8126439949928526 0.3513067166518282 0.5793890102841665 0.5818653769680296 0.867656871080585 0.4800360525605244 0.4681761847136551 0.0 0.7427223414041441 0.46762899984011785 0.4464820638541923
0.030053112108688662 0.7631798898019908 0.22949185378927717 0.7205303092915454 0.36002451979556904 0.9673686281869165 0.6861815403537682 0.09019954491743098 0.8261665974909413 0.8739583406331399 0.7902462259979285 0.9646730375902934 0.6119343612553638 0.7843324330556366 0.8236039132571178 0.29590567950153 0.6362469938930574 0.9720118748682438 0.7427223414041441 0.0 0.07218021407794495 0.895861088661273
0.0058493143144279225 0.05373620220938269 0.13099160467808768 0.5044112246883518 0.9049298804062262 0.7211796842115477 0.7433596647138568 0.6802511653855118 0.3445483872095102 0.9626739243394963 0.6811049399195573 0.4444497238376959 0.4781341737239847 0.7018682284814545 0.9957987088180665 0.5653386359718665 0.015106266822121683 0.3863768688300472 0.46762899984011785 0.07218021407794495 0.0 0.9428805325269269
0.31815830183449745 0.8447006366658041 0.3882819851046049 0.6993934894587273 0.010868935966760973 0.7023076822589225 0.46014800306191195 0.7418024170527674 0.6018910511709349 0.9034717888794709 0.34640819747718277 0.837294493723065 0.017267257397156732 0.8230463711327096 0.9347007989081392 0.27874321255354306 0.5909071148102604 0.9050657061181774 0.4464820638541923 0.895861088661273 0.9428805325269269 0.0

# Optimal Walk
0 19 7 9 18 10 5 11 21 12 4 3 2 6 14 8 1 20 16 15 17 13 0
