# MCW Instance
# Type: UNIFORM
# N: 22
# Optimal cost: 1.8746126522227549
# Optimal tour (permutation): [0, 20, 10, 16, 3, 21, 7, 1, 9, 19, 8, 18, 14, 12, 6, 4, 5, 13, 2, 17, 15, 11, 0]
# Optimal walk (full path): [0, 20, 10, 16, 3, 21, 7, 1, 9, 8, 19, 8, 18, 14, 18, 12, 6, 4, 5, 13, 2, 11, 17, 11, 15, 11, 0]
# Walk size: 27
# Is walk (has repeats): true

# Distance Matrix
0.0000000000 0.2732872094 0.7279114376 0.6278901458 0.6670558384 0.9548740938 0.6152541090 0.8659978006 0.5366773792 0.0937969869 0.3251414008 0.0018880945 0.6129755170 0.4299108929 0.4868093642 0.3179081876 0.9962925619 0.8405882984 0.5946043272 0.6057119932 0.0641342273 0.1775139464
0.2732872094 0.0000000000 0.7532108535 0.3859631890 0.6671348705 0.7017621842 0.8465789203 0.2868831729 0.6468087863 0.0783694142 0.7609521196 0.6019380969 0.7591022105 0.8300903210 0.3324375629 0.7510608404 0.5184252599 0.8697528232 0.7608471075 0.3551552111 0.4387564654 0.2316040427
0.7279114376 0.7532108535 0.0000000000 0.3340789188 0.9002311461 0.6415773079 0.4042655636 0.4410968822 0.5153715288 0.8248077797 0.7313926174 0.0166052385 0.2178324176 0.1425781236 0.1908592647 0.7568040715 0.0889305086 0.6325859132 0.4892673074 0.6731507160 0.2359726117 0.4459523588
0.6278901458 0.3859631890 0.3340789188 0.0000000000 0.8158036902 0.8098415129 0.0683342102 0.2839043050 0.7879475920 0.2407666830 0.3698951463 0.1262742926 0.0912550198 0.7829808964 0.8853921739 0.5487236526 0.0664252980 0.2162705007 0.6548499054 0.6687582988 0.0290802564 0.1821880970
0.6670558384 0.6671348705 0.9002311461 0.8158036902 0.0000000000 0.1281031262 0.0350210834 0.4211635167 0.3509637643 0.1705248095 0.5800081461 0.9875943493 0.8909911764 0.4314259883 0.0932711213 0.0477859843 0.7531266737 0.1881950945 0.5403311638 0.5888662252 0.7908273533 0.7020960404
0.9548740938 0.7017621842 0.6415773079 0.8098415129 0.1281031262 0.0000000000 0.9519445194 0.3459135904 0.2771943259 0.3257457294 0.5390236203 0.2542496861 0.9512753890 0.0876431008 0.1504317917 0.6598040986 0.3285214925 0.2457240342 0.1840335641 0.4557959102 0.6440792648 0.3497672217
0.6152541090 0.8465789203 0.4042655636 0.0683342102 0.0350210834 0.9519445194 0.0000000000 0.5857969290 0.8774511874 0.4626419736 0.6815779951 0.6274073176 0.0312034014 0.6848697391 0.5522289017 0.7397681832 0.3607995135 0.4079289041 0.8272369864 0.7979259104 0.1599618336 0.8564899807
0.8659978006 0.2868831729 0.4410968822 0.2839043050 0.4211635167 0.3459135904 0.5857969290 0.0000000000 0.2234094595 0.9023718291 0.9297313750 0.3905620681 0.3751911079 0.8823377248 0.8483459566 0.4178311892 0.4036981882 0.4586152004 0.8724819543 0.8907086929 0.7382251657 0.2465936473
0.5366773792 0.6468087863 0.5153715288 0.7879475920 0.3509637643 0.2771943259 0.8774511874 0.2234094595 0.0000000000 0.0209159563 0.9520850745 0.2378623592 0.5546253926 0.2051387393 0.2088238597 0.2399637818 0.2384907538 0.5661802514 0.0583187596 0.0225564650 0.7096496993 0.6528818579
0.0937969869 0.0783694142 0.8248077797 0.2407666830 0.1705248095 0.3257457294 0.4626419736 0.9023718291 0.0209159563 0.0000000000 0.4709767590 0.3093837441 0.5631310669 0.9340772589 0.6402789093 0.8691267764 0.1903241359 0.0756213622 0.9521091119 0.9644499522 0.1726014806 0.1329321785
0.3251414008 0.7609521196 0.7313926174 0.3698951463 0.5800081461 0.5390236203 0.6815779951 0.9297313750 0.9520850745 0.4709767590 0.0000000000 0.7963310590 0.3918676262 0.2136163055 0.3106875811 0.8461318746 0.1200310221 0.8612810710 0.2235452777 0.5644403438 0.0818855917 0.2948488171
0.0018880945 0.6019380969 0.0166052385 0.1262742926 0.9875943493 0.2542496861 0.6274073176 0.3905620681 0.2378623592 0.3093837441 0.7963310590 0.0000000000 0.6552311800 0.8617667327 0.5052511187 0.0081821929 0.6580675235 0.0261001296 0.2767278169 0.3072095503 0.4609887706 0.2730383621
0.6129755170 0.7591022105 0.2178324176 0.0912550198 0.8909911764 0.9512753890 0.0312034014 0.3751911079 0.5546253926 0.5631310669 0.3918676262 0.6552311800 0.0000000000 0.2254338637 0.1577314096 0.0613202604 0.5231146064 0.8859307582 0.0691547895 0.5640704938 0.3033238211 0.2537949560
0.4299108929 0.8300903210 0.1425781236 0.7829808964 0.4314259883 0.0876431008 0.6848697391 0.8823377248 0.2051387393 0.9340772589 0.2136163055 0.8617667327 0.2254338637 0.0000000000 0.3803966494 0.3022149669 0.9911414939 0.2826455722 0.5261121092 0.5224260071 0.9718653998 0.3880394324
0.4868093642 0.3324375629 0.1908592647 0.8853921739 0.0932711213 0.1504317917 0.5522289017 0.8483459566 0.2088238597 0.6402789093 0.3106875811 0.5052511187 0.1577314096 0.3803966494 0.0000000000 0.6045669555 0.9529292609 0.6639014941 0.0214964664 0.8428882832 0.8836446821 0.7816528988
0.3179081876 0.7510608404 0.7568040715 0.5487236526 0.0477859843 0.6598040986 0.7397681832 0.4178311892 0.2399637818 0.8691267764 0.8461318746 0.0081821929 0.0613202604 0.3022149669 0.6045669555 0.0000000000 0.4570200655 0.3610906040 0.4834955808 0.6519603658 0.2928281505 0.9731894776
0.9962925619 0.5184252599 0.0889305086 0.0664252980 0.7531266737 0.3285214925 0.3607995135 0.4036981882 0.2384907538 0.1903241359 0.1200310221 0.6580675235 0.5231146064 0.9911414939 0.9529292609 0.4570200655 0.0000000000 0.9557467612 0.8775821891 0.8126130272 0.6318784869 0.7894586902
0.8405882984 0.8697528232 0.6325859132 0.2162705007 0.1881950945 0.2457240342 0.4079289041 0.4586152004 0.5661802514 0.0756213622 0.8612810710 0.0261001296 0.8859307582 0.2826455722 0.6639014941 0.3610906040 0.9557467612 0.0000000000 0.1499898737 0.2734987302 0.5226592317 0.8036213342
0.5946043272 0.7608471075 0.4892673074 0.6548499054 0.5403311638 0.1840335641 0.8272369864 0.8724819543 0.0583187596 0.9521091119 0.2235452777 0.2767278169 0.0691547895 0.5261121092 0.0214964664 0.4834955808 0.8775821891 0.1499898737 0.0000000000 0.5537953649 0.3919670539 0.7439785417
0.6057119932 0.3551552111 0.6731507160 0.6687582988 0.5888662252 0.4557959102 0.7979259104 0.8907086929 0.0225564650 0.9644499522 0.5644403438 0.3072095503 0.5640704938 0.5224260071 0.8428882832 0.6519603658 0.8126130272 0.2734987302 0.5537953649 0.0000000000 0.9002582631 0.2764143171
0.0641342273 0.4387564654 0.2359726117 0.0290802564 0.7908273533 0.6440792648 0.1599618336 0.7382251657 0.7096496993 0.1726014806 0.0818855917 0.4609887706 0.3033238211 0.9718653998 0.8836446821 0.2928281505 0.6318784869 0.5226592317 0.3919670539 0.9002582631 0.0000000000 0.7843742334
0.1775139464 0.2316040427 0.4459523588 0.1821880970 0.7020960404 0.3497672217 0.8564899807 0.2465936473 0.6528818579 0.1329321785 0.2948488171 0.2730383621 0.2537949560 0.3880394324 0.7816528988 0.9731894776 0.7894586902 0.8036213342 0.7439785417 0.2764143171 0.7843742334 0.0000000000
