# MCW Instance
# Type: UNIFORM
# N: 22
# Optimal cost: 1.8219188607408539
# Optimal tour (permutation): [0, 4, 12, 10, 9, 11, 16, 5, 20, 13, 2, 21, 18, 19, 7, 6, 3, 1, 14, 17, 15, 8, 0]
# Optimal walk (full path): [0, 4, 10, 12, 10, 9, 10, 11, 16, 5, 13, 20, 13, 2, 21, 18, 19, 18, 7, 6, 3, 6, 1, 6, 14, 17, 15, 8, 0]
# Walk size: 29
# Is walk (has repeats): true

# Distance Matrix
0.0000000000 0.8475916989 0.6670893593 0.9353292506 0.0106421769 0.7971456391 0.1763125234 0.4778109299 0.0898675641 0.2529718671 0.2743287441 0.6642695598 0.8195456521 0.4240797466 0.4894394880 0.5531111513 0.4900884897 0.5058862690 0.5381343387 0.9954313348 0.4155317408 0.7659209288
0.8475916989 0.0000000000 0.4166069559 0.7127824776 0.8705254390 0.8117218509 0.0310065611 0.1047544477 0.9805040987 0.0817245911 0.1037599711 0.7846904380 0.0919221931 0.7102974602 0.1802134728 0.4678360456 0.3769800117 0.3096784500 0.1780079347 0.2434462153 0.6860540932 0.8844203824
0.6670893593 0.4166069559 0.0000000000 0.0710144646 0.4508511570 0.9510851774 0.0480527542 0.9803221269 0.3492092874 0.7644662554 0.9470196177 0.1566831874 0.5216512614 0.1105117221 0.8135555280 0.0819855552 0.4867461908 0.6103781754 0.8670119050 0.1917359400 0.3036974519 0.0563460785
0.9353292506 0.7127824776 0.0710144646 0.0000000000 0.3622486915 0.5262016035 0.0524020446 0.4576611354 0.9440571380 0.9547721330 0.9454843108 0.2976724467 0.1081815590 0.4862676344 0.4866408749 0.2107945464 0.4923589796 0.5773325417 0.5281107932 0.8278586232 0.9248977588 0.2817197139
0.0106421769 0.8705254390 0.4508511570 0.3622486915 0.0000000000 0.2998110290 0.1097077503 0.6436671909 0.5451820790 0.4836541723 0.0914301330 0.8649721108 0.9438547350 0.1887918763 0.5934129763 0.9296379817 0.6884229421 0.2470037043 0.1204389370 0.5827333652 0.7720364781 0.5921783299
0.7971456391 0.8117218509 0.9510851774 0.5262016035 0.2998110290 0.0000000000 0.8663363853 0.5537084139 0.7268448428 0.6138098227 0.4692331051 0.4953294204 0.5721912338 0.2816588878 0.9212529636 0.5126412185 0.1869180333 0.5272052735 0.8265335091 0.9672907508 0.5188999662 0.8372440317
0.1763125234 0.0310065611 0.0480527542 0.0524020446 0.1097077503 0.8663363853 0.0000000000 0.0227316561 0.9778962999 0.7568357983 0.2659548281 0.4337240397 0.0537490742 0.8324926957 0.1040008560 0.9049970440 0.5969851052 0.3960124785 0.2566889192 0.6882613179 0.5874666229 0.7125517271
0.4778109299 0.1047544477 0.9803221269 0.4576611354 0.6436671909 0.5537084139 0.0227316561 0.0000000000 0.9779503976 0.1881138153 0.6249643032 0.7654433145 0.9828784562 0.5611103991 0.6448329668 0.2192296050 0.1187836065 0.7664001330 0.0462246578 0.7953323615 0.7132064103 0.7071124468
0.0898675641 0.9805040987 0.3492092874 0.9440571380 0.5451820790 0.7268448428 0.9778962999 0.9779503976 0.0000000000 0.6759852824 0.0437885482 0.4370526312 0.1729763495 0.0967317145 0.4563946997 0.0219926146 0.3971910309 0.8342084409 0.3597671185 0.4534933635 0.1743552237 0.8468743111
0.2529718671 0.0817245911 0.7644662554 0.9547721330 0.4836541723 0.6138098227 0.7568357983 0.1881138153 0.6759852824 0.0000000000 0.0512391803 0.3243281948 0.6513027369 0.2897710111 0.1961805845 0.8781355826 0.0989797413 0.7550773279 0.5922381650 0.8985754142 0.2010389866 0.5633537666
0.2743287441 0.1037599711 0.9470196177 0.9454843108 0.0914301330 0.4692331051 0.2659548281 0.6249643032 0.0437885482 0.0512391803 0.0000000000 0.0241613555 0.0068569195 0.6536152367 0.3523348023 0.0822900140 0.1188899230 0.1607847800 0.1642265023 0.4984455202 0.7830369577 0.2315014779
0.6642695598 0.7846904380 0.1566831874 0.2976724467 0.8649721108 0.4953294204 0.4337240397 0.7654433145 0.4370526312 0.3243281948 0.0241613555 0.0000000000 0.4678196974 0.7648812633 0.8704207527 0.5363407439 0.0683298166 0.5451117389 0.6219676999 0.9661713755 0.6557265725 0.6598539891
0.8195456521 0.0919221931 0.5216512614 0.1081815590 0.9438547350 0.5721912338 0.0537490742 0.9828784562 0.1729763495 0.6513027369 0.0068569195 0.4678196974 0.0000000000 0.3698452055 0.9499151575 0.8214177906 0.2369790690 0.3456765604 0.0348424625 0.7335034854 0.9512853777 0.8638941945
0.4240797466 0.7102974602 0.1105117221 0.4862676344 0.1887918763 0.2816588878 0.8324926957 0.5611103991 0.0967317145 0.2897710111 0.6536152367 0.7648812633 0.3698452055 0.0000000000 0.2103914258 0.3024180206 0.1480695454 0.8258182975 0.9652873504 0.5916291733 0.0438849939 0.9285246695
0.4894394880 0.1802134728 0.8135555280 0.4866408749 0.5934129763 0.9212529636 0.1040008560 0.6448329668 0.4563946997 0.1961805845 0.3523348023 0.8704207527 0.9499151575 0.2103914258 0.0000000000 0.6077779903 0.4321652099 0.1285418963 0.1822919649 0.9500894641 0.6850920561 0.3543166402
0.5531111513 0.4678360456 0.0819855552 0.2107945464 0.9296379817 0.5126412185 0.9049970440 0.2192296050 0.0219926146 0.8781355826 0.0822900140 0.5363407439 0.8214177906 0.3024180206 0.6077779903 0.0000000000 0.3413952292 0.0607464977 0.3626645160 0.6915029391 0.6352392157 0.4221901817
0.4900884897 0.3769800117 0.4867461908 0.4923589796 0.6884229421 0.1869180333 0.5969851052 0.1187836065 0.3971910309 0.0989797413 0.1188899230 0.0683298166 0.2369790690 0.1480695454 0.4321652099 0.3413952292 0.0000000000 0.8667270139 0.1538506322 0.7503012344 0.4961645994 0.9320408508
0.5058862690 0.3096784500 0.6103781754 0.5773325417 0.2470037043 0.5272052735 0.3960124785 0.7664001330 0.8342084409 0.7550773279 0.1607847800 0.5451117389 0.3456765604 0.8258182975 0.1285418963 0.0607464977 0.8667270139 0.0000000000 0.4531024463 0.3580803249 0.3956339250 0.4725663998
0.5381343387 0.1780079347 0.8670119050 0.5281107932 0.1204389370 0.8265335091 0.2566889192 0.0462246578 0.3597671185 0.5922381650 0.1642265023 0.6219676999 0.0348424625 0.9652873504 0.1822919649 0.3626645160 0.1538506322 0.4531024463 0.0000000000 0.0287529455 0.6102256032 0.0895296244
0.9954313348 0.2434462153 0.1917359400 0.8278586232 0.5827333652 0.9672907508 0.6882613179 0.7953323615 0.4534933635 0.8985754142 0.4984455202 0.9661713755 0.7335034854 0.5916291733 0.9500894641 0.6915029391 0.7503012344 0.3580803249 0.0287529455 0.0000000000 0.4203306373 0.3173180501
0.4155317408 0.6860540932 0.3036974519 0.9248977588 0.7720364781 0.5188999662 0.5874666229 0.7132064103 0.1743552237 0.2010389866 0.7830369577 0.6557265725 0.9512853777 0.0438849939 0.6850920561 0.6352392157 0.4961645994 0.3956339250 0.6102256032 0.4203306373 0.0000000000 0.9292438135
0.7659209288 0.8844203824 0.0563460785 0.2817197139 0.5921783299 0.8372440317 0.7125517271 0.7071124468 0.8468743111 0.5633537666 0.2315014779 0.6598539891 0.8638941945 0.9285246695 0.3543166402 0.4221901817 0.9320408508 0.4725663998 0.0895296244 0.3173180501 0.9292438135 0.0000000000
