# Graph size: 22
# Optimal cost: 1.7933225449022185

# Distance Matrix
0.0 0.6704751646777812 0.7215775870360975 0.037008110671648664 0.9332262533895692 0.19674195693942143 0.00822823154718999 0.7744534032508876 0.3518650769780527 0.25741086240793154 0.3789520768752018 0.7350049036730719 0.04116769510287144 0.5031859717178916 0.15917126915624935 0.27332947297753996 0.14800060344334187 0.8158511891575967 0.44522279025968015 0.28485351747106435 0.48045958609395467 0.6497750196159015
0.6704751646777812 0.0 0.9022624615365493 0.8075412269721263 0.9345355532630233 0.28380146361157055 0.741086935765722 0.4398359862676904 0.9953433629068963 0.7836064239325679 0.08532979128593343 0.10580120716762864 0.5248582868267595 0.5068253814856377 0.8242771556335051 0.9963483756314567 0.8225186939192132 0.7967349311949123 0.9615873818729536 0.09454226135691035 0.25071770225989554 0.10499711261665068
0.7215775870360975 0.9022624615365493 0.0 0.41648807490332196 0.5533238650940236 0.5541205504765842 0.15995215882059632 0.2115632455268308 0.3355939855314568 0.3699084958530323 0.9541719484978127 0.9900319774552916 0.9494516204871474 0.3254642214019261 0.2634627225623323 0.8454593807325615 0.8154827001949339 0.5506775946211104 0.1292323223822649 0.5181296566810347 0.7883469565962178 0.3939648075515543
0.037008110671648664 0.8075412269721263 0.41648807490332196 0.0 0.23711399437958391 0.11484993364606211 0.6215111261922458 0.6242581132628641 0.4069649549197595 0.6427427753630431 0.7118296355365558 0.4256371258688386 0.4728348655853757 0.8126243186612763 0.28977421244213053 0.04693696799937641 0.6762256568768775 0.7638539985569597 0.33146630061773563 0.05558256705866549 0.3219406819806616 0.5900810049935606
0.9332262533895692 0.9345355532630233 0.5533238650940236 0.23711399437958391 0.0 0.8602672736633965 0.7630623431004071 0.8530481603037628 0.8041012117007579 0.9785332130992623 0.538868888487182 0.6899598077804591 0.17007846963049622 0.9242424657997422 0.41039756726031473 0.1483526975845425 0.652671722667588 0.6825557609894459 0.5582094342760673 0.5016385752622657 0.5851496568137953 0.19897030112564784
0.19674195693942143 0.28380146361157055 0.5541205504765842 0.11484993364606211 0.8602672736633965 0.0 0.059227126245668615 0.7859113479349197 0.5423633038786616 0.03858081043325523 0.5048479504603239 0.2587807400426384 0.8194858111040998 0.4150619699679584 0.9266216744501763 0.5182255653103048 0.8637178465330723 0.8733383017857688 0.7990549283852878 0.16357753581077872 0.4836964786777572 0.5515091635750669
0.00822823154718999 0.741086935765722 0.15995215882059632 0.6215111261922458 0.7630623431004071 0.059227126245668615 0.0 0.7572677345261183 0.5379728104304224 0.1701338795738967 0.8704480938617789 0.06664244142397369 0.5300847389976474 0.4012514619509837 0.7035971874200606 0.8122687912657257 0.6326783043807875 0.37786458226424013 0.5648286894261649 0.23790304311200783 0.456503068177451 0.23551109749740484
0.7744534032508876 0.4398359862676904 0.2115632455268308 0.6242581132628641 0.8530481603037628 0.7859113479349197 0.7572677345261183 0.0 0.11884808182147866 0.6573236551662041 0.68026795477906 0.41480711830947825 0.3664636293487553 0.8853791627900381 0.9809179039969286 0.5362514246653495 0.18614969563023653 0.19168869009313194 0.83315895625441 0.8219898980476178 0.5236823002470026 0.3668695577780968
0.3518650769780527 0.9953433629068963 0.3355939855314568 0.4069649549197595 0.8041012117007579 0.5423633038786616 0.5379728104304224 0.11884808182147866 0.0 0.1931547959903127 0.834589921956889 0.4132270051832738 0.6093298177288415 0.9885443620970611 0.06166363389693008 0.18611092068845048 0.5900786695759366 0.025406973043393566 0.6652185946418349 0.6776119893509286 0.23367078146179865 0.3925274955267941
0.25741086240793154 0.7836064239325679 0.3699084958530323 0.6427427753630431 0.9785332130992623 0.03858081043325523 0.1701338795738967 0.6573236551662041 0.1931547959903127 0.0 0.5359027881321988 0.9774503390176065 0.46531528665162314 0.6942910332919138 0.6448503663401708 0.28626830072452913 0.4173439027785557 0.47576299662647825 0.56962355385022 0.7382366686495203 0.36264689030362884 0.01698711217411053
0.3789520768752018 0.08532979128593343 0.9541719484978127 0.7118296355365558 0.538868888487182 0.5048479504603239 0.8704480938617789 0.68026795477906 0.834589921956889 0.5359027881321988 0.0 0.9857850290549084 0.6290270512217901 0.9483494626370091 0.26826021692722146 0.8619244094023495 0.34874113312436295 0.139915646574452 0.074119756576699 0.07350117377542009 0.4609896764850199 0.6540300377400791
0.7350049036730719 0.10580120716762864 0.9900319774552916 0.4256371258688386 0.6899598077804591 0.2587807400426384 0.06664244142397369 0.41480711830947825 0.4132270051832738 0.9774503390176065 0.9857850290549084 0.0 0.9910056459324952 0.15965591614595787 0.7921652585240125 0.5580226963724915 0.9420358559481743 0.9871803039791753 0.09905457732933665 0.14426602104609254 0.672060342338147 0.15712564333039747
0.04116769510287144 0.5248582868267595 0.9494516204871474 0.4728348655853757 0.17007846963049622 0.8194858111040998 0.5300847389976474 0.3664636293487553 0.6093298177288415 0.46531528665162314 0.6290270512217901 0.9910056459324952 0.0 0.8682877929955239 0.1498865056145252 0.4671357167576965 0.09206905496303264 0.06772339085719103 0.885298634083247 0.8847887189595315 0.8758444950885671 0.21771948353190818
0.5031859717178916 0.5068253814856377 0.3254642214019261 0.8126243186612763 0.9242424657997422 0.4150619699679584 0.4012514619509837 0.8853791627900381 0.9885443620970611 0.6942910332919138 0.9483494626370091 0.15965591614595787 0.8682877929955239 0.0 0.8594819647984226 0.3049135790193722 0.08258638443368715 0.9793432542202674 0.045586578448047366 0.95587489999183 0.028221016253677123 0.5669220823045169
0.15917126915624935 0.8242771556335051 0.2634627225623323 0.28977421244213053 0.41039756726031473 0.9266216744501763 0.7035971874200606 0.9809179039969286 0.06166363389693008 0.6448503663401708 0.26826021692722146 0.7921652585240125 0.1498865056145252 0.8594819647984226 0.0 0.017366230786439507 0.6963639220305171 0.10508144122158936 0.6839416363513765 0.8051026117033507 0.2407830517688544 0.11910954219036674
0.27332947297753996 0.9963483756314567 0.8454593807325615 0.04693696799937641 0.1483526975845425 0.5182255653103048 0.8122687912657257 0.5362514246653495 0.18611092068845048 0.28626830072452913 0.8619244094023495 0.5580226963724915 0.4671357167576965 0.3049135790193722 0.017366230786439507 0.0 0.35414761583991006 0.4690976947349227 0.7044097909884875 0.8391485826671617 0.9738092885341305 0.06947636641926891
0.14800060344334187 0.8225186939192132 0.8154827001949339 0.6762256568768775 0.652671722667588 0.8637178465330723 0.6326783043807875 0.18614969563023653 0.5900786695759366 0.4173439027785557 0.34874113312436295 0.9420358559481743 0.09206905496303264 0.08258638443368715 0.6963639220305171 0.35414761583991006 0.0 0.31431770448073093 0.28911862779874353 0.14645456500698628 0.922954106203673 0.8830091861608618
0.8158511891575967 0.7967349311949123 0.5506775946211104 0.7638539985569597 0.6825557609894459 0.8733383017857688 0.37786458226424013 0.19168869009313194 0.025406973043393566 0.47576299662647825 0.139915646574452 0.9871803039791753 0.06772339085719103 0.9793432542202674 0.10508144122158936 0.4690976947349227 0.31431770448073093 0.0 0.6664058063371752 0.37798834361842615 0.7803896752208184 0.17394036915820976
0.44522279025968015 0.9615873818729536 0.1292323223822649 0.33146630061773563 0.5582094342760673 0.7990549283852878 0.5648286894261649 0.83315895625441 0.6652185946418349 0.56962355385022 0.074119756576699 0.09905457732933665 0.885298634083247 0.045586578448047366 0.6839416363513765 0.7044097909884875 0.28911862779874353 0.6664058063371752 0.0 0.1535860455635938 0.5079566389299631 0.8333565130522772
0.28485351747106435 0.09454226135691035 0.5181296566810347 0.05558256705866549 0.5016385752622657 0.16357753581077872 0.23790304311200783 0.8219898980476178 0.6776119893509286 0.7382366686495203 0.07350117377542009 0.14426602104609254 0.8847887189595315 0.95587489999183 0.8051026117033507 0.8391485826671617 0.14645456500698628 0.37798834361842615 0.1535860455635938 0.0 0.6015960964508473 0.3056427611463065
0.48045958609395467 0.25071770225989554 0.7883469565962178 0.3219406819806616 0.5851496568137953 0.4836964786777572 0.456503068177451 0.5236823002470026 0.23367078146179865 0.36264689030362884 0.4609896764850199 0.672060342338147 0.8758444950885671 0.028221016253677123 0.2407830517688544 0.9738092885341305 0.922954106203673 0.7803896752208184 0.5079566389299631 0.6015960964508473 0.0 0.8318212265082369
0.6497750196159015 0.10499711261665068 0.3939648075515543 0.5900810049935606 0.19897030112564784 0.5515091635750669 0.23551109749740484 0.3668695577780968 0.3925274955267941 0.01698711217411053 0.6540300377400791 0.15712564333039747 0.21771948353190818 0.5669220823045169 0.11910954219036674 0.06947636641926891 0.8830091861608618 0.17394036915820976 0.8333565130522772 0.3056427611463065 0.8318212265082369 0.0

# Optimal Walk
0 12 16 20 13 18 2 7 17 8 14 15 4 21 9 5 6 11 1 10 19 3 0
