# MCW Instance
# Type: UNIFORM
# N: 22
# Optimal cost: 2.2200289149633496
# Optimal tour (permutation): [0, 6, 7, 16, 14, 8, 1, 9, 4, 19, 13, 5, 15, 12, 17, 18, 10, 20, 2, 21, 11, 3, 0]
# Optimal walk (full path): [0, 6, 0, 7, 16, 14, 8, 1, 4, 9, 4, 19, 13, 5, 15, 12, 17, 18, 10, 20, 2, 21, 11, 3, 0]
# Walk size: 25
# Is walk (has repeats): true

# Distance Matrix
0.0000000000 0.6352131367 0.5048925679 0.0089295033 0.2518410784 0.1652196152 0.0193760681 0.1320084065 0.8730516397 0.2756028956 0.2725900904 0.9707154902 0.2834486209 0.3847302219 0.3398521445 0.7629349666 0.6755626019 0.5750787539 0.2802663696 0.2782101077 0.8380678638 0.7360337307
0.6352131367 0.0000000000 0.3814669206 0.2463430211 0.0612851784 0.9164198331 0.3428312431 0.8082423386 0.3343192463 0.8831336720 0.7189711164 0.6069700062 0.6717517197 0.9457228986 0.1103482764 0.9660384792 0.9634752412 0.9514831684 0.7841508074 0.7123623146 0.8281676203 0.9816210607
0.5048925679 0.3814669206 0.0000000000 0.6361051547 0.5928692557 0.5690695074 0.6862577839 0.6626880261 0.9066271961 0.4801428821 0.3845246380 0.4032412309 0.9284456346 0.4313521151 0.0257282819 0.1327817704 0.9352612644 0.8737226779 0.8585399867 0.9388384499 0.1632190728 0.1479973725
0.0089295033 0.2463430211 0.6361051547 0.0000000000 0.1873898200 0.1994353789 0.8212119477 0.2551237525 0.9087231458 0.3943818462 0.3657431682 0.0524701807 0.6145037856 0.6283168365 0.6023280912 0.1765825505 0.9263238847 0.7214960935 0.8202523315 0.8614574231 0.3807083448 0.2330979342
0.2518410784 0.0612851784 0.5928692557 0.1873898200 0.0000000000 0.0903559549 0.2207213808 0.6246768626 0.3218639245 0.0596141783 0.4927706199 0.9003542898 0.9201787036 0.0616369405 0.2098388998 0.7983960605 0.3002331455 0.1288115224 0.2451257825 0.0422220107 0.7447034314 0.5396630732
0.1652196152 0.9164198331 0.5690695074 0.1994353789 0.0903559549 0.0000000000 0.2165312458 0.6285286198 0.6994181603 0.8641106184 0.7812072108 0.9942762282 0.4817743676 0.0796467902 0.9420498179 0.0063243460 0.3462024673 0.2230714827 0.6054211321 0.4771145165 0.4667694703 0.2152611289
0.0193760681 0.3428312431 0.6862577839 0.8212119477 0.2207213808 0.2165312458 0.0000000000 0.2788023948 0.5982773178 0.1870481711 0.9505569008 0.9777455293 0.1537659003 0.7086703093 0.4777064845 0.1234032234 0.6250956425 0.2425189659 0.1158960956 0.4550823319 0.3334958181 0.5303066709
0.1320084065 0.8082423386 0.6626880261 0.2551237525 0.6246768626 0.6285286198 0.2788023948 0.0000000000 0.6472603523 0.7566789874 0.5772556429 0.5593227122 0.3063596253 0.5015184906 0.3172737712 0.2394236965 0.1474661722 0.3570363834 0.3397969102 0.7888798493 0.5121012531 0.8589018169
0.8730516397 0.3343192463 0.9066271961 0.9087231458 0.3218639245 0.6994181603 0.5982773178 0.6472603523 0.0000000000 0.9825596309 0.5844781950 0.7421177261 0.4635979087 0.4490141146 0.2713240851 0.9877237408 0.6191381317 0.4550651852 0.9990700563 0.9451949473 0.4555118202 0.4537022826
0.2756028956 0.8831336720 0.4801428821 0.3943818462 0.0596141783 0.8641106184 0.1870481711 0.7566789874 0.9825596309 0.0000000000 0.7538412857 0.6256240301 0.1896157011 0.9651470662 0.8889153257 0.8039078969 0.3638427856 0.6036113361 0.1222530578 0.6262747868 0.5931635990 0.2364871135
0.2725900904 0.7189711164 0.3845246380 0.3657431682 0.4927706199 0.7812072108 0.9505569008 0.5772556429 0.5844781950 0.7538412857 0.0000000000 0.4652669035 0.9650046839 0.5824492981 0.3377665215 0.7747512821 0.5005980781 0.7939497617 0.0047167226 0.8786893922 0.1845000180 0.2942541465
0.9707154902 0.6069700062 0.4032412309 0.0524701807 0.9003542898 0.9942762282 0.9777455293 0.5593227122 0.7421177261 0.6256240301 0.4652669035 0.0000000000 0.2953106041 0.5166896658 0.6895875227 0.9907254223 0.5136412708 0.6570939581 0.6909801933 0.6793142400 0.8215245832 0.1053387589
0.2834486209 0.6717517197 0.9284456346 0.6145037856 0.9201787036 0.4817743676 0.1537659003 0.3063596253 0.4635979087 0.1896157011 0.9650046839 0.2953106041 0.0000000000 0.3363353945 0.0688218936 0.0867208216 0.7019399911 0.0626411255 0.2210959259 0.1916826032 0.8235105696 0.9956206524
0.3847302219 0.9457228986 0.4313521151 0.6283168365 0.0616369405 0.0796467902 0.7086703093 0.5015184906 0.4490141146 0.9651470662 0.5824492981 0.5166896658 0.3363353945 0.0000000000 0.6523060531 0.1214635031 0.3465093187 0.5282155310 0.6773622541 0.0253976585 0.7109589620 0.3162142212
0.3398521445 0.1103482764 0.0257282819 0.6023280912 0.2098388998 0.9420498179 0.4777064845 0.3172737712 0.2713240851 0.8889153257 0.3377665215 0.6895875227 0.0688218936 0.6523060531 0.0000000000 0.4477007858 0.1043876948 0.2301594202 0.8519455346 0.5320781264 0.6141144747 0.3324624416
0.7629349666 0.9660384792 0.1327817704 0.1765825505 0.7983960605 0.0063243460 0.1234032234 0.2394236965 0.9877237408 0.8039078969 0.7747512821 0.9907254223 0.0867208216 0.1214635031 0.4477007858 0.0000000000 0.9810579661 0.8206766152 0.4942093228 0.9924620621 0.2127567888 0.9947399707
0.6755626019 0.9634752412 0.9352612644 0.9263238847 0.3002331455 0.3462024673 0.6250956425 0.1474661722 0.6191381317 0.3638427856 0.5005980781 0.5136412708 0.7019399911 0.3465093187 0.1043876948 0.9810579661 0.0000000000 0.1344052345 0.2114949674 0.4404732296 0.7971207545 0.5709105234
0.5750787539 0.9514831684 0.8737226779 0.7214960935 0.1288115224 0.2230714827 0.2425189659 0.3570363834 0.4550651852 0.6036113361 0.7939497617 0.6570939581 0.0626411255 0.5282155310 0.2301594202 0.8206766152 0.1344052345 0.0000000000 0.0411332577 0.7377907243 0.8635357955 0.9697251329
0.2802663696 0.7841508074 0.8585399867 0.8202523315 0.2451257825 0.6054211321 0.1158960956 0.3397969102 0.9990700563 0.1222530578 0.0047167226 0.6909801933 0.2210959259 0.6773622541 0.8519455346 0.4942093228 0.2114949674 0.0411332577 0.0000000000 0.3083917913 0.2235556371 0.9299899045
0.2782101077 0.7123623146 0.9388384499 0.8614574231 0.0422220107 0.4771145165 0.4550823319 0.7888798493 0.9451949473 0.6262747868 0.8786893922 0.6793142400 0.1916826032 0.0253976585 0.5320781264 0.9924620621 0.4404732296 0.7377907243 0.3083917913 0.0000000000 0.5983458187 0.8976610807
0.8380678638 0.8281676203 0.1632190728 0.3807083448 0.7447034314 0.4667694703 0.3334958181 0.5121012531 0.4555118202 0.5931635990 0.1845000180 0.8215245832 0.8235105696 0.7109589620 0.6141144747 0.2127567888 0.7971207545 0.8635357955 0.2235556371 0.5983458187 0.0000000000 0.6004507845
0.7360337307 0.9816210607 0.1479973725 0.2330979342 0.5396630732 0.2152611289 0.5303066709 0.8589018169 0.4537022826 0.2364871135 0.2942541465 0.1053387589 0.9956206524 0.3162142212 0.3324624416 0.9947399707 0.5709105234 0.9697251329 0.9299899045 0.8976610807 0.6004507845 0.0000000000
