# Graph size: 22
# Optimal cost: 2.1386849422333225

# Distance Matrix
0.0 0.31029123541307435 0.19305379568606462 0.16610133270251137 0.9287645502949212 0.26127229440885524 0.8558993716785596 0.8215075040464698 0.9110658630934758 0.9287253790495799 0.4889433062029721 0.07734027824676881 0.1553234830295056 0.01259390328746246 0.1188161680549783 0.2529037997960615 0.20149704982577332 0.6383843121245592 0.6534256476756435 0.6361887015200007 0.48869698064696754 0.8773426744626922
0.31029123541307435 0.0 0.8403057407302169 0.6721439379836531 0.7870068013992999 0.7404636542445937 0.98759367322629 0.553506889935474 0.4472461192941063 0.984496532616997 0.6581141106229077 0.14268907105170847 0.9140174530240956 0.5690908441359074 0.649589414978322 0.4198164880939347 0.4405437859664313 0.8864494898500483 0.7077840312407182 0.19987477957012612 0.968218175059246 0.9483344889981487
0.19305379568606462 0.8403057407302169 0.0 0.584429766146574 0.6910115189378815 0.68945026015931 0.5599969531152025 0.2480678437388929 0.5763988788018353 0.8993095940746304 0.13657932053293043 0.2834831802524186 0.6936619244470592 0.359628403269048 0.2247645543943243 0.77419444048876 0.05872946948642377 0.5486415512349502 0.9809233022360987 0.25250351528588766 0.9350652661499238 0.8499053109289542
0.16610133270251137 0.6721439379836531 0.584429766146574 0.0 0.8267373108329072 0.6228964593903852 0.8845897615982863 0.9461499535334815 0.2542527657157392 0.3171271096587288 0.2532036152591133 0.4268862888129288 0.28454510621885254 0.3231040137027845 0.3416758012297192 0.8929993923840226 0.3976522174824402 0.14473967225593243 0.5917611758481278 0.6472274781004056 0.8461606081228494 0.19621110197761926
0.9287645502949212 0.7870068013992999 0.6910115189378815 0.8267373108329072 0.0 0.4777631897711949 0.3963375372525436 0.14080465672091858 0.6116188573628181 0.4353594250080923 0.25897359463221514 0.15366630498771394 0.9598211593319761 0.08235948433278584 0.7725675690550771 0.7230390976435926 0.8942591589292817 0.19016552946864507 0.523366593861137 0.863746382603859 0.338877633875838 0.3500580631051682
0.26127229440885524 0.7404636542445937 0.68945026015931 0.6228964593903852 0.4777631897711949 0.0 0.4855448621690326 0.6876810847811418 0.41378510670699986 0.045030770467758274 0.148532060902837 0.921560012499543 0.9380863252013278 0.885749883833853 0.03610445545595686 0.4723628724588963 0.012358944235778435 0.09831493752021148 0.27644905583456947 0.8356524496859018 0.8795353016941058 0.9618496418113943
0.8558993716785596 0.98759367322629 0.5599969531152025 0.8845897615982863 0.3963375372525436 0.4855448621690326 0.0 0.4693249772505381 0.2679491834739691 0.9904895088223177 0.7855529385817867 0.21461013159095432 0.5515596256663253 0.959418872803683 0.18769197325025766 0.3159360788039367 0.8687350319574544 0.884147889990555 0.8931200417443192 0.8537772322524676 0.7717631035367565 0.32777185771612527
0.8215075040464698 0.553506889935474 0.2480678437388929 0.9461499535334815 0.14080465672091858 0.6876810847811418 0.4693249772505381 0.0 0.001254664926515603 0.03427479526708299 0.48657177130576645 0.11059675791021195 0.6930518543976445 0.9632403753404691 0.8196513567579575 0.945120291289782 0.643364597913441 0.26919764283286407 0.7515774572846738 0.8618390947448954 0.9841752836302197 0.8049848035626654
0.9110658630934758 0.4472461192941063 0.5763988788018353 0.2542527657157392 0.6116188573628181 0.41378510670699986 0.2679491834739691 0.001254664926515603 0.0 0.395143426313038 0.3199549055550627 0.5245427827981354 0.49435462363147875 0.3720882310824827 0.8745929596560634 0.07470696378407127 0.7581730998408982 0.8196317597468936 0.28093360959528335 0.1446450114123865 0.8542311050822774 0.17650637283166926
0.9287253790495799 0.984496532616997 0.8993095940746304 0.3171271096587288 0.4353594250080923 0.045030770467758274 0.9904895088223177 0.03427479526708299 0.395143426313038 0.0 0.9556983109768462 0.9914749702527538 0.8953486290679901 0.6178998621177593 0.7877193135601844 0.975454027985478 0.2723641103748148 0.5097017527271606 0.39186224062054964 0.450920506603646 0.7017662565331556 0.5346714058953308
0.4889433062029721 0.6581141106229077 0.13657932053293043 0.2532036152591133 0.25897359463221514 0.148532060902837 0.7855529385817867 0.48657177130576645 0.3199549055550627 0.9556983109768462 0.0 0.03435905885882251 0.9663796180902733 0.14213924755275242 0.2066227102401702 0.6226487410953827 0.3770355554766246 0.37925681822141755 0.33344704823384974 0.34911115046072516 0.5834228833687459 0.166574225277472
0.07734027824676881 0.14268907105170847 0.2834831802524186 0.4268862888129288 0.15366630498771394 0.921560012499543 0.21461013159095432 0.11059675791021195 0.5245427827981354 0.9914749702527538 0.03435905885882251 0.0 0.6157726489715339 0.8056195762570711 0.001392830163152281 0.42603158349917947 0.9752848352448038 0.6446260074828516 0.5415609290449268 0.1634958011432257 0.39520859371029116 0.1525319961912892
0.1553234830295056 0.9140174530240956 0.6936619244470592 0.28454510621885254 0.9598211593319761 0.9380863252013278 0.5515596256663253 0.6930518543976445 0.49435462363147875 0.8953486290679901 0.9663796180902733 0.6157726489715339 0.0 0.8304242780881429 0.4338328650164295 0.02518097068885805 0.4223876291569246 0.6407082396620178 0.9025156412341084 0.053718019593195554 0.16549999401744186 0.015104242130640322
0.01259390328746246 0.5690908441359074 0.359628403269048 0.3231040137027845 0.08235948433278584 0.885749883833853 0.959418872803683 0.9632403753404691 0.3720882310824827 0.6178998621177593 0.14213924755275242 0.8056195762570711 0.8304242780881429 0.0 0.29383702378830645 0.38370679145876974 0.5853211464855169 0.36541090299642 0.29021200384990176 0.4598301328756783 0.15202526968882202 0.9081939109852858
0.1188161680549783 0.649589414978322 0.2247645543943243 0.3416758012297192 0.7725675690550771 0.03610445545595686 0.18769197325025766 0.8196513567579575 0.8745929596560634 0.7877193135601844 0.2066227102401702 0.001392830163152281 0.4338328650164295 0.29383702378830645 0.0 0.2527162701556641 0.6915582876886438 0.5624734982424883 0.15842996503600448 0.4699232401811363 0.7913177716489148 0.6478038311708767
0.2529037997960615 0.4198164880939347 0.77419444048876 0.8929993923840226 0.7230390976435926 0.4723628724588963 0.3159360788039367 0.945120291289782 0.07470696378407127 0.975454027985478 0.6226487410953827 0.42603158349917947 0.02518097068885805 0.38370679145876974 0.2527162701556641 0.0 0.8442027845209981 0.5102652925205248 0.004674702765278704 0.49967288789067177 0.5283703367456968 0.6525591829448147
0.20149704982577332 0.4405437859664313 0.05872946948642377 0.3976522174824402 0.8942591589292817 0.012358944235778435 0.8687350319574544 0.643364597913441 0.7581730998408982 0.2723641103748148 0.3770355554766246 0.9752848352448038 0.4223876291569246 0.5853211464855169 0.6915582876886438 0.8442027845209981 0.0 0.6478464710919677 0.6262149568661491 0.4272238672952291 0.2999992412159306 0.5875818879752864
0.6383843121245592 0.8864494898500483 0.5486415512349502 0.14473967225593243 0.19016552946864507 0.09831493752021148 0.884147889990555 0.26919764283286407 0.8196317597468936 0.5097017527271606 0.37925681822141755 0.6446260074828516 0.6407082396620178 0.36541090299642 0.5624734982424883 0.5102652925205248 0.6478464710919677 0.0 0.5200735310811838 0.4015112896385403 0.7448370341593326 0.2994266157244966
0.6534256476756435 0.7077840312407182 0.9809233022360987 0.5917611758481278 0.523366593861137 0.27644905583456947 0.8931200417443192 0.7515774572846738 0.28093360959528335 0.39186224062054964 0.33344704823384974 0.5415609290449268 0.9025156412341084 0.29021200384990176 0.15842996503600448 0.004674702765278704 0.6262149568661491 0.5200735310811838 0.0 0.6233984124147267 0.861798547148219 0.644128898240408
0.6361887015200007 0.19987477957012612 0.25250351528588766 0.6472274781004056 0.863746382603859 0.8356524496859018 0.8537772322524676 0.8618390947448954 0.1446450114123865 0.450920506603646 0.34911115046072516 0.1634958011432257 0.053718019593195554 0.4598301328756783 0.4699232401811363 0.49967288789067177 0.4272238672952291 0.4015112896385403 0.6233984124147267 0.0 0.9226174015491517 0.30849202831008893
0.48869698064696754 0.968218175059246 0.9350652661499238 0.8461606081228494 0.338877633875838 0.8795353016941058 0.7717631035367565 0.9841752836302197 0.8542311050822774 0.7017662565331556 0.5834228833687459 0.39520859371029116 0.16549999401744186 0.15202526968882202 0.7913177716489148 0.5283703367456968 0.2999992412159306 0.7448370341593326 0.861798547148219 0.9226174015491517 0.0 0.3779947448084756
0.8773426744626922 0.9483344889981487 0.8499053109289542 0.19621110197761926 0.3500580631051682 0.9618496418113943 0.32777185771612527 0.8049848035626654 0.17650637283166926 0.5346714058953308 0.166574225277472 0.1525319961912892 0.015104242130640322 0.9081939109852858 0.6478038311708767 0.6525591829448147 0.5875818879752864 0.2994266157244966 0.644128898240408 0.30849202831008893 0.3779947448084756 0.0

# Optimal Walk
0 13 4 20 21 18 15 12 19 1 11 10 14 6 8 7 9 5 16 2 17 3 0
