# Graph size: 7
# Optimal cost: 2.0032269100904534

# Distance Matrix
0.0 0.8681367407117923 0.6583503920512085 0.9297434347721119 0.9700195076048973 0.1102120110622925 0.6825274915525101
0.8681367407117923 0.0 0.9032227933344367 0.47507263869458594 0.713180477596801 0.5959514088075217 0.836465827260548
0.6583503920512085 0.9032227933344367 0.0 0.6229552605247086 0.003214742177121921 0.1228775777757054 0.8909292818549828
0.9297434347721119 0.47507263869458594 0.6229552605247086 0.0 0.8371888927138138 0.2202040873710318 0.2984385449352862
0.9700195076048973 0.713180477596801 0.003214742177121921 0.8371888927138138 0.0 0.5807574524253013 0.30315519133408164
0.1102120110622925 0.5959514088075217 0.1228775777757054 0.2202040873710318 0.5807574524253013 0.0 0.17001890678636788
0.6825274915525101 0.836465827260548 0.8909292818549828 0.2984385449352862 0.30315519133408164 0.17001890678636788 0.0

# Optimal Walk
0 5 6 3 1 4 2 0
