# Graph size: 7
# Optimal cost: 2.5669538298840084

# Distance Matrix
0.0 0.5940020066259729 0.4509302029579235 0.37418973232635744 0.6209540925205644 0.45319571250221113 0.9099835513123862
0.5940020066259729 0.0 0.1724967628874926 0.5618585177200783 0.41791420935881984 0.07536404039560107 0.9781507794719756
0.4509302029579235 0.1724967628874926 0.0 0.33537238627001154 0.27837220049139777 0.83286243809954 0.31627277426980493
0.37418973232635744 0.5618585177200783 0.33537238627001154 0.0 0.5976670323532219 0.861160056291361 0.671506517238781
0.6209540925205644 0.41791420935881984 0.27837220049139777 0.5976670323532219 0.0 0.8601434513186497 0.6062506901421423
0.45319571250221113 0.07536404039560107 0.83286243809954 0.861160056291361 0.8601434513186497 0.0 0.9211127125272832
0.9099835513123862 0.9781507794719756 0.31627277426980493 0.671506517238781 0.6062506901421423 0.9211127125272832 0.0

# Optimal Walk
0 5 1 4 6 2 3 0
