# Graph size: 7
# Optimal cost: 2.560218210976806

# Distance Matrix
0.0 0.8690208550080496 0.24984569074713459 0.665179951837603 0.8786869913231422 0.9966575608822261 0.37474623953740505
0.8690208550080496 0.0 0.9676655224911318 0.5333553199468041 0.882759877408188 0.6320039568688802 0.24062334489444714
0.24984569074713459 0.9676655224911318 0.0 0.30395927275481915 0.483019324953177 0.5378222667936415 0.7092830320974902
0.665179951837603 0.5333553199468041 0.30395927275481915 0.0 0.9271688901773028 0.7098464479184791 0.7392206444987197
0.8786869913231422 0.882759877408188 0.483019324953177 0.9271688901773028 0.0 0.057673737395244395 0.408633993726519
0.9966575608822261 0.6320039568688802 0.5378222667936415 0.7098464479184791 0.057673737395244395 0.0 0.9844636023899561
0.37474623953740505 0.24062334489444714 0.7092830320974902 0.7392206444987197 0.408633993726519 0.9844636023899561 0.0

# Optimal Walk
0 2 3 1 5 4 6 0
