# Graph size: 7
# Optimal cost: 1.3705844995150662

# Distance Matrix
0.0 0.9775232089961885 0.745607555455732 0.8040277901235353 0.5368303469132889 0.17977457174130462 0.10605016431561332
0.9775232089961885 0.0 0.49024759192319944 0.7171579689001251 0.08311282590494407 0.6521637569752492 0.8564350111351967
0.745607555455732 0.49024759192319944 0.0 0.06454319045134127 0.2925865177465631 0.19635558988427793 0.28651232472259625
0.8040277901235353 0.7171579689001251 0.06454319045134127 0.0 0.6475430924621173 0.8811173180212947 0.7201454417126661
0.5368303469132889 0.08311282590494407 0.2925865177465631 0.6475430924621173 0.0 0.9956907268945843 0.3005056231147367
0.17977457174130462 0.6521637569752492 0.19635558988427793 0.8811173180212947 0.9956907268945843 0.0 0.7445781282830547
0.10605016431561332 0.8564350111351967 0.28651232472259625 0.7201454417126661 0.3005056231147367 0.7445781282830547 0.0

# Optimal Walk
0 6 4 1 3 2 5 0
