# Graph size: 7
# Optimal cost: 1.0428073970576064

# Distance Matrix
0.0 0.8340165055569204 0.24865085724586755 0.9855983380546813 0.6611550583574336 0.9657182318562757 0.10651838265346036
0.8340165055569204 0.0 0.2596284333786514 0.19577058971539774 0.14857435240023953 0.10239173026028936 0.04440879471585357
0.24865085724586755 0.2596284333786514 0.0 0.5649836766010019 0.47434330426963833 0.09933207171112557 0.4352279436007228
0.9855983380546813 0.19577058971539774 0.5649836766010019 0.0 0.09716061835537271 0.6262438424749165 0.48921852726125403
0.6611550583574336 0.14857435240023953 0.47434330426963833 0.09716061835537271 0.0 0.973682599273581 0.912950202601395
0.9657182318562757 0.10239173026028936 0.09933207171112557 0.6262438424749165 0.973682599273581 0.0 0.7106717531326365
0.10651838265346036 0.04440879471585357 0.4352279436007228 0.48921852726125403 0.912950202601395 0.7106717531326365 0.0

# Optimal Walk
0 6 4 3 1 5 2 0
