# Graph size: 7
# Optimal cost: 2.3281509408693832

# Distance Matrix
0.0 0.9486355092924647 0.706564112115863 0.7837804622656076 0.6007061969639713 0.6955274855330317 0.8862254591920389
0.9486355092924647 0.0 0.6669399168017319 0.5765924857446006 0.17198902451865639 0.623077231976595 0.032609416113882905
0.706564112115863 0.6669399168017319 0.0 0.5671893955382411 0.13117030055206047 0.9700715300279141 0.5461157692709
0.7837804622656076 0.5765924857446006 0.5671893955382411 0.0 0.1807941812667092 0.2048979801366404 0.7842228266052776
0.6007061969639713 0.17198902451865639 0.13117030055206047 0.1807941812667092 0.0 0.43940798456695007 0.7985917547308546
0.6955274855330317 0.623077231976595 0.9700715300279141 0.2048979801366404 0.43940798456695007 0.0 0.8546249293228658
0.8862254591920389 0.032609416113882905 0.5461157692709 0.7842228266052776 0.7985917547308546 0.8546249293228658 0.0

# Optimal Walk
0 5 3 4 6 1 2 0
