# Graph size: 7
# Optimal cost: 2.469344500603315

# Distance Matrix
0.0 0.598293301113523 0.2657555610085359 0.8030044220252087 0.944840728575917 0.44814643742772164 0.896530096268127
0.598293301113523 0.0 0.7847782194992023 0.15110586868902254 0.6427345387556664 0.7239232986629172 0.4693831039259334
0.2657555610085359 0.7847782194992023 0.0 0.5648782369235442 0.18208506116824796 0.12159045978919036 0.41696655155579276
0.8030044220252087 0.15110586868902254 0.5648782369235442 0.0 0.665310766115812 0.7804164868895578 0.9756158060783587
0.944840728575917 0.6427345387556664 0.18208506116824796 0.665310766115812 0.0 0.11347662851049212 0.9773642640724145
0.44814643742772164 0.7239232986629172 0.12159045978919036 0.7804164868895578 0.11347662851049212 0.0 0.8764625683754793
0.896530096268127 0.4693831039259334 0.41696655155579276 0.9756158060783587 0.9773642640724145 0.8764625683754793 0.0

# Optimal Walk
0 6 1 3 4 5 2 0
