# Graph size: 7
# Optimal cost: 1.8811865531039347

# Distance Matrix
0.0 0.6758558281417507 0.1654374414425802 0.9002289937060707 0.17516610588843384 0.5718166381271724 0.6691759257665567
0.6758558281417507 0.0 0.544596700786519 0.6927970983807062 0.2644461621040459 0.648246257282589 0.5133979134234561
0.1654374414425802 0.544596700786519 0.0 0.7758175531159797 0.6803856628136125 0.8201940489255214 0.22117816689262948
0.9002289937060707 0.6927970983807062 0.7758175531159797 0.0 0.47975504417161163 0.14659902400354818 0.33053984384783297
0.17516610588843384 0.2644461621040459 0.6803856628136125 0.47975504417161163 0.0 0.31337364682081803 0.34582220592060897
0.5718166381271724 0.648246257282589 0.8201940489255214 0.14659902400354818 0.31337364682081803 0.0 0.36201782475064614
0.6691759257665567 0.5133979134234561 0.22117816689262948 0.33053984384783297 0.34582220592060897 0.36201782475064614 0.0

# Optimal Walk
0 2 6 3 5 4 1 0
