# Graph size: 7
# Optimal cost: 1.523494432079382

# Distance Matrix
0.0 0.1936189936100452 0.9905650447317544 0.09347594725120689 0.626435399507969 0.35108265753100665 0.3344667809152648
0.1936189936100452 0.0 0.8438327527078421 0.6525735643232454 0.862853125608536 0.13036760237100475 0.12035252402885421
0.9905650447317544 0.8438327527078421 0.0 0.9189517053427512 0.1647233758495097 0.616858697873345 0.7668126149295906
0.09347594725120689 0.6525735643232454 0.9189517053427512 0.0 0.375151347906009 0.8143528398122627 0.8436522045119617
0.626435399507969 0.862853125608536 0.1647233758495097 0.375151347906009 0.0 0.16072874118438862 0.5143049509123103
0.35108265753100665 0.13036760237100475 0.616858697873345 0.8143528398122627 0.16072874118438862 0.0 0.673146632854939
0.3344667809152648 0.12035252402885421 0.7668126149295906 0.8436522045119617 0.5143049509123103 0.673146632854939 0.0

# Optimal Walk
0 3 4 2 5 1 6 0
