# Graph size: 7
# Optimal cost: 1.2761406925806869

# Distance Matrix
0.0 0.6218050086568697 0.09129223706699818 0.743290417949917 0.032255932482934124 0.9196433753244129 0.216233046979874
0.6218050086568697 0.0 0.6648738537432455 0.4148792165633963 0.43329117411274976 0.44052706109182094 0.030222233237704788
0.09129223706699818 0.6648738537432455 0.0 0.40371690054081655 0.7338167962840741 0.6113412721027731 0.9967220802751174
0.743290417949917 0.4148792165633963 0.40371690054081655 0.0 0.9101845870751858 0.9695205127590844 0.6233857967737271
0.032255932482934124 0.43329117411274976 0.7338167962840741 0.9101845870751858 0.0 0.5078727299692061 0.6546326137418937
0.9196433753244129 0.44052706109182094 0.6113412721027731 0.9695205127590844 0.5078727299692061 0.0 0.027642596613014492
0.216233046979874 0.030222233237704788 0.9967220802751174 0.6233857967737271 0.6546326137418937 0.027642596613014492 0.0

# Optimal Walk
0 4 2 3 1 5 6 0
