# Graph size: 7
# Optimal cost: 0.7066524151115845

# Distance Matrix
0.0 0.38260578816075264 0.2465255496302471 0.025313923392296767 0.5643033834255654 0.5697162055760931 0.5516363923777995
0.38260578816075264 0.0 0.05788173755143 0.4349303069299333 0.21415089619485117 0.29759379749333104 0.020701631119754427
0.2465255496302471 0.05788173755143 0.0 0.03225029830472925 0.53982513541317 0.36778399043167553 0.5132078600812972
0.025313923392296767 0.4349303069299333 0.03225029830472925 0.0 0.7115636085178512 0.2532001418062507 0.7300215002892354
0.5643033834255654 0.21415089619485117 0.53982513541317 0.7115636085178512 0.0 0.5953283543777128 0.23704091931634286
0.5697162055760931 0.29759379749333104 0.36778399043167553 0.2532001418062507 0.5953283543777128 0.0 0.0030277209927306314
0.5516363923777995 0.020701631119754427 0.5132078600812972 0.7300215002892354 0.23704091931634286 0.0030277209927306314 0.0

# Optimal Walk
0 3 2 6 5 4 1 0
