# Graph size: 7
# Optimal cost: 1.4022213983825154

# Distance Matrix
0.0 0.8975244629085739 0.7395631358523987 0.4468196234277352 0.27974646454119423 0.39196833721891855 0.349140709844905
0.8975244629085739 0.0 0.07124126854484547 0.45502626580936045 0.7392305482801655 0.8496764339569373 0.5774069803107952
0.7395631358523987 0.07124126854484547 0.0 0.0463280541487322 0.7461518691232739 0.4586995937561109 0.03449245008907409
0.4468196234277352 0.45502626580936045 0.0463280541487322 0.0 0.01401151144972057 0.7371986019764072 0.2780358082853288
0.27974646454119423 0.7392305482801655 0.7461518691232739 0.01401151144972057 0.0 0.433092339145673 0.40576005168642004
0.39196833721891855 0.8496764339569373 0.4586995937561109 0.7371986019764072 0.433092339145673 0.0 0.8699803200296374
0.349140709844905 0.5774069803107952 0.03449245008907409 0.2780358082853288 0.40576005168642004 0.8699803200296374 0.0

# Optimal Walk
0 4 3 6 2 1 5 0
