# Graph size: 7
# Optimal cost: 2.4574940110860752

# Distance Matrix
0.0 0.5353464741627908 0.5973766478052313 0.8125996222408373 0.8028314484017781 0.2530531152453822 0.380523005960569
0.5353464741627908 0.0 0.9967661078075023 0.9278458768554926 0.8447101977965088 0.36855313449401006 0.7041671383218375
0.5973766478052313 0.9967661078075023 0.0 0.2557634150444168 0.5300788248035627 0.3818177599000959 0.3650033828278695
0.8125996222408373 0.9278458768554926 0.2557634150444168 0.0 0.2672082789449425 0.9492925489210008 0.8827564191915361
0.8028314484017781 0.8447101977965088 0.5300788248035627 0.2672082789449425 0.0 0.2850963196514765 0.4155516144391417
0.2530531152453822 0.36855313449401006 0.3818177599000959 0.9492925489210008 0.2850963196514765 0.0 0.6656738042772732
0.380523005960569 0.7041671383218375 0.3650033828278695 0.8827564191915361 0.4155516144391417 0.6656738042772732 0.0

# Optimal Walk
0 6 2 3 4 5 1 0
