# Graph size: 9
# Optimal cost: 3.1571890828210005

# Distance Matrix
0.0 0.7003329372621079 0.22635574011605553 0.4820849815786471 0.8669458143755787 0.508451580410525 0.6729271912080269 0.48350600073156025 0.6833618522747622
0.7003329372621079 0.0 0.6710684093219618 0.12781832281800387 0.8194607487390216 0.24811697856385417 0.8217149991618914 0.19645335592789515 0.7669087063002838
0.22635574011605553 0.6710684093219618 0.0 0.8816933978852971 0.2135988649085815 0.8015626920586078 0.7141439011883672 0.08543628258788682 0.9337708855459341
0.4820849815786471 0.12781832281800387 0.8816933978852971 0.0 0.6267674755918403 0.5009123866622222 0.6427849358551747 0.8715813194706722 0.7394786105837088
0.8669458143755787 0.8194607487390216 0.2135988649085815 0.6267674755918403 0.0 0.6319747296317633 0.45024881644509274 0.4573242765167179 0.7656996214404072
0.508451580410525 0.24811697856385417 0.8015626920586078 0.5009123866622222 0.6319747296317633 0.0 0.31409445997258434 0.7793308508177588 0.8754465461632193
0.6729271912080269 0.8217149991618914 0.7141439011883672 0.6427849358551747 0.45024881644509274 0.31409445997258434 0.0 0.7793613118397821 0.7205360379247918
0.48350600073156025 0.19645335592789515 0.08543628258788682 0.8715813194706722 0.4573242765167179 0.7793308508177588 0.7793613118397821 0.0 0.8512645983009475
0.6833618522747622 0.7669087063002838 0.9337708855459341 0.7394786105837088 0.7656996214404072 0.8754465461632193 0.7205360379247918 0.8512645983009475 0.0

# Optimal Walk
0 8 6 5 3 1 7 4 2 0
