# Graph size: 9
# Optimal cost: 1.7453594641946955

# Distance Matrix
0.0 0.8857694192618105 0.44690540935201706 0.5419645774122898 0.3730350218283681 0.7632589748125654 0.040405854146334574 0.802312570721208 0.465808240119458
0.8857694192618105 0.0 0.27912416027252085 0.466132178510411 0.44387381910677925 0.014508078889982845 0.7823913135583261 0.28814466023011687 0.3379231296564277
0.44690540935201706 0.27912416027252085 0.0 0.7456725545200216 0.5097763725150143 0.675413769715128 0.2127129315114391 0.23671929355421917 0.9072527100026648
0.5419645774122898 0.466132178510411 0.7456725545200216 0.0 0.06751666227851794 0.9225473126927478 0.6862720242864329 0.7380578214831931 0.700114344557996
0.3730350218283681 0.44387381910677925 0.5097763725150143 0.06751666227851794 0.0 0.03138666173848903 0.9079304339029733 0.6663785391536142 0.8134814606983735
0.7632589748125654 0.014508078889982845 0.675413769715128 0.9225473126927478 0.03138666173848903 0.0 0.7327417915440809 0.5353062623871915 0.8663057749008455
0.040405854146334574 0.7823913135583261 0.2127129315114391 0.6862720242864329 0.9079304339029733 0.7327417915440809 0.0 0.20427614770928104 0.5035927689522818
0.802312570721208 0.28814466023011687 0.23671929355421917 0.7380578214831931 0.6663785391536142 0.5353062623871915 0.20427614770928104 0.0 0.403688580938378
0.465808240119458 0.3379231296564277 0.9072527100026648 0.700114344557996 0.8134814606983735 0.8663057749008455 0.5035927689522818 0.403688580938378 0.0

# Optimal Walk
0 6 7 8 1 5 4 3 2 0
