# MCW Instance
# Type: UNIFORM
# N: 9
# Optimal cost: 1.1871410347544828
# Optimal tour (permutation): [0, 3, 7, 5, 6, 4, 8, 1, 2, 0]
# Optimal walk (full path): [0, 3, 7, 5, 7, 6, 4, 6, 8, 1, 6, 2, 0]
# Walk size: 13
# Is walk (has repeats): true

# Distance Matrix
0.0000000000 0.3385098057 0.2073744943 0.1532816975 0.9683624423 0.4248366240 0.7744852307 0.3960471853 0.8862342564
0.3385098057 0.0000000000 0.6754103835 0.3090062555 0.3445041439 0.7642621892 0.0550835361 0.1444335500 0.1573248498
0.2073744943 0.6754103835 0.0000000000 0.5702881241 0.7259243272 0.3251406477 0.2219175464 0.5779629136 0.9149295258
0.1532816975 0.3090062555 0.5702881241 0.0000000000 0.7483997264 0.8284483334 0.3228473835 0.1106108568 0.7546384013
0.9683624423 0.3445041439 0.7259243272 0.7483997264 0.0000000000 0.3915021188 0.0161634644 0.8973233956 0.3002398081
0.4248366240 0.7642621892 0.3251406477 0.8284483334 0.3915021188 0.0000000000 0.1498328107 0.0666166598 0.7996810462
0.7744852307 0.0550835361 0.2219175464 0.3228473835 0.0161634644 0.1498328107 0.0000000000 0.0122329767 0.1037548288
0.3960471853 0.1444335500 0.5779629136 0.1106108568 0.8973233956 0.0666166598 0.0122329767 0.0000000000 0.9163751012
0.8862342564 0.1573248498 0.9149295258 0.7546384013 0.3002398081 0.7996810462 0.1037548288 0.9163751012 0.0000000000
