# Graph size: 9
# Optimal cost: 1.1847251745985983

# Distance Matrix
0.0 0.7543783384374944 0.06733678111703945 0.2906506946668507 0.4045143682042327 0.07050028221499072 0.027417025807372375 0.49058673818295606 0.30234832690782387
0.7543783384374944 0.0 0.8584845654710789 0.34609937877739494 0.5286117019901773 0.28169138211891187 0.07106410807160812 0.781910015367095 0.7501507092356825
0.06733678111703945 0.8584845654710789 0.0 0.058433133764406175 0.3520616638113946 0.8848674544762407 0.7243487029607322 0.692606651756724 0.22785164862227802
0.2906506946668507 0.34609937877739494 0.058433133764406175 0.0 0.929763181064884 0.6240970609612503 0.046800657404219015 0.9633736886894692 0.8798155358382933
0.4045143682042327 0.5286117019901773 0.3520616638113946 0.929763181064884 0.0 0.5516329914218976 0.19622519782609726 0.5746717959323975 0.49107968724669604
0.07050028221499072 0.28169138211891187 0.8848674544762407 0.6240970609612503 0.5516329914218976 0.0 0.9779553635510025 0.15911370797880775 0.5377846365716678
0.027417025807372375 0.07106410807160812 0.7243487029607322 0.046800657404219015 0.19622519782609726 0.9779553635510025 0.0 0.1924089043518008 0.027776547985961852
0.49058673818295606 0.781910015367095 0.692606651756724 0.9633736886894692 0.5746717959323975 0.15911370797880775 0.1924089043518008 0.0 0.9811832384268961
0.30234832690782387 0.7501507092356825 0.22785164862227802 0.8798155358382933 0.49107968724669604 0.5377846365716678 0.027776547985961852 0.9811832384268961 0.0

# Optimal Walk
0 2 3 8 6 4 1 7 5 0
