# MCW Instance
# Type: UNIFORM
# N: 9
# Optimal cost: 2.3952171893414653
# Optimal tour (permutation): [0, 7, 5, 4, 2, 6, 8, 3, 1, 0]
# Optimal walk (full path): [0, 7, 5, 4, 2, 6, 8, 3, 1, 0]
# Walk size: 10
# Is walk (has repeats): false

# Distance Matrix
0.0000000000 0.4273245259 0.7769826096 0.6670870590 0.7256862488 0.4122430999 0.8247820486 0.2272231970 0.9830458424
0.4273245259 0.0000000000 0.3341876959 0.1764424496 0.7537999599 0.4894253671 0.8587089372 0.6207756087 0.2683457705
0.7769826096 0.3341876959 0.0000000000 0.0846112469 0.2169502608 0.1634657705 0.5289451627 0.5362128179 0.9034668644
0.6670870590 0.1764424496 0.0846112469 0.0000000000 0.4022694710 0.1252712114 0.4887305094 0.1302103092 0.0832846784
0.7256862488 0.7537999599 0.2169502608 0.4022694710 0.0000000000 0.1235000125 0.8479809867 0.5071680090 0.6928121808
0.4122430999 0.4894253671 0.1634657705 0.1252712114 0.1235000125 0.0000000000 0.5641160108 0.1199529266 0.2804988778
0.8247820486 0.8587089372 0.5289451627 0.4887305094 0.8479809867 0.5641160108 0.0000000000 0.7762455450 0.4915939760
0.2272231970 0.6207756087 0.5362128179 0.1302103092 0.5071680090 0.1199529266 0.7762455450 0.0000000000 0.2007059439
0.9830458424 0.2683457705 0.9034668644 0.0832846784 0.6928121808 0.2804988778 0.4915939760 0.2007059439 0.0000000000
