# MCW Instance
# Type: UNIFORM
# N: 9
# Optimal cost: 2.6096631594025954
# Optimal tour (permutation): [0, 5, 4, 6, 1, 3, 8, 7, 2, 0]
# Optimal walk (full path): [0, 4, 5, 4, 6, 1, 6, 3, 8, 7, 2, 0]
# Walk size: 12
# Is walk (has repeats): true

# Distance Matrix
0.0000000000 0.9509960419 0.3708113527 0.5134215848 0.0520819954 0.6165349205 0.3660592075 0.4633995263 0.4072082404
0.9509960419 0.0000000000 0.4339676822 0.9351010078 0.2586948779 0.5623697219 0.0301174426 0.7087584062 0.2091320617
0.3708113527 0.4339676822 0.0000000000 0.5294272336 0.8588303600 0.8712189771 0.7410892539 0.5668567620 0.8437999466
0.5134215848 0.9351010078 0.5294272336 0.0000000000 0.9746718751 0.5893612337 0.1817484674 0.8932187714 0.1732333698
0.0520819954 0.2586948779 0.8588303600 0.9746718751 0.0000000000 0.3957767223 0.1325314054 0.3485434603 0.8693562474
0.6165349205 0.5623697219 0.8712189771 0.5893612337 0.3957767223 0.0000000000 0.5781262002 0.8089192158 0.7275111435
0.3660592075 0.0301174426 0.7410892539 0.1817484674 0.1325314054 0.5781262002 0.0000000000 0.5403322810 0.1464323670
0.4633995263 0.7087584062 0.5668567620 0.8932187714 0.3485434603 0.8089192158 0.5403322810 0.0000000000 0.2806114770
0.4072082404 0.2091320617 0.8437999466 0.1732333698 0.8693562474 0.7275111435 0.1464323670 0.2806114770 0.0000000000
