# MCW Instance
# Type: UNIFORM
# N: 9
# Optimal cost: 1.5430559424401142
# Optimal tour (permutation): [0, 5, 8, 2, 7, 3, 6, 1, 4, 0]
# Optimal walk (full path): [0, 5, 0, 2, 8, 2, 7, 3, 6, 1, 4, 0]
# Walk size: 12
# Is walk (has repeats): true

# Distance Matrix
0.0000000000 0.7153077743 0.0836470135 0.4175686385 0.2942641560 0.0515615971 0.1698530846 0.7445490774 0.3656052823
0.7153077743 0.0000000000 0.7454710892 0.1303886429 0.2645451244 0.4083858593 0.0176938068 0.9012065332 0.7764221161
0.0836470135 0.7454710892 0.0000000000 0.7461600043 0.8305191749 0.4665944498 0.8504323790 0.1419891974 0.2362009922
0.4175686385 0.1303886429 0.7461600043 0.0000000000 0.8532493235 0.2239229652 0.0474305557 0.1179609102 0.5915844015
0.2942641560 0.2645451244 0.8305191749 0.8532493235 0.0000000000 0.3722002524 0.6438461051 0.4670032882 0.6482057934
0.0515615971 0.4083858593 0.4665944498 0.2239229652 0.3722002524 0.0000000000 0.7460365273 0.4851460395 0.4804846249
0.1698530846 0.0176938068 0.8504323790 0.0474305557 0.6438461051 0.7460365273 0.0000000000 0.2016593102 0.3245309503
0.7445490774 0.9012065332 0.1419891974 0.1179609102 0.4670032882 0.4851460395 0.2016593102 0.0000000000 0.5598671357
0.3656052823 0.7764221161 0.2362009922 0.5915844015 0.6482057934 0.4804846249 0.3245309503 0.5598671357 0.0000000000
