# MCW Instance
# Type: UNIFORM
# N: 9
# Optimal cost: 1.815034483189303
# Optimal tour (permutation): [0, 8, 6, 4, 2, 1, 7, 5, 3, 0]
# Optimal walk (full path): [0, 8, 0, 6, 4, 1, 2, 1, 7, 3, 5, 3, 0]
# Walk size: 13
# Is walk (has repeats): true

# Distance Matrix
0.0000000000 0.8586719675 0.4941763019 0.1368546960 0.4636921962 0.8677473834 0.2151937527 0.6157428054 0.0017985184
0.8586719675 0.0000000000 0.0556867423 0.8640031521 0.3207806599 0.5772532416 0.9228500003 0.0480555296 0.8814647347
0.4941763019 0.0556867423 0.0000000000 0.8946000833 0.9162974678 0.6495552240 0.5729167274 0.1614642742 0.9669142077
0.1368546960 0.8640031521 0.8946000833 0.0000000000 0.9495532126 0.2114562518 0.4779126511 0.3212589325 0.1927376788
0.4636921962 0.3207806599 0.9162974678 0.9495532126 0.0000000000 0.5094645399 0.2350078875 0.8764198443 0.6657069203
0.8677473834 0.5772532416 0.6495552240 0.2114562518 0.5094645399 0.0000000000 0.8600276894 0.8770799682 0.8208863898
0.2151937527 0.9228500003 0.5729167274 0.4779126511 0.2350078875 0.8600276894 0.0000000000 0.3077978178 0.3822012883
0.6157428054 0.0480555296 0.1614642742 0.3212589325 0.8764198443 0.8770799682 0.3077978178 0.0000000000 0.2191515511
0.0017985184 0.8814647347 0.9669142077 0.1927376788 0.6657069203 0.8208863898 0.3822012883 0.2191515511 0.0000000000
