# MCW Instance
# Type: UNIFORM
# N: 9
# Optimal cost: 1.7724173469764972
# Optimal tour (permutation): [0, 2, 4, 3, 8, 6, 1, 7, 5, 0]
# Optimal walk (full path): [0, 2, 4, 3, 8, 6, 8, 1, 7, 5, 7, 0]
# Walk size: 12
# Is walk (has repeats): true

# Distance Matrix
0.0000000000 0.1295416828 0.2073832142 0.6833048411 0.4673338918 0.2581304873 0.1915828988 0.0273419623 0.7690878472
0.1295416828 0.0000000000 0.6276502668 0.3511214274 0.8097092508 0.3369619781 0.1688045834 0.0096217455 0.0696599463
0.2073832142 0.6276502668 0.0000000000 0.5873544363 0.4666885556 0.2314370913 0.5392844868 0.2283682425 0.9900353061
0.6833048411 0.3511214274 0.5873544363 0.0000000000 0.4508277405 0.5867732073 0.7427939386 0.4275190258 0.4070238210
0.4673338918 0.8097092508 0.4666885556 0.4508277405 0.0000000000 0.3465850802 0.9752114753 0.5019947188 0.7807128915
0.2581304873 0.3369619781 0.2314370913 0.5867732073 0.3465850802 0.0000000000 0.1461719338 0.0395507259 0.8064063518
0.1915828988 0.1688045834 0.5392844868 0.7427939386 0.9752114753 0.1461719338 0.0000000000 0.5769044333 0.0273844549
0.0273419623 0.0096217455 0.2283682425 0.4275190258 0.5019947188 0.0395507259 0.5769044333 0.0000000000 0.5534883541
0.7690878472 0.0696599463 0.9900353061 0.4070238210 0.7807128915 0.8064063518 0.0273844549 0.5534883541 0.0000000000
