# MCW Instance
# Type: UNIFORM
# N: 9
# Optimal cost: 1.236311029457986
# Optimal tour (permutation): [0, 6, 1, 2, 8, 4, 7, 5, 3, 0]
# Optimal walk (full path): [0, 6, 1, 2, 8, 4, 7, 5, 3, 0]
# Walk size: 10
# Is walk (has repeats): false

# Distance Matrix
0.0000000000 0.3824967116 0.1955419957 0.2128194764 0.8262201835 0.1663625602 0.0461304898 0.3079871478 0.4823036410
0.3824967116 0.0000000000 0.0426638320 0.4369838918 0.9316917021 0.0547106285 0.0179836956 0.7449946735 0.6547804641
0.1955419957 0.0426638320 0.0000000000 0.3356279123 0.3161064386 0.1625954296 0.7966067140 0.9539607632 0.1934540730
0.2128194764 0.4369838918 0.3356279123 0.0000000000 0.5238816688 0.2297665760 0.6866247404 0.7190319963 0.5472471435
0.8262201835 0.9316917021 0.3161064386 0.5238816688 0.0000000000 0.1906198662 0.1842899378 0.0704278275 0.3597965411
0.1663625602 0.0547106285 0.1625954296 0.2297665760 0.1906198662 0.0000000000 0.0265338908 0.0632685181 0.6015091412
0.0461304898 0.0179836956 0.7966067140 0.6866247404 0.1842899378 0.0265338908 0.0000000000 0.5994644071 0.5305150768
0.3079871478 0.7449946735 0.9539607632 0.7190319963 0.0704278275 0.0632685181 0.5994644071 0.0000000000 0.3865250871
0.4823036410 0.6547804641 0.1934540730 0.5472471435 0.3597965411 0.6015091412 0.5305150768 0.3865250871 0.0000000000
