# MCW Instance
# Type: UNIFORM
# N: 9
# Optimal cost: 2.21980071634104
# Optimal tour (permutation): [0, 8, 3, 1, 6, 7, 5, 4, 2, 0]
# Optimal walk (full path): [0, 4, 5, 8, 3, 1, 6, 7, 5, 4, 2, 4, 0]
# Walk size: 13
# Is walk (has repeats): true

# Distance Matrix
0.0000000000 0.8934559500 0.5185891215 0.4708252780 0.0061715907 0.9059613027 0.9658143797 0.4445589903 0.7355980496
0.8934559500 0.0000000000 0.9656667539 0.4783178574 0.6264961450 0.5115468962 0.2520627136 0.7063309478 0.4722788861
0.5185891215 0.9656667539 0.0000000000 0.4393080631 0.0797046173 0.6917228259 0.7051281016 0.7587734052 0.3739722207
0.4708252780 0.4783178574 0.4393080631 0.0000000000 0.4540287104 0.2683069542 0.8469464896 0.5467168855 0.2781007872
0.0061715907 0.6264961450 0.0797046173 0.4540287104 0.0000000000 0.1027804725 0.3685014269 0.9234389417 0.8289012376
0.9059613027 0.5115468962 0.6917228259 0.2683069542 0.1027804725 0.0000000000 0.2576703901 0.3253983791 0.1558630212
0.9658143797 0.2520627136 0.7051281016 0.8469464896 0.3685014269 0.2576703901 0.0000000000 0.3527445969 0.3889556412
0.4445589903 0.7063309478 0.7587734052 0.5467168855 0.9234389417 0.3253983791 0.3527445969 0.0000000000 0.7809765029
0.7355980496 0.4722788861 0.3739722207 0.2781007872 0.8289012376 0.1558630212 0.3889556412 0.7809765029 0.0000000000
