# MCW Instance
# Type: UNIFORM
# N: 9
# Optimal cost: 1.7372802725455647
# Optimal tour (permutation): [0, 1, 6, 7, 5, 2, 3, 8, 4, 0]
# Optimal walk (full path): [0, 1, 0, 6, 7, 5, 2, 5, 3, 5, 8, 4, 0]
# Walk size: 13
# Is walk (has repeats): true

# Distance Matrix
0.0000000000 0.1517864130 0.2566424613 0.9366089745 0.0449900568 0.9246304854 0.3362136144 0.6495088923 0.7782179863
0.1517864130 0.0000000000 0.6572810723 0.6948090453 0.7284857559 0.4237071736 0.6746357414 0.8901461071 0.3127543169
0.2566424613 0.6572810723 0.0000000000 0.8144734366 0.8986343498 0.0098823280 0.1034381992 0.7768531952 0.5658306755
0.9366089745 0.6948090453 0.8144734366 0.0000000000 0.6872340917 0.1752545367 0.9569290531 0.8390687834 0.9063076146
0.0449900568 0.7284857559 0.8986343498 0.6872340917 0.0000000000 0.3705507748 0.6167362888 0.8853166024 0.1157267205
0.9246304854 0.4237071736 0.0098823280 0.1752545367 0.3705507748 0.0000000000 0.3052660689 0.2083862598 0.1020597773
0.3362136144 0.6746357414 0.1034381992 0.9569290531 0.6167362888 0.3052660689 0.0000000000 0.2560572885 0.6423646913
0.6495088923 0.8901461071 0.7768531952 0.8390687834 0.8853166024 0.2083862598 0.2560572885 0.0000000000 0.7617818039
0.7782179863 0.3127543169 0.5658306755 0.9063076146 0.1157267205 0.1020597773 0.6423646913 0.7617818039 0.0000000000
