# Graph size: 9
# Optimal cost: 1.0434463100291143

# Distance Matrix
0.0 0.41138481066836374 0.08908188821246299 0.07832242573245063 0.8145160889898235 0.18920076307759282 0.9725073715148859 0.9669871046041552 0.037772870801939806
0.41138481066836374 0.0 0.7377041149843327 0.641554736032518 0.8778360322254459 0.040170472264273394 0.7416765607820205 0.7217346973383842 0.15838616905152858
0.08908188821246299 0.7377041149843327 0.0 0.38195752030876495 0.3626388463262954 0.01027498987371156 0.3035536471771384 0.19783989244457267 0.055722719048958425
0.07832242573245063 0.641554736032518 0.38195752030876495 0.0 0.12726396095390058 0.4407961591918079 0.7892409852244542 0.1311116003260312 0.4427121847443901
0.8145160889898235 0.8778360322254459 0.3626388463262954 0.12726396095390058 0.0 0.1367438917983631 0.983096025298628 0.12819595333173828 0.8879610008535134
0.18920076307759282 0.040170472264273394 0.01027498987371156 0.4407961591918079 0.1367438917983631 0.0 0.9884840289653044 0.5926598854139687 0.0559404932394042
0.9725073715148859 0.7416765607820205 0.3035536471771384 0.7892409852244542 0.983096025298628 0.9884840289653044 0.0 0.2217810243902839 0.9636408754058936
0.9669871046041552 0.7217346973383842 0.19783989244457267 0.1311116003260312 0.12819595333173828 0.5926598854139687 0.2217810243902839 0.0 0.4183472830275724
0.037772870801939806 0.15838616905152858 0.055722719048958425 0.4427121847443901 0.8879610008535134 0.0559404932394042 0.9636408754058936 0.4183472830275724 0.0

# Optimal Walk
0 8 5 1 2 6 7 4 3 0
