# MCW Instance
# Type: UNIFORM
# N: 9
# Optimal cost: 1.2541960533046577
# Optimal tour (permutation): [0, 5, 8, 6, 7, 3, 4, 2, 1, 0]
# Optimal walk (full path): [0, 5, 8, 6, 7, 3, 4, 2, 1, 2, 0]
# Walk size: 11
# Is walk (has repeats): true

# Distance Matrix
0.0000000000 0.4976646394 0.1411876628 0.7462650118 0.6837840462 0.4485493796 0.3040018729 0.2648415325 0.6232768044
0.4976646394 0.0000000000 0.0140008158 0.3015043540 0.7930045497 0.7928544147 0.4004073245 0.5266169454 0.8113805147
0.1411876628 0.0140008158 0.0000000000 0.6436806125 0.2589858527 0.9399723595 0.2091280226 0.5585998583 0.4731175676
0.7462650118 0.3015043540 0.6436806125 0.0000000000 0.0069589017 0.6954310662 0.1687297952 0.0641842459 0.4391559628
0.6837840462 0.7930045497 0.2589858527 0.0069589017 0.0000000000 0.9127598295 0.8815640004 0.7733088862 0.2206597628
0.4485493796 0.7928544147 0.9399723595 0.6954310662 0.9127598295 0.0000000000 0.7824479280 0.5312606872 0.2680057469
0.3040018729 0.4004073245 0.2091280226 0.1687297952 0.8815640004 0.7824479280 0.0000000000 0.0179626621 0.0203599701
0.2648415325 0.5266169454 0.5585998583 0.0641842459 0.7733088862 0.5312606872 0.0179626621 0.0000000000 0.3205810905
0.6232768044 0.8113805147 0.4731175676 0.4391559628 0.2206597628 0.2680057469 0.0203599701 0.3205810905 0.0000000000
