# MCW Instance
# Type: UNIFORM
# N: 9
# Optimal cost: 2.0206877626096826
# Optimal tour (permutation): [0, 7, 8, 3, 6, 5, 4, 1, 2, 0]
# Optimal walk (full path): [0, 7, 8, 3, 6, 5, 4, 1, 2, 0]
# Walk size: 10
# Is walk (has repeats): false

# Distance Matrix
0.0000000000 0.8237393568 0.0663091165 0.9981684875 0.5022898396 0.4510869194 0.4211626220 0.0308140263 0.1181736109
0.8237393568 0.0000000000 0.2167687928 0.5544171938 0.3915235261 0.8548860131 0.9775557468 0.3203022949 0.6459314230
0.0663091165 0.2167687928 0.0000000000 0.7304546417 0.7301830715 0.5845957711 0.7514146878 0.3563149174 0.8624043709
0.9981684875 0.5544171938 0.7304546417 0.0000000000 0.9699719219 0.5970300727 0.5576815537 0.6301964246 0.2950072955
0.5022898396 0.3915235261 0.7301830715 0.9699719219 0.0000000000 0.1416884430 0.2956252511 0.6797499591 0.3665430382
0.4510869194 0.8548860131 0.5845957711 0.5970300727 0.1416884430 0.0000000000 0.2470322486 0.9729165605 0.3088561427
0.4211626220 0.9775557468 0.7514146878 0.5576815537 0.2956252511 0.2470322486 0.0000000000 0.2626409504 0.9430836581
0.0308140263 0.3203022949 0.3563149174 0.6301964246 0.6797499591 0.9729165605 0.2626409504 0.0000000000 0.0738627602
0.1181736109 0.6459314230 0.8624043709 0.2950072955 0.3665430382 0.3088561427 0.9430836581 0.0738627602 0.0000000000
