# MCW Instance
# Type: UNIFORM
# N: 9
# Optimal cost: 1.7194625773355643
# Optimal tour (permutation): [0, 8, 7, 4, 5, 2, 1, 3, 6, 0]
# Optimal walk (full path): [0, 4, 8, 4, 7, 4, 5, 2, 1, 3, 6, 0]
# Walk size: 12
# Is walk (has repeats): true

# Distance Matrix
0.0000000000 0.1920847030 0.7286059076 0.8117941347 0.0869202614 0.4373274653 0.1505432929 0.5738981052 0.9903427085
0.1920847030 0.0000000000 0.0057145168 0.2172345843 0.5676500883 0.1752580742 0.4918455602 0.9243879863 0.7500285884
0.7286059076 0.0057145168 0.0000000000 0.9030719582 0.7049776578 0.0540060445 0.6366363507 0.9872249432 0.5552510954
0.8117941347 0.2172345843 0.9030719582 0.0000000000 0.6540921299 0.9065356978 0.3667714303 0.8288628954 0.5634091299
0.0869202614 0.5676500883 0.7049776578 0.6540921299 0.0000000000 0.0720719344 0.8733417094 0.3295131785 0.0535870780
0.4373274653 0.1752580742 0.0540060445 0.9065356978 0.0720719344 0.0000000000 0.8829049472 0.6627092028 0.1925514718
0.1505432929 0.4918455602 0.6366363507 0.3667714303 0.8733417094 0.8829049472 0.0000000000 0.7165394848 0.4781953946
0.5738981052 0.9243879863 0.9872249432 0.8288628954 0.3295131785 0.6627092028 0.7165394848 0.0000000000 0.4784737667
0.9903427085 0.7500285884 0.5552510954 0.5634091299 0.0535870780 0.1925514718 0.4781953946 0.4784737667 0.0000000000
