# Graph size: 9
# Optimal cost: 2.251783969489532

# Distance Matrix
0.0 0.5869808986082655 0.9560079168669822 0.5113426531562573 0.6749092119319737 0.666287461963371 0.8751280158536059 0.5761496504316841 0.5298208047313823
0.5869808986082655 0.0 0.581346064549672 0.7319820132529092 0.6416849840255822 0.08151193126712786 0.5503521101028002 0.11952741766618358 0.393007722468815
0.9560079168669822 0.581346064549672 0.0 0.07851741218522545 0.5779502386508492 0.1175546142151781 0.8837876303098818 0.31019638870300414 0.2683649535232011
0.5113426531562573 0.7319820132529092 0.07851741218522545 0.0 0.9733609945760914 0.7202972975001082 0.633384702052617 0.04145587342157986 0.5763178534883883
0.6749092119319737 0.6416849840255822 0.5779502386508492 0.9733609945760914 0.0 0.9698773978094791 0.7195911180988571 0.5981634383695661 0.5583920650606727
0.666287461963371 0.08151193126712786 0.1175546142151781 0.7202972975001082 0.9698773978094791 0.0 0.23848539085733822 0.4099749795729616 0.1234129441695705
0.8751280158536059 0.5503521101028002 0.8837876303098818 0.633384702052617 0.7195911180988571 0.23848539085733822 0.0 0.7208481397940916 0.019165053533477527
0.5761496504316841 0.11952741766618358 0.31019638870300414 0.04145587342157986 0.5981634383695661 0.4099749795729616 0.7208481397940916 0.0 0.07413185573255376
0.5298208047313823 0.393007722468815 0.2683649535232011 0.5763178534883883 0.5583920650606727 0.1234129441695705 0.019165053533477527 0.07413185573255376 0.0

# Optimal Walk
0 1 5 2 3 7 8 6 4 0
