# MCW Instance
# Type: UNIFORM
# N: 9
# Optimal cost: 1.6407500024279114
# Optimal tour (permutation): [0, 8, 5, 4, 7, 1, 3, 6, 2, 0]
# Optimal walk (full path): [0, 8, 5, 4, 7, 1, 3, 6, 2, 0]
# Walk size: 10
# Is walk (has repeats): false

# Distance Matrix
0.0000000000 0.8432850053 0.4400703692 0.4736309941 0.5233688028 0.9197963762 0.4504272438 0.8136751116 0.2641731996
0.8432850053 0.0000000000 0.6361656580 0.2628693250 0.4234969800 0.3027625972 0.3803415925 0.2810262628 0.3161963278
0.4400703692 0.6361656580 0.0000000000 0.7215426004 0.9968701583 0.7146618433 0.1861495824 0.2736303085 0.9541682518
0.4736309941 0.2628693250 0.7215426004 0.0000000000 0.0518232486 0.8746659329 0.0437859613 0.9147831869 0.4875421178
0.5233688028 0.4234969800 0.9968701583 0.0518232486 0.0000000000 0.0455289996 0.4544611373 0.0414316825 0.2056018934
0.9197963762 0.3027625972 0.7146618433 0.8746659329 0.0455289996 0.0000000000 0.2826127845 0.0999042420 0.0757146202
0.4504272438 0.3803415925 0.1861495824 0.0437859613 0.4544611373 0.2826127845 0.0000000000 0.8405506749 0.5414872714
0.8136751116 0.2810262628 0.2736303085 0.9147831869 0.0414316825 0.0999042420 0.8405506749 0.0000000000 0.9625531627
0.2641731996 0.3161963278 0.9541682518 0.4875421178 0.2056018934 0.0757146202 0.5414872714 0.9625531627 0.0000000000
