# Graph size: 9
# Optimal cost: 1.577000021049896

# Distance Matrix
0.0 0.3696334948223656 0.2687941389248609 0.6050242797166283 0.07833831587839313 0.6094759240099231 0.9424922248273432 0.5783426075497919 0.5955900597379404
0.3696334948223656 0.0 0.9981995023759986 0.7473223134752415 0.12095211510233506 0.43373006259051716 0.5725038012272039 0.05959407694631724 0.37268846511155485
0.2687941389248609 0.9981995023759986 0.0 0.05619807809272925 0.2706206261612586 0.21995872493580537 0.4339570124416412 0.8193613737390758 0.016529998367281862
0.6050242797166283 0.7473223134752415 0.05619807809272925 0.0 0.6563072719484057 0.07675359860561459 0.5302811374290304 0.3550955486331585 0.2072233583553479
0.07833831587839313 0.12095211510233506 0.2706206261612586 0.6563072719484057 0.0 0.9343544229306493 0.6578079132398734 0.2087066069243595 0.26076780374598296
0.6094759240099231 0.43373006259051716 0.21995872493580537 0.07675359860561459 0.9343544229306493 0.0 0.5493443035862189 0.015395675881799797 0.7644908819822078
0.9424922248273432 0.5725038012272039 0.4339570124416412 0.5302811374290304 0.6578079132398734 0.5493443035862189 0.0 0.8634101256522486 0.8637540663151055
0.5783426075497919 0.05959407694631724 0.8193613737390758 0.3550955486331585 0.2087066069243595 0.015395675881799797 0.8634101256522486 0.0 0.6646888259008747
0.5955900597379404 0.37268846511155485 0.016529998367281862 0.2072233583553479 0.26076780374598296 0.7644908819822078 0.8637540663151055 0.6646888259008747 0.0

# Optimal Walk
0 6 2 8 3 5 7 1 4 0
