# Graph size: 9
# Optimal cost: 1.5892511932156779

# Distance Matrix
0.0 0.40445974316851985 0.39743547557547365 0.3494215359370403 0.9755355019106422 0.8812983243370075 0.5334317804406781 0.41877966304890824 0.4648716981219414
0.40445974316851985 0.0 0.20838445074327827 0.2315497855640113 0.2978366851281389 0.7590207740399412 0.35326986954747164 0.7298294866804544 0.403302473318351
0.39743547557547365 0.20838445074327827 0.0 0.5818090055802642 0.19996434034688204 0.5076916668777403 0.9221630305080786 0.917678176833924 0.00658745074514
0.3494215359370403 0.2315497855640113 0.5818090055802642 0.0 0.6157072578266638 0.8340035216437123 0.1897750522153262 0.2017819395230528 0.8043098276492877
0.9755355019106422 0.2978366851281389 0.19996434034688204 0.6157072578266638 0.0 0.11781074961636928 0.07647753068448337 0.6139127448462682 0.02716604882671969
0.8812983243370075 0.7590207740399412 0.5076916668777403 0.8340035216437123 0.11781074961636928 0.0 0.42136238063271014 0.12068421328659107 0.4155534968729149
0.5334317804406781 0.35326986954747164 0.9221630305080786 0.1897750522153262 0.07647753068448337 0.42136238063271014 0.0 0.18495672264620577 0.4254104815844604
0.41877966304890824 0.7298294866804544 0.917678176833924 0.2017819395230528 0.6139127448462682 0.12068421328659107 0.18495672264620577 0.0 0.9668592162495382
0.4648716981219414 0.403302473318351 0.00658745074514 0.8043098276492877 0.02716604882671969 0.4155534968729149 0.4254104815844604 0.9668592162495382 0.0

# Optimal Walk
0 1 2 8 6 4 5 7 3 0
