# MCW Instance
# Type: UNIFORM
# N: 9
# Optimal cost: 1.8414766971943461
# Optimal tour (permutation): [0, 7, 6, 5, 1, 8, 4, 3, 2, 0]
# Optimal walk (full path): [0, 7, 6, 5, 1, 8, 4, 3, 4, 2, 0]
# Walk size: 11
# Is walk (has repeats): true

# Distance Matrix
0.0000000000 0.7738439312 0.3250534154 0.4120330527 0.5187380311 0.6387857894 0.5091592083 0.2787925558 0.6378728407
0.7738439312 0.0000000000 0.7472807290 0.6233150542 0.3703338356 0.1552440793 0.6247312658 0.6041437811 0.0952587195
0.3250534154 0.7472807290 0.0000000000 0.8849592734 0.5700645575 0.8060112320 0.4813829172 0.9146345097 0.9601673838
0.4120330527 0.6233150542 0.8849592734 0.0000000000 0.0079200414 0.7348522569 0.3374471972 0.3581857396 0.7192398332
0.5187380311 0.3703338356 0.5700645575 0.0079200414 0.0000000000 0.1990858384 0.5231532313 0.9616080400 0.0089143946
0.6387857894 0.1552440793 0.8060112320 0.7348522569 0.1990858384 0.0000000000 0.3788598697 0.9891340419 0.1301526462
0.5091592083 0.6247312658 0.4813829172 0.3374471972 0.5231532313 0.3788598697 0.0000000000 0.0134490226 0.9145726014
0.2787925558 0.6041437811 0.9146345097 0.3581857396 0.9616080400 0.9891340419 0.0134490226 0.0000000000 0.5038282328
0.6378728407 0.0952587195 0.9601673838 0.7192398332 0.0089143946 0.1301526462 0.9145726014 0.5038282328 0.0000000000
