# Graph size: 9
# Optimal cost: 1.5291196713547657

# Distance Matrix
0.0 0.5908743207367261 0.5075102229078143 0.8623509844846425 0.8767259408816829 0.01068179908409539 0.45680049638587705 0.5070939044903343 0.35466516956708105
0.5908743207367261 0.0 0.2296359123211461 0.6244772105200183 0.9852386120366368 0.25272669580311813 0.622242009675508 0.32971845664019295 0.17614532923708104
0.5075102229078143 0.2296359123211461 0.0 0.8545442030489795 0.11054278665194128 0.8032504502247932 0.31884862494366506 0.7945324329896163 0.3758446514688538
0.8623509844846425 0.6244772105200183 0.8545442030489795 0.0 0.12585509467002387 0.32227624453624804 0.47796261761940073 0.5472824261950092 0.9404456799900053
0.8767259408816829 0.9852386120366368 0.11054278665194128 0.12585509467002387 0.0 0.6345962568966877 0.5791868675058827 0.1570473155915174 0.8225070265096335
0.01068179908409539 0.25272669580311813 0.8032504502247932 0.32227624453624804 0.6345962568966877 0.0 0.6534133189578433 0.9017330298710207 0.48120570269092666
0.45680049638587705 0.622242009675508 0.31884862494366506 0.47796261761940073 0.5791868675058827 0.6534133189578433 0.0 0.24935990322392243 0.0032599168207813056
0.5070939044903343 0.32971845664019295 0.7945324329896163 0.5472824261950092 0.1570473155915174 0.9017330298710207 0.24935990322392243 0.0 0.5802816863055561
0.35466516956708105 0.17614532923708104 0.3758446514688538 0.9404456799900053 0.8225070265096335 0.48120570269092666 0.0032599168207813056 0.5802816863055561 0.0

# Optimal Walk
0 5 3 4 2 7 6 8 1 0
