# Graph size: 9
# Optimal cost: 1.8501929898038538

# Distance Matrix
0.0 0.021360121688847267 0.7354600084566805 0.6634624008557953 0.021874706924402965 0.9483130364414264 0.7622611682390795 0.4815809408237778 0.8052718784942092
0.021360121688847267 0.0 0.6595114931253642 0.610842619424662 0.00856915138428238 0.4034623401546411 0.2643074447598218 0.9606087158161994 0.5115494915595328
0.7354600084566805 0.6595114931253642 0.0 0.8868999593195663 0.6014588739338227 0.39526206412517273 0.10893673205103971 0.15099168160522658 0.7500954530077253
0.6634624008557953 0.610842619424662 0.8868999593195663 0.0 0.813668869886158 0.9140601770788686 0.35673339259793135 0.5113882474184053 0.7670938814363789
0.021874706924402965 0.00856915138428238 0.6014588739338227 0.813668869886158 0.0 0.9539486102140275 0.179932548322303 0.7747724140150115 0.13006218620178045
0.9483130364414264 0.4034623401546411 0.39526206412517273 0.9140601770788686 0.9539486102140275 0.0 0.2033961227348876 0.28457599218751883 0.23042308424259017
0.7622611682390795 0.2643074447598218 0.10893673205103971 0.35673339259793135 0.179932548322303 0.2033961227348876 0.0 0.5365188506065041 0.13790437134518607
0.4815809408237778 0.9606087158161994 0.15099168160522658 0.5113882474184053 0.7747724140150115 0.28457599218751883 0.5365188506065041 0.0 0.6009395370086752
0.8052718784942092 0.5115494915595328 0.7500954530077253 0.7670938814363789 0.13006218620178045 0.23042308424259017 0.13790437134518607 0.6009395370086752 0.0

# Optimal Walk
0 4 8 5 7 2 3 6 1 0
