# MCW Instance
# Type: UNIFORM
# N: 9
# Optimal cost: 1.8341798813331975
# Optimal tour (permutation): [0, 6, 2, 7, 1, 5, 3, 4, 8, 0]
# Optimal walk (full path): [0, 6, 2, 7, 1, 5, 3, 4, 8, 0]
# Walk size: 10
# Is walk (has repeats): false

# Distance Matrix
0.0000000000 0.3258697531 0.3591404911 0.3687359965 0.3884407974 0.3999272116 0.3197306924 0.7520961070 0.0661071396
0.3258697531 0.0000000000 0.7129068912 0.7501048915 0.5667993685 0.0734918061 0.2772004855 0.0731165467 0.3424094637
0.3591404911 0.7129068912 0.0000000000 0.8107695840 0.6399419999 0.8997270467 0.3752695696 0.3387976743 0.3694860475
0.3687359965 0.7501048915 0.8107695840 0.0000000000 0.1806958412 0.1699483908 0.5204606791 0.9274763595 0.9570949366
0.3884407974 0.5667993685 0.6399419999 0.1806958412 0.0000000000 0.7479816290 0.5038973558 0.6557836940 0.2370222207
0.3999272116 0.0734918061 0.8997270467 0.1699483908 0.7479816290 0.0000000000 0.2763316309 0.2551594207 0.4991928378
0.3197306924 0.2772004855 0.3752695696 0.5204606791 0.5038973558 0.2763316309 0.0000000000 0.6440518076 0.3752150988
0.7520961070 0.0731165467 0.3387976743 0.9274763595 0.6557836940 0.2551594207 0.6440518076 0.0000000000 0.6066407962
0.0661071396 0.3424094637 0.3694860475 0.9570949366 0.2370222207 0.4991928378 0.3752150988 0.6066407962 0.0000000000
