# MCW Instance
# Type: UNIFORM
# N: 9
# Optimal cost: 2.111327413325714
# Optimal tour (permutation): [0, 8, 7, 6, 1, 3, 5, 4, 2, 0]
# Optimal walk (full path): [0, 2, 8, 7, 6, 1, 3, 5, 3, 4, 2, 0]
# Walk size: 12
# Is walk (has repeats): true

# Distance Matrix
0.0000000000 0.5156207338 0.0685899938 0.6228858149 0.5958712756 0.8046852637 0.3254693548 0.6389716199 0.3979125906
0.5156207338 0.0000000000 0.8016167512 0.2213371260 0.9317347648 0.4696112843 0.4045712577 0.8378276084 0.3331830388
0.0685899938 0.8016167512 0.0000000000 0.1183249054 0.1258739062 0.4604850586 0.6479745467 0.8014252987 0.1625351839
0.6228858149 0.2213371260 0.1183249054 0.0000000000 0.1924101536 0.2089388294 0.2780087780 0.8910695981 0.3330060425
0.5958712756 0.9317347648 0.1258739062 0.1924101536 0.0000000000 0.4228336215 0.7377569748 0.4695079212 0.4285928514
0.8046852637 0.4696112843 0.4604850586 0.2089388294 0.4228336215 0.0000000000 0.8451856195 0.9392058896 0.5117221094
0.3254693548 0.4045712577 0.6479745467 0.2780087780 0.7377569748 0.8451856195 0.0000000000 0.0354481359 0.8709158542
0.6389716199 0.8378276084 0.8014252987 0.8910695981 0.4695079212 0.9392058896 0.0354481359 0.0000000000 0.4140940033
0.3979125906 0.3331830388 0.1625351839 0.3330060425 0.4285928514 0.5117221094 0.8709158542 0.4140940033 0.0000000000
