# Graph size: 9
# Optimal cost: 1.4797256497762006

# Distance Matrix
0.0 0.71382245374195 0.9058553657498417 0.8413489162314676 0.2044957637207001 0.5850044609226502 0.6499150323736814 0.24788264914508196 0.021877685680030234
0.71382245374195 0.0 0.30546212908554404 0.5673214368735069 0.5831976005638515 0.6610646632148257 0.032035163321747384 0.5290184413050318 0.42260754125201594
0.9058553657498417 0.30546212908554404 0.0 0.34662670654629435 0.8659651882724159 0.6493766888124898 0.3453146665250111 0.17157738295901692 0.4259666769038921
0.8413489162314676 0.5673214368735069 0.34662670654629435 0.0 0.20736053474777838 0.031768965347940936 0.24780464093228793 0.9335666309521639 0.7646335067452448
0.2044957637207001 0.5831976005638515 0.8659651882724159 0.20736053474777838 0.0 0.20216946687344783 0.49913389515467255 0.9140155913933934 0.7804374836148465
0.5850044609226502 0.6610646632148257 0.6493766888124898 0.031768965347940936 0.20216946687344783 0.0 0.4569285668375185 0.18640975795123405 0.7264229057746472
0.6499150323736814 0.032035163321747384 0.3453146665250111 0.24780464093228793 0.49913389515467255 0.4569285668375185 0.0 0.10999474071538984 0.7058977758752727
0.24788264914508196 0.5290184413050318 0.17157738295901692 0.9335666309521639 0.9140155913933934 0.18640975795123405 0.10999474071538984 0.0 0.4815212587018136
0.021877685680030234 0.42260754125201594 0.4259666769038921 0.7646335067452448 0.7804374836148465 0.7264229057746472 0.7058977758752727 0.4815212587018136 0.0

# Optimal Walk
0 8 2 7 6 1 3 5 4 0
