# Graph size: 9
# Optimal cost: 1.2566882975645834

# Distance Matrix
0.0 0.13364428937379236 0.3522054235888967 0.5338254045114867 0.9260157090681775 0.24063377772756034 0.5002774700752013 0.49147560867310025 0.3661037768096643
0.13364428937379236 0.0 0.8582018411902117 0.7939658734469689 0.6553601960277881 0.874688535002809 0.4020650158905559 0.3460833924151645 0.8523512469582303
0.3522054235888967 0.8582018411902117 0.0 0.023412895133050338 0.578120650951246 0.9820635053327802 0.033677813667359 0.77017487823205 0.7961152565343422
0.5338254045114867 0.7939658734469689 0.023412895133050338 0.0 0.3538100104369607 0.8717958679001387 0.8044764889120196 0.7118692100264096 0.6559570369149215
0.9260157090681775 0.6553601960277881 0.578120650951246 0.3538100104369607 0.0 0.7807513091544402 0.5026444459912184 0.0780198859965392 0.5436909939957997
0.24063377772756034 0.874688535002809 0.9820635053327802 0.8717958679001387 0.7807513091544402 0.0 0.09908064718480647 0.04568758850189414 0.02172179028674559
0.5002774700752013 0.4020650158905559 0.033677813667359 0.8044764889120196 0.5026444459912184 0.09908064718480647 0.0 0.8913250308466992 0.8783951066508697
0.49147560867310025 0.3460833924151645 0.77017487823205 0.7118692100264096 0.0780198859965392 0.04568758850189414 0.8913250308466992 0.0 0.6832202472953133
0.3661037768096643 0.8523512469582303 0.7961152565343422 0.6559570369149215 0.5436909939957997 0.02172179028674559 0.8783951066508697 0.6832202472953133 0.0

# Optimal Walk
0 3 2 6 8 5 7 4 1 0
