# MCW Instance
# Type: UNIFORM
# N: 9
# Optimal cost: 1.204811131720755
# Optimal tour (permutation): [0, 7, 5, 8, 6, 4, 3, 1, 2, 0]
# Optimal walk (full path): [0, 5, 7, 5, 1, 8, 6, 4, 3, 1, 2, 0]
# Walk size: 12
# Is walk (has repeats): true

# Distance Matrix
0.0000000000 0.9854140262 0.0052427800 0.3163391021 0.7826453192 0.1002827050 0.5706820105 0.9871623823 0.7886290092
0.9854140262 0.0000000000 0.1953867022 0.0722598009 0.5722667409 0.1825197186 0.9829683881 0.5692274189 0.1902943284
0.0052427800 0.1953867022 0.0000000000 0.5897331476 0.5378570811 0.8583277504 0.9278578972 0.3143524746 0.4801984905
0.3163391021 0.0722598009 0.5897331476 0.0000000000 0.1354460289 0.3261228072 0.7678464866 0.6967442192 0.9194303718
0.7826453192 0.5722667409 0.5378570811 0.1354460289 0.0000000000 0.5500072870 0.0751339287 0.6898428963 0.8011008601
0.1002827050 0.1825197186 0.8583277504 0.3261228072 0.5500072870 0.0000000000 0.6850996497 0.0465011038 0.9255015638
0.5706820105 0.9829683881 0.9278578972 0.7678464866 0.0751339287 0.6850996497 0.0000000000 0.7142552939 0.1552429316
0.9871623823 0.5692274189 0.3143524746 0.6967442192 0.6898428963 0.0465011038 0.7142552939 0.0000000000 0.7282940897
0.7886290092 0.1902943284 0.4801984905 0.9194303718 0.8011008601 0.9255015638 0.1552429316 0.7282940897 0.0000000000
