# Graph size: 9
# Optimal cost: 1.4381019410059188

# Distance Matrix
0.0 0.8746300696719207 0.0971946835509716 0.8490432713839435 0.9537080640413692 0.8791505654576716 0.7710061963667751 0.8730964906507436 0.27151365425174356
0.8746300696719207 0.0 0.52304970767179 0.028080721712480217 0.5888023553026344 0.9808944615347364 0.5495520967121847 0.25496600900538546 0.13539123525450147
0.0971946835509716 0.52304970767179 0.0 0.9908238635074161 0.3962715336059446 0.6414332351200756 0.10763525973500987 0.07871642132929924 0.1057305327790794
0.8490432713839435 0.028080721712480217 0.9908238635074161 0.0 0.402154687879962 0.5147118930283583 0.9492263536474524 0.21044410905352307 0.21291362777434897
0.9537080640413692 0.5888023553026344 0.3962715336059446 0.402154687879962 0.0 0.46657690164028265 0.10585955810545677 0.7666712650458958 0.8452630321661085
0.8791505654576716 0.9808944615347364 0.6414332351200756 0.5147118930283583 0.46657690164028265 0.0 0.727281707947527 0.12917995904707957 0.9619127051895943
0.7710061963667751 0.5495520967121847 0.10763525973500987 0.9492263536474524 0.10585955810545677 0.727281707947527 0.0 0.8360898593815865 0.2912714689855397
0.8730964906507436 0.25496600900538546 0.07871642132929924 0.21044410905352307 0.7666712650458958 0.12917995904707957 0.8360898593815865 0.0 0.19855482890316112
0.27151365425174356 0.13539123525450147 0.1057305327790794 0.21291362777434897 0.8452630321661085 0.9619127051895943 0.2912714689855397 0.19855482890316112 0.0

# Optimal Walk
0 6 4 8 1 3 7 5 2 0
