# MCW Instance
# Type: UNIFORM
# N: 9
# Optimal cost: 2.4341344589320792
# Optimal tour (permutation): [0, 4, 6, 7, 2, 8, 5, 3, 1, 0]
# Optimal walk (full path): [0, 4, 0, 6, 7, 2, 8, 5, 3, 1, 0]
# Walk size: 11
# Is walk (has repeats): true

# Distance Matrix
0.0000000000 0.1211368464 0.5136573494 0.3319620657 0.1053711579 0.5270088496 0.2039812679 0.5435218968 0.9909836992
0.1211368464 0.0000000000 0.4325191926 0.0746492678 0.2497485580 0.3329270436 0.4460200558 0.6858086723 0.6145811949
0.5136573494 0.4325191926 0.0000000000 0.4817870565 0.6437957936 0.6112389429 0.4656016616 0.4644778297 0.6944136421
0.3319620657 0.0746492678 0.4817870565 0.0000000000 0.5207764097 0.1432813947 0.9143840443 0.8758061843 0.3926302314
0.1053711579 0.2497485580 0.6437957936 0.5207764097 0.0000000000 0.5107973086 0.9183973147 0.6147548001 0.9239798100
0.5270088496 0.3329270436 0.6112389429 0.1432813947 0.5107973086 0.0000000000 0.3834807134 0.1856623153 0.3825445148
0.2039812679 0.4460200558 0.4656016616 0.9143840443 0.9183973147 0.3834807134 0.0000000000 0.1389073796 0.8566893208
0.5435218968 0.6858086723 0.4644778297 0.8758061843 0.6147548001 0.1856623153 0.1389073796 0.0000000000 0.5141371204
0.9909836992 0.6145811949 0.6944136421 0.3926302314 0.9239798100 0.3825445148 0.8566893208 0.5141371204 0.0000000000
