# Graph size: 9
# Optimal cost: 2.277233189854249

# Distance Matrix
0.0 0.30938072906647685 0.7159372607831359 0.602254564598919 0.3806317663372387 0.14467392167503934 0.5718889582567753 0.8266963726698116 0.2686624639856582
0.30938072906647685 0.0 0.2320173642775264 0.44040481194215697 0.3575190028127394 0.6819869123789676 0.5704280366109714 0.17015148504615218 0.29683797132049705
0.7159372607831359 0.2320173642775264 0.0 0.3001183310771989 0.6586221453301876 0.8766186821965433 0.507883281951444 0.33480575040373595 0.42503428919970654
0.602254564598919 0.44040481194215697 0.3001183310771989 0.0 0.13070728943240073 0.38997832259386456 0.5363181483448225 0.1628882779628027 0.6098658447558095
0.3806317663372387 0.3575190028127394 0.6586221453301876 0.13070728943240073 0.0 0.344620851924332 0.9866331228889578 0.5653207216850512 0.390028378612005
0.14467392167503934 0.6819869123789676 0.8766186821965433 0.38997832259386456 0.344620851924332 0.0 0.9773740939915748 0.8270212773269863 0.9252852516669443
0.5718889582567753 0.5704280366109714 0.507883281951444 0.5363181483448225 0.9866331228889578 0.9773740939915748 0.0 0.3778959276362511 0.3156282535988931
0.8266963726698116 0.17015148504615218 0.33480575040373595 0.1628882779628027 0.5653207216850512 0.8270212773269863 0.3778959276362511 0.0 0.27943189527955625
0.2686624639856582 0.29683797132049705 0.42503428919970654 0.6098658447558095 0.390028378612005 0.9252852516669443 0.3156282535988931 0.27943189527955625 0.0

# Optimal Walk
0 8 6 2 1 7 3 4 5 0
