# Graph size: 9
# Optimal cost: 1.2739074793938578

# Distance Matrix
0.0 0.12591858341575957 0.08767199624374977 0.10513526983387833 0.7609440507114346 0.06919860063366678 0.721319564133086 0.7461864200485683 0.09837852753501408
0.12591858341575957 0.0 0.1882587398498049 0.7479393989863661 0.7708982999107867 0.8901900550434663 0.3335523355047506 0.6760488871020119 0.8968224128371137
0.08767199624374977 0.1882587398498049 0.0 0.8473651242247365 0.8057809891996397 0.11924948882922459 0.19337063219150885 0.17585965426293537 0.6456377984883885
0.10513526983387833 0.7479393989863661 0.8473651242247365 0.0 0.649394335211421 0.9608723755139695 0.9515336823751286 0.022291198503679666 0.79339540261852
0.7609440507114346 0.7708982999107867 0.8057809891996397 0.649394335211421 0.0 0.4090712668405124 0.001167694314679002 0.3292823931674812 0.28747013465331006
0.06919860063366678 0.8901900550434663 0.11924948882922459 0.9608723755139695 0.4090712668405124 0.0 0.4121912893308598 0.8413487235863842 0.5037361594325561
0.721319564133086 0.3335523355047506 0.19337063219150885 0.9515336823751286 0.001167694314679002 0.4121912893308598 0.0 0.4614170124608101 0.7905542513185708
0.7461864200485683 0.6760488871020119 0.17585965426293537 0.022291198503679666 0.3292823931674812 0.8413487235863842 0.4614170124608101 0.0 0.8764289655253324
0.09837852753501408 0.8968224128371137 0.6456377984883885 0.79339540261852 0.28747013465331006 0.5037361594325561 0.7905542513185708 0.8764289655253324 0.0

# Optimal Walk
0 8 4 6 2 7 3 1 5 0
