# Graph size: 9
# Optimal cost: 1.3931627556271229

# Distance Matrix
0.0 0.5666178033047271 0.9429584147554904 0.9621055177566771 0.46582772819441054 0.7711108652967613 0.11749957382726872 0.6434300324155441 0.5592744406032968
0.5666178033047271 0.0 0.987783148046062 0.440468931830272 0.034917927812227134 0.26259710736494113 0.683875028925522 0.9637481759008907 0.014723961211259406
0.9429584147554904 0.987783148046062 0.0 0.7407099318703754 0.23786181300344966 0.9046814814377561 0.5024366935740657 0.3979958633787217 0.13996485116325785
0.9621055177566771 0.440468931830272 0.7407099318703754 0.0 0.6960484589786592 0.8247322774765727 0.03313838780471001 0.8067080048847768 0.4663437159573234
0.46582772819441054 0.034917927812227134 0.23786181300344966 0.6960484589786592 0.0 0.8476765311031388 0.1116531462527579 0.06496952410424661 0.7257839422348603
0.7711108652967613 0.26259710736494113 0.9046814814377561 0.8247322774765727 0.8476765311031388 0.0 0.3730203268733374 0.5804659445279156 0.1900817102217991
0.11749957382726872 0.683875028925522 0.5024366935740657 0.03313838780471001 0.1116531462527579 0.3730203268733374 0.0 0.5891275961129506 0.14055962610831385
0.6434300324155441 0.9637481759008907 0.3979958633787217 0.8067080048847768 0.06496952410424661 0.5804659445279156 0.5891275961129506 0.0 0.8451735079538193
0.5592744406032968 0.014723961211259406 0.13996485116325785 0.4663437159573234 0.7257839422348603 0.1900817102217991 0.14055962610831385 0.8451735079538193 0.0

# Optimal Walk
0 6 3 7 4 1 8 5 2 0
