# Graph size: 9
# Optimal cost: 2.680252510322214

# Distance Matrix
0.0 0.5989541740893448 0.9822158656131119 0.81126863799929 0.7278327478822527 0.5310915201453625 0.5030933268608607 0.0905994781630749 0.6303577548149325
0.5989541740893448 0.0 0.6018734730659807 0.2368864948184286 0.9467509844778084 0.8727606695190184 0.0558377842398059 0.8333918100357454 0.762290131387367
0.9822158656131119 0.6018734730659807 0.0 0.8384367344434541 0.8190818150593239 0.49216100568316534 0.3202696578777223 0.9926259370358034 0.5807385467275091
0.81126863799929 0.2368864948184286 0.8384367344434541 0.0 0.7835488532018917 0.0841490612108744 0.558968395925431 4.864448705033109E-5 0.18322479947714965
0.7278327478822527 0.9467509844778084 0.8190818150593239 0.7835488532018917 0.0 0.8586976695795946 0.5141527751106408 0.6320766319525466 0.7933233971827997
0.5310915201453625 0.8727606695190184 0.49216100568316534 0.0841490612108744 0.8586976695795946 0.0 0.8433856161617158 0.5618212851645389 0.57234589636069
0.5030933268608607 0.0558377842398059 0.3202696578777223 0.558968395925431 0.5141527751106408 0.8433856161617158 0.0 0.9821976222055097 0.7626185921634667
0.0905994781630749 0.8333918100357454 0.9926259370358034 4.864448705033109E-5 0.6320766319525466 0.5618212851645389 0.9821976222055097 0.0 0.8963090387991298
0.6303577548149325 0.762290131387367 0.5807385467275091 0.18322479947714965 0.7933233971827997 0.57234589636069 0.7626185921634667 0.8963090387991298 0.0

# Optimal Walk
0 7 8 4 6 1 2 5 3 0
