# MCW Instance
# Type: UNIFORM
# N: 9
# Optimal cost: 0.9454488498469052
# Optimal tour (permutation): [0, 8, 6, 2, 1, 4, 5, 7, 3, 0]
# Optimal walk (full path): [0, 8, 6, 2, 1, 4, 5, 3, 7, 3, 0]
# Walk size: 11
# Is walk (has repeats): true

# Distance Matrix
0.0000000000 0.3552736251 0.9196132383 0.0334284744 0.4716118991 0.4510936803 0.9968483229 0.2299416348 0.0392234334
0.3552736251 0.0000000000 0.2481189910 0.3266402913 0.0924641031 0.7175266990 0.1881622024 0.6128376646 0.2750396246
0.9196132383 0.2481189910 0.0000000000 0.7545635633 0.2660347376 0.6194027904 0.0626333738 0.7159621694 0.6151942095
0.0334284744 0.3266402913 0.7545635633 0.0000000000 0.6081645187 0.1697199481 0.4096361026 0.0189755680 0.4575029862
0.4716118991 0.0924641031 0.2660347376 0.6081645187 0.0000000000 0.2227713498 0.4036626171 0.2431886670 0.7222509470
0.4510936803 0.7175266990 0.6194027904 0.1697199481 0.2227713498 0.0000000000 0.5846343273 0.6793620356 0.6805911286
0.9968483229 0.1881622024 0.0626333738 0.4096361026 0.4036626171 0.5846343273 0.0000000000 0.8413849346 0.0391380401
0.2299416348 0.6128376646 0.7159621694 0.0189755680 0.2431886670 0.6793620356 0.8413849346 0.0000000000 0.7985156417
0.0392234334 0.2750396246 0.6151942095 0.4575029862 0.7222509470 0.6805911286 0.0391380401 0.7985156417 0.0000000000
