# MCW Instance
# Type: UNIFORM
# N: 9
# Optimal cost: 0.5883769265802496
# Optimal tour (permutation): [0, 4, 7, 3, 8, 5, 6, 2, 1, 0]
# Optimal walk (full path): [0, 4, 0, 7, 3, 8, 5, 6, 2, 1, 0]
# Walk size: 11
# Is walk (has repeats): true

# Distance Matrix
0.0000000000 0.0527504606 0.4882097358 0.3299952493 0.0420050033 0.8084742207 0.6872463078 0.1429039401 0.3496239286
0.0527504606 0.0000000000 0.0596901577 0.1045578752 0.5449395086 0.7031251744 0.2742979842 0.6594903795 0.2934850037
0.4882097358 0.0596901577 0.0000000000 0.0368164568 0.4918442232 0.7157609299 0.0101729694 0.1095682689 0.1707518197
0.3299952493 0.1045578752 0.0368164568 0.0000000000 0.6362386730 0.8597235469 0.2957022660 0.0932443518 0.0933954942
0.0420050033 0.5449395086 0.4918442232 0.6362386730 0.0000000000 0.0882499471 0.8567841668 0.8809737339 0.9044996171
0.8084742207 0.7031251744 0.7157609299 0.8597235469 0.0882499471 0.0000000000 0.0018726303 0.6357580358 0.0503369159
0.6872463078 0.2742979842 0.0101729694 0.2957022660 0.8567841668 0.0018726303 0.0000000000 0.1381648883 0.1080846127
0.1429039401 0.6594903795 0.1095682689 0.0932443518 0.8809737339 0.6357580358 0.1381648883 0.0000000000 0.4830226864
0.3496239286 0.2934850037 0.1707518197 0.0933954942 0.9044996171 0.0503369159 0.1080846127 0.4830226864 0.0000000000
