# MCW Instance
# Type: UNIFORM
# N: 13
# Optimal cost: 1.2277282726736436
# Optimal tour (permutation): [0, 4, 3, 7, 11, 9, 10, 8, 5, 2, 12, 6, 1, 0]
# Optimal walk (full path): [0, 4, 3, 7, 11, 5, 9, 5, 10, 8, 10, 5, 11, 7, 2, 12, 1, 6, 1, 0]
# Walk size: 20
# Is walk (has repeats): true

# Distance Matrix
0.0000000000 0.0231956713 0.7180307776 0.7893027102 0.0947460162 0.7128919571 0.4947971613 0.8656041724 0.2773911359 0.2551831279 0.2785267714 0.4962025342 0.3975841744
0.0231956713 0.0000000000 0.5296939412 0.5990848162 0.6167163698 0.5630193827 0.1082560472 0.3483996971 0.3015264259 0.9073211868 0.2504817021 0.6721104347 0.1915132034
0.7180307776 0.5296939412 0.0000000000 0.1979929245 0.2748420558 0.5806897647 0.3246579417 0.0755998504 0.1688058507 0.6565384012 0.7296450356 0.6917949537 0.1150709666
0.7893027102 0.5990848162 0.1979929245 0.0000000000 0.1485847318 0.7217054759 0.8194602093 0.2056478844 0.6922135936 0.7002922266 0.3451502071 0.9915306859 0.8698866503
0.0947460162 0.6167163698 0.2748420558 0.1485847318 0.0000000000 0.3897802442 0.4221888671 0.6729175943 0.8366058697 0.8872353789 0.4621841342 0.6734201032 0.2744109585
0.7128919571 0.5630193827 0.5806897647 0.7217054759 0.3897802442 0.0000000000 0.5853977906 0.5733896464 0.0614255220 0.0113902025 0.0243772490 0.0162563502 0.7827552289
0.4947971613 0.1082560472 0.3246579417 0.8194602093 0.4221888671 0.5853977906 0.0000000000 0.7432239183 0.9921592883 0.7396813534 0.9509867263 0.4290679641 0.7418724869
0.8656041724 0.3483996971 0.0755998504 0.2056478844 0.6729175943 0.5733896464 0.7432239183 0.0000000000 0.0858746735 0.5052846400 0.0986245620 0.0228689371 0.3074296583
0.2773911359 0.3015264259 0.1688058507 0.6922135936 0.8366058697 0.0614255220 0.9921592883 0.0858746735 0.0000000000 0.3903121660 0.0035361883 0.7330216494 0.6270959954
0.2551831279 0.9073211868 0.6565384012 0.7002922266 0.8872353789 0.0113902025 0.7396813534 0.5052846400 0.3903121660 0.0000000000 0.0387709080 0.2737776736 0.3912435864
0.2785267714 0.2504817021 0.7296450356 0.3451502071 0.4621841342 0.0243772490 0.9509867263 0.0986245620 0.0035361883 0.0387709080 0.0000000000 0.1889186016 0.3443440264
0.4962025342 0.6721104347 0.6917949537 0.9915306859 0.6734201032 0.0162563502 0.4290679641 0.0228689371 0.7330216494 0.2737776736 0.1889186016 0.0000000000 0.4985107221
0.3975841744 0.1915132034 0.1150709666 0.8698866503 0.2744109585 0.7827552289 0.7418724869 0.3074296583 0.6270959954 0.3912435864 0.3443440264 0.4985107221 0.0000000000
