# MCW Instance
# Type: UNIFORM
# N: 13
# Optimal cost: 1.5124560760835495
# Optimal tour (permutation): [0, 6, 4, 3, 12, 11, 10, 9, 5, 2, 7, 8, 1, 0]
# Optimal walk (full path): [0, 6, 4, 3, 12, 11, 12, 10, 9, 10, 12, 5, 2, 7, 8, 1, 0]
# Walk size: 17
# Is walk (has repeats): true

# Distance Matrix
0.0000000000 0.1023375541 0.2228726900 0.8205591130 0.4135488271 0.6043443430 0.3004955412 0.5257792650 0.4508805175 0.4132052626 0.5167462130 0.9887359231 0.2547419779
0.1023375541 0.0000000000 0.8509764991 0.1041645690 0.1930026321 0.8248080993 0.2566208572 0.4197921515 0.0968745780 0.4558386785 0.8916510105 0.1719454937 0.1716911743
0.2228726900 0.8509764991 0.0000000000 0.0552189435 0.3735294528 0.1185708587 0.7047472440 0.0884691667 0.6458888641 0.3919960711 0.4505630882 0.9017767213 0.7143631171
0.8205591130 0.1041645690 0.0552189435 0.0000000000 0.1761844036 0.6996361931 0.6325191785 0.3777959601 0.0651338468 0.6003981040 0.9119100256 0.9668204780 0.0648551434
0.4135488271 0.1930026321 0.3735294528 0.1761844036 0.0000000000 0.6179519981 0.0883134947 0.6652795758 0.8664001376 0.3422681304 0.7554385388 0.3346838922 0.7137017598
0.6043443430 0.8248080993 0.1185708587 0.6996361931 0.6179519981 0.0000000000 0.4688655638 0.9565362870 0.8878802928 0.9175251291 0.6666101798 0.5538892433 0.1653304989
0.3004955412 0.2566208572 0.7047472440 0.6325191785 0.0883134947 0.4688655638 0.0000000000 0.8256197121 0.2201109827 0.9022946647 0.9558761713 0.8491998301 0.7882977651
0.5257792650 0.4197921515 0.0884691667 0.3777959601 0.6652795758 0.9565362870 0.8256197121 0.0000000000 0.1459086656 0.2735932675 0.9671715272 0.3561147747 0.1697313449
0.4508805175 0.0968745780 0.6458888641 0.0651338468 0.8664001376 0.8878802928 0.2201109827 0.1459086656 0.0000000000 0.2533148703 0.9820615218 0.4728672013 0.4801777280
0.4132052626 0.4558386785 0.3919960711 0.6003981040 0.3422681304 0.9175251291 0.9022946647 0.2735932675 0.2533148703 0.0000000000 0.0596285662 0.6853939048 0.1686079987
0.5167462130 0.8916510105 0.4505630882 0.9119100256 0.7554385388 0.6666101798 0.9558761713 0.9671715272 0.9820615218 0.0596285662 0.0000000000 0.0635930486 0.0176305776
0.9887359231 0.1719454937 0.9017767213 0.9668204780 0.3346838922 0.5538892433 0.8491998301 0.3561147747 0.4728672013 0.6853939048 0.0635930486 0.0000000000 0.0052989418
0.2547419779 0.1716911743 0.7143631171 0.0648551434 0.7137017598 0.1653304989 0.7882977651 0.1697313449 0.4801777280 0.1686079987 0.0176305776 0.0052989418 0.0000000000
