# Graph size: 13
# Optimal cost: 2.084119845270586

# Distance Matrix
0.0 0.6783255388556059 8.772176106198737E-4 0.6556964500798379 0.8477059573130251 0.7973199000356097 0.6751336962244836 0.9014879333321155 0.9344924249237769 0.9618161197530839 0.4389082351853937 0.6721812562154342 0.12186632590794966
0.6783255388556059 0.0 0.46135692586166166 0.534455940652194 0.953652413395244 0.23498032827491544 0.9256920306027703 0.4867355474233167 0.37738851268975027 0.8770014974323915 0.9768919640156742 0.6739356794940748 0.86018497669458
8.772176106198737E-4 0.46135692586166166 0.0 0.9100306988735183 0.06702480006712175 0.42362903698438836 0.042702559389911854 0.8968459510009622 0.9118270399732555 0.43292515491895167 0.18389684205240642 0.44295350776567577 0.24427571479413301
0.6556964500798379 0.534455940652194 0.9100306988735183 0.0 0.7260309015146892 0.24743467553184595 0.1840943243122214 0.7066962829507223 0.8089174847403812 0.276563818666519 0.5012674905445024 0.5760163876541473 0.15833118078640585
0.8477059573130251 0.953652413395244 0.06702480006712175 0.7260309015146892 0.0 0.7955033382672541 0.9134968780076009 0.6740030127596106 0.6911748050148709 0.8982737956452007 0.497980384647845 0.25279654639109883 0.40032520922556636
0.7973199000356097 0.23498032827491544 0.42362903698438836 0.24743467553184595 0.7955033382672541 0.0 0.8899881908197069 0.6179261475266608 0.8657820991123125 0.9142418485080468 0.8309759358316752 0.7002935130582866 0.23481498005483692
0.6751336962244836 0.9256920306027703 0.042702559389911854 0.1840943243122214 0.9134968780076009 0.8899881908197069 0.0 0.3402598555317966 0.10071361746964513 0.7988209708167648 0.9070435996633642 0.38525099558127074 0.14638798719053103
0.9014879333321155 0.4867355474233167 0.8968459510009622 0.7066962829507223 0.6740030127596106 0.6179261475266608 0.3402598555317966 0.0 0.2021369716814021 0.05804992703318601 0.4123739098024126 0.9100184671832856 0.4024142180910043
0.9344924249237769 0.37738851268975027 0.9118270399732555 0.8089174847403812 0.6911748050148709 0.8657820991123125 0.10071361746964513 0.2021369716814021 0.0 0.1427539550171012 0.788925001689285 0.03841735389351075 0.3269414131826124
0.9618161197530839 0.8770014974323915 0.43292515491895167 0.276563818666519 0.8982737956452007 0.9142418485080468 0.7988209708167648 0.05804992703318601 0.1427539550171012 0.0 0.22150520712884159 0.6078397555366435 0.8718680541732199
0.4389082351853937 0.9768919640156742 0.18389684205240642 0.5012674905445024 0.497980384647845 0.8309759358316752 0.9070435996633642 0.4123739098024126 0.788925001689285 0.22150520712884159 0.0 0.8531506280592924 0.6960110971634909
0.6721812562154342 0.6739356794940748 0.44295350776567577 0.5760163876541473 0.25279654639109883 0.7002935130582866 0.38525099558127074 0.9100184671832856 0.03841735389351075 0.6078397555366435 0.8531506280592924 0.0 0.624183847823318
0.12186632590794966 0.86018497669458 0.24427571479413301 0.15833118078640585 0.40032520922556636 0.23481498005483692 0.14638798719053103 0.4024142180910043 0.3269414131826124 0.8718680541732199 0.6960110971634909 0.624183847823318 0.0

# Optimal Walk
0 4 6 12 3 5 1 11 8 7 9 10 2 0
