# MCW Instance
# Type: UNIFORM
# N: 13
# Optimal cost: 2.1591441285430806
# Optimal tour (permutation): [0, 11, 6, 9, 12, 10, 2, 3, 4, 8, 5, 1, 7, 0]
# Optimal walk (full path): [0, 11, 6, 9, 12, 10, 2, 3, 4, 8, 5, 7, 1, 7, 0]
# Walk size: 15
# Is walk (has repeats): true

# Distance Matrix
0.0000000000 0.2479888345 0.9184059226 0.7265800301 0.3840876200 0.9423181932 0.1689913750 0.0602187063 0.4676048947 0.3149380608 0.7930056364 0.0428679614 0.5133168378
0.2479888345 0.0000000000 0.9526023198 0.2461079334 0.1609383542 0.4944923508 0.1963198919 0.1106755038 0.5007366119 0.2385359587 0.3986581656 0.4971474485 0.5173319403
0.9184059226 0.9526023198 0.0000000000 0.1432582641 0.9720631966 0.5045506734 0.5238975593 0.9595459413 0.3920451597 0.3974651942 0.4916458635 0.3059892715 0.8669298118
0.7265800301 0.2461079334 0.1432582641 0.0000000000 0.1810998446 0.8139521028 0.7460639831 0.2149777961 0.8118134306 0.5329881833 0.4547534258 0.6000254815 0.3673309589
0.3840876200 0.1609383542 0.9720631966 0.1810998446 0.0000000000 0.1531647324 0.7290361775 0.1684023646 0.1190677925 0.5729059979 0.8554531192 0.3027316309 0.5983897194
0.9423181932 0.4944923508 0.5045506734 0.8139521028 0.1531647324 0.0000000000 0.8547586851 0.1380072445 0.1623224021 0.4292997264 0.5235629832 0.2109382687 0.4152133587
0.1689913750 0.1963198919 0.5238975593 0.7460639831 0.7290361775 0.8547586851 0.0000000000 0.9119575630 0.8333894651 0.1134536143 0.5835288078 0.0846014021 0.9761733243
0.0602187063 0.1106755038 0.9595459413 0.2149777961 0.1684023646 0.1380072445 0.9119575630 0.0000000000 0.9872858625 0.2216607582 0.2658551198 0.5184530906 0.6729861949
0.4676048947 0.5007366119 0.3920451597 0.8118134306 0.1190677925 0.1623224021 0.8333894651 0.9872858625 0.0000000000 0.2258909249 0.8850693673 0.4473480464 0.9271524116
0.3149380608 0.2385359587 0.3974651942 0.5329881833 0.5729059979 0.4292997264 0.1134536143 0.2216607582 0.2258909249 0.0000000000 0.9344190637 0.7452575546 0.0828848906
0.7930056364 0.3986581656 0.4916458635 0.4547534258 0.8554531192 0.5235629832 0.5835288078 0.2658551198 0.8850693673 0.9344190637 0.0000000000 0.4603289305 0.3183651351
0.0428679614 0.4971474485 0.3059892715 0.6000254815 0.3027316309 0.2109382687 0.0846014021 0.5184530906 0.4473480464 0.7452575546 0.4603289305 0.0000000000 0.7313531383
0.5133168378 0.5173319403 0.8669298118 0.3673309589 0.5983897194 0.4152133587 0.9761733243 0.6729861949 0.9271524116 0.0828848906 0.3183651351 0.7313531383 0.0000000000
