# Graph size: 13
# Optimal cost: 1.8243374820857288

# Distance Matrix
0.0 0.6544366242283818 0.5823174757477693 0.5358307110729303 0.9070214659126792 0.6521457919040129 0.1093721633041429 0.9244737878048352 0.5120858389882854 0.2206409720428446 7.89260599927899E-4 0.6814873870998043 0.7210946751498019
0.6544366242283818 0.0 0.4472339011592187 0.10226978097553197 0.6031772041633516 0.9842572791933788 0.8957691573665176 0.9126747319809687 0.9600210525646545 0.7077807147071156 0.010602113869098817 0.8732660529133341 0.5110793256752345
0.5823174757477693 0.4472339011592187 0.0 0.3447850233275046 0.5931947717484702 0.18266700762623755 0.5612527232475225 0.6751614322615261 0.8115644990820882 0.6654049999219258 0.8150805939009689 0.8652241372578623 0.3600480651971003
0.5358307110729303 0.10226978097553197 0.3447850233275046 0.0 0.2306880136966597 0.20362342977927939 0.7974208402403418 0.325319799081612 0.49810559613828065 0.5650758526203704 0.5910309173797129 0.03432896471068703 0.2382341005848828
0.9070214659126792 0.6031772041633516 0.5931947717484702 0.2306880136966597 0.0 0.04510676964477922 0.19669408656907272 0.6607981740432203 0.37866479942404896 0.34952631941334167 0.4407767479849055 0.6491515675869959 0.4597630626896634
0.6521457919040129 0.9842572791933788 0.18266700762623755 0.20362342977927939 0.04510676964477922 0.0 0.529729288503646 0.9199972512179171 0.07821730121279558 0.5895051674492482 0.8104675666518105 0.702395182444507 0.9317761791263949
0.1093721633041429 0.8957691573665176 0.5612527232475225 0.7974208402403418 0.19669408656907272 0.529729288503646 0.0 0.1430289898664857 0.0798550184195046 0.8776437676121839 0.869004369469516 0.6800734964887761 0.05310971469643999
0.9244737878048352 0.9126747319809687 0.6751614322615261 0.325319799081612 0.6607981740432203 0.9199972512179171 0.1430289898664857 0.0 0.617869263578072 0.495085072376361 0.8122711137667906 0.7943905788195638 0.5595539720517708
0.5120858389882854 0.9600210525646545 0.8115644990820882 0.49810559613828065 0.37866479942404896 0.07821730121279558 0.0798550184195046 0.617869263578072 0.0 0.32073994761841995 0.04229637233528816 0.23518632693904806 0.9977649996214464
0.2206409720428446 0.7077807147071156 0.6654049999219258 0.5650758526203704 0.34952631941334167 0.5895051674492482 0.8776437676121839 0.495085072376361 0.32073994761841995 0.0 0.5691586132265404 0.9181627563988377 0.5630667877957544
7.89260599927899E-4 0.010602113869098817 0.8150805939009689 0.5910309173797129 0.4407767479849055 0.8104675666518105 0.869004369469516 0.8122711137667906 0.04229637233528816 0.5691586132265404 0.0 0.5958639452833969 0.7397800661105784
0.6814873870998043 0.8732660529133341 0.8652241372578623 0.03432896471068703 0.6491515675869959 0.702395182444507 0.6800734964887761 0.7943905788195638 0.23518632693904806 0.9181627563988377 0.5958639452833969 0.0 0.1984992715153311
0.7210946751498019 0.5110793256752345 0.3600480651971003 0.2382341005848828 0.4597630626896634 0.9317761791263949 0.05310971469643999 0.5595539720517708 0.9977649996214464 0.5630667877957544 0.7397800661105784 0.1984992715153311 0.0

# Optimal Walk
0 10 1 3 11 12 7 6 8 5 2 4 9 0
