# MCW Instance
# Type: UNIFORM
# N: 13
# Optimal cost: 1.7947296400828945
# Optimal tour (permutation): [0, 4, 5, 9, 10, 8, 11, 6, 3, 12, 7, 2, 1, 0]
# Optimal walk (full path): [0, 4, 5, 9, 8, 10, 8, 11, 6, 3, 12, 7, 2, 1, 0]
# Walk size: 15
# Is walk (has repeats): true

# Distance Matrix
0.0000000000 0.2207661013 0.3850175086 0.4821065985 0.1739851007 0.1850933023 0.8102462015 0.2780367556 0.7607846276 0.9291705558 0.4980528583 0.4229603423 0.6380774165
0.2207661013 0.0000000000 0.0451800393 0.2368010513 0.5123774293 0.4781955845 0.8140996189 0.4609804771 0.6832373629 0.5156091461 0.5733029306 0.5933262818 0.5492314538
0.3850175086 0.0451800393 0.0000000000 0.7889709441 0.9538658231 0.1538382750 0.9247520101 0.1799841353 0.6499629595 0.8891488742 0.7777345522 0.4249039996 0.2587151368
0.4821065985 0.2368010513 0.7889709441 0.0000000000 0.6532269867 0.4932001404 0.1426499623 0.3860745920 0.2791948167 0.4521674598 0.3229175305 0.6528119820 0.2220726691
0.1739851007 0.5123774293 0.9538658231 0.6532269867 0.0000000000 0.1347052365 0.6483443386 0.4543952505 0.3235573691 0.4412472948 0.4866981409 0.3295273583 0.6524771805
0.1850933023 0.4781955845 0.1538382750 0.4932001404 0.1347052365 0.0000000000 0.6928942151 0.3822188393 0.5743361017 0.0083567410 0.8192769043 0.3996609792 0.3026863093
0.8102462015 0.8140996189 0.9247520101 0.1426499623 0.6483443386 0.6928942151 0.0000000000 0.3405636108 0.5716592846 0.7302463200 0.4978104682 0.0317975631 0.2093083784
0.2780367556 0.4609804771 0.1799841353 0.3860745920 0.4543952505 0.3822188393 0.3405636108 0.0000000000 0.5556514535 0.7264314088 0.7222224888 0.9987621766 0.2843182608
0.7607846276 0.6832373629 0.6499629595 0.2791948167 0.3235573691 0.5743361017 0.5716592846 0.5556514535 0.0000000000 0.0937762041 0.1093303628 0.0384769011 0.9237898982
0.9291705558 0.5156091461 0.8891488742 0.4521674598 0.4412472948 0.0083567410 0.7302463200 0.7264314088 0.0937762041 0.0000000000 0.7063579456 0.9486649996 0.3754367924
0.4980528583 0.5733029306 0.7777345522 0.3229175305 0.4866981409 0.8192769043 0.4978104682 0.7222224888 0.1093303628 0.7063579456 0.0000000000 0.5334385038 0.3791279198
0.4229603423 0.5933262818 0.4249039996 0.6528119820 0.3295273583 0.3996609792 0.0317975631 0.9987621766 0.0384769011 0.9486649996 0.5334385038 0.0000000000 0.3018232978
0.6380774165 0.5492314538 0.2587151368 0.2220726691 0.6524771805 0.3026863093 0.2093083784 0.2843182608 0.9237898982 0.3754367924 0.3791279198 0.3018232978 0.0000000000
