# MCW Instance
# Type: UNIFORM
# N: 13
# Optimal cost: 1.8243358628371695
# Optimal tour (permutation): [0, 9, 7, 5, 3, 8, 10, 12, 4, 1, 11, 6, 2, 0]
# Optimal walk (full path): [0, 2, 5, 9, 5, 7, 5, 3, 8, 10, 12, 10, 4, 1, 11, 6, 2, 0]
# Walk size: 18
# Is walk (has repeats): true

# Distance Matrix
0.0000000000 0.4089170517 0.0162647316 0.2544347586 0.9215976196 0.2306170965 0.1940299174 0.1831750523 0.8749871698 0.3484951079 0.5100465134 0.6221623494 0.8313522259
0.4089170517 0.0000000000 0.3739063622 0.2503695045 0.1581139452 0.1303240122 0.1302996204 0.0295713366 0.3357631605 0.4174778847 0.0849465826 0.0375857528 0.6842052713
0.0162647316 0.3739063622 0.0000000000 0.5439180912 0.9299339425 0.0709230349 0.0929606415 0.4620412970 0.9791964231 0.3131308454 0.9276781862 0.2625285143 0.9399708786
0.2544347586 0.2503695045 0.5439180912 0.0000000000 0.9475390763 0.1826285201 0.2564052094 0.7899031641 0.3347410658 0.6556134298 0.7960469607 0.9451412987 0.6679275724
0.9215976196 0.1581139452 0.9299339425 0.9475390763 0.0000000000 0.6006441235 0.3502986657 0.6400991330 0.7311042190 0.5647177310 0.2014129056 0.4561776206 0.6283867314
0.2306170965 0.1303240122 0.0709230349 0.1826285201 0.6006441235 0.0000000000 0.1472480494 0.0153035651 0.2345810888 0.1269827464 0.2341827614 0.4516483086 0.1874682244
0.1940299174 0.1302996204 0.0929606415 0.2564052094 0.3502986657 0.1472480494 0.0000000000 0.5621329775 0.8535664484 0.9266641767 0.8820288874 0.0891984095 0.1752847469
0.1831750523 0.0295713366 0.4620412970 0.7899031641 0.6400991330 0.0153035651 0.5621329775 0.0000000000 0.6189182944 0.9136792092 0.4362441405 0.3349520524 0.8173255511
0.8749871698 0.3357631605 0.9791964231 0.3347410658 0.7311042190 0.2345810888 0.8535664484 0.6189182944 0.0000000000 0.5074193713 0.2098853567 0.7003811325 0.7505239529
0.3484951079 0.4174778847 0.3131308454 0.6556134298 0.5647177310 0.1269827464 0.9266641767 0.9136792092 0.5074193713 0.0000000000 0.9904996561 0.2378236319 0.9188004415
0.5100465134 0.0849465826 0.9276781862 0.7960469607 0.2014129056 0.2341827614 0.8820288874 0.4362441405 0.2098853567 0.9904996561 0.0000000000 0.1081071601 0.0648920724
0.6221623494 0.0375857528 0.2625285143 0.9451412987 0.4561776206 0.4516483086 0.0891984095 0.3349520524 0.7003811325 0.2378236319 0.1081071601 0.0000000000 0.3934172618
0.8313522259 0.6842052713 0.9399708786 0.6679275724 0.6283867314 0.1874682244 0.1752847469 0.8173255511 0.7505239529 0.9188004415 0.0648920724 0.3934172618 0.0000000000
