# MCW Instance
# Type: UNIFORM
# N: 13
# Optimal cost: 1.6080757851562102
# Optimal tour (permutation): [0, 4, 9, 5, 8, 10, 6, 3, 11, 12, 7, 2, 1, 0]
# Optimal walk (full path): [0, 4, 9, 5, 8, 10, 3, 6, 3, 11, 12, 7, 2, 7, 1, 4, 0]
# Walk size: 17
# Is walk (has repeats): true

# Distance Matrix
0.0000000000 0.4841628213 0.2084119021 0.2440712790 0.0486675895 0.3689247440 0.5176894193 0.4340635557 0.2150614401 0.5425346759 0.4343235583 0.4898525523 0.8503091338
0.4841628213 0.0000000000 0.4778480486 0.6197958160 0.1515350789 0.9184777191 0.7768742759 0.0616920257 0.9672208616 0.4627509196 0.9718391116 0.5924323252 0.8964979087
0.2084119021 0.4778480486 0.0000000000 0.5280830362 0.5848080542 0.4734245971 0.2662243177 0.0336902022 0.5047395705 0.9289483425 0.7590967529 0.9958006767 0.8043124984
0.2440712790 0.6197958160 0.5280830362 0.0000000000 0.6791166994 0.9445478959 0.0567490615 0.9635997678 0.7175520526 0.9718763039 0.3634138195 0.0936360776 0.8069504809
0.0486675895 0.1515350789 0.5848080542 0.6791166994 0.0000000000 0.4371136660 0.4561615214 0.1601545320 0.4244992532 0.1079863768 0.9788750046 0.3962431337 0.1791503691
0.3689247440 0.9184777191 0.4734245971 0.9445478959 0.4371136660 0.0000000000 0.1454295757 0.7013070331 0.0623992214 0.0440424154 0.6954634242 0.5569150564 0.4634359854
0.5176894193 0.7768742759 0.2662243177 0.0567490615 0.4561615214 0.1454295757 0.0000000000 0.0999022093 0.2418430568 0.1424963325 0.6639220197 0.8690462552 0.9077451379
0.4340635557 0.0616920257 0.0336902022 0.9635997678 0.1601545320 0.7013070331 0.0999022093 0.0000000000 0.4003574976 0.6573115143 0.7346418654 0.9738555931 0.0094159224
0.2150614401 0.9672208616 0.5047395705 0.7175520526 0.4244992532 0.0623992214 0.2418430568 0.4003574976 0.0000000000 0.8386488510 0.3861760655 0.2405742576 0.3485447873
0.5425346759 0.4627509196 0.9289483425 0.9718763039 0.1079863768 0.0440424154 0.1424963325 0.6573115143 0.8386488510 0.0000000000 0.5067084767 0.7096198978 0.5036546768
0.4343235583 0.9718391116 0.7590967529 0.3634138195 0.9788750046 0.6954634242 0.6639220197 0.7346418654 0.3861760655 0.5067084767 0.0000000000 0.7636377047 0.7786570791
0.4898525523 0.5924323252 0.9958006767 0.0936360776 0.3962431337 0.5569150564 0.8690462552 0.9738555931 0.2405742576 0.7096198978 0.7636377047 0.0000000000 0.0495650755
0.8503091338 0.8964979087 0.8043124984 0.8069504809 0.1791503691 0.4634359854 0.9077451379 0.0094159224 0.3485447873 0.5036546768 0.7786570791 0.0495650755 0.0000000000
