# Graph size: 13
# Optimal cost: 1.2751700428129404

# Distance Matrix
0.0 0.5987505192553967 0.3899633315396921 0.7184131414203442 0.582483633713558 0.5805156003391609 0.2245199264105724 0.5158943454291991 0.5480276508758863 0.10914498678068807 0.9247343776387091 0.8783973601380605 0.31592701233668363
0.5987505192553967 0.0 0.16740726845719034 0.6408070459892979 0.8645631769950182 0.4659079367239122 0.09709990171776584 0.715833708486954 0.5894048654162937 0.7837727193636191 0.7665171579567898 0.6751586700616875 0.03811139278703479
0.3899633315396921 0.16740726845719034 0.0 0.7364023902870639 0.6403999151616022 0.33034540042558946 0.3350833704678766 0.13915098724168584 0.5729548472450643 0.8625409991664624 0.09786944670554798 0.08402096750076504 0.5830063579933001
0.7184131414203442 0.6408070459892979 0.7364023902870639 0.0 0.2900503368096429 0.7097743413325958 0.12767401446031368 0.09007181641730577 0.2962246296679575 0.830260936639628 0.20024494430858197 0.09112671519436333 0.9963080777185535
0.582483633713558 0.8645631769950182 0.6403999151616022 0.2900503368096429 0.0 0.2288699998597894 0.6890910431451588 0.5400534543897284 0.855675608659544 0.07623322231354357 0.6760229392550674 0.7552433731913153 0.6369335356161159
0.5805156003391609 0.4659079367239122 0.33034540042558946 0.7097743413325958 0.2288699998597894 0.0 0.1548565153817263 0.36222699248282375 0.025548797155890646 0.9496441235685614 0.06270208129800503 0.30200381845323343 0.7107581959955094
0.2245199264105724 0.09709990171776584 0.3350833704678766 0.12767401446031368 0.6890910431451588 0.1548565153817263 0.0 0.7039742979345902 0.3741993941562536 0.18461103749994356 0.039993981099588405 0.5283571833902304 0.8961669133162593
0.5158943454291991 0.715833708486954 0.13915098724168584 0.09007181641730577 0.5400534543897284 0.36222699248282375 0.7039742979345902 0.0 0.5529126731473857 0.49990917670387813 0.0012952608468986826 0.6102274668126889 0.028201645654983176
0.5480276508758863 0.5894048654162937 0.5729548472450643 0.2962246296679575 0.855675608659544 0.025548797155890646 0.3741993941562536 0.5529126731473857 0.0 0.17428592056293124 0.36872166710447063 0.6286525596655302 0.3224760489161803
0.10914498678068807 0.7837727193636191 0.8625409991664624 0.830260936639628 0.07623322231354357 0.9496441235685614 0.18461103749994356 0.49990917670387813 0.17428592056293124 0.0 0.6476150272214687 0.27087661636735305 0.5071715648358339
0.9247343776387091 0.7665171579567898 0.09786944670554798 0.20024494430858197 0.6760229392550674 0.06270208129800503 0.039993981099588405 0.0012952608468986826 0.36872166710447063 0.6476150272214687 0.0 0.5626135890485754 0.11746230536109437
0.8783973601380605 0.6751586700616875 0.08402096750076504 0.09112671519436333 0.7552433731913153 0.30200381845323343 0.5283571833902304 0.6102274668126889 0.6286525596655302 0.27087661636735305 0.5626135890485754 0.0 0.886443775828132
0.31592701233668363 0.03811139278703479 0.5830063579933001 0.9963080777185535 0.6369335356161159 0.7107581959955094 0.8961669133162593 0.028201645654983176 0.3224760489161803 0.5071715648358339 0.11746230536109437 0.886443775828132 0.0

# Optimal Walk
0 6 1 12 7 3 11 2 10 5 8 9 4 0
