# MCW Instance
# Type: UNIFORM
# N: 13
# Optimal cost: 1.355055665641029
# Optimal tour (permutation): [0, 6, 5, 4, 9, 2, 7, 1, 10, 11, 8, 12, 3, 0]
# Optimal walk (full path): [0, 4, 5, 6, 5, 4, 9, 2, 7, 1, 10, 11, 8, 3, 12, 3, 0]
# Walk size: 17
# Is walk (has repeats): true

# Distance Matrix
0.0000000000 0.2468538496 0.2265007974 0.0990855449 0.0020938686 0.3382784659 0.4518245594 0.9797897392 0.3373681608 0.1202938315 0.2975825636 0.9554354619 0.9617664402
0.2468538496 0.0000000000 0.7910411520 0.4904969699 0.8969115005 0.6880765976 0.5427598964 0.1286878620 0.9097486819 0.8436140216 0.0861534564 0.8037461113 0.8454360570
0.2265007974 0.7910411520 0.0000000000 0.6151035941 0.9485289510 0.8309078423 0.9041533148 0.0181583877 0.3218648688 0.0365801488 0.5782176088 0.8707798733 0.6285613716
0.0990855449 0.4904969699 0.6151035941 0.0000000000 0.1706312668 0.5927697035 0.4090940405 0.6454802708 0.1602724554 0.6887002697 0.4735762903 0.9809826900 0.1030232938
0.0020938686 0.8969115005 0.9485289510 0.1706312668 0.0000000000 0.0625443221 0.5153076049 0.9350243505 0.1081657910 0.0290481931 0.0243431203 0.2889698874 0.8392566956
0.3382784659 0.6880765976 0.8309078423 0.5927697035 0.0625443221 0.0000000000 0.0043397999 0.3660636476 0.3696389778 0.8846820918 0.2211098180 0.4264191977 0.8111989268
0.4518245594 0.5427598964 0.9041533148 0.4090940405 0.5153076049 0.0043397999 0.0000000000 0.8889015980 0.6819376642 0.9132634807 0.7988697808 0.7139440115 0.7328729958
0.9797897392 0.1286878620 0.0181583877 0.6454802708 0.9350243505 0.3660636476 0.8889015980 0.0000000000 0.6385165819 0.2200093991 0.7688804450 0.2966098883 0.6146825764
0.3373681608 0.9097486819 0.3218648688 0.1602724554 0.1081657910 0.3696389778 0.6819376642 0.6385165819 0.0000000000 0.0709980288 0.0444145081 0.2430671879 0.3392876837
0.1202938315 0.8436140216 0.0365801488 0.6887002697 0.0290481931 0.8846820918 0.9132634807 0.2200093991 0.0709980288 0.0000000000 0.6724427576 0.3203938955 0.5949156661
0.2975825636 0.0861534564 0.5782176088 0.4735762903 0.0243431203 0.2211098180 0.7988697808 0.7688804450 0.0444145081 0.6724427576 0.0000000000 0.2120937291 0.7305743530
0.9554354619 0.8037461113 0.8707798733 0.9809826900 0.2889698874 0.4264191977 0.7139440115 0.2966098883 0.2430671879 0.3203938955 0.2120937291 0.0000000000 0.4759608513
0.9617664402 0.8454360570 0.6285613716 0.1030232938 0.8392566956 0.8111989268 0.7328729958 0.6146825764 0.3392876837 0.5949156661 0.7305743530 0.4759608513 0.0000000000
