# Graph size: 13
# Optimal cost: 1.4752988690770352

# Distance Matrix
0.0 0.9358244104024276 0.9549910656445934 0.3038962141252385 0.28787449080418315 0.5049039349286113 0.6639699294049488 0.48288747904678275 0.011266923198085643 0.001630829967234182 0.6087530821936379 0.11494830289015767 0.529735347708466
0.9358244104024276 0.0 0.3581726908127646 0.682641028990511 0.566836590976422 0.4148844283860603 0.1090953833924353 0.3324922655450787 0.45882584395769943 0.11333716880105693 0.5781461985307272 0.02319847069397496 0.6785724098974123
0.9549910656445934 0.3581726908127646 0.0 0.5902419575109172 0.011998305636167439 0.3542983902284005 0.34464480146937304 0.8225654892783235 0.3931649400431272 0.1637218496713484 0.4719430874505488 0.8292134993678162 0.8996430548050602
0.3038962141252385 0.682641028990511 0.5902419575109172 0.0 0.1655696133609974 0.8422125778658918 0.27756108451866457 0.49544780190380155 0.4119982663123891 0.11508280089964473 0.08976264699101866 0.9340507325773268 0.1436941835197264
0.28787449080418315 0.566836590976422 0.011998305636167439 0.1655696133609974 0.0 0.5285391782428149 0.8872508100167652 0.53583639430478 0.39908404803874975 0.6324613952440449 0.5581232242942294 0.46104327806223067 0.08934377284658379
0.5049039349286113 0.4148844283860603 0.3542983902284005 0.8422125778658918 0.5285391782428149 0.0 0.37483921816971055 0.7096542575098947 0.8412566235370619 0.1144315521967536 0.5175027774076817 0.2769587383316696 0.05537249656892562
0.6639699294049488 0.1090953833924353 0.34464480146937304 0.27756108451866457 0.8872508100167652 0.37483921816971055 0.0 0.4947850845452335 0.7966809619339429 0.09887278725204107 0.640053798891872 0.42398686214857007 0.46342855680222605
0.48288747904678275 0.3324922655450787 0.8225654892783235 0.49544780190380155 0.53583639430478 0.7096542575098947 0.4947850845452335 0.0 0.8434072264489018 0.8100504089598767 0.6096155124818967 0.8399384179827065 0.26766662094845795
0.011266923198085643 0.45882584395769943 0.3931649400431272 0.4119982663123891 0.39908404803874975 0.8412566235370619 0.7966809619339429 0.8434072264489018 0.0 0.3303575438512051 0.2626652652744509 0.30998283424072937 0.43091743056778664
0.001630829967234182 0.11333716880105693 0.1637218496713484 0.11508280089964473 0.6324613952440449 0.1144315521967536 0.09887278725204107 0.8100504089598767 0.3303575438512051 0.0 0.5300376477857341 0.6203297509164916 0.7252030734051792
0.6087530821936379 0.5781461985307272 0.4719430874505488 0.08976264699101866 0.5581232242942294 0.5175027774076817 0.640053798891872 0.6096155124818967 0.2626652652744509 0.5300376477857341 0.0 0.14452678627441462 0.5766327702406037
0.11494830289015767 0.02319847069397496 0.8292134993678162 0.9340507325773268 0.46104327806223067 0.2769587383316696 0.42398686214857007 0.8399384179827065 0.30998283424072937 0.6203297509164916 0.14452678627441462 0.0 0.9426102281322489
0.529735347708466 0.6785724098974123 0.8996430548050602 0.1436941835197264 0.08934377284658379 0.05537249656892562 0.46342855680222605 0.26766662094845795 0.43091743056778664 0.7252030734051792 0.5766327702406037 0.9426102281322489 0.0

# Optimal Walk
0 9 6 1 11 10 3 4 2 12 7 5 8 0
