# MCW Instance
# Type: UNIFORM
# N: 13
# Optimal cost: 2.323440764577593
# Optimal tour (permutation): [0, 1, 5, 4, 6, 11, 7, 8, 12, 9, 10, 3, 2, 0]
# Optimal walk (full path): [0, 1, 5, 4, 6, 11, 7, 9, 8, 12, 9, 10, 3, 10, 2, 0]
# Walk size: 16
# Is walk (has repeats): true

# Distance Matrix
0.0000000000 0.0644263669 0.1500341923 0.2638788920 0.2055900359 0.3219094333 0.4608544914 0.3938624594 0.4668761547 0.4363527994 0.7719748812 0.2992633282 0.2889289625
0.0644263669 0.0000000000 0.5823155425 0.8426207041 0.7571364337 0.3589886491 0.2149894601 0.5428263158 0.4346432800 0.8163187194 0.8595698989 0.2141305349 0.3297711323
0.1500341923 0.5823155425 0.0000000000 0.4568960878 0.7976306231 0.5462717686 0.3515035624 0.5750877992 0.3231409051 0.5499917403 0.0289742727 0.5463488750 0.8198640086
0.2638788920 0.8426207041 0.4568960878 0.0000000000 0.5117201491 0.9338636483 0.2012649112 0.7722284310 0.6528273955 0.7762732352 0.0188018079 0.9633643514 0.5842959520
0.2055900359 0.7571364337 0.7976306231 0.5117201491 0.0000000000 0.2915406605 0.1754142572 0.5368495766 0.5470754920 0.9739335465 0.5267037954 0.3028105980 0.8590504356
0.3219094333 0.3589886491 0.5462717686 0.9338636483 0.2915406605 0.0000000000 0.4328875208 0.6696060403 0.6543762678 0.9514632070 0.6484306714 0.3356258787 0.7270827961
0.4608544914 0.2149894601 0.3515035624 0.2012649112 0.1754142572 0.4328875208 0.0000000000 0.8708001897 0.6846622595 0.4994286013 0.9816806374 0.1465614183 0.4836311607
0.3938624594 0.5428263158 0.5750877992 0.7722284310 0.5368495766 0.6696060403 0.8708001897 0.0000000000 0.7521338521 0.2198951266 0.4809994492 0.2066851381 0.6849482081
0.4668761547 0.4346432800 0.3231409051 0.6528273955 0.5470754920 0.6543762678 0.6846622595 0.7521338521 0.0000000000 0.1530446515 0.8038263058 0.2163395138 0.2563118471
0.4363527994 0.8163187194 0.5499917403 0.7762732352 0.9739335465 0.9514632070 0.4994286013 0.2198951266 0.1530446515 0.0000000000 0.0350211338 0.8530523183 0.1989394347
0.7719748812 0.8595698989 0.0289742727 0.0188018079 0.5267037954 0.6484306714 0.9816806374 0.4809994492 0.8038263058 0.0350211338 0.0000000000 0.3745228400 0.5439900314
0.2992633282 0.2141305349 0.5463488750 0.9633643514 0.3028105980 0.3356258787 0.1465614183 0.2066851381 0.2163395138 0.8530523183 0.3745228400 0.0000000000 0.5925337974
0.2889289625 0.3297711323 0.8198640086 0.5842959520 0.8590504356 0.7270827961 0.4836311607 0.6849482081 0.2563118471 0.1989394347 0.5439900314 0.5925337974 0.0000000000
