# Graph size: 13
# Optimal cost: 2.625681928192082

# Distance Matrix
0.0 0.758674241798728 0.7482355280431977 0.1512597814072837 0.4851252554018646 0.3697913439442546 0.7085403750442738 0.4721710731037958 0.9929477557278269 0.06292020201571458 0.5767700747081586 0.16678097879546772 0.7050059329805749
0.758674241798728 0.0 0.6138931742898429 0.911700108451152 0.469572962051345 0.26158377700173296 0.49588857889910076 0.9236936317206825 0.6802043409225611 0.3096756766916855 0.4930050129052064 0.33770099238406714 0.2445912977600243
0.7482355280431977 0.6138931742898429 0.0 0.2820018949317584 0.9642576856543529 0.6311455969252303 0.9085503814966891 0.5390852682121604 0.6650099112989005 0.8361802505790087 0.9179038960255926 0.33779795961911163 0.11195400775332032
0.1512597814072837 0.911700108451152 0.2820018949317584 0.0 0.9014609279656641 0.3336834858279123 0.536077290991075 0.8381079747930096 0.9455005463413774 0.407042091874236 0.42104790140964643 0.525895133020978 0.6018279922079112
0.4851252554018646 0.469572962051345 0.9642576856543529 0.9014609279656641 0.0 0.6157117902344411 0.5565768986927999 0.9292264676585347 0.055592579330400294 0.4023210264675795 0.08632778318952894 0.6996059814693574 0.3019177904234722
0.3697913439442546 0.26158377700173296 0.6311455969252303 0.3336834858279123 0.6157117902344411 0.0 0.8746117900075925 0.4996677736389702 0.716631510781554 0.6182222895161613 0.728573069437041 0.47032228959563593 0.2898650517623159
0.7085403750442738 0.49588857889910076 0.9085503814966891 0.536077290991075 0.5565768986927999 0.8746117900075925 0.0 0.23589047437096555 0.43773463589433115 0.011459699231939124 0.6468977106268363 0.721088404044564 0.31534064556501507
0.4721710731037958 0.9236936317206825 0.5390852682121604 0.8381079747930096 0.9292264676585347 0.4996677736389702 0.23589047437096555 0.0 0.855927877820352 0.4515366151585367 0.6301856483823027 0.4008497863805016 0.6666538760444811
0.9929477557278269 0.6802043409225611 0.6650099112989005 0.9455005463413774 0.055592579330400294 0.716631510781554 0.43773463589433115 0.855927877820352 0.0 0.706392047089722 0.5921569605405026 0.24818499177541054 0.4097567290087566
0.06292020201571458 0.3096756766916855 0.8361802505790087 0.407042091874236 0.4023210264675795 0.6182222895161613 0.011459699231939124 0.4515366151585367 0.706392047089722 0.0 0.285745178935639 0.08850248684939432 0.6003825659516572
0.5767700747081586 0.4930050129052064 0.9179038960255926 0.42104790140964643 0.08632778318952894 0.728573069437041 0.6468977106268363 0.6301856483823027 0.5921569605405026 0.285745178935639 0.0 0.9817121745904435 0.517427964122181
0.16678097879546772 0.33770099238406714 0.33779795961911163 0.525895133020978 0.6996059814693574 0.47032228959563593 0.721088404044564 0.4008497863805016 0.24818499177541054 0.08850248684939432 0.9817121745904435 0.0 0.8506386990467514
0.7050059329805749 0.2445912977600243 0.11195400775332032 0.6018279922079112 0.3019177904234722 0.2898650517623159 0.31534064556501507 0.6666538760444811 0.4097567290087566 0.6003825659516572 0.517427964122181 0.8506386990467514 0.0

# Optimal Walk
0 11 8 4 10 9 6 7 5 1 12 2 3 0
