# Graph size: 13
# Optimal cost: 1.4151574478593076

# Distance Matrix
0.0 0.33592603588686243 0.18234537912653193 0.6487405871083478 0.043959042041515795 0.31122931865997994 0.14785791860000486 0.5128712146353989 0.7725528894896414 0.7206900973955054 0.2975676871764309 0.12974032377502087 0.2531522650324307
0.33592603588686243 0.0 0.26418519213905267 0.2942435405599635 0.04207927266382061 0.038396370578488104 0.16378250885413914 0.9767890142464104 0.5882355935041783 0.6287462974847458 0.8272105038383475 0.1941805982578816 0.5348468794375416
0.18234537912653193 0.26418519213905267 0.0 0.2362180008373682 0.38364321532792467 0.3599649653405772 0.9995701970277912 0.5454230353195816 0.04471203493732745 0.23613489301364965 0.6680474501713625 0.61403739220897 0.04150716963774215
0.6487405871083478 0.2942435405599635 0.2362180008373682 0.0 0.7296177033845942 0.6227645430850597 0.4698578803649064 0.9674334583092112 0.2902734860272205 0.19618824327822204 0.4078946928454692 0.717136274359391 0.8362153738238053
0.043959042041515795 0.04207927266382061 0.38364321532792467 0.7296177033845942 0.0 0.13654116293593377 0.46848736487554854 0.853315500330986 4.273269399177604E-4 0.03180234833127171 0.08622110601784982 0.1560965580291046 0.8920694944817961
0.31122931865997994 0.038396370578488104 0.3599649653405772 0.6227645430850597 0.13654116293593377 0.0 0.37599696752058165 0.43945896127992046 0.3137293195529004 0.49652510621365564 0.8815654985109178 0.601594538488043 0.19873715901535116
0.14785791860000486 0.16378250885413914 0.9995701970277912 0.4698578803649064 0.46848736487554854 0.37599696752058165 0.0 0.30015672814282823 0.6425790488988117 0.19766928320666688 0.9402400128261804 0.7189044302791925 0.5357945780887053
0.5128712146353989 0.9767890142464104 0.5454230353195816 0.9674334583092112 0.853315500330986 0.43945896127992046 0.30015672814282823 0.0 0.9037868619312287 0.0510270981957347 0.4342712057271416 0.8100196392358419 0.7917969024709066
0.7725528894896414 0.5882355935041783 0.04471203493732745 0.2902734860272205 4.273269399177604E-4 0.3137293195529004 0.6425790488988117 0.9037868619312287 0.0 0.19705588171314048 0.7959068542635008 0.1589834028241841 0.21800884258725672
0.7206900973955054 0.6287462974847458 0.23613489301364965 0.19618824327822204 0.03180234833127171 0.49652510621365564 0.19766928320666688 0.0510270981957347 0.19705588171314048 0.0 0.8074063170414205 0.036913631258045476 0.6988869768143585
0.2975676871764309 0.8272105038383475 0.6680474501713625 0.4078946928454692 0.08622110601784982 0.8815654985109178 0.9402400128261804 0.4342712057271416 0.7959068542635008 0.8074063170414205 0.0 0.6822360104250246 0.6143201537115953
0.12974032377502087 0.1941805982578816 0.61403739220897 0.717136274359391 0.1560965580291046 0.601594538488043 0.7189044302791925 0.8100196392358419 0.1589834028241841 0.036913631258045476 0.6822360104250246 0.0 0.166162699884022
0.2531522650324307 0.5348468794375416 0.04150716963774215 0.8362153738238053 0.8920694944817961 0.19873715901535116 0.5357945780887053 0.7917969024709066 0.21800884258725672 0.6988869768143585 0.6143201537115953 0.166162699884022 0.0

# Optimal Walk
0 6 5 1 10 8 12 2 3 11 9 7 4 0
