# MCW Instance
# Type: UNIFORM
# N: 13
# Optimal cost: 1.7368494492075905
# Optimal tour (permutation): [0, 5, 4, 3, 11, 8, 6, 12, 2, 1, 9, 7, 10, 0]
# Optimal walk (full path): [0, 5, 4, 3, 11, 8, 6, 1, 12, 1, 2, 1, 9, 7, 10, 0]
# Walk size: 16
# Is walk (has repeats): true

# Distance Matrix
0.0000000000 0.9122327164 0.9446357419 0.2553902844 0.2852581610 0.1838068277 0.6491818697 0.2133058280 0.9920209279 0.6604613083 0.1549677652 0.7842316609 0.8867782373
0.9122327164 0.0000000000 0.0544410873 0.5094198824 0.1254405963 0.9801162053 0.0496429160 0.8117227251 0.2884575293 0.1578864848 0.7153014327 0.3736870859 0.1203063272
0.9446357419 0.0544410873 0.0000000000 0.6914706579 0.5481857457 0.8610345172 0.9741905126 0.8894870054 0.4585225003 0.4659099094 0.6429686175 0.4969270191 0.6564630972
0.2553902844 0.5094198824 0.6914706579 0.0000000000 0.0295979108 0.5860111240 0.9564984531 0.3187643214 0.4338332515 0.9585028196 0.1869905587 0.1194530709 0.5097586068
0.2852581610 0.1254405963 0.5481857457 0.0295979108 0.0000000000 0.1719809495 0.1047659814 0.1935974349 0.1754985123 0.7158758196 0.7170236368 0.8699081969 0.5064807417
0.1838068277 0.9801162053 0.8610345172 0.5860111240 0.1719809495 0.0000000000 0.7520473498 0.2492647344 0.5557459711 0.9670521201 0.5577875435 0.4344346998 0.4872110967
0.6491818697 0.0496429160 0.9741905126 0.9564984531 0.1047659814 0.7520473498 0.0000000000 0.0875980879 0.2374854993 0.7875010828 0.6673449157 0.4582910230 0.2491278371
0.2133058280 0.8117227251 0.8894870054 0.3187643214 0.1935974349 0.2492647344 0.0875980879 0.0000000000 0.4167682879 0.2070723496 0.0287551787 0.1990344900 0.6820177856
0.9920209279 0.2884575293 0.4585225003 0.4338332515 0.1754985123 0.5557459711 0.2374854993 0.4167682879 0.0000000000 0.4563677651 0.3523509767 0.0467056678 0.7996020186
0.6604613083 0.1578864848 0.4659099094 0.9585028196 0.7158758196 0.9670521201 0.7875010828 0.2070723496 0.4563677651 0.0000000000 0.7672269803 0.5944446735 0.3313834131
0.1549677652 0.7153014327 0.6429686175 0.1869905587 0.7170236368 0.5577875435 0.6673449157 0.0287551787 0.3523509767 0.7672269803 0.0000000000 0.3159095261 0.4653807897
0.7842316609 0.3736870859 0.4969270191 0.1194530709 0.8699081969 0.4344346998 0.4582910230 0.1990344900 0.0467056678 0.5944446735 0.3159095261 0.0000000000 0.8359444496
0.8867782373 0.1203063272 0.6564630972 0.5097586068 0.5064807417 0.4872110967 0.2491278371 0.6820177856 0.7996020186 0.3313834131 0.4653807897 0.8359444496 0.0000000000
