# MCW Instance
# Type: UNIFORM
# N: 13
# Optimal cost: 2.2919682594153934
# Optimal tour (permutation): [0, 12, 2, 11, 8, 7, 5, 9, 10, 6, 3, 1, 4, 0]
# Optimal walk (full path): [0, 4, 12, 2, 11, 8, 11, 7, 5, 9, 10, 6, 3, 1, 4, 0]
# Walk size: 16
# Is walk (has repeats): true

# Distance Matrix
0.0000000000 0.3569273078 0.9241107385 0.4660884060 0.1140064630 0.4998577780 0.9607955093 0.8632330515 0.4207011787 0.7596548822 0.8692471996 0.4819188590 0.8874469253
0.3569273078 0.0000000000 0.7216462122 0.1008260664 0.0236562550 0.2754052920 0.8826201685 0.6871208983 0.8953951063 0.9729678437 0.5475413928 0.6740763434 0.3464408288
0.9241107385 0.7216462122 0.0000000000 0.5642681497 0.1015113404 0.5842965580 0.6952302288 0.8744937574 0.9536352619 0.5100948440 0.4938982901 0.2278683887 0.2473085971
0.4660884060 0.1008260664 0.5642681497 0.0000000000 0.7142725971 0.7920433379 0.0692140781 0.5105373019 0.4212757710 0.7558244950 0.5462913857 0.7802581608 0.8182901053
0.1140064630 0.0236562550 0.1015113404 0.7142725971 0.0000000000 0.7745021895 0.1276554363 0.3762266595 0.1540013176 0.8437587439 0.8395544217 0.4228917226 0.2221599927
0.4998577780 0.2754052920 0.5842965580 0.7920433379 0.7745021895 0.0000000000 0.4536127556 0.2454360909 0.4217779237 0.4477551371 0.4284678375 0.8629171096 0.6622475993
0.9607955093 0.8826201685 0.6952302288 0.0692140781 0.1276554363 0.4536127556 0.0000000000 0.2555144462 0.1678120043 0.3156089097 0.0251166965 0.3936133430 0.5183117148
0.8632330515 0.6871208983 0.8744937574 0.5105373019 0.3762266595 0.2454360909 0.2555144462 0.0000000000 0.1509832251 0.7814497139 0.4098889507 0.0715202013 0.9204987846
0.4207011787 0.8953951063 0.9536352619 0.4212757710 0.1540013176 0.4217779237 0.1678120043 0.1509832251 0.0000000000 0.3179610333 0.5335191276 0.0261465495 0.8145004883
0.7596548822 0.9729678437 0.5100948440 0.7558244950 0.8437587439 0.4477551371 0.3156089097 0.7814497139 0.3179610333 0.0000000000 0.3308007306 0.8020410460 0.8798089909
0.8692471996 0.5475413928 0.4938982901 0.5462913857 0.8395544217 0.4284678375 0.0251166965 0.4098889507 0.5335191276 0.3308007306 0.0000000000 0.8719410701 0.9211054650
0.4819188590 0.6740763434 0.2278683887 0.7802581608 0.4228917226 0.8629171096 0.3936133430 0.0715202013 0.0261465495 0.8020410460 0.8719410701 0.0000000000 0.3917473130
0.8874469253 0.3464408288 0.2473085971 0.8182901053 0.2221599927 0.6622475993 0.5183117148 0.9204987846 0.8145004883 0.8798089909 0.9211054650 0.3917473130 0.0000000000
