# Graph size: 13
# Optimal cost: 1.5948300656388485

# Distance Matrix
0.0 0.9081238179614856 0.878680254363669 0.7488301390127728 0.035155391903899935 0.8436763941557944 0.9578210929658627 0.7310274210794213 0.1911090037893428 0.0427317787014857 0.4608207349487077 0.6594902199929515 0.3931915660942673
0.9081238179614856 0.0 0.5369223313729831 0.7383558249352962 0.6062278960995711 0.9825737871138222 0.06777223548624911 0.19626035165937472 0.9403006069702065 0.727890860243693 0.21628449968303154 0.33228697988224176 0.4842202350634127
0.878680254363669 0.5369223313729831 0.0 0.32127101109361245 0.5062685483344886 0.7915078466771422 0.3447907792652205 0.2554454375356152 0.09008133261147755 0.5541552129070296 0.6955183168304286 0.6337283965810562 0.5326819244818951
0.7488301390127728 0.7383558249352962 0.32127101109361245 0.0 0.12849048754797188 0.9605721651249876 0.11406927526747723 0.8983756794660471 0.4113304956634938 0.3043805095312683 0.3690437252948756 0.814350567310093 0.7001476421408744
0.035155391903899935 0.6062278960995711 0.5062685483344886 0.12849048754797188 0.0 0.0662955000260167 0.1555639471382192 0.43608535163913065 0.1932006309327643 0.7963638496119457 0.33125271897065467 0.2719352960965288 0.19794090821613997
0.8436763941557944 0.9825737871138222 0.7915078466771422 0.9605721651249876 0.0662955000260167 0.0 0.8460912003268554 0.9288401696343356 0.6376778928133418 0.18297942157370772 0.047189572783099765 0.7056055500118829 0.10652773600207066
0.9578210929658627 0.06777223548624911 0.3447907792652205 0.11406927526747723 0.1555639471382192 0.8460912003268554 0.0 0.7551869868926475 0.8716489308491271 0.42180106059136235 0.696106143736162 0.6210408861677481 0.6080757377319019
0.7310274210794213 0.19626035165937472 0.2554454375356152 0.8983756794660471 0.43608535163913065 0.9288401696343356 0.7551869868926475 0.0 0.47015849237461516 0.6910773900546521 0.6001194930289544 0.5120923847788049 0.3779935087677807
0.1911090037893428 0.9403006069702065 0.09008133261147755 0.4113304956634938 0.1932006309327643 0.6376778928133418 0.8716489308491271 0.47015849237461516 0.0 0.9386408481294214 0.7986853064534798 0.592693447138718 0.13408656949299724
0.0427317787014857 0.727890860243693 0.5541552129070296 0.3043805095312683 0.7963638496119457 0.18297942157370772 0.42180106059136235 0.6910773900546521 0.9386408481294214 0.0 0.17379369999631678 0.12258618238021857 0.6818059685569793
0.4608207349487077 0.21628449968303154 0.6955183168304286 0.3690437252948756 0.33125271897065467 0.047189572783099765 0.696106143736162 0.6001194930289544 0.7986853064534798 0.17379369999631678 0.0 0.25443371426691075 0.43225644571652255
0.6594902199929515 0.33228697988224176 0.6337283965810562 0.814350567310093 0.2719352960965288 0.7056055500118829 0.6210408861677481 0.5120923847788049 0.592693447138718 0.12258618238021857 0.25443371426691075 0.0 0.41124392355189854
0.3931915660942673 0.4842202350634127 0.5326819244818951 0.7001476421408744 0.19794090821613997 0.10652773600207066 0.6080757377319019 0.3779935087677807 0.13408656949299724 0.6818059685569793 0.43225644571652255 0.41124392355189854 0.0

# Optimal Walk
0 9 11 10 5 12 8 2 7 1 6 3 4 0
