# MCW Instance
# Type: UNIFORM
# N: 13
# Optimal cost: 2.056492565932629
# Optimal tour (permutation): [0, 11, 10, 8, 6, 4, 3, 12, 1, 2, 7, 5, 9, 0]
# Optimal walk (full path): [0, 11, 10, 11, 8, 6, 4, 3, 12, 1, 2, 7, 5, 9, 0]
# Walk size: 15
# Is walk (has repeats): true

# Distance Matrix
0.0000000000 0.3830212894 0.5507117958 0.7530877991 0.8246829903 0.9846282802 0.9091083571 0.8483144803 0.4949738113 0.3448238535 0.5963511749 0.0038524641 0.5505573501
0.3830212894 0.0000000000 0.0489680683 0.0762275017 0.2461595088 0.4757371794 0.2868401119 0.7516102232 0.2862917436 0.4652988009 0.5476917229 0.9691856615 0.3071778519
0.5507117958 0.0489680683 0.0000000000 0.1976247623 0.1597227817 0.4097186475 0.2073912668 0.1753691587 0.3749377054 0.9175960672 0.5223985109 0.5394834821 0.9356921171
0.7530877991 0.0762275017 0.1976247623 0.0000000000 0.0353047087 0.9952376024 0.6149253223 0.5758413741 0.2516626216 0.3008077796 0.8301702080 0.7072537181 0.2470379229
0.8246829903 0.2461595088 0.1597227817 0.0353047087 0.0000000000 0.7414279089 0.0676859616 0.6215527785 0.2244526525 0.8260473332 0.9488181888 0.8973052727 0.7523833575
0.9846282802 0.4757371794 0.4097186475 0.9952376024 0.7414279089 0.0000000000 0.5214704089 0.0340742643 0.3444716728 0.4132344499 0.6211810489 0.4285825961 0.7407889192
0.9091083571 0.2868401119 0.2073912668 0.6149253223 0.0676859616 0.5214704089 0.0000000000 0.9508740277 0.1158317846 0.8225427482 0.8188560738 0.5412861476 0.6691870393
0.8483144803 0.7516102232 0.1753691587 0.5758413741 0.6215527785 0.0340742643 0.9508740277 0.0000000000 0.5677711835 0.4480450749 0.2723077351 0.3042878349 0.9939864199
0.4949738113 0.2862917436 0.3749377054 0.2516626216 0.2244526525 0.3444716728 0.1158317846 0.5677711835 0.0000000000 0.7219605745 0.9115819415 0.1868310076 0.8022664678
0.3448238535 0.4652988009 0.9175960672 0.3008077796 0.8260473332 0.4132344499 0.8225427482 0.4480450749 0.7219605745 0.0000000000 0.7100243060 0.5662743523 0.9562334387
0.5963511749 0.5476917229 0.5223985109 0.8301702080 0.9488181888 0.6211810489 0.8188560738 0.2723077351 0.9115819415 0.7100243060 0.0000000000 0.0381505348 0.9608607898
0.0038524641 0.9691856615 0.5394834821 0.7072537181 0.8973052727 0.4285825961 0.5412861476 0.3042878349 0.1868310076 0.5662743523 0.0381505348 0.0000000000 0.8937620618
0.5505573501 0.3071778519 0.9356921171 0.2470379229 0.7523833575 0.7407889192 0.6691870393 0.9939864199 0.8022664678 0.9562334387 0.9608607898 0.8937620618 0.0000000000
