# Graph size: 13
# Optimal cost: 2.562034518240405

# Distance Matrix
0.0 0.27279891513884136 0.5708905387442504 0.48427462294455226 0.7977547584645365 0.2802551258961018 0.7199508736617093 0.4228803525655339 0.6310674413740859 0.8577158066842642 0.420066486321918 0.5671146593655725 0.9430696223295302
0.27279891513884136 0.0 0.4020057255956655 0.9941698122617902 0.16007863270569989 0.5187221243779407 0.21484053925067514 0.9926312123478536 0.3695898921649493 0.7996957454405614 0.8764703719779505 0.6411301688584163 0.05253185213918454
0.5708905387442504 0.4020057255956655 0.0 0.5626278409464159 0.9868629279543037 0.7810430112280313 0.07572249896332428 0.7218685309346372 0.6721615833690411 0.26770985098631894 0.8844952592582074 0.2850677698034665 0.41138058198816396
0.48427462294455226 0.9941698122617902 0.5626278409464159 0.0 0.8007319383062587 0.433036288321192 0.3893676635008778 0.6767761510338173 0.20049060712401323 0.294623656328699 0.7766294715204385 0.601058781941774 0.21636719295704177
0.7977547584645365 0.16007863270569989 0.9868629279543037 0.8007319383062587 0.0 0.7552661119282044 0.028037994098345287 0.3855885740528693 0.05468285696889286 0.9608400179843382 0.3715904391311743 0.44592188219134554 0.948166149653211
0.2802551258961018 0.5187221243779407 0.7810430112280313 0.433036288321192 0.7552661119282044 0.0 0.7356750520933982 0.9003911815546872 0.35455436094790216 0.2537953067069634 0.5196405121498971 0.5953372208758642 0.48543211425981014
0.7199508736617093 0.21484053925067514 0.07572249896332428 0.3893676635008778 0.028037994098345287 0.7356750520933982 0.0 0.7621510474837782 0.9811359952492201 0.632693994418977 0.8907785766287375 0.1289552945601128 0.2549915152398766
0.4228803525655339 0.9926312123478536 0.7218685309346372 0.6767761510338173 0.3855885740528693 0.9003911815546872 0.7621510474837782 0.0 0.07522457910321623 0.3480124009282325 0.5982595758402123 0.42713346084945514 0.1949497762138649
0.6310674413740859 0.3695898921649493 0.6721615833690411 0.20049060712401323 0.05468285696889286 0.35455436094790216 0.9811359952492201 0.07522457910321623 0.0 0.7030068050996569 0.4767863818632262 0.8419753049884631 0.3562807358532907
0.8577158066842642 0.7996957454405614 0.26770985098631894 0.294623656328699 0.9608400179843382 0.2537953067069634 0.632693994418977 0.3480124009282325 0.7030068050996569 0.0 0.6056691538555216 0.1402159106389903 0.04384206540593372
0.420066486321918 0.8764703719779505 0.8844952592582074 0.7766294715204385 0.3715904391311743 0.5196405121498971 0.8907785766287375 0.5982595758402123 0.4767863818632262 0.6056691538555216 0.0 0.6001791339226146 0.4847939884545793
0.5671146593655725 0.6411301688584163 0.2850677698034665 0.601058781941774 0.44592188219134554 0.5953372208758642 0.1289552945601128 0.42713346084945514 0.8419753049884631 0.1402159106389903 0.6001791339226146 0.0 0.7047492020092686
0.9430696223295302 0.05253185213918454 0.41138058198816396 0.21636719295704177 0.948166149653211 0.48543211425981014 0.2549915152398766 0.1949497762138649 0.3562807358532907 0.04384206540593372 0.4847939884545793 0.7047492020092686 0.0

# Optimal Walk
0 10 4 11 6 2 8 7 3 1 12 9 5 0
