# MCW Instance
# Type: UNIFORM
# N: 13
# Optimal cost: 2.064176714815386
# Optimal tour (permutation): [0, 12, 5, 11, 2, 8, 9, 4, 1, 10, 3, 6, 7, 0]
# Optimal walk (full path): [0, 12, 5, 11, 2, 8, 9, 4, 1, 10, 3, 10, 6, 7, 0]
# Walk size: 15
# Is walk (has repeats): true

# Distance Matrix
0.0000000000 0.6924299597 0.8191803797 0.8529970357 0.1983170958 0.5609352409 0.2494017295 0.1375648220 0.2930298933 0.2364042425 0.0461475874 0.9889731488 0.0053404863
0.6924299597 0.0000000000 0.3988707427 0.0781697203 0.1229775718 0.9913799288 0.4610656785 0.7018002921 0.8661955980 0.7977567625 0.0108774465 0.6052269699 0.3365549461
0.8191803797 0.3988707427 0.0000000000 0.4438390677 0.7806382393 0.6438043110 0.7357882606 0.6072708784 0.2357959013 0.3383071281 0.3821781209 0.5773041047 0.3921330538
0.8529970357 0.0781697203 0.4438390677 0.0000000000 0.4511954942 0.6439838004 0.5243165586 0.2685460881 0.3303746434 0.2474568040 0.0489251733 0.4614988634 0.5155979366
0.1983170958 0.1229775718 0.7806382393 0.4511954942 0.0000000000 0.5280795470 0.4203931810 0.6876169383 0.4395744008 0.0696375051 0.3915687420 0.7824899277 0.9240066794
0.5609352409 0.9913799288 0.6438043110 0.6439838004 0.5280795470 0.0000000000 0.8329621767 0.9863814605 0.5666015117 0.5701994163 0.3146586310 0.1959627533 0.1934073503
0.2494017295 0.4610656785 0.7357882606 0.5243165586 0.4203931810 0.8329621767 0.0000000000 0.0745419486 0.4958575384 0.0907445151 0.0799336774 0.9610830926 0.3420090888
0.1375648220 0.7018002921 0.6072708784 0.2685460881 0.6876169383 0.9863814605 0.0745419486 0.0000000000 0.4584301239 0.2868702409 0.2165807477 0.3969617358 0.7115204131
0.2930298933 0.8661955980 0.2357959013 0.3303746434 0.4395744008 0.5666015117 0.4958575384 0.4584301239 0.0000000000 0.2629828009 0.8378216248 0.5780460398 0.4731168024
0.2364042425 0.7977567625 0.3383071281 0.2474568040 0.0696375051 0.5701994163 0.0907445151 0.2868702409 0.2629828009 0.0000000000 0.1977729008 0.3566720547 0.6236099538
0.0461475874 0.0108774465 0.3821781209 0.0489251733 0.3915687420 0.3146586310 0.0799336774 0.2165807477 0.8378216248 0.1977729008 0.0000000000 0.9460123881 0.8366624813
0.9889731488 0.6052269699 0.5773041047 0.4614988634 0.7824899277 0.1959627533 0.9610830926 0.3969617358 0.5780460398 0.3566720547 0.9460123881 0.0000000000 0.9952336065
0.0053404863 0.3365549461 0.3921330538 0.5155979366 0.9240066794 0.1934073503 0.3420090888 0.7115204131 0.4731168024 0.6236099538 0.8366624813 0.9952336065 0.0000000000
