# MCW Instance
# Type: UNIFORM
# N: 13
# Optimal cost: 2.3693814558954465
# Optimal tour (permutation): [0, 12, 11, 5, 1, 8, 4, 2, 7, 10, 9, 3, 6, 0]
# Optimal walk (full path): [0, 12, 3, 11, 5, 1, 2, 4, 8, 4, 2, 7, 10, 9, 3, 6, 0]
# Walk size: 17
# Is walk (has repeats): true

# Distance Matrix
0.0000000000 0.5470841169 0.9130847902 0.5322489607 0.7138574833 0.8000587626 0.4310395207 0.5650655792 0.7095413702 0.8697346279 0.8934316306 0.5964599167 0.4291963128
0.5470841169 0.0000000000 0.1436365360 0.5721948935 0.4649616944 0.1929232035 0.9379271062 0.9709997830 0.8587665409 0.1863350096 0.2735414469 0.9118866474 0.3808078887
0.9130847902 0.1436365360 0.0000000000 0.5645395769 0.1782628403 0.2543843415 0.1873923076 0.1030521137 0.5555412697 0.9844494688 0.1987201208 0.9225227979 0.7712085087
0.5322489607 0.5721948935 0.5645395769 0.0000000000 0.4974753931 0.5055891135 0.0417047465 0.5008446249 0.5177846546 0.0038061328 0.7718767034 0.0534029218 0.2464316667
0.7138574833 0.4649616944 0.1782628403 0.4974753931 0.0000000000 0.4763077826 0.2559731985 0.3408013160 0.0098077448 0.3127179912 0.7769647109 0.8985401146 0.8934534854
0.8000587626 0.1929232035 0.2543843415 0.5055891135 0.4763077826 0.0000000000 0.8070467291 0.8125690945 0.8790074785 0.5886483927 0.5064609578 0.1971644520 0.7369855610
0.4310395207 0.9379271062 0.1873923076 0.0417047465 0.2559731985 0.8070467291 0.0000000000 0.9537612358 0.3975350479 0.1668131367 0.4059717559 0.5980089316 0.8111149274
0.5650655792 0.9709997830 0.1030521137 0.5008446249 0.3408013160 0.8125690945 0.9537612358 0.0000000000 0.5095951942 0.1242813321 0.1321856748 0.8029064091 0.5209887447
0.7095413702 0.8587665409 0.5555412697 0.5177846546 0.0098077448 0.8790074785 0.3975350479 0.5095951942 0.0000000000 0.7114987493 0.5990880590 0.4241248452 0.9728241973
0.8697346279 0.1863350096 0.9844494688 0.0038061328 0.3127179912 0.5886483927 0.1668131367 0.1242813321 0.7114987493 0.0000000000 0.0186970044 0.9957763391 0.7350199593
0.8934316306 0.2735414469 0.1987201208 0.7718767034 0.7769647109 0.5064609578 0.4059717559 0.1321856748 0.5990880590 0.0186970044 0.0000000000 0.8443776594 0.4799459921
0.5964599167 0.9118866474 0.9225227979 0.0534029218 0.8985401146 0.1971644520 0.5980089316 0.8029064091 0.4241248452 0.9957763391 0.8443776594 0.0000000000 0.7304754332
0.4291963128 0.3808078887 0.7712085087 0.2464316667 0.8934534854 0.7369855610 0.8111149274 0.5209887447 0.9728241973 0.7350199593 0.4799459921 0.7304754332 0.0000000000
