# Graph size: 13
# Optimal cost: 1.7528228715281164

# Distance Matrix
0.0 0.8804748323100344 0.7564270262250925 0.24324950591082617 0.5066950711935366 0.22076504199685365 0.30735860382318647 0.13697239177155118 0.2234298080762135 0.6729035743921302 0.9549302184181309 0.22095737320300834 0.639108946699144
0.8804748323100344 0.0 0.036814582679789654 0.9293208451248908 0.033633399129984864 0.8441655582671326 0.16541324811911062 0.34396288273211895 0.5053543555785852 0.16503847611532307 0.23228341769524186 0.24378050736350199 0.7009879298457811
0.7564270262250925 0.036814582679789654 0.0 0.8507930829705087 0.763455171241189 0.9801271848741586 0.2160240338657845 0.389557138935374 0.12642836763154486 0.14585147200925364 0.3143681561332582 0.4152514869451961 0.1549392293646319
0.24324950591082617 0.9293208451248908 0.8507930829705087 0.0 0.2658340805296029 0.39696136701327533 0.2676342917112696 0.8545689831181642 0.9315030957954872 0.6725956859149249 0.40246696403590776 0.6821449309632536 0.09224879793927365
0.5066950711935366 0.033633399129984864 0.763455171241189 0.2658340805296029 0.0 0.9657694020948114 0.013648306720966286 0.7209860663292162 0.7723230757208863 0.44115416757887005 0.42545323919400246 0.1843965764575175 0.5687227832904901
0.22076504199685365 0.8441655582671326 0.9801271848741586 0.39696136701327533 0.9657694020948114 0.0 0.6502218666601123 0.04055085442047168 0.07141263007182064 0.9037203166824141 0.7128057676517995 0.8882660668541724 0.4716589024796668
0.30735860382318647 0.16541324811911062 0.2160240338657845 0.2676342917112696 0.013648306720966286 0.6502218666601123 0.0 0.15511891009024592 0.6348476217768305 0.10758808497376326 0.9702732923619072 0.46797395656943197 0.7333077772666926
0.13697239177155118 0.34396288273211895 0.389557138935374 0.8545689831181642 0.7209860663292162 0.04055085442047168 0.15511891009024592 0.0 0.020717818494247475 0.8392094022558293 0.2634360123561107 0.8901934793743836 0.80548543645441
0.2234298080762135 0.5053543555785852 0.12642836763154486 0.9315030957954872 0.7723230757208863 0.07141263007182064 0.6348476217768305 0.020717818494247475 0.0 0.2178284806444174 0.20353496069450028 0.8898855474246989 0.15875880687823352
0.6729035743921302 0.16503847611532307 0.14585147200925364 0.6725956859149249 0.44115416757887005 0.9037203166824141 0.10758808497376326 0.8392094022558293 0.2178284806444174 0.0 0.28354343735435816 0.6451389541973263 0.40742136968507725
0.9549302184181309 0.23228341769524186 0.3143681561332582 0.40246696403590776 0.42545323919400246 0.7128057676517995 0.9702732923619072 0.2634360123561107 0.20353496069450028 0.28354343735435816 0.0 0.7580017877590899 0.4923796447261979
0.22095737320300834 0.24378050736350199 0.4152514869451961 0.6821449309632536 0.1843965764575175 0.8882660668541724 0.46797395656943197 0.8901934793743836 0.8898855474246989 0.6451389541973263 0.7580017877590899 0.0 0.4219861349175351
0.639108946699144 0.7009879298457811 0.1549392293646319 0.09224879793927365 0.5687227832904901 0.4716589024796668 0.7333077772666926 0.80548543645441 0.15875880687823352 0.40742136968507725 0.4923796447261979 0.4219861349175351 0.0

# Optimal Walk
0 11 6 4 1 2 9 10 5 7 8 12 3 0
