# Graph size: 13
# Optimal cost: 1.7420958396147692

# Distance Matrix
0.0 0.2541454219318876 0.10399484372189338 0.5174959223255823 0.4068363283175904 0.766732421852157 0.5518694021946721 0.7241515286819321 0.05230461761169114 0.5726796750617299 0.3203003062103994 0.7999993571449535 0.30097913109563845
0.2541454219318876 0.0 0.7488668324204522 0.1994168623590944 0.7826592816451705 0.38895808463207615 0.03049263119487189 0.9681534469323507 0.552901636839786 0.7105644533825781 0.8430532958130232 0.30418163053056535 0.9913705996712118
0.10399484372189338 0.7488668324204522 0.0 0.17341550167675934 0.750505439269782 0.8253358774102735 0.5656672659820516 0.4624672324312501 0.32086444461016295 0.5970361574275378 0.7987509211461453 0.016774688235839053 0.38021643764519486
0.5174959223255823 0.1994168623590944 0.17341550167675934 0.0 0.7614992081372571 0.30496807672161086 0.7346240911210574 0.3770979040176875 0.29707040830744347 0.5966210306429729 0.16585601377746317 0.11142406561328211 0.29979612927913923
0.4068363283175904 0.7826592816451705 0.750505439269782 0.7614992081372571 0.0 0.6618383391375705 0.2246134545708527 0.39562339085585074 0.5943961150660628 0.3936123151610006 0.26141253240958107 0.31036233723429374 0.9280845365586224
0.766732421852157 0.38895808463207615 0.8253358774102735 0.30496807672161086 0.6618383391375705 0.0 0.31021906505249675 0.6703473747363017 0.5932207333115532 0.47822700378509886 0.6488392020691883 0.07540519397971446 0.3559053382626116
0.5518694021946721 0.03049263119487189 0.5656672659820516 0.7346240911210574 0.2246134545708527 0.31021906505249675 0.0 0.9136103886965449 0.8370478515267473 0.5392814767298747 0.7640647301940487 0.7891410212419454 0.5509453130978788
0.7241515286819321 0.9681534469323507 0.4624672324312501 0.3770979040176875 0.39562339085585074 0.6703473747363017 0.9136103886965449 0.0 0.1687490629258036 0.5334965997118363 0.6250759401851267 0.05405021164412405 0.9525492357106486
0.05230461761169114 0.552901636839786 0.32086444461016295 0.29707040830744347 0.5943961150660628 0.5932207333115532 0.8370478515267473 0.1687490629258036 0.0 0.09751327879912097 0.6244311240627337 0.2776792764021718 0.660937090864085
0.5726796750617299 0.7105644533825781 0.5970361574275378 0.5966210306429729 0.3936123151610006 0.47822700378509886 0.5392814767298747 0.5334965997118363 0.09751327879912097 0.0 0.08246002489568316 0.6159994753526711 0.15138901447759134
0.3203003062103994 0.8430532958130232 0.7987509211461453 0.16585601377746317 0.26141253240958107 0.6488392020691883 0.7640647301940487 0.6250759401851267 0.6244311240627337 0.08246002489568316 0.0 0.1604268118175557 0.2918549806945743
0.7999993571449535 0.30418163053056535 0.016774688235839053 0.11142406561328211 0.31036233723429374 0.07540519397971446 0.7891410212419454 0.05405021164412405 0.2776792764021718 0.6159994753526711 0.1604268118175557 0.0 0.47545051247161985
0.30097913109563845 0.9913705996712118 0.38021643764519486 0.29979612927913923 0.9280845365586224 0.3559053382626116 0.5509453130978788 0.9525492357106486 0.660937090864085 0.15138901447759134 0.2918549806945743 0.47545051247161985 0.0

# Optimal Walk
0 8 12 9 10 4 6 1 3 11 5 7 2 0
