# MCW Instance
# Type: UNIFORM
# N: 13
# Optimal cost: 1.9027792363066345
# Optimal tour (permutation): [0, 7, 3, 2, 5, 4, 1, 9, 12, 11, 6, 10, 8, 0]
# Optimal walk (full path): [0, 2, 3, 7, 3, 2, 5, 4, 1, 9, 12, 11, 6, 8, 10, 8, 2, 0]
# Walk size: 18
# Is walk (has repeats): true

# Distance Matrix
0.0000000000 0.4683447443 0.2046770397 0.4033006440 0.5305377631 0.5407297402 0.9515670191 0.8466056436 0.7655165954 0.3332415614 0.5956325406 0.5894358226 0.9216848749
0.4683447443 0.0000000000 0.7771440122 0.4985669235 0.3454183109 0.3853366148 0.4155439726 0.3085214096 0.3226789546 0.2002423746 0.8942164209 0.6961440279 0.9545169184
0.2046770397 0.7771440122 0.0000000000 0.0027851002 0.2862011037 0.0922136399 0.8820789348 0.5367096887 0.0868712049 0.2335408884 0.9676286681 0.7030831519 0.5452765537
0.4033006440 0.4985669235 0.0027851002 0.0000000000 0.8794708764 0.9617321952 0.2973513883 0.1079141074 0.1482369463 0.0736581256 0.8129175676 0.1426815770 0.5405790026
0.5305377631 0.3454183109 0.2862011037 0.8794708764 0.0000000000 0.1015166139 0.9494563218 0.7836203587 0.8674534791 0.9671389442 0.7542168226 0.6911564977 0.9793268397
0.5407297402 0.3853366148 0.0922136399 0.9617321952 0.1015166139 0.0000000000 0.4704250966 0.6458570463 0.7578990276 0.4064576648 0.8288637799 0.9228904669 0.3066573141
0.9515670191 0.4155439726 0.8820789348 0.2973513883 0.9494563218 0.4704250966 0.0000000000 0.7627373384 0.1001558672 0.7426156506 0.1251904393 0.0400724807 0.8993486677
0.8466056436 0.3085214096 0.5367096887 0.1079141074 0.7836203587 0.6458570463 0.7627373384 0.0000000000 0.9714380008 0.7613029151 0.7259574435 0.9166150727 0.7537823992
0.7655165954 0.3226789546 0.0868712049 0.1482369463 0.8674534791 0.7578990276 0.1001558672 0.9714380008 0.0000000000 0.8622527781 0.0137980998 0.6177881766 0.1243338880
0.3332415614 0.2002423746 0.2335408884 0.0736581256 0.9671389442 0.4064576648 0.7426156506 0.7613029151 0.8622527781 0.0000000000 0.9840399769 0.2437129431 0.1669884336
0.5956325406 0.8942164209 0.9676286681 0.8129175676 0.7542168226 0.8288637799 0.1251904393 0.7259574435 0.0137980998 0.9840399769 0.0000000000 0.4971334654 0.2189938935
0.5894358226 0.6961440279 0.7030831519 0.1426815770 0.6911564977 0.9228904669 0.0400724807 0.9166150727 0.6177881766 0.2437129431 0.4971334654 0.0000000000 0.1109516167
0.9216848749 0.9545169184 0.5452765537 0.5405790026 0.9793268397 0.3066573141 0.8993486677 0.7537823992 0.1243338880 0.1669884336 0.2189938935 0.1109516167 0.0000000000
