# MCW Instance
# Type: UNIFORM
# N: 13
# Optimal cost: 1.8989178258060275
# Optimal tour (permutation): [0, 7, 3, 1, 4, 10, 12, 2, 8, 9, 11, 6, 5, 0]
# Optimal walk (full path): [0, 7, 1, 3, 1, 4, 10, 12, 2, 8, 9, 11, 6, 5, 0]
# Walk size: 15
# Is walk (has repeats): true

# Distance Matrix
0.0000000000 0.8044348801 0.3499901423 0.6797558783 0.2182123448 0.1677012479 0.6092376597 0.0319497005 0.2781004653 0.6333421032 0.6693360467 0.2837909569 0.5289811633
0.8044348801 0.0000000000 0.7803567034 0.2553120225 0.0184554094 0.2278237939 0.4626209159 0.1132066218 0.6562032918 0.0299191718 0.7381927749 0.2963191419 0.4819936309
0.3499901423 0.7803567034 0.0000000000 0.2687150999 0.8190348205 0.8633248734 0.3168221349 0.7587474253 0.0692607308 0.8925940727 0.8652837101 0.7374190771 0.0341137753
0.6797558783 0.2553120225 0.2687150999 0.0000000000 0.3977036181 0.7415876178 0.8826698444 0.7172375832 0.9410468463 0.9272293902 0.6961178845 0.8403999113 0.4856110627
0.2182123448 0.0184554094 0.8190348205 0.3977036181 0.0000000000 0.9457504337 0.9250435069 0.6176829899 0.2994066294 0.3534928774 0.1116244808 0.6552543962 0.5326949935
0.1677012479 0.2278237939 0.8633248734 0.7415876178 0.9457504337 0.0000000000 0.2399837726 0.8041216404 0.9481850566 0.4250776904 0.3075590411 0.4422518738 0.5873814689
0.6092376597 0.4626209159 0.3168221349 0.8826698444 0.9250435069 0.2399837726 0.0000000000 0.9676719948 0.7570643886 0.4377756699 0.7125517428 0.2450133223 0.6449470704
0.0319497005 0.1132066218 0.7587474253 0.7172375832 0.6176829899 0.8041216404 0.9676719948 0.0000000000 0.5113644238 0.4512260625 0.6119878954 0.5967785643 0.9181024749
0.2781004653 0.6562032918 0.0692607308 0.9410468463 0.2994066294 0.9481850566 0.7570643886 0.5113644238 0.0000000000 0.0692037595 0.3230142861 0.7632251192 0.7965176933
0.6333421032 0.0299191718 0.8925940727 0.9272293902 0.3534928774 0.4250776904 0.4377756699 0.4512260625 0.0692037595 0.0000000000 0.3244012074 0.2238554385 0.6867095574
0.6693360467 0.7381927749 0.8652837101 0.6961178845 0.1116244808 0.3075590411 0.7125517428 0.6119878954 0.3230142861 0.3244012074 0.0000000000 0.5098232195 0.0639255215
0.2837909569 0.2963191419 0.7374190771 0.8403999113 0.6552543962 0.4422518738 0.2450133223 0.5967785643 0.7632251192 0.2238554385 0.5098232195 0.0000000000 0.6408575567
0.5289811633 0.4819936309 0.0341137753 0.4856110627 0.5326949935 0.5873814689 0.6449470704 0.9181024749 0.7965176933 0.6867095574 0.0639255215 0.6408575567 0.0000000000
