# MCW Instance
# Type: UNIFORM
# N: 13
# Optimal cost: 1.8293684536865664
# Optimal tour (permutation): [0, 8, 5, 10, 4, 3, 11, 2, 7, 6, 12, 1, 9, 0]
# Optimal walk (full path): [0, 5, 8, 5, 10, 4, 3, 11, 2, 7, 6, 12, 1, 9, 0]
# Walk size: 15
# Is walk (has repeats): true

# Distance Matrix
0.0000000000 0.6958979388 0.1402884468 0.7804258957 0.5022520304 0.0323972893 0.6966458468 0.2025218195 0.9988824781 0.0249311450 0.8929508810 0.8761072758 0.7463695709
0.6958979388 0.0000000000 0.7656354588 0.3913317127 0.6716450618 0.3929963157 0.9649457936 0.2845112145 0.5162120817 0.2194070714 0.9417175744 0.4536462709 0.2223001982
0.1402884468 0.7656354588 0.0000000000 0.5806300277 0.8002978265 0.1522801183 0.9086134424 0.0179536211 0.7689445183 0.5810871012 0.8822766379 0.0323870443 0.6593403993
0.7804258957 0.3913317127 0.5806300277 0.0000000000 0.1800027444 0.3528473331 0.6139732568 0.6735505845 0.8574960910 0.6307494226 0.7550127750 0.3326240303 0.4011556479
0.5022520304 0.6716450618 0.8002978265 0.1800027444 0.0000000000 0.5262235743 0.3402947683 0.1301411461 0.8694239582 0.5096157911 0.0037217050 0.6243608918 0.8512303118
0.0323972893 0.3929963157 0.1522801183 0.3528473331 0.5262235743 0.0000000000 0.8198023229 0.7682524879 0.0742226523 0.0984346183 0.1147756890 0.5448782832 0.3973094830
0.6966458468 0.9649457936 0.9086134424 0.6139732568 0.3402947683 0.8198023229 0.0000000000 0.1854100285 0.4468926903 0.8563840439 0.1819810284 0.5307558471 0.3150125827
0.2025218195 0.2845112145 0.0179536211 0.6735505845 0.1301411461 0.7682524879 0.1854100285 0.0000000000 0.4729382334 0.7212359474 0.3280458727 0.2967295425 0.9990916849
0.9988824781 0.5162120817 0.7689445183 0.8574960910 0.8694239582 0.0742226523 0.4468926903 0.4729382334 0.0000000000 0.5524650470 0.6756822797 0.2961303173 0.8355563672
0.0249311450 0.2194070714 0.5810871012 0.6307494226 0.5096157911 0.0984346183 0.8563840439 0.7212359474 0.5524650470 0.0000000000 0.7851083572 0.4703382739 0.7559847521
0.8929508810 0.9417175744 0.8822766379 0.7550127750 0.0037217050 0.1147756890 0.1819810284 0.3280458727 0.6756822797 0.7851083572 0.0000000000 0.3541731033 0.5773304659
0.8761072758 0.4536462709 0.0323870443 0.3326240303 0.6243608918 0.5448782832 0.5307558471 0.2967295425 0.2961303173 0.4703382739 0.3541731033 0.0000000000 0.4341372640
0.7463695709 0.2223001982 0.6593403993 0.4011556479 0.8512303118 0.3973094830 0.3150125827 0.9990916849 0.8355563672 0.7559847521 0.5773304659 0.4341372640 0.0000000000
