# Graph size: 13
# Optimal cost: 2.1515065827333073

# Distance Matrix
0.0 0.5406942616362591 0.7310924279855925 0.7321956157750791 0.09588349368626736 0.8885037955085937 0.05675574791736193 0.034858824050494785 0.35910913058552807 0.8230523966588588 0.6944823178748196 0.8228064885726319 0.6053501313699629
0.5406942616362591 0.0 0.79735266682063 0.8786189444698602 0.702668528261433 0.5791665306228411 0.24864748261396197 0.22935999172131571 0.8363119095903768 0.23781075336089408 0.5546290808558347 0.7638495730894524 0.7157819648003432
0.7310924279855925 0.79735266682063 0.0 0.6571209662329199 0.4267315875655556 0.7087145700804544 0.7510649384816285 0.10641409874182839 0.6875495536550567 0.007613365069446099 0.07524356797401588 0.47551456565133576 0.48978561738764925
0.7321956157750791 0.8786189444698602 0.6571209662329199 0.0 0.5043000278592588 0.5975936741028394 0.46459359501996766 0.42573250047975475 0.3998665790105157 0.7423963293978278 0.20628349698303605 0.6491462836620985 0.7322416365183201
0.09588349368626736 0.702668528261433 0.4267315875655556 0.5043000278592588 0.0 0.49971707682306477 0.27956985537331447 0.08546883667385197 0.3066861264957549 0.38412965638425123 0.396253918044727 0.04170957260475472 0.7179417934213725
0.8885037955085937 0.5791665306228411 0.7087145700804544 0.5975936741028394 0.49971707682306477 0.0 0.6483388906396799 0.393316612578939 0.04389755580804655 0.8478524943451204 0.6308834734439261 0.5483043983948775 0.5278672475017242
0.05675574791736193 0.24864748261396197 0.7510649384816285 0.46459359501996766 0.27956985537331447 0.6483388906396799 0.0 0.4966911677829383 0.43057612773293596 0.6498963292039764 0.08824212654701047 0.6120910445850385 0.1950651431532343
0.034858824050494785 0.22935999172131571 0.10641409874182839 0.42573250047975475 0.08546883667385197 0.393316612578939 0.4966911677829383 0.0 0.7021011667535302 0.35083238442099784 0.9163919606570915 0.18687819438704045 0.6180715336503764
0.35910913058552807 0.8363119095903768 0.6875495536550567 0.3998665790105157 0.3066861264957549 0.04389755580804655 0.43057612773293596 0.7021011667535302 0.0 0.17526428356209056 0.6013784690871241 0.447534996606062 0.7683123023208088
0.8230523966588588 0.23781075336089408 0.007613365069446099 0.7423963293978278 0.38412965638425123 0.8478524943451204 0.6498963292039764 0.35083238442099784 0.17526428356209056 0.0 0.8175103768236855 0.1587989923509151 0.31879317306440746
0.6944823178748196 0.5546290808558347 0.07524356797401588 0.20628349698303605 0.396253918044727 0.6308834734439261 0.08824212654701047 0.9163919606570915 0.6013784690871241 0.8175103768236855 0.0 0.7880984122068783 0.8860913445025841
0.8228064885726319 0.7638495730894524 0.47551456565133576 0.6491462836620985 0.04170957260475472 0.5483043983948775 0.6120910445850385 0.18687819438704045 0.447534996606062 0.1587989923509151 0.7880984122068783 0.0 0.34572028548559075
0.6053501313699629 0.7157819648003432 0.48978561738764925 0.7322416365183201 0.7179417934213725 0.5278672475017242 0.1950651431532343 0.6180715336503764 0.7683123023208088 0.31879317306440746 0.8860913445025841 0.34572028548559075 0.0

# Optimal Walk
0 12 6 10 3 8 5 9 2 1 7 11 4 0
