# Graph size: 13
# Optimal cost: 1.2846057704190863

# Distance Matrix
0.0 0.9900019240723492 0.4754540309531192 0.14026881025068594 0.7630212792951404 0.24225321377119047 0.9823302139290212 0.6348973247403098 0.538461014889906 0.4404894836834049 0.24514003446696353 0.855684780366687 0.963402884170785
0.9900019240723492 0.0 0.3668554224966506 0.17221641040836122 0.9787829225272325 0.18906348086455393 0.4385917657413929 0.3026581868912962 0.630553264344437 0.36881107536115654 0.10981201633311588 0.2284212041433077 0.9476805810677882
0.4754540309531192 0.3668554224966506 0.0 0.5486713571262677 0.2570139560789806 0.6704095815891523 0.5480391199025989 0.7127033948304335 0.293230125283618 0.37656659178096064 0.13035881539894667 0.5814204867381281 0.14732179094383424
0.14026881025068594 0.17221641040836122 0.5486713571262677 0.0 0.6281284689613665 0.8279668514765685 0.020220302601290818 0.9177736017371363 0.2896182881624123 0.6303552673223428 0.2048273950742987 0.9644467442415935 0.01882192822304518
0.7630212792951404 0.9787829225272325 0.2570139560789806 0.6281284689613665 0.0 0.1560527788509608 0.012040333231621902 0.4371008885800327 0.464900862423841 0.8112549740855519 0.45661465296872894 0.7560957878673064 0.025962080577043745
0.24225321377119047 0.18906348086455393 0.6704095815891523 0.8279668514765685 0.1560527788509608 0.0 0.9008937003617552 0.37890212494759234 0.3585358742514635 0.011818352745800342 0.5723033317500088 0.002905750351168801 0.10222220731568443
0.9823302139290212 0.4385917657413929 0.5480391199025989 0.020220302601290818 0.012040333231621902 0.9008937003617552 0.0 0.863336722943445 0.5663678967651381 0.4306988401701768 0.08012779411268023 0.4166868591705336 0.62700950434771
0.6348973247403098 0.3026581868912962 0.7127033948304335 0.9177736017371363 0.4371008885800327 0.37890212494759234 0.863336722943445 0.0 0.6166959173917095 0.23971388398002202 0.0689652486059571 0.07710535377549832 0.8740518410021368
0.538461014889906 0.630553264344437 0.293230125283618 0.2896182881624123 0.464900862423841 0.3585358742514635 0.5663678967651381 0.6166959173917095 0.0 0.12425665845793432 0.10108503648714096 0.5073970767354099 0.5055050656794532
0.4404894836834049 0.36881107536115654 0.37656659178096064 0.6303552673223428 0.8112549740855519 0.011818352745800342 0.4306988401701768 0.23971388398002202 0.12425665845793432 0.0 0.2574548185249824 0.34448547316390465 0.7446826544888434
0.24514003446696353 0.10981201633311588 0.13035881539894667 0.2048273950742987 0.45661465296872894 0.5723033317500088 0.08012779411268023 0.0689652486059571 0.10108503648714096 0.2574548185249824 0.0 0.7222695034910411 0.1779403484932801
0.855684780366687 0.2284212041433077 0.5814204867381281 0.9644467442415935 0.7560957878673064 0.002905750351168801 0.4166868591705336 0.07710535377549832 0.5073970767354099 0.34448547316390465 0.7222695034910411 0.0 0.8401289791538492
0.963402884170785 0.9476805810677882 0.14732179094383424 0.01882192822304518 0.025962080577043745 0.10222220731568443 0.62700950434771 0.8740518410021368 0.5055050656794532 0.7446826544888434 0.1779403484932801 0.8401289791538492 0.0

# Optimal Walk
0 3 6 4 12 2 10 8 9 5 11 7 1 0
