# Graph size: 13
# Optimal cost: 1.6532538997332276

# Distance Matrix
0.0 0.7907183784569631 0.8493277055942078 0.6278826411358173 0.4391677116408691 0.14482877723868248 0.34116506205600516 0.611606111525651 0.2183698718354885 0.9948963002409613 0.23978547869975764 0.5517969528494184 0.11343875297393224
0.7907183784569631 0.0 0.921286496285998 0.5334806062540132 0.44994643040692417 0.5172063433319558 0.4973103087289852 0.5409025513276767 0.4584609044905128 0.7359405981131264 0.6869356002691849 0.4998319309335424 0.1349756586072014
0.8493277055942078 0.921286496285998 0.0 0.4229548360799915 0.6016458461085495 0.2828923940850372 0.008955868596930538 0.257953474057221 0.14406414560690195 0.34326937166120663 0.10978551993109142 0.9912848363725406 0.1294378375695796
0.6278826411358173 0.5334806062540132 0.4229548360799915 0.0 0.1585300941417419 0.9346459407146142 0.5279366146657328 0.32080497932808005 0.6369309032509847 0.4448378141362552 0.813022900347349 0.43964098510962824 0.17813671212781146
0.4391677116408691 0.44994643040692417 0.6016458461085495 0.1585300941417419 0.0 0.0708015778213944 0.8986764283499766 0.6210100117972116 0.3390669440197861 0.37894294589058886 0.7216731787850772 0.9707221688306598 0.34562095627235645
0.14482877723868248 0.5172063433319558 0.2828923940850372 0.9346459407146142 0.0708015778213944 0.0 0.007471933939864783 0.801780913563585 0.8517246564184874 0.012325324663262971 0.7138149594143471 0.282737221952974 0.27793089309405583
0.34116506205600516 0.4973103087289852 0.008955868596930538 0.5279366146657328 0.8986764283499766 0.007471933939864783 0.0 0.984484156320032 0.8927617604568127 0.4809264210436176 0.32591859161491343 0.601202845734566 0.7223595814866663
0.611606111525651 0.5409025513276767 0.257953474057221 0.32080497932808005 0.6210100117972116 0.801780913563585 0.984484156320032 0.0 0.3812393068689094 0.7884044189803624 0.09269483641044718 0.17366957685698714 0.3252631038972472
0.2183698718354885 0.4584609044905128 0.14406414560690195 0.6369309032509847 0.3390669440197861 0.8517246564184874 0.8927617604568127 0.3812393068689094 0.0 0.38812903390615827 0.2715695236084861 0.48085131728523167 0.4738636671963016
0.9948963002409613 0.7359405981131264 0.34326937166120663 0.4448378141362552 0.37894294589058886 0.012325324663262971 0.4809264210436176 0.7884044189803624 0.38812903390615827 0.0 0.7467633639582377 0.35533926433710206 0.30964289743227313
0.23978547869975764 0.6869356002691849 0.10978551993109142 0.813022900347349 0.7216731787850772 0.7138149594143471 0.32591859161491343 0.09269483641044718 0.2715695236084861 0.7467633639582377 0.0 0.4943854748601114 0.9606730126573924
0.5517969528494184 0.4998319309335424 0.9912848363725406 0.43964098510962824 0.9707221688306598 0.282737221952974 0.601202845734566 0.17366957685698714 0.48085131728523167 0.35533926433710206 0.4943854748601114 0.0 0.06617183715497355
0.11343875297393224 0.1349756586072014 0.1294378375695796 0.17813671212781146 0.34562095627235645 0.27793089309405583 0.7223595814866663 0.3252631038972472 0.4738636671963016 0.30964289743227313 0.9606730126573924 0.06617183715497355 0.0

# Optimal Walk
0 10 7 11 12 1 3 4 9 5 6 2 8 0
