# Graph size: 13
# Optimal cost: 1.497378665849212

# Distance Matrix
0.0 0.08515365850269674 0.3329768289635586 0.3233560216867497 0.764768210996017 0.5267065535566814 0.19224442946746934 0.34557129993071733 0.4243527230549673 0.37702648145808837 0.7998282830666875 0.5009634406571176 0.5691416846912065
0.08515365850269674 0.0 0.29137186815981386 0.7199960072481023 0.3315023713487666 0.23522566104346487 0.22291722111362167 0.656504100372984 0.41968951669900867 0.26217837488765483 0.05368269153734362 0.5678503968833781 0.7240358535809267
0.3329768289635586 0.29137186815981386 0.0 0.029685583208555966 0.8984232765261038 0.21913501342059205 0.4756981747130071 0.6807245660346155 0.06515024846549755 0.659329414859781 0.28840376999125217 0.7580820854975643 0.5631847721444726
0.3233560216867497 0.7199960072481023 0.029685583208555966 0.0 0.8715432485385138 0.3066448848038379 0.830413469999156 0.7381197041292704 0.6339164894186207 0.6712266221588195 0.8647092457108425 0.08279260382951126 0.45005481302839745
0.764768210996017 0.3315023713487666 0.8984232765261038 0.8715432485385138 0.0 0.31660284223720225 0.81394978670078 0.5243491288158555 0.26046391529272994 0.13103644831755556 0.13189239834602895 0.5197027433529482 0.5302284226376717
0.5267065535566814 0.23522566104346487 0.21913501342059205 0.3066448848038379 0.31660284223720225 0.0 0.8084721441194792 0.7013500102181655 0.10517324902999536 0.2232198932049705 0.30011100645841915 0.967983373304804 0.640813213717108
0.19224442946746934 0.22291722111362167 0.4756981747130071 0.830413469999156 0.81394978670078 0.8084721441194792 0.0 0.11940706489834252 0.6340279923678798 0.9085444135437168 0.3659077063310644 0.9093813292137668 0.012775135875908394
0.34557129993071733 0.656504100372984 0.6807245660346155 0.7381197041292704 0.5243491288158555 0.7013500102181655 0.11940706489834252 0.0 0.8306707966021653 0.03935983843718538 0.5089986297647285 0.5217643287929629 0.9007471406252465
0.4243527230549673 0.41968951669900867 0.06515024846549755 0.6339164894186207 0.26046391529272994 0.10517324902999536 0.6340279923678798 0.8306707966021653 0.0 0.8771503982831795 0.07707877504752703 0.48532578679983607 0.7270115483040508
0.37702648145808837 0.26217837488765483 0.659329414859781 0.6712266221588195 0.13103644831755556 0.2232198932049705 0.9085444135437168 0.03935983843718538 0.8771503982831795 0.0 0.7187872143802109 0.2903917595866444 0.4926892075325833
0.7998282830666875 0.05368269153734362 0.28840376999125217 0.8647092457108425 0.13189239834602895 0.30011100645841915 0.3659077063310644 0.5089986297647285 0.07707877504752703 0.7187872143802109 0.0 0.2870006145419659 0.8556359729954438
0.5009634406571176 0.5678503968833781 0.7580820854975643 0.08279260382951126 0.5197027433529482 0.967983373304804 0.9093813292137668 0.5217643287929629 0.48532578679983607 0.2903917595866444 0.2870006145419659 0.0 0.5326998346904558
0.5691416846912065 0.7240358535809267 0.5631847721444726 0.45005481302839745 0.5302284226376717 0.640813213717108 0.012775135875908394 0.9007471406252465 0.7270115483040508 0.4926892075325833 0.8556359729954438 0.5326998346904558 0.0

# Optimal Walk
0 12 6 7 9 4 10 8 11 3 2 5 1 0
