# MCW Instance
# Type: UNIFORM
# N: 13
# Optimal cost: 0.9983236423833959
# Optimal tour (permutation): [0, 6, 9, 12, 7, 3, 10, 11, 8, 2, 5, 4, 1, 0]
# Optimal walk (full path): [0, 6, 9, 1, 12, 7, 3, 10, 11, 2, 8, 2, 5, 4, 1, 9, 6, 0]
# Walk size: 18
# Is walk (has repeats): true

# Distance Matrix
0.0000000000 0.4424380878 0.4721584512 0.7839025708 0.2381390469 0.3467794518 0.0082801027 0.5549762906 0.6402522780 0.7109232026 0.2702059536 0.8821359898 0.1658025227
0.4424380878 0.0000000000 0.2510381257 0.2575861749 0.0861494454 0.2065057670 0.8964399585 0.7001466606 0.9424062853 0.0084637690 0.6607327047 0.3365539878 0.0433507985
0.4721584512 0.2510381257 0.0000000000 0.2429375330 0.9410360684 0.0432185866 0.2467309649 0.2777826678 0.0805347918 0.7158991463 0.3383566805 0.1153971541 0.1868122242
0.7839025708 0.2575861749 0.2429375330 0.0000000000 0.8157592030 0.4609110842 0.8624464613 0.1369063683 0.5315672736 0.5644608191 0.0272951844 0.4197540761 0.5810197290
0.2381390469 0.0861494454 0.9410360684 0.8157592030 0.0000000000 0.1196626022 0.9029876957 0.9676652879 0.7767055956 0.6012649636 0.7867856100 0.4106952512 0.6160209282
0.3467794518 0.2065057670 0.0432185866 0.4609110842 0.1196626022 0.0000000000 0.7973554731 0.8116825390 0.2512602872 0.3193795702 0.8289056932 0.7209818076 0.3010681802
0.0082801027 0.8964399585 0.2467309649 0.8624464613 0.9029876957 0.7973554731 0.0000000000 0.9373567464 0.8745170551 0.0039361083 0.3484115738 0.3749399831 0.9868733301
0.5549762906 0.7001466606 0.2777826678 0.1369063683 0.9676652879 0.8116825390 0.9373567464 0.0000000000 0.4286125745 0.4310987481 0.4398518230 0.0602557801 0.1575606525
0.6402522780 0.9424062853 0.0805347918 0.5315672736 0.7767055956 0.2512602872 0.8745170551 0.4286125745 0.0000000000 0.2787734641 0.3119474592 0.9625796102 0.3125242215
0.7109232026 0.0084637690 0.7158991463 0.5644608191 0.6012649636 0.3193795702 0.0039361083 0.4310987481 0.2787734641 0.0000000000 0.4581009770 0.1519793228 0.0807615835
0.2702059536 0.6607327047 0.3383566805 0.0272951844 0.7867856100 0.8289056932 0.3484115738 0.4398518230 0.3119474592 0.4581009770 0.0000000000 0.0663533068 0.5052753042
0.8821359898 0.3365539878 0.1153971541 0.4197540761 0.4106952512 0.7209818076 0.3749399831 0.0602557801 0.9625796102 0.1519793228 0.0663533068 0.0000000000 0.9205602377
0.1658025227 0.0433507985 0.1868122242 0.5810197290 0.6160209282 0.3010681802 0.9868733301 0.1575606525 0.3125242215 0.0807615835 0.5052753042 0.9205602377 0.0000000000
