# Graph size: 13
# Optimal cost: 2.3014033165286505

# Distance Matrix
0.0 0.2860645803220967 0.9683526993418355 0.21031835677892086 0.3847338910835769 0.7756495908265713 0.7020671162137583 0.23479018551552533 0.07214340987886358 0.38678042638477916 0.05282697780014811 0.07621091038228511 0.40652640222069736
0.2860645803220967 0.0 0.546998521803518 0.8253278960792242 0.6937799164123001 0.9001294104379303 0.4198418847443105 0.604945961403734 0.2693748084822404 0.9457636917092376 0.4265825470379494 0.8753207406182656 0.7532873173841741
0.9683526993418355 0.546998521803518 0.0 0.8910229957069619 0.22423321491779002 0.093527081572365 0.385042928694434 0.7096323396798812 0.0370704433810537 0.886929407436376 0.49719544285106854 0.8016960062524755 0.5055232903302983
0.21031835677892086 0.8253278960792242 0.8910229957069619 0.0 0.028974998827429932 0.19221523964369114 0.5884032152457515 0.7641279122585416 0.8755978548342022 0.5460661569286365 0.7317881412490062 0.28935001952709205 0.4995680126727505
0.3847338910835769 0.6937799164123001 0.22423321491779002 0.028974998827429932 0.0 0.8367923899476051 0.006430143725308035 0.16842876906469628 0.8470358042546532 0.9224136443471035 0.07751954576136477 0.8319972822704074 0.8586842906355546
0.7756495908265713 0.9001294104379303 0.093527081572365 0.19221523964369114 0.8367923899476051 0.0 0.2996531282062581 0.6985028341807867 0.9660864317224881 0.6473172789334849 0.563499755052838 0.13156054576787113 0.27322015490607154
0.7020671162137583 0.4198418847443105 0.385042928694434 0.5884032152457515 0.006430143725308035 0.2996531282062581 0.0 0.5043744140247899 0.957331914185174 0.915460070297078 0.9876621477592737 0.7197786554260902 0.4543078053127215
0.23479018551552533 0.604945961403734 0.7096323396798812 0.7641279122585416 0.16842876906469628 0.6985028341807867 0.5043744140247899 0.0 0.4578647369777792 0.5664751716858967 0.9426862201486067 0.3429526529702227 0.3129693352640023
0.07214340987886358 0.2693748084822404 0.0370704433810537 0.8755978548342022 0.8470358042546532 0.9660864317224881 0.957331914185174 0.4578647369777792 0.0 0.7759061645543133 0.0851220084492923 0.6033505975993276 0.4203717713318511
0.38678042638477916 0.9457636917092376 0.886929407436376 0.5460661569286365 0.9224136443471035 0.6473172789334849 0.915460070297078 0.5664751716858967 0.7759061645543133 0.0 0.4717114187827971 0.5761485801092241 0.4550752773600245
0.05282697780014811 0.4265825470379494 0.49719544285106854 0.7317881412490062 0.07751954576136477 0.563499755052838 0.9876621477592737 0.9426862201486067 0.0851220084492923 0.4717114187827971 0.0 0.027379149358358723 0.732387991534981
0.07621091038228511 0.8753207406182656 0.8016960062524755 0.28935001952709205 0.8319972822704074 0.13156054576787113 0.7197786554260902 0.3429526529702227 0.6033505975993276 0.5761485801092241 0.027379149358358723 0.0 0.11113053158003317
0.40652640222069736 0.7532873173841741 0.5055232903302983 0.4995680126727505 0.8586842906355546 0.27322015490607154 0.4543078053127215 0.3129693352640023 0.4203717713318511 0.4550752773600245 0.732387991534981 0.11113053158003317 0.0

# Optimal Walk
0 10 11 12 9 7 6 4 3 5 2 8 1 0
