# Graph size: 13
# Optimal cost: 1.3603517708487007

# Distance Matrix
0.0 0.8758106656641382 0.6071796206023696 0.9961716458647556 0.1309687553555121 0.5886657015120612 0.8427953182867505 0.11479214191989406 0.7322450123904148 0.0505038890918299 0.3354208310384118 0.18744398202271695 0.879973995497708
0.8758106656641382 0.0 0.8492236317891865 0.1093799257886654 0.13971962485715939 0.03264298767377405 0.8027751925597932 0.1580259890418848 0.851366620304443 0.9466194917192081 0.41397439829552196 0.2098820451928991 0.10692467479725798
0.6071796206023696 0.8492236317891865 0.0 0.8116078710312151 0.049819958019957755 0.2966539588192044 0.5384598046843977 0.324346930499547 0.533088861477067 0.04258099588117881 0.932251811891889 0.6986259282426852 0.022461260360847835
0.9961716458647556 0.1093799257886654 0.8116078710312151 0.0 0.8846268488556042 0.2253939142537087 0.29036038802318576 0.027152472091374613 0.7543033308862954 0.7536136908734454 0.7283833473165238 0.15300646286571462 0.10445828856630279
0.1309687553555121 0.13971962485715939 0.049819958019957755 0.8846268488556042 0.0 0.8282273589416699 0.1847715076125349 0.7092319007647153 0.5481476947772672 0.5179898949914318 0.6929399860676826 0.6184380249322184 0.7917516717830443
0.5886657015120612 0.03264298767377405 0.2966539588192044 0.2253939142537087 0.8282273589416699 0.0 0.5907055994339345 0.22740341995458713 0.1673544049593576 0.9907826931988211 0.9298152475119914 0.5960150772748736 0.011595331138244291
0.8427953182867505 0.8027751925597932 0.5384598046843977 0.29036038802318576 0.1847715076125349 0.5907055994339345 0.0 0.1343738951263933 0.3827774046740192 0.06365976584260102 0.5050558576791003 0.5732234753415761 0.9209131227304601
0.11479214191989406 0.1580259890418848 0.324346930499547 0.027152472091374613 0.7092319007647153 0.22740341995458713 0.1343738951263933 0.0 0.0257908134164736 0.8630032368766354 0.34581153864976955 0.1944846577751238 0.9808645143273134
0.7322450123904148 0.851366620304443 0.533088861477067 0.7543033308862954 0.5481476947772672 0.1673544049593576 0.3827774046740192 0.0257908134164736 0.0 0.8876540365187395 0.5289936880189139 0.05213073228826992 0.5126404668672072
0.0505038890918299 0.9466194917192081 0.04258099588117881 0.7536136908734454 0.5179898949914318 0.9907826931988211 0.06365976584260102 0.8630032368766354 0.8876540365187395 0.0 0.9860039384777503 0.44161524777360317 0.3603819652899197
0.3354208310384118 0.41397439829552196 0.932251811891889 0.7283833473165238 0.6929399860676826 0.9298152475119914 0.5050558576791003 0.34581153864976955 0.5289936880189139 0.9860039384777503 0.0 0.9864796885077606 0.9919032240454753
0.18744398202271695 0.2098820451928991 0.6986259282426852 0.15300646286571462 0.6184380249322184 0.5960150772748736 0.5732234753415761 0.1944846577751238 0.05213073228826992 0.44161524777360317 0.9864796885077606 0.0 0.16357907632162405
0.879973995497708 0.10692467479725798 0.022461260360847835 0.10445828856630279 0.7917516717830443 0.011595331138244291 0.9209131227304601 0.9808645143273134 0.5126404668672072 0.3603819652899197 0.9919032240454753 0.16357907632162405 0.0

# Optimal Walk
0 10 11 8 7 3 1 5 12 2 4 9 6 0
