# Graph size: 13
# Optimal cost: 1.8401295214082958

# Distance Matrix
0.0 0.4236830067121583 0.35040168808003547 0.9322752152978868 0.3934944042567531 0.9113050824349842 0.5546649129559913 0.19099929106278757 0.13191536374606427 0.16684819085128033 0.9018078218419865 0.904584601527999 0.6131733731380784
0.4236830067121583 0.0 0.9587894697776194 0.38892616351381615 0.1351538277579647 0.5667273615097186 0.13126574094694987 0.9019780993759897 0.6283062012506015 0.03681899316574899 0.6334587777479842 0.21526341155499928 0.6130151158210448
0.35040168808003547 0.9587894697776194 0.0 0.7967092837925175 0.6475687767066552 0.7278958482986031 0.6874334129224292 0.707564848751768 0.2082283985733857 0.8899351707821622 0.64879151939913 0.0845244443330615 0.9571870652000073
0.9322752152978868 0.38892616351381615 0.7967092837925175 0.0 0.1233859051890821 0.14217478144950035 0.3756401528270744 0.7093211501317308 0.9270575377406901 0.3008178260600092 0.2338021300972961 0.3195028172000127 0.7693211485089935
0.3934944042567531 0.1351538277579647 0.6475687767066552 0.1233859051890821 0.0 0.1296553678434239 0.36741956628089856 0.9345863072073118 0.319085449278649 0.2442208630934849 0.39254424080580763 0.09074728088740291 0.54285513316424
0.9113050824349842 0.5667273615097186 0.7278958482986031 0.14217478144950035 0.1296553678434239 0.0 0.7185852442366456 0.277288301988729 0.2736376218447294 0.20452300637432075 0.21888023951993496 0.8688001242238913 0.49729408146054166
0.5546649129559913 0.13126574094694987 0.6874334129224292 0.3756401528270744 0.36741956628089856 0.7185852442366456 0.0 0.3445865969037486 0.303051797612671 0.42372825102685774 0.1774663502613475 0.38676900146670146 0.7528409809811752
0.19099929106278757 0.9019780993759897 0.707564848751768 0.7093211501317308 0.9345863072073118 0.277288301988729 0.3445865969037486 0.0 0.0250156074453175 0.07600612318607369 0.6225626555556466 0.07059151605362834 0.26103155785016396
0.13191536374606427 0.6283062012506015 0.2082283985733857 0.9270575377406901 0.319085449278649 0.2736376218447294 0.303051797612671 0.0250156074453175 0.0 0.3751857843411245 0.9580040434693388 0.8213338151350214 0.5674627496666573
0.16684819085128033 0.03681899316574899 0.8899351707821622 0.3008178260600092 0.2442208630934849 0.20452300637432075 0.42372825102685774 0.07600612318607369 0.3751857843411245 0.0 0.004291637354390976 0.9720262859318234 0.3296981271257232
0.9018078218419865 0.6334587777479842 0.64879151939913 0.2338021300972961 0.39254424080580763 0.21888023951993496 0.1774663502613475 0.6225626555556466 0.9580040434693388 0.004291637354390976 0.0 0.1880479557258089 0.18556311890569843
0.904584601527999 0.21526341155499928 0.0845244443330615 0.3195028172000127 0.09074728088740291 0.8688001242238913 0.38676900146670146 0.07059151605362834 0.8213338151350214 0.9720262859318234 0.1880479557258089 0.0 0.5320253058441446
0.6131733731380784 0.6130151158210448 0.9571870652000073 0.7693211485089935 0.54285513316424 0.49729408146054166 0.7528409809811752 0.26103155785016396 0.5674627496666573 0.3296981271257232 0.18556311890569843 0.5320253058441446 0.0

# Optimal Walk
0 8 7 11 2 4 3 5 1 6 12 10 9 0
