# Graph size: 13
# Optimal cost: 2.8810695271086404

# Distance Matrix
0.0 0.5935126941047649 0.32505125836845883 0.522322055296999 0.6225805527941357 0.869980871762249 0.7147905521821291 0.6958886942717505 0.7710511564646922 0.9929602652682951 0.6249374725856407 0.6355217974673097 0.8609179516149034
0.5935126941047649 0.0 0.4564135083006453 0.8299391679952838 0.17654273639182672 0.539038238101336 0.46244209431823935 0.26877950584224186 0.9788224866594761 0.9451973378170732 0.044019676264338115 0.8169485628595683 0.012594506487374812
0.32505125836845883 0.4564135083006453 0.0 0.09107307761174588 0.1927618520532529 0.48029546360586683 0.3640165445827004 0.3699612730127937 0.46515143939536197 0.6729048169864736 0.9632950292584708 0.6958282872762519 0.7447400257635686
0.522322055296999 0.8299391679952838 0.09107307761174588 0.0 0.17180054063372963 0.057912468441133735 0.3415449053059939 0.3231982372212615 0.8031952212756147 0.25447429552573064 0.14869570628276163 0.22968827128351 0.9081667710346419
0.6225805527941357 0.17654273639182672 0.1927618520532529 0.17180054063372963 0.0 0.7349191831784047 0.41514662378768574 0.7858846168124829 0.16005910602023476 0.8163122610888033 0.4315926382600219 0.6930695579226901 0.36156631832912156
0.869980871762249 0.539038238101336 0.48029546360586683 0.057912468441133735 0.7349191831784047 0.0 0.3681679376499979 0.33459652561538866 0.5680821731366131 0.4363753424397604 0.7272256808993148 0.6711689732222991 0.7365009796217357
0.7147905521821291 0.46244209431823935 0.3640165445827004 0.3415449053059939 0.41514662378768574 0.3681679376499979 0.0 0.9484048589441562 0.6568279521736843 0.8287287694820821 0.2642919250174395 0.13109309469032848 0.5865268313989124
0.6958886942717505 0.26877950584224186 0.3699612730127937 0.3231982372212615 0.7858846168124829 0.33459652561538866 0.9484048589441562 0.0 0.27432154526502106 0.6632547832003213 0.5898510947638079 0.8372722223485854 0.3682642655344205
0.7710511564646922 0.9788224866594761 0.46515143939536197 0.8031952212756147 0.16005910602023476 0.5680821731366131 0.6568279521736843 0.27432154526502106 0.0 0.440953223321645 0.5527116288691194 0.7885104160169333 0.3699216042390461
0.9929602652682951 0.9451973378170732 0.6729048169864736 0.25447429552573064 0.8163122610888033 0.4363753424397604 0.8287287694820821 0.6632547832003213 0.440953223321645 0.0 0.6824142560753566 0.7873687023030355 0.9757497238459791
0.6249374725856407 0.044019676264338115 0.9632950292584708 0.14869570628276163 0.4315926382600219 0.7272256808993148 0.2642919250174395 0.5898510947638079 0.5527116288691194 0.6824142560753566 0.0 0.13710982769968216 0.14873573875607682
0.6355217974673097 0.8169485628595683 0.6958282872762519 0.22968827128351 0.6930695579226901 0.6711689732222991 0.13109309469032848 0.8372722223485854 0.7885104160169333 0.7873687023030355 0.13710982769968216 0.0 0.07721597273025416
0.8609179516149034 0.012594506487374812 0.7447400257635686 0.9081667710346419 0.36156631832912156 0.7365009796217357 0.5865268313989124 0.3682642655344205 0.3699216042390461 0.9757497238459791 0.14873573875607682 0.07721597273025416 0.0

# Optimal Walk
0 2 4 8 7 1 10 12 11 6 5 9 3 0
