# Graph size: 13
# Optimal cost: 1.9674983754896598

# Distance Matrix
0.0 0.09463111642882738 0.07058225610271507 0.2063475858445324 0.8768165112153191 0.43878594698159934 0.7600320190950123 0.09527098565033065 0.598855470514923 0.09853511590106312 0.2434439794170583 0.7259397036021256 0.7926302666712007
0.09463111642882738 0.0 0.9727596746468562 0.753290617552256 0.8829443252350989 0.11738765803469309 0.827273904452157 0.3426140560466783 0.7214697134909253 0.9030782140618782 0.750061649979875 0.7770690755245099 0.2497723534558538
0.07058225610271507 0.9727596746468562 0.0 0.6402774685483665 0.9785684958823907 0.9562259502314102 0.2887095893017544 0.8129805346929463 0.48506683682482943 0.5990268371183307 0.4002945118747312 0.18465260969266328 0.4883372567806449
0.2063475858445324 0.753290617552256 0.6402774685483665 0.0 0.562078329950712 0.3251016348273609 0.17233093014761602 0.6233861052935095 0.8245024185120453 0.7974509891068903 0.9992390771075097 0.8456458710316201 0.8693566547248247
0.8768165112153191 0.8829443252350989 0.9785684958823907 0.562078329950712 0.0 0.2176484874292245 0.9032873176498275 0.2720812804907514 0.9191736105752978 0.5521633539762585 0.7969976023075236 0.06885118422362435 0.2419587485256557
0.43878594698159934 0.11738765803469309 0.9562259502314102 0.3251016348273609 0.2176484874292245 0.0 0.005473670830539623 0.4238056511081124 0.18365188010193778 0.5340248818492994 0.4614138770128102 0.2363562836260492 0.19059518383589813
0.7600320190950123 0.827273904452157 0.2887095893017544 0.17233093014761602 0.9032873176498275 0.005473670830539623 0.0 0.20733052473505276 0.42720865964773425 0.9343229574780981 0.7664502530696036 0.2615281730398331 0.22997960152393349
0.09527098565033065 0.3426140560466783 0.8129805346929463 0.6233861052935095 0.2720812804907514 0.4238056511081124 0.20733052473505276 0.0 0.8424456481944748 0.34930521089697186 0.30471834673781284 0.5133629136365017 0.08389603943470669
0.598855470514923 0.7214697134909253 0.48506683682482943 0.8245024185120453 0.9191736105752978 0.18365188010193778 0.42720865964773425 0.8424456481944748 0.0 0.3441810604510922 0.20194326299919962 0.6609772739012155 0.8097424860518199
0.09853511590106312 0.9030782140618782 0.5990268371183307 0.7974509891068903 0.5521633539762585 0.5340248818492994 0.9343229574780981 0.34930521089697186 0.3441810604510922 0.0 0.8348568452575412 0.7767440793283831 0.6338331049350251
0.2434439794170583 0.750061649979875 0.4002945118747312 0.9992390771075097 0.7969976023075236 0.4614138770128102 0.7664502530696036 0.30471834673781284 0.20194326299919962 0.8348568452575412 0.0 0.5822018371343971 0.13714165422210367
0.7259397036021256 0.7770690755245099 0.18465260969266328 0.8456458710316201 0.06885118422362435 0.2363562836260492 0.2615281730398331 0.5133629136365017 0.6609772739012155 0.7767440793283831 0.5822018371343971 0.0 0.9686439942067043
0.7926302666712007 0.2497723534558538 0.4883372567806449 0.8693566547248247 0.2419587485256557 0.19059518383589813 0.22997960152393349 0.08389603943470669 0.8097424860518199 0.6338331049350251 0.13714165422210367 0.9686439942067043 0.0

# Optimal Walk
0 2 11 4 7 12 10 8 5 6 3 1 9 0
