# MCW Instance
# Type: UNIFORM
# N: 13
# Optimal cost: 1.7650885414836874
# Optimal tour (permutation): [0, 1, 12, 8, 2, 11, 9, 5, 10, 7, 6, 4, 3, 0]
# Optimal walk (full path): [0, 1, 2, 8, 12, 8, 2, 11, 9, 5, 10, 7, 6, 4, 3, 0]
# Walk size: 16
# Is walk (has repeats): true

# Distance Matrix
0.0000000000 0.1040119324 0.2679498230 0.1222635655 0.8944412835 0.6648059204 0.4817363859 0.5983807792 0.4989928327 0.4051879947 0.6173613484 0.4700118390 0.4075236745
0.1040119324 0.0000000000 0.1342962441 0.5499410921 0.4673646639 0.3289566003 0.3514070188 0.9102607658 0.5745166865 0.1653037744 0.3790548155 0.5366782166 0.5406746876
0.2679498230 0.1342962441 0.0000000000 0.2065977385 0.0418074340 0.0982705183 0.7532672190 0.6097513231 0.0154826034 0.4449177942 0.3989255519 0.1003418336 0.2694443461
0.1222635655 0.5499410921 0.2065977385 0.0000000000 0.0144330795 0.6518856589 0.7513538553 0.6037183061 0.9325107263 0.2240702827 0.6392042560 0.1430172997 0.2781802141
0.8944412835 0.4673646639 0.0418074340 0.0144330795 0.0000000000 0.9870864096 0.1549117634 0.7913695029 0.3556163006 0.5336008197 0.7570630056 0.0738937552 0.7125701567
0.6648059204 0.3289566003 0.0982705183 0.6518856589 0.9870864096 0.0000000000 0.4840319383 0.9932654038 0.4963673389 0.0763507849 0.0642235454 0.6880667979 0.5385840486
0.4817363859 0.3514070188 0.7532672190 0.7513538553 0.1549117634 0.4840319383 0.0000000000 0.3401992941 0.9807421387 0.2978606608 0.6641008933 0.2260636262 0.9026662513
0.5983807792 0.9102607658 0.6097513231 0.6037183061 0.7913695029 0.9932654038 0.3401992941 0.0000000000 0.5670845914 0.2768243224 0.2741943215 0.9222129072 0.7850591338
0.4989928327 0.5745166865 0.0154826034 0.9325107263 0.3556163006 0.4963673389 0.9807421387 0.5670845914 0.0000000000 0.3839876686 0.3656471491 0.2112725818 0.1391028943
0.4051879947 0.1653037744 0.4449177942 0.2240702827 0.5336008197 0.0763507849 0.2978606608 0.2768243224 0.3839876686 0.0000000000 0.8354235908 0.0706911815 0.7169006516
0.6173613484 0.3790548155 0.3989255519 0.6392042560 0.7570630056 0.0642235454 0.6641008933 0.2741943215 0.3656471491 0.8354235908 0.0000000000 0.8870990708 0.4006364345
0.4700118390 0.5366782166 0.1003418336 0.1430172997 0.0738937552 0.6880667979 0.2260636262 0.9222129072 0.2112725818 0.0706911815 0.8870990708 0.0000000000 0.7342863227
0.4075236745 0.5406746876 0.2694443461 0.2781802141 0.7125701567 0.5385840486 0.9026662513 0.7850591338 0.1391028943 0.7169006516 0.4006364345 0.7342863227 0.0000000000
