# Graph size: 13
# Optimal cost: 1.375142539985818

# Distance Matrix
0.0 0.22791883622732523 0.2883789545406965 0.982184665442728 0.7684434453297904 0.6695291600642573 0.371161635458772 0.43864609681461364 0.6440258274241967 0.7917810281699857 0.05150531156827842 0.5738859978077083 0.70341261888572
0.22791883622732523 0.0 0.30878912605614417 0.47114317620674395 0.5621121552677262 0.48160564775705106 0.692985752532206 0.3503367200881925 0.8768789903277436 0.028146944035028043 0.03168083788063902 0.40783331647089294 0.6657716204912353
0.2883789545406965 0.30878912605614417 0.0 0.12781237943740642 0.3630540974128922 0.4673865588634728 0.8142542004418895 0.14379609861991982 0.9503499297237415 0.874892849161361 0.8024726233943685 0.0844907399447915 0.43839766960513527
0.982184665442728 0.47114317620674395 0.12781237943740642 0.0 0.31211268841964734 0.45977850455782554 0.09750688318699197 0.6031807431195771 0.08610836175205194 0.503968001753675 0.22836494800775864 0.4530303819414422 0.4979446603658543
0.7684434453297904 0.5621121552677262 0.3630540974128922 0.31211268841964734 0.0 0.3157051126841497 0.9463311439114167 0.7691208389968369 0.9498621477032364 0.743326307619768 0.6361587070391844 0.7832945209476537 0.0370479767286509
0.6695291600642573 0.48160564775705106 0.4673865588634728 0.45977850455782554 0.3157051126841497 0.0 0.8591994155831536 0.9820343759729041 0.5828475622081664 0.988292052062653 0.49603645900002324 0.9288191392223575 0.004757023790296744
0.371161635458772 0.692985752532206 0.8142542004418895 0.09750688318699197 0.9463311439114167 0.8591994155831536 0.0 0.4692312169902174 0.08003674709705455 0.6957116120427191 0.23593334189853932 0.9425476742964802 0.7474627536322003
0.43864609681461364 0.3503367200881925 0.14379609861991982 0.6031807431195771 0.7691208389968369 0.9820343759729041 0.4692312169902174 0.0 0.13875103090061747 0.07143268698895744 0.4914025695036859 0.9822284907526567 0.6111165635163918
0.6440258274241967 0.8768789903277436 0.9503499297237415 0.08610836175205194 0.9498621477032364 0.5828475622081664 0.08003674709705455 0.13875103090061747 0.0 0.7991656101312361 0.25554877398156006 0.04430599781377398 0.35396763443930956
0.7917810281699857 0.028146944035028043 0.874892849161361 0.503968001753675 0.743326307619768 0.988292052062653 0.6957116120427191 0.07143268698895744 0.7991656101312361 0.0 0.9774900198115842 0.4039819798580677 0.27223248663754596
0.05150531156827842 0.03168083788063902 0.8024726233943685 0.22836494800775864 0.6361587070391844 0.49603645900002324 0.23593334189853932 0.4914025695036859 0.25554877398156006 0.9774900198115842 0.0 0.3656105222938498 0.9511778060606276
0.5738859978077083 0.40783331647089294 0.0844907399447915 0.4530303819414422 0.7832945209476537 0.9288191392223575 0.9425476742964802 0.9822284907526567 0.04430599781377398 0.4039819798580677 0.3656105222938498 0.0 0.8736525184770854
0.70341261888572 0.6657716204912353 0.43839766960513527 0.4979446603658543 0.0370479767286509 0.004757023790296744 0.7474627536322003 0.6111165635163918 0.35396763443930956 0.27223248663754596 0.9511778060606276 0.8736525184770854 0.0

# Optimal Walk
0 10 9 7 2 11 8 6 3 4 12 5 1 0
