# Graph size: 13
# Optimal cost: 2.277988068185417

# Distance Matrix
0.0 0.3947863356616169 0.5869307464680998 0.28343751026332 0.523412022210737 0.7419528678967964 0.6628467420687014 0.26387073275951867 0.8704621101397945 0.2882733382119014 0.9058768648380736 0.8342393752168931 0.4638027526314814
0.3947863356616169 0.0 0.5545694530050524 0.670813433846608 0.05240134192781243 0.7767499261600963 0.2484268729014545 0.7941372813509304 0.04132234986952621 0.14437966244861167 0.3769315978670479 0.7242725066201143 0.30555193862813346
0.5869307464680998 0.5545694530050524 0.0 0.8599316634901449 0.3498402753745964 0.15763298171995155 0.9824846195230942 0.4729426998014409 0.6925992631434357 0.9221900907052445 0.7381529759828096 0.7657028056943518 0.48960469142645724
0.28343751026332 0.670813433846608 0.8599316634901449 0.0 0.9528308075975291 0.28390209643784214 0.37779136655051304 0.9603216358777881 0.3365638799311944 0.03814534794116786 0.07286416857851197 0.6343575427133981 0.5706707607263801
0.523412022210737 0.05240134192781243 0.3498402753745964 0.9528308075975291 0.0 0.2865036851673206 0.19752675365318417 0.4363113656282017 0.3731877824515234 0.3039821555067457 0.9690431561182266 0.6171965814430599 0.6126442245641331
0.7419528678967964 0.7767499261600963 0.15763298171995155 0.28390209643784214 0.2865036851673206 0.0 0.2944385580010923 0.8467935018701346 0.8764625887641946 0.1827703717975374 0.675450952807145 0.3918078752441557 0.20711595942372307
0.6628467420687014 0.2484268729014545 0.9824846195230942 0.37779136655051304 0.19752675365318417 0.2944385580010923 0.0 0.9379293057092151 0.19079237719098585 0.6993677830286418 0.9661690415113526 0.1263136627394006 0.568072510024699
0.26387073275951867 0.7941372813509304 0.4729426998014409 0.9603216358777881 0.4363113656282017 0.8467935018701346 0.9379293057092151 0.0 0.7015807951684453 0.4236205319616939 0.110489679995185 0.9557077801353943 0.3799980266425047
0.8704621101397945 0.04132234986952621 0.6925992631434357 0.3365638799311944 0.3731877824515234 0.8764625887641946 0.19079237719098585 0.7015807951684453 0.0 0.5753986405572794 0.548658293210966 0.1712326107685691 0.20275783599925157
0.2882733382119014 0.14437966244861167 0.9221900907052445 0.03814534794116786 0.3039821555067457 0.1827703717975374 0.6993677830286418 0.4236205319616939 0.5753986405572794 0.0 0.31917465062304506 0.6250427954041552 0.8720664441770015
0.9058768648380736 0.3769315978670479 0.7381529759828096 0.07286416857851197 0.9690431561182266 0.675450952807145 0.9661690415113526 0.110489679995185 0.548658293210966 0.31917465062304506 0.0 0.9064039879255477 0.18668054122866262
0.8342393752168931 0.7242725066201143 0.7657028056943518 0.6343575427133981 0.6171965814430599 0.3918078752441557 0.1263136627394006 0.9557077801353943 0.1712326107685691 0.6250427954041552 0.9064039879255477 0.0 0.36410167411676686
0.4638027526314814 0.30555193862813346 0.48960469142645724 0.5706707607263801 0.6126442245641331 0.20711595942372307 0.568072510024699 0.3799980266425047 0.20275783599925157 0.8720664441770015 0.18668054122866262 0.36410167411676686 0.0

# Optimal Walk
0 7 10 12 5 2 4 6 11 8 1 9 3 0
