# MCW Instance
# Type: UNIFORM
# N: 13
# Optimal cost: 2.2615137506598577
# Optimal tour (permutation): [0, 12, 10, 1, 9, 8, 3, 11, 5, 4, 2, 6, 7, 0]
# Optimal walk (full path): [0, 12, 10, 1, 9, 8, 9, 3, 11, 5, 4, 2, 4, 6, 7, 0]
# Walk size: 16
# Is walk (has repeats): true

# Distance Matrix
0.0000000000 0.6767288676 0.8258583598 0.6238473613 0.8228243671 0.3221128747 0.7093273688 0.1037755714 0.3001880055 0.6841609087 0.5036666500 0.4840928497 0.1473878550
0.6767288676 0.0000000000 0.3967232068 0.7407669344 0.6756091936 0.4577997765 0.9346670381 0.8625757938 0.8496314316 0.2424383363 0.0827233777 0.3847581891 0.7808453134
0.8258583598 0.3967232068 0.0000000000 0.8978476507 0.0518868351 0.7902850725 0.4483617761 0.6821334821 0.2929602345 0.3131367553 0.7926633483 0.6644997914 0.1984363279
0.6238473613 0.7407669344 0.8978476507 0.0000000000 0.1404718247 0.6834126287 0.6224405971 0.3067607399 0.4610266865 0.0915617090 0.4007785072 0.3271220455 0.2181744805
0.8228243671 0.6756091936 0.0518868351 0.1404718247 0.0000000000 0.1789277476 0.3180290633 0.2882663272 0.3879864311 0.5193764208 0.3081101951 0.3814347805 0.0958029755
0.3221128747 0.4577997765 0.7902850725 0.6834126287 0.1789277476 0.0000000000 0.9479821120 0.6192042831 0.6153752700 0.9092352703 0.5980091032 0.0566199346 0.2304794566
0.7093273688 0.9346670381 0.4483617761 0.6224405971 0.3180290633 0.9479821120 0.0000000000 0.2011829900 0.5302859628 0.9527894141 0.9294491694 0.5633668339 0.9855208371
0.1037755714 0.8625757938 0.6821334821 0.3067607399 0.2882663272 0.6192042831 0.2011829900 0.0000000000 0.2750768119 0.3734972885 0.8690400309 0.6973324223 0.5408609717
0.3001880055 0.8496314316 0.2929602345 0.4610266865 0.3879864311 0.6153752700 0.5302859628 0.2750768119 0.0000000000 0.0659396514 0.7329553615 0.8922478805 0.4993965048
0.6841609087 0.2424383363 0.3131367553 0.0915617090 0.5193764208 0.9092352703 0.9527894141 0.3734972885 0.0659396514 0.0000000000 0.6991363809 0.7973297342 0.5726453957
0.5036666500 0.0827233777 0.7926633483 0.4007785072 0.3081101951 0.5980091032 0.9294491694 0.8690400309 0.7329553615 0.6991363809 0.0000000000 0.8612448953 0.2760921473
0.4840928497 0.3847581891 0.6644997914 0.3271220455 0.3814347805 0.0566199346 0.5633668339 0.6973324223 0.8922478805 0.7973297342 0.8612448953 0.0000000000 0.4844615595
0.1473878550 0.7808453134 0.1984363279 0.2181744805 0.0958029755 0.2304794566 0.9855208371 0.5408609717 0.4993965048 0.5726453957 0.2760921473 0.4844615595 0.0000000000
