# MCW Instance
# Type: UNIFORM
# N: 13
# Optimal cost: 1.4050943736032109
# Optimal tour (permutation): [0, 10, 9, 7, 11, 3, 4, 2, 5, 12, 6, 1, 8, 0]
# Optimal walk (full path): [0, 10, 0, 1, 9, 7, 11, 3, 4, 2, 4, 5, 12, 1, 6, 1, 0, 8, 0]
# Walk size: 19
# Is walk (has repeats): true

# Distance Matrix
0.0000000000 0.0275227159 0.9831104461 0.8711936717 0.4360943017 0.8775674546 0.2064183040 0.2548805793 0.0305858109 0.8896188444 0.0645186948 0.2947305312 0.4401493919
0.0275227159 0.0000000000 0.6055860531 0.6600119635 0.1863902897 0.9419402856 0.1161174703 0.0851837269 0.5958695274 0.0237674566 0.7067086221 0.9871700337 0.0119596090
0.9831104461 0.6055860531 0.0000000000 0.2674048999 0.0698207117 0.5510386469 0.8455861560 0.8108451871 0.3982254378 0.9515985931 0.6894562682 0.9954829275 0.3163942051
0.8711936717 0.6600119635 0.2674048999 0.0000000000 0.1929133401 0.8085872764 0.3130046913 0.5296005859 0.6539081273 0.3707811505 0.3068010661 0.2745068817 0.5891245924
0.4360943017 0.1863902897 0.0698207117 0.1929133401 0.0000000000 0.1458342898 0.6540055636 0.1403571294 0.2955915939 0.4032501847 0.2568041295 0.5965004730 0.6499435372
0.8775674546 0.9419402856 0.5510386469 0.8085872764 0.1458342898 0.0000000000 0.5204477322 0.8054483329 0.6098201582 0.2443329221 0.3769356965 0.9404438667 0.0647453017
0.2064183040 0.1161174703 0.8455861560 0.3130046913 0.6540055636 0.5204477322 0.0000000000 0.4053468744 0.9546494577 0.8376756281 0.3088740476 0.9670523880 0.6906234341
0.2548805793 0.0851837269 0.8108451871 0.5296005859 0.1403571294 0.8054483329 0.4053468744 0.0000000000 0.7677690771 0.0388380544 0.7874580569 0.0353986330 0.9397774764
0.0305858109 0.5958695274 0.3982254378 0.6539081273 0.2955915939 0.6098201582 0.9546494577 0.7677690771 0.0000000000 0.9138901101 0.6470951885 0.3590416748 0.7293226109
0.8896188444 0.0237674566 0.9515985931 0.3707811505 0.4032501847 0.2443329221 0.8376756281 0.0388380544 0.9138901101 0.0000000000 0.7387982639 0.3490845394 0.8163779197
0.0645186948 0.7067086221 0.6894562682 0.3068010661 0.2568041295 0.3769356965 0.3088740476 0.7874580569 0.6470951885 0.7387982639 0.0000000000 0.2126067520 0.7929808977
0.2947305312 0.9871700337 0.9954829275 0.2745068817 0.5965004730 0.9404438667 0.9670523880 0.0353986330 0.3590416748 0.3490845394 0.2126067520 0.0000000000 0.5519690656
0.4401493919 0.0119596090 0.3163942051 0.5891245924 0.6499435372 0.0647453017 0.6906234341 0.9397774764 0.7293226109 0.8163779197 0.7929808977 0.5519690656 0.0000000000
