# MCW Instance
# Type: EXPONENTIAL
# N: 14
# Optimal cost: 2.191212917750695
# Optimal tour (permutation): [0, 9, 6, 5, 8, 11, 7, 10, 13, 2, 4, 3, 12, 1, 0]
# Optimal walk (full path): [0, 9, 6, 5, 8, 11, 7, 10, 13, 2, 4, 3, 1, 12, 1, 3, 0]
# Walk size: 17
# Is walk (has repeats): true

# Distance Matrix
0.0000000000 1.3843407216 1.6440635696 0.1742730410 0.6742707763 1.1791939638 0.5475870866 0.7758830509 0.4788777384 0.2107638402 2.1870015449 0.5046272079 0.3268825249 3.4070856136
1.3843407216 0.0000000000 0.5801481051 0.0645084363 1.2365616007 3.4213179577 0.3218509183 1.6495197088 0.8243483296 0.1033133988 0.4482828326 1.4177033375 0.0348615759 1.8366256425
1.6440635696 0.5801481051 0.0000000000 1.4840255711 0.4663956179 0.5904197700 1.0949921181 1.2246359316 0.3255673817 0.2002906740 0.6254487531 0.6140989983 1.5031714069 0.0957024468
0.1742730410 0.0645084363 1.4840255711 0.0000000000 0.3311840656 1.8605391796 0.2518779063 0.2227222991 0.6115579379 1.1305016040 0.7040643246 1.1242966696 2.9628968034 0.2453131789
0.6742707763 1.2365616007 0.4663956179 0.3311840656 0.0000000000 0.4315232551 0.9876145970 3.4700825386 1.2460352801 1.3547300821 0.5988512752 0.3625822158 0.6127638741 1.5235072073
1.1791939638 3.4213179577 0.5904197700 1.8605391796 0.4315232551 0.0000000000 0.1120945265 0.9347745735 0.1486965069 0.7140290480 3.2222500748 1.3810944938 0.7644606736 1.3145001671
0.5475870866 0.3218509183 1.0949921181 0.2518779063 0.9876145970 0.1120945265 0.0000000000 0.7413986134 1.6749893557 0.1062417965 1.1858159482 1.2837417796 1.0655919568 0.3542570780
0.7758830509 1.6495197088 1.2246359316 0.2227222991 3.4700825386 0.9347745735 0.7413986134 0.0000000000 0.7971364828 0.1466783013 0.0290992206 0.0402516382 1.9795110853 3.2610123994
0.4788777384 0.8243483296 0.3255673817 0.6115579379 1.2460352801 0.1486965069 1.6749893557 0.7971364828 0.0000000000 0.1642798161 0.0689037000 0.1222594646 0.4401776418 0.3154250659
0.2107638402 0.1033133988 0.2002906740 1.1305016040 1.3547300821 0.7140290480 0.1062417965 0.1466783013 0.1642798161 0.0000000000 0.9106405671 0.0456059479 0.2041800277 0.2047215545
2.1870015449 0.4482828326 0.6254487531 0.7040643246 0.5988512752 3.2222500748 1.1858159482 0.0290992206 0.0689037000 0.9106405671 0.0000000000 0.1204759266 1.9651898996 0.1555107285
0.5046272079 1.4177033375 0.6140989983 1.1242966696 0.3625822158 1.3810944938 1.2837417796 0.0402516382 0.1222594646 0.0456059479 0.1204759266 0.0000000000 2.7470713781 1.3087062558
0.3268825249 0.0348615759 1.5031714069 2.9628968034 0.6127638741 0.7644606736 1.0655919568 1.9795110853 0.4401776418 0.2041800277 1.9651898996 2.7470713781 0.0000000000 2.2098768858
3.4070856136 1.8366256425 0.0957024468 0.2453131789 1.5235072073 1.3145001671 0.3542570780 3.2610123994 0.3154250659 0.2047215545 0.1555107285 1.3087062558 2.2098768858 0.0000000000
