# MCW Instance
# Type: EXPONENTIAL
# N: 14
# Optimal cost: 2.1885926243928777
# Optimal tour (permutation): [0, 10, 2, 3, 9, 4, 13, 1, 7, 11, 6, 5, 12, 8, 0]
# Optimal walk (full path): [0, 10, 2, 3, 9, 4, 9, 13, 1, 5, 7, 6, 11, 6, 7, 5, 8, 12, 8, 0]
# Walk size: 20
# Is walk (has repeats): true

# Distance Matrix
0.0000000000 2.0740007564 1.5250036583 3.3557944333 0.8340854121 0.6777521831 2.9724424776 0.7710246156 0.0072844823 0.1034058327 0.2356895325 1.3995492874 0.6842399270 2.8211696767
2.0740007564 0.0000000000 1.6011093380 1.2401579754 0.4296739814 0.1011090989 2.1791862963 0.2178563498 0.3307678136 1.3836786854 0.2772974361 0.4833703996 0.9632710046 0.1655350738
1.5250036583 1.6011093380 0.0000000000 0.1293445746 0.3565649806 3.1174437485 2.0888782649 0.2388914955 0.9453210087 1.8785579341 0.0605038588 0.7049666377 2.5348505845 0.4093005422
3.3557944333 1.2401579754 0.1293445746 0.0000000000 1.4420269216 0.9161666044 0.1865893387 0.5254697331 0.2486074809 0.1025163370 2.6831127139 1.3382794073 1.1446804913 0.5547778462
0.8340854121 0.4296739814 0.3565649806 1.4420269216 0.0000000000 0.4081890000 0.5035119544 2.0207368984 0.9924704891 0.1518570188 0.8807030431 0.6405802224 0.5496874636 4.4949976936
0.6777521831 0.1011090989 3.1174437485 0.9161666044 0.4081890000 0.0000000000 1.6489588585 0.0317288538 0.0741717803 0.1928142554 0.3600701842 0.6627391607 0.6284558567 0.5116370225
2.9724424776 2.1791862963 2.0888782649 0.1865893387 0.5035119544 1.6489588585 0.0000000000 0.0535137814 0.2112952013 0.1111006275 1.6359226622 0.1142006306 1.2830071805 0.7931972259
0.7710246156 0.2178563498 0.2388914955 0.5254697331 2.0207368984 0.0317288538 0.0535137814 0.0000000000 0.3230107622 0.7097426403 1.4073483969 0.3986630450 0.5647595504 0.9233703770
0.0072844823 0.3307678136 0.9453210087 0.2486074809 0.9924704891 0.0741717803 0.2112952013 0.3230107622 0.0000000000 0.7267300794 0.2580114664 2.6102158641 0.1789642726 1.5771338061
0.1034058327 1.3836786854 1.8785579341 0.1025163370 0.1518570188 0.1928142554 0.1111006275 0.7097426403 0.7267300794 0.0000000000 0.3027993920 1.2363167631 0.3131545457 0.2519087714
0.2356895325 0.2772974361 0.0605038588 2.6831127139 0.8807030431 0.3600701842 1.6359226622 1.4073483969 0.2580114664 0.3027993920 0.0000000000 1.4623415485 1.0559235179 0.8539768911
1.3995492874 0.4833703996 0.7049666377 1.3382794073 0.6405802224 0.6627391607 0.1142006306 0.3986630450 2.6102158641 1.2363167631 1.4623415485 0.0000000000 1.0853309290 0.6141740480
0.6842399270 0.9632710046 2.5348505845 1.1446804913 0.5496874636 0.6284558567 1.2830071805 0.5647595504 0.1789642726 0.3131545457 1.0559235179 1.0853309290 0.0000000000 0.7570639321
2.8211696767 0.1655350738 0.4093005422 0.5547778462 4.4949976936 0.5116370225 0.7931972259 0.9233703770 1.5771338061 0.2519087714 0.8539768911 0.6141740480 0.7570639321 0.0000000000
