# MCW Instance
# Type: EXPONENTIAL
# N: 14
# Optimal cost: 1.3426840473229391
# Optimal tour (permutation): [0, 10, 1, 2, 13, 8, 12, 4, 5, 11, 9, 7, 6, 3, 0]
# Optimal walk (full path): [0, 10, 1, 10, 2, 13, 12, 8, 12, 13, 4, 13, 5, 11, 9, 7, 6, 7, 3, 0]
# Walk size: 20
# Is walk (has repeats): true

# Distance Matrix
0.0000000000 0.8802100366 1.0246486498 0.0973059965 1.4726027037 0.4985095090 0.2668688958 0.5599982747 2.4988791345 0.1908468930 0.0545937248 0.8474705284 0.3514448154 1.4738556518
0.8802100366 0.0000000000 3.1645183236 2.2060890629 4.1732928633 1.9695328085 0.4122125799 0.1056365293 2.3495630802 0.2283799370 0.0248976485 1.2360667979 0.6029227823 0.5047468924
1.0246486498 3.1645183236 0.0000000000 0.1509279257 4.0793726721 0.6664338567 0.4913749012 1.3823057905 1.1111115839 0.6934315781 0.0435241209 0.6943960182 3.1457113802 0.0400822192
0.0973059965 2.2060890629 0.1509279257 0.0000000000 1.2787039687 1.6111970256 0.9671104340 0.1522042302 0.5855086121 0.5692335360 0.2009066520 2.0214600619 0.6070486863 4.1169751809
1.4726027037 4.1732928633 4.0793726721 1.2787039687 0.0000000000 2.4429220738 1.6041095587 0.1862379718 1.7104793674 2.3613523614 1.1980909182 0.3306499508 2.6348578085 0.0925743254
0.4985095090 1.9695328085 0.6664338567 1.6111970256 2.4429220738 0.0000000000 0.5414701879 0.7727623670 0.4394120169 3.2481586995 0.7494527744 0.0939613538 0.8266932568 0.0442209809
0.2668688958 0.4122125799 0.4913749012 0.9671104340 1.6041095587 0.5414701879 0.0000000000 0.0633635091 0.7791689331 0.8898052532 0.7123890071 0.3062932946 1.9152156565 0.7028582103
0.5599982747 0.1056365293 1.3823057905 0.1522042302 0.1862379718 0.7727623670 0.0633635091 0.0000000000 0.2960286067 0.1984899398 7.1505608702 0.3052530988 1.1612202480 0.6674610172
2.4988791345 2.3495630802 1.1111115839 0.5855086121 1.7104793674 0.4394120169 0.7791689331 0.2960286067 0.0000000000 2.0873600246 1.3815901231 1.8128305157 0.0001744347 0.3195665649
0.1908468930 0.2283799370 0.6934315781 0.5692335360 2.3613523614 3.2481586995 0.8898052532 0.1984899398 2.0873600246 0.0000000000 0.6814486404 0.0677827152 2.1604216094 2.0860984470
0.0545937248 0.0248976485 0.0435241209 0.2009066520 1.1980909182 0.7494527744 0.7123890071 7.1505608702 1.3815901231 0.6814486404 0.0000000000 0.3171793914 0.5767828599 1.2605299771
0.8474705284 1.2360667979 0.6943960182 2.0214600619 0.3306499508 0.0939613538 0.3062932946 0.3052530988 1.8128305157 0.0677827152 0.3171793914 0.0000000000 0.1517976818 0.7617537627
0.3514448154 0.6029227823 3.1457113802 0.6070486863 2.6348578085 0.8266932568 1.9152156565 1.1612202480 0.0001744347 2.1604216094 0.5767828599 0.1517976818 0.0000000000 0.0942494652
1.4738556518 0.5047468924 0.0400822192 4.1169751809 0.0925743254 0.0442209809 0.7028582103 0.6674610172 0.3195665649 2.0860984470 1.2605299771 0.7617537627 0.0942494652 0.0000000000
