# MCW Instance
# Type: EXPONENTIAL
# N: 14
# Optimal cost: 1.6159173937527753
# Optimal tour (permutation): [0, 7, 3, 12, 11, 10, 9, 5, 13, 6, 8, 1, 2, 4, 0]
# Optimal walk (full path): [0, 7, 3, 12, 3, 11, 10, 9, 5, 13, 6, 8, 1, 8, 2, 4, 0]
# Walk size: 17
# Is walk (has repeats): true

# Distance Matrix
0.0000000000 1.3659974333 2.1432941712 3.6378390295 0.1740110250 0.5316769338 0.2085570518 0.2722060754 0.3261645653 1.6678269779 0.3502509244 1.6124002787 0.5593522879 1.8845309686
1.3659974333 0.0000000000 2.3842775584 0.4547505410 0.8776396300 0.6601892979 0.7953646842 0.2551057286 0.0467557433 0.1454744543 0.2796455787 1.9944412556 0.8974988637 0.4475337853
2.1432941712 2.3842775584 0.0000000000 0.7080435434 0.1531094965 0.9742321089 0.9329944374 0.4006058734 0.1937904072 0.7028955439 0.5351195215 0.2088115917 0.9800243918 0.3862313318
3.6378390295 0.4547505410 0.7080435434 0.0000000000 0.3723688099 2.4821521764 0.6194496488 0.1571705777 1.4486011106 1.0739643099 0.6629175341 0.0391564323 0.0128268364 0.0176925822
0.1740110250 0.8776396300 0.1531094965 0.3723688099 0.0000000000 1.3246901287 2.6831189802 0.2932413739 2.9345041260 1.3041343010 1.2096904127 1.2599727832 2.1951606961 2.4550798561
0.5316769338 0.6601892979 0.9742321089 2.4821521764 1.3246901287 0.0000000000 1.5752773478 0.4108231011 0.1810555494 0.0138650673 2.3531438565 0.4704859749 1.0420652405 0.0238485017
0.2085570518 0.7953646842 0.9329944374 0.6194496488 2.6831189802 1.5752773478 0.0000000000 0.5371721537 0.0899208421 0.3202378061 0.5937585181 0.5352801549 1.1982085204 0.1120481206
0.2722060754 0.2551057286 0.4006058734 0.1571705777 0.2932413739 0.4108231011 0.5371721537 0.0000000000 4.6689023119 0.5808622918 0.4145750808 0.2025629229 0.4014877846 0.3339129514
0.3261645653 0.0467557433 0.1937904072 1.4486011106 2.9345041260 0.1810555494 0.0899208421 4.6689023119 0.0000000000 0.2361765147 1.0035779311 1.5643270906 0.6873270840 0.3254950545
1.6678269779 0.1454744543 0.7028955439 1.0739643099 1.3041343010 0.0138650673 0.3202378061 0.5808622918 0.2361765147 0.0000000000 0.1518662778 1.1634787965 0.8809281018 3.9511251358
0.3502509244 0.2796455787 0.5351195215 0.6629175341 1.2096904127 2.3531438565 0.5937585181 0.4145750808 1.0035779311 0.1518662778 0.0000000000 0.1157594108 2.2551805603 0.2193153593
1.6124002787 1.9944412556 0.2088115917 0.0391564323 1.2599727832 0.4704859749 0.5352801549 0.2025629229 1.5643270906 1.1634787965 0.1157594108 0.0000000000 3.4277226922 0.8799022374
0.5593522879 0.8974988637 0.9800243918 0.0128268364 2.1951606961 1.0420652405 1.1982085204 0.4014877846 0.6873270840 0.8809281018 2.2551805603 3.4277226922 0.0000000000 1.1667707989
1.8845309686 0.4475337853 0.3862313318 0.0176925822 2.4550798561 0.0238485017 0.1120481206 0.3339129514 0.3254950545 3.9511251358 0.2193153593 0.8799022374 1.1667707989 0.0000000000
