# MCW Instance
# Type: EXPONENTIAL
# N: 14
# Optimal cost: 2.6558782372890875
# Optimal tour (permutation): [0, 13, 1, 9, 7, 8, 6, 3, 12, 11, 4, 10, 2, 5, 0]
# Optimal walk (full path): [0, 13, 1, 9, 7, 8, 6, 3, 12, 11, 4, 10, 2, 5, 1, 13, 0]
# Walk size: 17
# Is walk (has repeats): true

# Distance Matrix
0.0000000000 1.8699462557 2.2292701726 1.6678418665 0.6091580286 0.1306228555 1.0469642998 3.7006209250 0.7319219403 1.2222467277 1.3706562339 1.7080903325 0.8560798532 0.0524369326
1.8699462557 0.0000000000 3.4931106220 1.5157283786 0.2075259133 0.0324701677 0.8572305468 1.2523240232 0.4849832613 0.0769174711 1.0551365246 0.5165113965 0.5401652795 0.0047641098
2.2292701726 3.4931106220 0.0000000000 0.7334529740 0.4501553951 0.3608625182 0.4929325779 0.7582035607 1.7557114507 0.7299592027 0.2177379257 1.5072318132 1.0833404712 1.4925440299
1.6678418665 1.5157283786 0.7334529740 0.0000000000 0.6479246439 0.5562310336 0.0191762307 2.1831485867 0.4741994854 0.9679837669 4.5725319523 0.4364855242 0.2094490827 0.1677212321
0.6091580286 0.2075259133 0.4501553951 0.6479246439 0.0000000000 0.1454904015 0.5895017462 0.4397744222 0.5256790991 1.4722990860 0.2883530205 0.3787427681 0.4335637181 0.0846775739
0.1306228555 0.0324701677 0.3608625182 0.5562310336 0.1454904015 0.0000000000 0.4324877951 1.5802577747 1.5230772758 1.1739135429 0.7919278056 1.2923909665 0.4379874409 0.0850660535
1.0469642998 0.8572305468 0.4929325779 0.0191762307 0.5895017462 0.4324877951 0.0000000000 0.3794892594 0.2997244386 0.4410788780 0.4378387321 0.7011206245 0.5680415798 1.0183084621
3.7006209250 1.2523240232 0.7582035607 2.1831485867 0.4397744222 1.5802577747 0.3794892594 0.0000000000 0.1964196535 0.0856016109 3.0906686418 0.9016054224 0.5297307162 1.0872097102
0.7319219403 0.4849832613 1.7557114507 0.4741994854 0.5256790991 1.5230772758 0.2997244386 0.1964196535 0.0000000000 0.2021719345 0.8604051054 1.6626494534 2.1492637914 2.0400423582
1.2222467277 0.0769174711 0.7299592027 0.9679837669 1.4722990860 1.1739135429 0.4410788780 0.0856016109 0.2021719345 0.0000000000 1.2048041063 0.5817511558 1.1409650605 0.5133484530
1.3706562339 1.0551365246 0.2177379257 4.5725319523 0.2883530205 0.7919278056 0.4378387321 3.0906686418 0.8604051054 1.2048041063 0.0000000000 0.7258735392 2.1884433950 3.0291560496
1.7080903325 0.5165113965 1.5072318132 0.4364855242 0.3787427681 1.2923909665 0.7011206245 0.9016054224 1.6626494534 0.5817511558 0.7258735392 0.0000000000 0.3760212648 1.1793802295
0.8560798532 0.5401652795 1.0833404712 0.2094490827 0.4335637181 0.4379874409 0.5680415798 0.5297307162 2.1492637914 1.1409650605 2.1884433950 0.3760212648 0.0000000000 0.1434543939
0.0524369326 0.0047641098 1.4925440299 0.1677212321 0.0846775739 0.0850660535 1.0183084621 1.0872097102 2.0400423582 0.5133484530 3.0291560496 1.1793802295 0.1434543939 0.0000000000
