# MCW Instance
# Type: EXPONENTIAL
# N: 14
# Optimal cost: 2.061223970325889
# Optimal tour (permutation): [0, 10, 6, 4, 11, 2, 1, 13, 3, 8, 12, 5, 9, 7, 0]
# Optimal walk (full path): [0, 10, 6, 4, 11, 4, 2, 1, 2, 13, 3, 8, 5, 12, 5, 9, 0, 7, 0]
# Walk size: 19
# Is walk (has repeats): true

# Distance Matrix
0.0000000000 0.8229307901 0.1504717223 0.2275255875 1.3756388739 1.3854580667 1.0247061559 0.0651843327 3.2052261592 0.0809160065 0.1849141747 0.7796357570 1.1315370205 0.7475393285
0.8229307901 0.0000000000 0.0093385379 5.1237015078 0.4302952806 0.2194647755 2.9485916319 1.5347163205 0.5063705034 1.9838922516 2.8032146621 0.2526311004 0.6280764447 0.6750487937
0.1504717223 0.0093385379 0.0000000000 0.1508265191 0.0867505838 0.3597660235 3.0151817281 0.6389058338 1.8586962428 0.8601525687 2.8201478538 0.6342293171 1.0995562935 0.2200847293
0.2275255875 5.1237015078 0.1508265191 0.0000000000 0.3401259878 0.2507852441 1.2676571532 1.8836027401 0.1920816738 1.9664065019 2.1316670853 1.5088548340 0.6590090001 0.1977765377
1.3756388739 0.4302952806 0.0867505838 0.3401259878 0.0000000000 0.0699475244 0.1609039806 0.6012603766 1.1004137271 0.3941507888 0.7762958304 0.0417449299 0.5496089448 1.1483772871
1.3854580667 0.2194647755 0.3597660235 0.2507852441 0.0699475244 0.0000000000 0.9896586791 2.4875444925 0.2187807829 0.2144490108 0.4541471626 1.5836594493 0.0510004087 3.9284821381
1.0247061559 2.9485916319 3.0151817281 1.2676571532 0.1609039806 0.9896586791 0.0000000000 0.5951226544 2.5640809404 2.8750712690 0.1700300718 0.3680046633 2.0835625759 2.3101084126
0.0651843327 1.5347163205 0.6389058338 1.8836027401 0.6012603766 2.4875444925 0.5951226544 0.0000000000 0.4615827679 0.3531604034 0.5982344916 0.2919683951 0.5139248285 0.3733452446
3.2052261592 0.5063705034 1.8586962428 0.1920816738 1.1004137271 0.2187807829 2.5640809404 0.4615827679 0.0000000000 0.5068213216 2.1911367373 1.0849850952 0.8363358096 2.3721847529
0.0809160065 1.9838922516 0.8601525687 1.9664065019 0.3941507888 0.2144490108 2.8750712690 0.3531604034 0.5068213216 0.0000000000 0.4080206421 1.0619122869 2.0661191239 0.3035481061
0.1849141747 2.8032146621 2.8201478538 2.1316670853 0.7762958304 0.4541471626 0.1700300718 0.5982344916 2.1911367373 0.4080206421 0.0000000000 5.9449570243 0.6699573025 0.3816081423
0.7796357570 0.2526311004 0.6342293171 1.5088548340 0.0417449299 1.5836594493 0.3680046633 0.2919683951 1.0849850952 1.0619122869 5.9449570243 0.0000000000 1.8872816947 1.7675695305
1.1315370205 0.6280764447 1.0995562935 0.6590090001 0.5496089448 0.0510004087 2.0835625759 0.5139248285 0.8363358096 2.0661191239 0.6699573025 1.8872816947 0.0000000000 0.3472817240
0.7475393285 0.6750487937 0.2200847293 0.1977765377 1.1483772871 3.9284821381 2.3101084126 0.3733452446 2.3721847529 0.3035481061 0.3816081423 1.7675695305 0.3472817240 0.0000000000
