# MCW Instance
# Type: EXPONENTIAL
# N: 14
# Optimal cost: 1.9970298866173226
# Optimal tour (permutation): [0, 3, 10, 7, 13, 4, 9, 5, 1, 11, 6, 8, 2, 12, 0]
# Optimal walk (full path): [0, 3, 10, 7, 13, 4, 9, 5, 9, 1, 9, 11, 6, 8, 2, 12, 3, 0]
# Walk size: 18
# Is walk (has repeats): true

# Distance Matrix
0.0000000000 1.4603080715 1.5130832904 0.2008094319 0.7917679682 2.4445184883 0.4639604573 1.2512318078 0.3076389236 1.0827764889 1.0382556168 0.5234939989 0.4711415440 0.7893332726
1.4603080715 0.0000000000 1.1228322689 1.1224236974 0.7894552422 0.3390019515 1.0061486201 0.3886571158 0.6654626266 0.0670736531 1.7615821724 0.6305477341 0.7834026547 0.8090684583
1.5130832904 1.1228322689 0.0000000000 0.4501170803 0.1136357355 0.3420595118 1.4789290764 0.3409600537 0.0197443404 1.2458624610 0.4544942574 0.2859633003 0.0824252657 0.2570714241
0.2008094319 1.1224236974 0.4501170803 0.0000000000 0.5587214001 2.4220197704 1.3053109321 2.2076553188 0.0856380775 1.5774668728 0.3688637799 2.0054646052 0.0490347307 0.4540627748
0.7917679682 0.7894552422 0.1136357355 0.5587214001 0.0000000000 0.1952031982 0.5164479825 0.1968144287 1.1937808919 0.0890688832 0.4309134055 0.6163938380 0.3538726931 0.0411143497
2.4445184883 0.3390019515 0.3420595118 2.4220197704 0.1952031982 0.0000000000 0.6250576810 0.3476468388 0.2147007881 0.0049591322 1.0093343213 3.7348038156 1.3847558850 0.1162513528
0.4639604573 1.0061486201 1.4789290764 1.3053109321 0.5164479825 0.6250576810 0.0000000000 0.5438568460 0.1790037473 0.2618622079 1.2620156168 0.2243484210 1.4571177930 0.8350776825
1.2512318078 0.3886571158 0.3409600537 2.2076553188 0.1968144287 0.3476468388 0.5438568460 0.0000000000 0.8877182987 1.0826125578 0.1719149972 0.4684574750 0.9600281016 0.2036650984
0.3076389236 0.6654626266 0.0197443404 0.0856380775 1.1937808919 0.2147007881 0.1790037473 0.8877182987 0.0000000000 1.5953352701 1.7435687187 0.0676947927 0.3328414006 0.4827732397
1.0827764889 0.0670736531 1.2458624610 1.5774668728 0.0890688832 0.0049591322 0.2618622079 1.0826125578 1.5953352701 0.0000000000 0.8307755385 0.0221618387 0.1372395539 0.5272077652
1.0382556168 1.7615821724 0.4544942574 0.3688637799 0.4309134055 1.0093343213 1.2620156168 0.1719149972 1.7435687187 0.8307755385 0.0000000000 0.7335191219 1.7977990707 1.5103582621
0.5234939989 0.6305477341 0.2859633003 2.0054646052 0.6163938380 3.7348038156 0.2243484210 0.4684574750 0.0676947927 0.0221618387 0.7335191219 0.0000000000 0.8851310049 0.1105883936
0.4711415440 0.7834026547 0.0824252657 0.0490347307 0.3538726931 1.3847558850 1.4571177930 0.9600281016 0.3328414006 0.1372395539 1.7977990707 0.8851310049 0.0000000000 0.9349397748
0.7893332726 0.8090684583 0.2570714241 0.4540627748 0.0411143497 0.1162513528 0.8350776825 0.2036650984 0.4827732397 0.5272077652 1.5103582621 0.1105883936 0.9349397748 0.0000000000
