# MCW Instance
# Type: EXPONENTIAL
# N: 14
# Optimal cost: 2.4174756086662477
# Optimal tour (permutation): [0, 8, 9, 7, 3, 11, 13, 10, 2, 6, 5, 4, 1, 12, 0]
# Optimal walk (full path): [0, 8, 9, 7, 3, 7, 13, 11, 13, 10, 2, 6, 5, 4, 1, 12, 0]
# Walk size: 17
# Is walk (has repeats): true

# Distance Matrix
0.0000000000 1.7169678398 0.3337437162 0.9022143253 3.8527212775 1.6075895701 0.7221697172 0.3028783276 0.0169768989 1.1922511066 2.0480785274 0.3319291194 0.1959997963 0.1583019988
1.7169678398 0.0000000000 0.4476434992 2.2828028671 0.1414951525 0.4232013395 0.3082471211 0.8401406392 1.0900052935 0.1674852971 1.3327026292 2.4981466036 0.1769385917 0.2778735891
0.3337437162 0.4476434992 0.0000000000 0.5434568400 1.7336485162 0.8278216411 0.2911395266 0.5309464504 0.5700244047 0.9696944276 0.1526328995 2.0907461070 0.4007570759 0.3274237642
0.9022143253 2.2828028671 0.5434568400 0.0000000000 1.5385884286 1.0883860133 1.2971866168 0.4199022466 1.0506077296 0.4723995976 1.0003115183 0.9537116836 1.8473256890 0.5296374773
3.8527212775 0.1414951525 1.7336485162 1.5385884286 0.0000000000 0.1197349857 0.1693117568 0.1308938979 0.9916665745 0.4798499816 0.4304279845 0.7851425198 0.6994040384 0.2857178250
1.6075895701 0.4232013395 0.8278216411 1.0883860133 0.1197349857 0.0000000000 0.0090675899 0.2296004097 1.4188418219 0.8975788987 1.8733253017 0.2873632925 1.4280391165 2.1272330740
0.7221697172 0.3082471211 0.2911395266 1.2971866168 0.1693117568 0.0090675899 0.0000000000 0.2952016474 1.0168302031 0.1886284077 0.6347733968 0.6770862259 0.5366953307 1.1120190511
0.3028783276 0.8401406392 0.5309464504 0.4199022466 0.1308938979 0.2296004097 0.2952016474 0.0000000000 0.4229982634 0.0253679410 0.1759171198 1.9890947089 0.2335493496 0.0510269185
0.0169768989 1.0900052935 0.5700244047 1.0506077296 0.9916665745 1.4188418219 1.0168302031 0.4229982634 0.0000000000 0.0712694022 1.9690983734 0.4124572754 2.1245838095 0.9596206002
1.1922511066 0.1674852971 0.9696944276 0.4723995976 0.4798499816 0.8975788987 0.1886284077 0.0253679410 0.0712694022 0.0000000000 0.4954760759 0.5700779724 0.2656161670 0.1398363859
2.0480785274 1.3327026292 0.1526328995 1.0003115183 0.4304279845 1.8733253017 0.6347733968 0.1759171198 1.9690983734 0.4954760759 0.0000000000 1.2423105032 1.4097002444 0.2245671078
0.3319291194 2.4981466036 2.0907461070 0.9537116836 0.7851425198 0.2873632925 0.6770862259 1.9890947089 0.4124572754 0.5700779724 1.2423105032 0.0000000000 0.9259056925 0.0507271524
0.1959997963 0.1769385917 0.4007570759 1.8473256890 0.6994040384 1.4280391165 0.5366953307 0.2335493496 2.1245838095 0.2656161670 1.4097002444 0.9259056925 0.0000000000 0.2212737316
0.1583019988 0.2778735891 0.3274237642 0.5296374773 0.2857178250 2.1272330740 1.1120190511 0.0510269185 0.9596206002 0.1398363859 0.2245671078 0.0507271524 0.2212737316 0.0000000000
