# MCW Instance
# Type: EXPONENTIAL
# N: 14
# Optimal cost: 1.1079362009669145
# Optimal tour (permutation): [0, 11, 1, 3, 9, 7, 13, 6, 12, 5, 2, 10, 4, 8, 0]
# Optimal walk (full path): [0, 11, 1, 3, 13, 9, 7, 9, 13, 2, 6, 5, 12, 5, 6, 2, 13, 10, 4, 8, 0]
# Walk size: 21
# Is walk (has repeats): true

# Distance Matrix
0.0000000000 0.3537232893 0.9985959914 0.8516068123 1.1954519945 1.2684746029 1.2209440397 1.3160994859 0.0521396151 1.4413117569 0.9361791612 0.1298979081 0.7061683094 2.0020452739
0.3537232893 0.0000000000 2.7652215383 0.1438489525 0.9089592919 0.3612549760 0.7760735989 2.1343189243 0.7701411260 4.5073694746 0.5840229724 0.2600783326 2.1429008820 0.3101101511
0.9985959914 2.7652215383 0.0000000000 0.2921752388 0.2812393001 2.5012576418 0.0120185880 0.9014177364 0.9180137321 1.0210971087 0.6447557636 1.4102121169 0.1169992771 0.0037507879
0.8516068123 0.1438489525 0.2921752388 0.0000000000 1.4862450577 3.4658428702 0.1016781576 2.4782597520 1.1190774319 0.4641973201 0.6898590717 0.3668543461 0.3775985561 0.0234488273
1.1954519945 0.9089592919 0.2812393001 1.4862450577 0.0000000000 1.1479389076 0.7056048823 1.8135162244 0.0699250010 1.3131671862 0.0565242714 0.5741868374 0.6231113783 0.8288150736
1.2684746029 0.3612549760 2.5012576418 3.4658428702 1.1479389076 0.0000000000 0.0393191514 0.2855018643 0.7803912544 1.0338758597 5.3754351548 0.8803445814 0.0020681741 0.1834536731
1.2209440397 0.7760735989 0.0120185880 0.1016781576 0.7056048823 0.0393191514 0.0000000000 0.6395748748 0.6951793034 2.1314124151 0.8158459963 0.4079694144 0.3961961896 0.5746991942
1.3160994859 2.1343189243 0.9014177364 2.4782597520 1.8135162244 0.2855018643 0.6395748748 0.0000000000 1.8659577523 0.0084862088 1.8346974660 2.0022070296 3.6137629493 2.7490085603
0.0521396151 0.7701411260 0.9180137321 1.1190774319 0.0699250010 0.7803912544 0.6951793034 1.8659577523 0.0000000000 3.4800524000 0.2947726939 0.4690687180 1.0969978262 0.7005210149
1.4413117569 4.5073694746 1.0210971087 0.4641973201 1.3131671862 1.0338758597 2.1314124151 0.0084862088 3.4800524000 0.0000000000 0.2511311305 0.2564059781 0.1638765031 0.1031929098
0.9361791612 0.5840229724 0.6447557636 0.6898590717 0.0565242714 5.3754351548 0.8158459963 1.8346974660 0.2947726939 0.2511311305 0.0000000000 0.2109237641 0.9815343984 0.0344016530
0.1298979081 0.2600783326 1.4102121169 0.3668543461 0.5741868374 0.8803445814 0.4079694144 2.0022070296 0.4690687180 0.2564059781 0.2109237641 0.0000000000 3.4479314456 0.5376566462
0.7061683094 2.1429008820 0.1169992771 0.3775985561 0.6231113783 0.0020681741 0.3961961896 3.6137629493 1.0969978262 0.1638765031 0.9815343984 3.4479314456 0.0000000000 0.8280218347
2.0020452739 0.3101101511 0.0037507879 0.0234488273 0.8288150736 0.1834536731 0.5746991942 2.7490085603 0.7005210149 0.1031929098 0.0344016530 0.5376566462 0.8280218347 0.0000000000
