# MCW Instance
# Type: EXPONENTIAL
# N: 13
# Optimal cost: 2.972760030580905
# Optimal tour (permutation): [0, 4, 10, 11, 7, 6, 2, 9, 12, 5, 8, 1, 3, 0]
# Optimal walk (full path): [0, 4, 10, 11, 7, 6, 2, 9, 12, 8, 5, 8, 1, 8, 3, 0]
# Walk size: 16
# Is walk (has repeats): true

# Distance Matrix
0.0000000000 3.8959727203 0.1436145496 0.1823707191 0.0702220104 0.3193737956 2.0870058603 1.0852323127 0.9045133601 2.0088735555 0.4075068867 1.9664601409 0.6642237823
3.8959727203 0.0000000000 0.2311254926 1.3311515251 0.7785812612 2.0534542884 0.5457580028 1.1902249740 0.0915409374 0.8135344973 0.1984676145 1.1067188410 3.7007680262
0.1436145496 0.2311254926 0.0000000000 0.3732501406 0.0888182342 1.9891480558 0.1024107482 1.2519870311 2.6783722475 0.1153792045 0.4797692139 1.3916501330 1.3108818368
0.1823707191 1.3311515251 0.3732501406 0.0000000000 0.3403210061 0.5534216887 2.3587855207 1.0098021724 0.0404111748 0.5600945919 0.6314535769 4.7729013734 1.0121392605
0.0702220104 0.7785812612 0.0888182342 0.3403210061 0.0000000000 0.7344474794 0.4832395098 0.8329552164 0.1425979433 1.1784410028 0.0035063592 1.0473920511 0.0889068290
0.3193737956 2.0534542884 1.9891480558 0.5534216887 0.7344474794 0.0000000000 3.1332568893 1.4611369812 0.1355861451 0.5651815142 4.5778273581 3.0525655911 1.5394857670
2.0870058603 0.5457580028 0.1024107482 2.3587855207 0.4832395098 3.1332568893 0.0000000000 0.5022183391 0.7081776542 0.4012639119 0.1367817226 0.8894341139 1.7714169554
1.0852323127 1.1902249740 1.2519870311 1.0098021724 0.8329552164 1.4611369812 0.5022183391 0.0000000000 1.5455676766 1.1550289595 2.1236194775 0.9852170663 1.1442994970
0.9045133601 0.0915409374 2.6783722475 0.0404111748 0.1425979433 0.1355861451 0.7081776542 1.5455676766 0.0000000000 0.4579217522 2.4654524968 0.9692950657 0.0216393327
2.0088735555 0.8135344973 0.1153792045 0.5600945919 1.1784410028 0.5651815142 0.4012639119 1.1550289595 0.4579217522 0.0000000000 1.2114650852 1.0777391642 0.1203103849
0.4075068867 0.1984676145 0.4797692139 0.6314535769 0.0035063592 4.5778273581 0.1367817226 2.1236194775 2.4654524968 1.2114650852 0.0000000000 0.3748205264 2.3028647669
1.9664601409 1.1067188410 1.3916501330 4.7729013734 1.0473920511 3.0525655911 0.8894341139 0.9852170663 0.9692950657 1.0777391642 0.3748205264 0.0000000000 1.3304218192
0.6642237823 3.7007680262 1.3108818368 1.0121392605 0.0889068290 1.5394857670 1.7714169554 1.1442994970 0.0216393327 0.1203103849 2.3028647669 1.3304218192 0.0000000000
