# MCW Instance
# Type: EXPONENTIAL
# N: 13
# Optimal cost: 1.2751140719769622
# Optimal tour (permutation): [0, 5, 12, 11, 6, 4, 10, 2, 9, 8, 3, 7, 1, 0]
# Optimal walk (full path): [0, 5, 4, 6, 12, 6, 11, 6, 4, 10, 2, 9, 8, 3, 7, 1, 7, 5, 0]
# Walk size: 19
# Is walk (has repeats): true

# Distance Matrix
0.0000000000 0.6992418135 0.7641857349 0.2531892785 1.0809971907 0.1570205657 0.9110929235 1.0239653030 1.0397925574 0.6381016287 3.9086969101 1.2990385036 4.3727848579
0.6992418135 0.0000000000 0.8532326430 1.4172407816 0.3267687015 1.5537340904 0.4800234904 0.0044177266 0.8420235686 1.6363540896 0.5424846561 0.3679674008 2.2631937101
0.7641857349 0.8532326430 0.0000000000 0.6030394461 0.3956200850 2.7506978882 0.5077355296 0.3332095631 2.2742252146 0.0527090047 0.0642906031 0.5928771544 0.1620055367
0.2531892785 1.4172407816 0.6030394461 0.0000000000 0.4490738755 0.9602224413 0.3396577564 0.0198205448 0.1374712707 0.8667683608 2.1701395464 0.8169615161 0.6895005704
1.0809971907 0.3267687015 0.3956200850 0.4490738755 0.0000000000 0.0609213963 0.0636891608 0.1663251891 1.2791295105 0.0560519797 0.0830104760 0.1926608640 2.7111945140
0.1570205657 1.5537340904 2.7506978882 0.9602224413 0.0609213963 0.0000000000 2.1664176208 0.0471156956 0.9745506749 1.7127235634 0.0890810011 1.5724662470 1.5842339520
0.9110929235 0.4800234904 0.5077355296 0.3396577564 0.0636891608 2.1664176208 0.0000000000 1.1398596291 0.8136214589 1.9112361624 1.4212895961 0.1117067488 0.0404339378
1.0239653030 0.0044177266 0.3332095631 0.0198205448 0.1663251891 0.0471156956 1.1398596291 0.0000000000 4.6058549694 0.4898040060 1.3064608980 3.5822053164 1.0035745723
1.0397925574 0.8420235686 2.2742252146 0.1374712707 1.2791295105 0.9745506749 0.8136214589 4.6058549694 0.0000000000 0.0552388014 0.3421111264 1.0310244242 0.6198681086
0.6381016287 1.6363540896 0.0527090047 0.8667683608 0.0560519797 1.7127235634 1.9112361624 0.4898040060 0.0552388014 0.0000000000 1.0034690992 0.7985727085 0.1338135462
3.9086969101 0.5424846561 0.0642906031 2.1701395464 0.0830104760 0.0890810011 1.4212895961 1.3064608980 0.3421111264 1.0034690992 0.0000000000 0.4530731961 0.4095874709
1.2990385036 0.3679674008 0.5928771544 0.8169615161 0.1926608640 1.5724662470 0.1117067488 3.5822053164 1.0310244242 0.7985727085 0.4530731961 0.0000000000 0.5930430048
4.3727848579 2.2631937101 0.1620055367 0.6895005704 2.7111945140 1.5842339520 0.0404339378 1.0035745723 0.6198681086 0.1338135462 0.4095874709 0.5930430048 0.0000000000
