# MCW Instance
# Type: EXPONENTIAL
# N: 13
# Optimal cost: 2.268584335038795
# Optimal tour (permutation): [0, 12, 2, 10, 9, 8, 1, 6, 3, 7, 11, 5, 4, 0]
# Optimal walk (full path): [0, 12, 2, 12, 10, 9, 8, 1, 3, 6, 3, 7, 11, 5, 4, 5, 0]
# Walk size: 17
# Is walk (has repeats): true

# Distance Matrix
0.0000000000 0.2048717449 0.4954781435 5.9054638018 1.2537697706 0.2208458884 0.5196623481 2.0257159493 1.1405294662 1.9234363502 1.4101109269 1.0104738709 0.0651925164
0.2048717449 0.0000000000 1.1671040048 0.0520371915 0.2071233625 2.1779024539 0.1486853356 3.2860234691 0.3604153200 1.6093732419 0.6948388772 2.1863946112 4.4288134193
0.4954781435 1.1671040048 0.0000000000 2.2006845724 1.1971762004 0.2381064351 4.3928626101 2.3243379536 0.7359722085 0.5427668088 0.8471182085 1.8490772362 0.0475663549
5.9054638018 0.0520371915 2.2006845724 0.0000000000 0.2674142819 0.2038582475 0.0008539663 0.1779690516 0.6881257316 1.7715317900 0.9528911688 1.2148659055 0.6271392054
1.2537697706 0.2071233625 1.1971762004 0.2674142819 0.0000000000 0.1276641883 0.7389661364 0.6984580905 1.7918332713 1.4870284102 0.4644552187 1.7053216999 1.6366061445
0.2208458884 2.1779024539 0.2381064351 0.2038582475 0.1276641883 0.0000000000 3.5784728639 0.1726127160 2.6704421538 0.2386143974 0.4661899623 0.1679417411 0.5563313964
0.5196623481 0.1486853356 4.3928626101 0.0008539663 0.7389661364 3.5784728639 0.0000000000 1.5195344455 1.6014303059 0.7885409398 0.9474116822 0.4627487918 0.8233710054
2.0257159493 3.2860234691 2.3243379536 0.1779690516 0.6984580905 0.1726127160 1.5195344455 0.0000000000 0.5863804337 1.3653597368 0.2017312611 0.1574629844 0.3289780000
1.1405294662 0.3604153200 0.7359722085 0.6881257316 1.7918332713 2.6704421538 1.6014303059 0.5863804337 0.0000000000 0.3343264305 1.2548685859 0.7136273201 3.5046066965
1.9234363502 1.6093732419 0.5427668088 1.7715317900 1.4870284102 0.2386143974 0.7885409398 1.3653597368 0.3343264305 0.0000000000 0.1825514336 0.6519704983 0.8355591867
1.4101109269 0.6948388772 0.8471182085 0.9528911688 0.4644552187 0.4661899623 0.9474116822 0.2017312611 1.2548685859 0.1825514336 0.0000000000 1.0608574978 0.1976727583
1.0104738709 2.1863946112 1.8490772362 1.2148659055 1.7053216999 0.1679417411 0.4627487918 0.1574629844 0.7136273201 0.6519704983 1.0608574978 0.0000000000 0.4030486641
0.0651925164 4.4288134193 0.0475663549 0.6271392054 1.6366061445 0.5563313964 0.8233710054 0.3289780000 3.5046066965 0.8355591867 0.1976727583 0.4030486641 0.0000000000
