# MCW Instance
# Type: EXPONENTIAL
# N: 13
# Optimal cost: 1.7014609430449514
# Optimal tour (permutation): [0, 10, 4, 8, 3, 6, 1, 5, 7, 2, 9, 11, 12, 0]
# Optimal walk (full path): [0, 12, 10, 4, 6, 8, 3, 8, 6, 1, 5, 7, 2, 9, 2, 11, 10, 12, 0]
# Walk size: 19
# Is walk (has repeats): true

# Distance Matrix
0.0000000000 0.9698238905 0.5830754829 1.0412758763 1.8839229924 1.2782898711 1.8180025613 1.0299586979 0.7711667924 1.3968805429 0.1827116491 2.2954829456 0.1339750276
0.9698238905 0.0000000000 0.1763526377 1.2747318850 1.4783397902 0.0213123682 0.1737175964 1.8051077844 1.2848843892 1.0818076689 0.7735179669 0.5178423696 0.1653362405
0.5830754829 0.1763526377 0.0000000000 2.5978317583 0.5247836688 1.7481108374 0.8752822410 0.0921509157 0.3264861987 0.0637542497 0.6916850865 0.0808488709 0.2341163674
1.0412758763 1.2747318850 2.5978317583 0.0000000000 0.8698099983 1.0800764070 1.9910731115 1.6071752292 0.1682312969 0.8427930012 0.3871291464 1.0530263184 1.0514518875
1.8839229924 1.4783397902 0.5247836688 0.8698099983 0.0000000000 1.9877548203 0.0323038470 0.7698890062 0.2280501084 1.5846860225 0.0857657813 2.9957222427 0.5262276897
1.2782898711 0.0213123682 1.7481108374 1.0800764070 1.9877548203 0.0000000000 1.0613933467 0.0823552353 2.0116300535 0.6062349713 2.3881086494 0.3276667747 0.7761372966
1.8180025613 0.1737175964 0.8752822410 1.9910731115 0.0323038470 1.0613933467 0.0000000000 0.6031537070 0.1144771436 2.8747746896 2.2660266061 0.8413465074 0.0997949439
1.0299586979 1.8051077844 0.0921509157 1.6071752292 0.7698890062 0.0823552353 0.6031537070 0.0000000000 1.4460619610 0.9703679690 2.6566414784 1.9452363135 0.6930791195
0.7711667924 1.2848843892 0.3264861987 0.1682312969 0.2280501084 2.0116300535 0.1144771436 1.4460619610 0.0000000000 0.4388422500 1.2736017501 0.6162659865 1.3491281952
1.3968805429 1.0818076689 0.0637542497 0.8427930012 1.5846860225 0.6062349713 2.8747746896 0.9703679690 0.4388422500 0.0000000000 0.7016091746 0.3667252926 1.7930746122
0.1827116491 0.7735179669 0.6916850865 0.3871291464 0.0857657813 2.3881086494 2.2660266061 2.6566414784 1.2736017501 0.7016091746 0.0000000000 0.0864357357 0.0428475785
2.2954829456 0.5178423696 0.0808488709 1.0530263184 2.9957222427 0.3276667747 0.8413465074 1.9452363135 0.6162659865 0.3667252926 0.0864357357 0.0000000000 1.2777272877
0.1339750276 0.1653362405 0.2341163674 1.0514518875 0.5262276897 0.7761372966 0.0997949439 0.6930791195 1.3491281952 1.7930746122 0.0428475785 1.2777272877 0.0000000000
