# MCW Instance
# Type: EXPONENTIAL
# N: 13
# Optimal cost: 2.3215031342490366
# Optimal tour (permutation): [0, 12, 4, 10, 6, 5, 2, 9, 8, 11, 3, 7, 1, 0]
# Optimal walk (full path): [0, 12, 4, 10, 6, 5, 2, 8, 9, 8, 11, 3, 7, 1, 12, 0]
# Walk size: 16
# Is walk (has repeats): true

# Distance Matrix
0.0000000000 0.7360237989 0.4264806074 1.7162660328 4.4637539199 0.3886382643 1.4165958722 0.9229964426 0.2001495652 0.5393052372 3.3950098586 1.0158837601 0.1311659275
0.7360237989 0.0000000000 0.5485748753 1.3914187776 0.3771765605 0.6038322965 0.9839578127 0.4424741080 1.1149728617 3.5906920479 1.9430088141 0.7441963116 0.3350314869
0.4264806074 0.5485748753 0.0000000000 0.3243907866 0.3354096835 0.0914076922 2.2424626052 0.5097933530 0.0085669308 3.9792980933 0.2825763392 0.4081260962 2.3441248251
1.7162660328 1.3914187776 0.3243907866 0.0000000000 0.4470422167 0.2639004188 1.9387480378 0.1732446014 2.5050870735 2.0085807718 0.7865870378 0.1036974594 0.5934358542
4.4637539199 0.3771765605 0.3354096835 0.4470422167 0.0000000000 2.0433015737 0.8108673285 0.5216088651 0.1386299402 0.9764314135 0.2452348065 0.9406637030 0.0386367738
0.3886382643 0.6038322965 0.0914076922 0.2639004188 2.0433015737 0.0000000000 0.0112660304 0.2428331304 1.3393403573 2.0289546543 0.3520219591 1.4492922468 0.5203364594
1.4165958722 0.9839578127 2.2424626052 1.9387480378 0.8108673285 0.0112660304 0.0000000000 3.1650531902 0.6000993252 2.1335307844 0.1832280039 0.2807583047 0.7533829065
0.9229964426 0.4424741080 0.5097933530 0.1732446014 0.5216088651 0.2428331304 3.1650531902 0.0000000000 0.8608528307 2.2587011695 2.9229670169 0.8442051913 0.8670299126
0.2001495652 1.1149728617 0.0085669308 2.5050870735 0.1386299402 1.3393403573 0.6000993252 0.8608528307 0.0000000000 0.1016052538 0.4532166637 0.2231728783 3.0092637573
0.5393052372 3.5906920479 3.9792980933 2.0085807718 0.9764314135 2.0289546543 2.1335307844 2.2587011695 0.1016052538 0.0000000000 0.7785858320 0.5604759764 0.8598350655
3.3950098586 1.9430088141 0.2825763392 0.7865870378 0.2452348065 0.3520219591 0.1832280039 2.9229670169 0.4532166637 0.7785858320 0.0000000000 1.6448294057 0.3742080091
1.0158837601 0.7441963116 0.4081260962 0.1036974594 0.9406637030 1.4492922468 0.2807583047 0.8442051913 0.2231728783 0.5604759764 1.6448294057 0.0000000000 0.3357685989
0.1311659275 0.3350314869 2.3441248251 0.5934358542 0.0386367738 0.5203364594 0.7533829065 0.8670299126 3.0092637573 0.8598350655 0.3742080091 0.3357685989 0.0000000000
