# MCW Instance
# Type: EXPONENTIAL
# N: 13
# Optimal cost: 1.8056165785767
# Optimal tour (permutation): [0, 8, 4, 10, 5, 2, 9, 3, 6, 12, 1, 11, 7, 0]
# Optimal walk (full path): [0, 8, 4, 10, 5, 2, 9, 3, 6, 1, 12, 1, 11, 7, 11, 0]
# Walk size: 16
# Is walk (has repeats): true

# Distance Matrix
0.0000000000 1.5717063768 0.5021296400 1.6018383930 0.2854972067 0.3215678378 1.1847462731 1.2250583186 0.0209014661 1.3136505921 0.4314703721 0.0612536736 3.2372259874
1.5717063768 0.0000000000 0.2397893238 0.7514185137 0.8952249310 0.3932069864 0.4511796706 4.3471338348 0.1898070682 0.6076736927 0.8577159733 0.0104836257 0.0032518668
0.5021296400 0.2397893238 0.0000000000 0.0875518152 0.1869492008 0.2751901531 0.6024402053 0.6939111381 0.5340153017 0.0442122743 0.6202443744 0.6569451964 0.3847936081
1.6018383930 0.7514185137 0.0875518152 0.0000000000 1.8129745746 0.7188863677 0.3984617077 0.7089685161 0.1680371170 0.0402298694 1.8308913889 0.0522650486 0.0818656011
0.2854972067 0.8952249310 0.1869492008 1.8129745746 0.0000000000 1.8089520308 0.7970508949 0.1634854546 0.0840456114 0.5521995812 0.1155015063 1.2220489002 0.2752814035
0.3215678378 0.3932069864 0.2751901531 0.7188863677 1.8089520308 0.0000000000 0.8794953257 0.2931839050 0.3533554971 0.3148710193 0.2915924048 0.5158923608 2.4589887774
1.1847462731 0.4511796706 0.6024402053 0.3984617077 0.7970508949 0.8794953257 0.0000000000 1.4443823125 1.3959572979 0.8489346795 1.3694504556 0.9927838690 2.5266277595
1.2250583186 4.3471338348 0.6939111381 0.7089685161 0.1634854546 0.2931839050 1.4443823125 0.0000000000 3.0040540461 1.3732896417 1.1769817275 0.0030304409 0.1957906213
0.0209014661 0.1898070682 0.5340153017 0.1680371170 0.0840456114 0.3533554971 1.3959572979 3.0040540461 0.0000000000 0.2934257401 0.0740083902 0.4267958970 0.1016479416
1.3136505921 0.6076736927 0.0442122743 0.0402298694 0.5521995812 0.3148710193 0.8489346795 1.3732896417 0.2934257401 0.0000000000 1.8395417590 0.0361538513 1.6071096243
0.4314703721 0.8577159733 0.6202443744 1.8308913889 0.1155015063 0.2915924048 1.3694504556 1.1769817275 0.0740083902 1.8395417590 0.0000000000 0.7036078865 1.4422826672
0.0612536736 0.0104836257 0.6569451964 0.0522650486 1.2220489002 0.5158923608 0.9927838690 0.0030304409 0.4267958970 0.0361538513 0.7036078865 0.0000000000 1.1577604867
3.2372259874 0.0032518668 0.3847936081 0.0818656011 0.2752814035 2.4589887774 2.5266277595 0.1957906213 0.1016479416 1.6071096243 1.4422826672 1.1577604867 0.0000000000
