# MCW Instance
# Type: EXPONENTIAL
# N: 13
# Optimal cost: 1.9384921104963047
# Optimal tour (permutation): [0, 10, 11, 2, 8, 4, 12, 5, 3, 9, 7, 6, 1, 0]
# Optimal walk (full path): [0, 10, 11, 2, 8, 4, 12, 5, 3, 9, 7, 6, 1, 6, 0]
# Walk size: 15
# Is walk (has repeats): true

# Distance Matrix
0.0000000000 0.1830174416 0.7447284101 1.8969279826 0.4552399735 0.3176962103 0.1568208420 1.2123470716 2.4901888620 0.2444016563 0.2621988283 0.9937881151 0.5609201403
0.1830174416 0.0000000000 0.6017775745 1.7848425826 0.3793125046 0.3116090275 0.0161899890 1.8528663791 2.5307648555 2.5353400817 1.2393858602 1.3936643965 0.7629261082
0.7447284101 0.6017775745 0.0000000000 2.8701509093 0.9909428556 0.1475745797 0.5299744871 1.9922545145 0.1647887551 0.2859167005 0.8126792088 0.0412311485 0.4452772615
1.8969279826 1.7848425826 2.8701509093 0.0000000000 0.8237681326 0.0492843599 1.0594311836 2.4428407469 0.3391086537 0.1643894045 0.2714353652 1.9915164474 0.5904008594
0.4552399735 0.3793125046 0.9909428556 0.8237681326 0.0000000000 1.0297239075 0.5662889081 0.6907063330 0.2622753590 3.8233834709 2.3120661079 0.3765996898 0.1237543457
0.3176962103 0.3116090275 0.1475745797 0.0492843599 1.0297239075 0.0000000000 2.3196604167 1.2267276676 0.5280137212 0.4056493059 1.8349685662 1.4911688379 0.1685141713
0.1568208420 0.0161899890 0.5299744871 1.0594311836 0.5662889081 2.3196604167 0.0000000000 0.1068628715 3.3015159102 0.6136219990 1.2880622446 0.3237167429 0.1039685485
1.2123470716 1.8528663791 1.9922545145 2.4428407469 0.6907063330 1.2267276676 0.1068628715 0.0000000000 1.0275102437 0.2677759866 2.1139695910 1.6018488938 0.2986163203
2.4901888620 2.5307648555 0.1647887551 0.3391086537 0.2622753590 0.5280137212 3.3015159102 1.0275102437 0.0000000000 0.7626707530 0.3564530518 1.2314770835 0.8597267088
0.2444016563 2.5353400817 0.2859167005 0.1643894045 3.8233834709 0.4056493059 0.6136219990 0.2677759866 0.7626707530 0.0000000000 0.4221870690 1.9244135667 0.0714299231
0.2621988283 1.2393858602 0.8126792088 0.2714353652 2.3120661079 1.8349685662 1.2880622446 2.1139695910 0.3564530518 0.4221870690 0.0000000000 0.1382160601 0.5268124605
0.9937881151 1.3936643965 0.0412311485 1.9915164474 0.3765996898 1.4911688379 0.3237167429 1.6018488938 1.2314770835 1.9244135667 0.1382160601 0.0000000000 1.4061615030
0.5609201403 0.7629261082 0.4452772615 0.5904008594 0.1237543457 0.1685141713 0.1039685485 0.2986163203 0.8597267088 0.0714299231 0.5268124605 1.4061615030 0.0000000000
