# MCW Instance
# Type: EXPONENTIAL
# N: 13
# Optimal cost: 1.13972520728044
# Optimal tour (permutation): [0, 4, 10, 3, 12, 5, 9, 8, 1, 11, 2, 6, 7, 0]
# Optimal walk (full path): [0, 4, 7, 10, 3, 5, 12, 5, 9, 8, 1, 11, 2, 6, 2, 7, 4, 0]
# Walk size: 18
# Is walk (has repeats): true

# Distance Matrix
0.0000000000 0.6322029545 0.3025534742 0.4527833654 0.0211672963 0.3938442486 0.9980082987 0.5574929389 2.6062672254 1.7141421750 0.7795497035 0.4177161529 0.9147726642
0.6322029545 0.0000000000 0.5129299881 0.3440849522 1.8903243387 1.8951253779 0.9293494275 0.3486691918 0.1277758278 0.8762170212 0.2958999927 0.0544238805 1.2981905884
0.3025534742 0.5129299881 0.0000000000 0.2485894872 0.7650950883 1.9122350238 0.0084232532 0.1382173471 0.8816554074 0.6328122055 1.4214079936 0.1835816721 2.8171319311
0.4527833654 0.3440849522 0.2485894872 0.0000000000 0.1383257831 0.0464998233 0.2527964806 0.5031660663 2.7003352308 0.0999325421 0.0435744045 0.1786180096 3.4032817968
0.0211672963 1.8903243387 0.7650950883 0.1383257831 0.0000000000 0.9409710867 0.7414063865 0.0280605165 0.4666019542 0.8791539344 0.0831533467 3.4951121944 1.2222452240
0.3938442486 1.8951253779 1.9122350238 0.0464998233 0.9409710867 0.0000000000 1.1410247410 1.0411434262 0.2682643693 0.0158668139 0.6280352909 0.5019040799 0.0850099554
0.9980082987 0.9293494275 0.0084232532 0.2527964806 0.7414063865 1.1410247410 0.0000000000 0.2697025790 0.5251308295 0.2640004999 0.7260244065 0.9203164136 0.3497287619
0.5574929389 0.3486691918 0.1382173471 0.5031660663 0.0280605165 1.0411434262 0.2697025790 0.0000000000 1.3897146054 0.2047781155 0.0376007087 2.3875255434 0.4092155624
2.6062672254 0.1277758278 0.8816554074 2.7003352308 0.4666019542 0.2682643693 0.5251308295 1.3897146054 0.0000000000 0.2068626866 1.1356111604 0.1513859675 1.5684444340
1.7141421750 0.8762170212 0.6328122055 0.0999325421 0.8791539344 0.0158668139 0.2640004999 0.2047781155 0.2068626866 0.0000000000 0.0021244228 2.8792995402 0.5622503234
0.7795497035 0.2958999927 1.4214079936 0.0435744045 0.0831533467 0.6280352909 0.7260244065 0.0376007087 1.1356111604 0.0021244228 0.0000000000 4.1511533176 2.4758894236
0.4177161529 0.0544238805 0.1835816721 0.1786180096 3.4951121944 0.5019040799 0.9203164136 2.3875255434 0.1513859675 2.8792995402 4.1511533176 0.0000000000 1.9440176645
0.9147726642 1.2981905884 2.8171319311 3.4032817968 1.2222452240 0.0850099554 0.3497287619 0.4092155624 1.5684444340 0.5622503234 2.4758894236 1.9440176645 0.0000000000
