# MCW Instance
# Type: EXPONENTIAL
# N: 13
# Optimal cost: 1.9200856165571134
# Optimal tour (permutation): [0, 2, 4, 5, 1, 6, 12, 10, 9, 7, 11, 8, 3, 0]
# Optimal walk (full path): [0, 2, 4, 1, 5, 1, 6, 12, 10, 9, 7, 11, 0, 8, 3, 8, 0]
# Walk size: 17
# Is walk (has repeats): true

# Distance Matrix
0.0000000000 6.2150791652 0.0428450633 1.3237095826 0.5183135372 1.8047285273 0.5365528987 0.8039851739 0.0000325639 0.3600234060 2.8954071049 0.3129237357 0.2572498652
6.2150791652 0.0000000000 1.3249844805 1.9970342939 0.0722919127 0.2230945868 0.0208774610 0.5720287563 0.5730710151 1.2978532609 2.6173300423 1.5111801040 1.1081744666
0.0428450633 1.3249844805 0.0000000000 0.3649607619 0.0406738561 3.6762647447 0.3297894770 0.3512372828 1.0125333217 1.8238015354 0.4832083272 3.7801357108 2.5282300199
1.3237095826 1.9970342939 0.3649607619 0.0000000000 0.1771865716 0.5127295777 0.2449747455 0.6568088276 0.0872720399 0.4051998862 0.7344175353 0.8223662664 1.2090913276
0.5183135372 0.0722919127 0.0406738561 0.1771865716 0.0000000000 0.7630837491 0.3315323091 1.0711808020 0.0071364040 0.6520434837 0.2211129354 0.3757365456 1.1709004346
1.8047285273 0.2230945868 3.6762647447 0.5127295777 0.7630837491 0.0000000000 0.3029089454 2.2152116228 0.5642706709 0.5293658841 0.9777903459 5.1955650548 0.4039972378
0.5365528987 0.0208774610 0.3297894770 0.2449747455 0.3315323091 0.3029089454 0.0000000000 1.1546266625 0.2091130169 0.1435759041 1.9268140293 0.9172965295 0.1739493884
0.8039851739 0.5720287563 0.3512372828 0.6568088276 1.0711808020 2.2152116228 1.1546266625 0.0000000000 0.6016436661 0.2146032836 0.2628766105 0.2074051698 0.9464981420
0.0000325639 0.5730710151 1.0125333217 0.0872720399 0.0071364040 0.5642706709 0.2091130169 0.6016436661 0.0000000000 1.9488535660 1.3123031570 0.3181549332 0.6458198905
0.3600234060 1.2978532609 1.8238015354 0.4051998862 0.6520434837 0.5293658841 0.1435759041 0.2146032836 1.9488535660 0.0000000000 0.0670018741 1.5813515692 0.8085678784
2.8954071049 2.6173300423 0.4832083272 0.7344175353 0.2211129354 0.9777903459 1.9268140293 0.2628766105 1.3123031570 0.0670018741 0.0000000000 7.1393021245 0.1467154906
0.3129237357 1.5111801040 3.7801357108 0.8223662664 0.3757365456 5.1955650548 0.9172965295 0.2074051698 0.3181549332 1.5813515692 7.1393021245 0.0000000000 0.4694984921
0.2572498652 1.1081744666 2.5282300199 1.2090913276 1.1709004346 0.4039972378 0.1739493884 0.9464981420 0.6458198905 0.8085678784 0.1467154906 0.4694984921 0.0000000000
