# MCW Instance
# Type: EXPONENTIAL
# N: 13
# Optimal cost: 1.1437062314325224
# Optimal tour (permutation): [0, 7, 12, 8, 10, 9, 6, 1, 5, 4, 3, 11, 2, 0]
# Optimal walk (full path): [0, 7, 12, 8, 12, 10, 9, 6, 1, 3, 5, 4, 5, 3, 11, 2, 7, 0]
# Walk size: 18
# Is walk (has repeats): true

# Distance Matrix
0.0000000000 0.7798417723 0.5296903888 5.1279896028 0.4484841967 0.8762665621 1.7060047704 0.0500787766 2.7566779616 1.7168457161 0.6487080596 0.6859378586 0.2535485660
0.7798417723 0.0000000000 4.2626746871 0.0359562642 2.4875225134 3.0198192460 0.0717295395 1.6667955890 2.3292963582 0.2700310886 0.6932543579 1.7609059974 1.4060094415
0.5296903888 4.2626746871 0.0000000000 0.6120948102 0.6402950056 0.5137391388 0.4022688806 0.2197422570 1.2034949402 2.0484398288 0.0600756531 0.0381163904 1.4998252545
5.1279896028 0.0359562642 0.6120948102 0.0000000000 0.2004404751 0.0329596225 1.3153506341 0.7296395219 1.1329152087 1.7028454793 0.0748092567 0.0721382516 1.0300055432
0.4484841967 2.4875225134 0.6402950056 0.2004404751 0.0000000000 0.0243162956 0.8995914588 0.4302793527 1.8065192053 4.9123728170 0.1103868165 0.4675540156 0.7312004814
0.8762665621 3.0198192460 0.5137391388 0.0329596225 0.0243162956 0.0000000000 3.1695332044 2.6292998577 0.3966258791 0.2792023906 1.9505803558 1.0019373048 1.7675795701
1.7060047704 0.0717295395 0.4022688806 1.3153506341 0.8995914588 3.1695332044 0.0000000000 3.4908138006 0.8360276236 0.0057912997 1.1222055785 2.5439085123 1.1987398681
0.0500787766 1.6667955890 0.2197422570 0.7296395219 0.4302793527 2.6292998577 3.4908138006 0.0000000000 3.4889602514 0.7132260290 3.4965764692 0.3358613284 0.1945551173
2.7566779616 2.3292963582 1.2034949402 1.1329152087 1.8065192053 0.3966258791 0.8360276236 3.4889602514 0.0000000000 0.3559507210 0.2317924944 0.8513270415 0.0438579506
1.7168457161 0.2700310886 2.0484398288 1.7028454793 4.9123728170 0.2792023906 0.0057912997 0.7132260290 0.3559507210 0.0000000000 0.1606899444 1.7781401557 2.3035848773
0.6487080596 0.6932543579 0.0600756531 0.0748092567 0.1103868165 1.9505803558 1.1222055785 3.4965764692 0.2317924944 0.1606899444 0.0000000000 0.0525727844 0.0425618769
0.6859378586 1.7609059974 0.0381163904 0.0721382516 0.4675540156 1.0019373048 2.5439085123 0.3358613284 0.8513270415 1.7781401557 0.0525727844 0.0000000000 0.5198756215
0.2535485660 1.4060094415 1.4998252545 1.0300055432 0.7312004814 1.7675795701 1.1987398681 0.1945551173 0.0438579506 2.3035848773 0.0425618769 0.5198756215 0.0000000000
