# MCW Instance
# Type: EXPONENTIAL
# N: 13
# Optimal cost: 1.583234661085035
# Optimal tour (permutation): [0, 8, 6, 9, 7, 12, 11, 1, 4, 5, 10, 3, 2, 0]
# Optimal walk (full path): [0, 8, 6, 8, 9, 7, 12, 1, 11, 1, 4, 5, 10, 3, 0, 2, 0]
# Walk size: 17
# Is walk (has repeats): true

# Distance Matrix
0.0000000000 1.7599503659 0.0093063574 0.0240085384 0.1381268744 0.6077518970 0.4384956084 0.2604310033 0.0409628712 0.4308882000 0.5430782181 1.0603427644 1.3779679708
1.7599503659 0.0000000000 1.2198282640 0.2075379534 0.1382343443 0.4529468685 0.3311121040 1.3495139819 1.1533407878 2.8459602101 0.5263651643 0.1350181333 0.1907445974
0.0093063574 1.2198282640 0.0000000000 0.8123614452 1.2578478706 0.4549207272 0.6453107436 0.4616232308 0.4500372768 1.5435213717 1.0425559871 0.2366360633 1.2994853830
0.0240085384 0.2075379534 0.8123614452 0.0000000000 1.6549885020 1.0176751773 1.4482802601 4.4600987556 1.4566194862 0.1810436699 0.0903793854 1.6869242254 0.4257324171
0.1381268744 0.1382343443 1.2578478706 1.6549885020 0.0000000000 0.1501526396 1.4352871105 0.5549892445 1.3653911873 0.8971790544 1.3287870554 0.9270254272 1.2223863352
0.6077518970 0.4529468685 0.4549207272 1.0176751773 0.1501526396 0.0000000000 0.5126043508 0.6654442455 1.9876878382 0.2031630339 0.2584450849 4.9329819856 1.9276193943
0.4384956084 0.3311121040 0.6453107436 1.4482802601 1.4352871105 0.5126043508 0.0000000000 0.6876545030 0.0054166997 1.0893753317 0.3353438050 0.6555142889 4.3182482153
0.2604310033 1.3495139819 0.4616232308 4.4600987556 0.5549892445 0.6654442455 0.6876545030 0.0000000000 0.2343772144 0.0511102898 0.4161798768 1.8409456044 0.2947977122
0.0409628712 1.1533407878 0.4500372768 1.4566194862 1.3653911873 1.9876878382 0.0054166997 0.2343772144 0.0000000000 0.0449168172 0.9399080327 0.7774195230 0.4251817595
0.4308882000 2.8459602101 1.5435213717 0.1810436699 0.8971790544 0.2031630339 1.0893753317 0.0511102898 0.0449168172 0.0000000000 0.1193399507 1.9534130236 1.5937658846
0.5430782181 0.5263651643 1.0425559871 0.0903793854 1.3287870554 0.2584450849 0.3353438050 0.4161798768 0.9399080327 0.1193399507 0.0000000000 2.0057478907 2.4256608453
1.0603427644 0.1350181333 0.2366360633 1.6869242254 0.9270254272 4.9329819856 0.6555142889 1.8409456044 0.7774195230 1.9534130236 2.0057478907 0.0000000000 0.8732255213
1.3779679708 0.1907445974 1.2994853830 0.4257324171 1.2223863352 1.9276193943 4.3182482153 0.2947977122 0.4251817595 1.5937658846 2.4256608453 0.8732255213 0.0000000000
