# MCW Instance
# Type: EXPONENTIAL
# N: 13
# Optimal cost: 1.8243200380409152
# Optimal tour (permutation): [0, 8, 3, 9, 7, 12, 6, 2, 1, 11, 10, 4, 5, 0]
# Optimal walk (full path): [0, 3, 8, 3, 0, 9, 12, 7, 12, 6, 1, 2, 1, 11, 10, 4, 10, 5, 0]
# Walk size: 19
# Is walk (has repeats): true

# Distance Matrix
0.0000000000 3.6862094555 1.6183817187 0.0432517039 0.6517625545 0.1570167013 0.2458932434 0.4880393090 0.2776851832 0.0472455965 0.6435314394 0.3128154117 3.6459620156
3.6862094555 0.0000000000 0.1044850570 0.1373408552 0.5837302410 1.2824067397 0.1427428414 0.5954688310 1.5907509047 3.6875790957 0.2102170209 0.0780795233 0.8750974997
1.6183817187 0.1044850570 0.0000000000 0.4745322686 0.5096776613 0.3360513739 2.1305841184 0.5131629378 0.3020417729 0.2007777059 0.8485322933 0.5049616716 0.6748258988
0.0432517039 0.1373408552 0.4745322686 0.0000000000 1.0710320434 3.1284994320 1.1977874159 1.2808829412 0.0945263900 1.4174583570 1.0656259448 1.2559799762 0.4102362633
0.6517625545 0.5837302410 0.5096776613 1.0710320434 0.0000000000 1.1098733485 1.2922557500 0.5520696657 1.3289875792 1.5878431917 0.0602031368 0.2420260732 0.7437163440
0.1570167013 1.2824067397 0.3360513739 3.1284994320 1.1098733485 0.0000000000 0.3317573872 0.3964993015 1.4306877755 0.3268793273 0.2709335624 2.2886193196 1.0983138715
0.2458932434 0.1427428414 2.1305841184 1.1977874159 1.2922557500 0.3317573872 0.0000000000 1.2637280443 0.6989590031 1.7991619953 1.0856808877 0.7236593584 0.2398618440
0.4880393090 0.5954688310 0.5131629378 1.2808829412 0.5520696657 0.3964993015 1.2637280443 0.0000000000 0.9835812010 0.3468454668 0.7840908891 0.1463233303 0.0028601307
0.2776851832 1.5907509047 0.3020417729 0.0945263900 1.3289875792 1.4306877755 0.6989590031 0.9835812010 0.0000000000 0.4882971068 0.3795128880 1.1433887734 1.0420695442
0.0472455965 3.6875790957 0.2007777059 1.4174583570 1.5878431917 0.3268793273 1.7991619953 0.3468454668 0.4882971068 0.0000000000 0.2538295397 0.3154152436 0.1229429629
0.6435314394 0.2102170209 0.8485322933 1.0656259448 0.0602031368 0.2709335624 1.0856808877 0.7840908891 0.3795128880 0.2538295397 0.0000000000 0.1548441696 0.3121402900
0.3128154117 0.0780795233 0.5049616716 1.2559799762 0.2420260732 2.2886193196 0.7236593584 0.1463233303 1.1433887734 0.3154152436 0.1548441696 0.0000000000 2.6956164558
3.6459620156 0.8750974997 0.6748258988 0.4102362633 0.7437163440 1.0983138715 0.2398618440 0.0028601307 1.0420695442 0.1229429629 0.3121402900 2.6956164558 0.0000000000
