# MCW Instance
# Type: EXPONENTIAL
# N: 13
# Optimal cost: 1.9946420412390613
# Optimal tour (permutation): [0, 11, 7, 6, 12, 9, 1, 4, 8, 2, 3, 10, 5, 0]
# Optimal walk (full path): [0, 11, 7, 6, 12, 9, 12, 1, 12, 4, 3, 8, 3, 2, 3, 10, 5, 0]
# Walk size: 18
# Is walk (has repeats): true

# Distance Matrix
0.0000000000 2.4614508396 0.4332149426 0.0830554680 0.9885681732 0.2128892704 4.5158660488 1.1011195727 1.9986818461 3.0412284286 0.2531689285 0.1165382113 3.4021115973
2.4614508396 0.0000000000 0.4432798088 1.0741838017 0.4640591406 0.2413864575 1.3706489496 1.7292522069 0.5715567544 1.9140241219 1.2580790902 0.8984213526 0.0645095690
0.4332149426 0.4432798088 0.0000000000 0.0687195634 0.5699259192 1.4721369756 2.7136404850 0.2260818009 0.9753368684 0.4409775530 1.4731567256 1.5484210838 1.3973728274
0.0830554680 1.0741838017 0.0687195634 0.0000000000 0.2579533930 1.8770787929 0.6211485004 1.7488672609 0.1234847311 0.5357450711 0.0286267030 1.3421280539 0.0280795511
0.9885681732 0.4640591406 0.5699259192 0.2579533930 0.0000000000 3.4709082785 0.5408761814 1.0027140570 0.6437296429 2.7253986949 0.8426262792 1.8012748073 0.2415909367
0.2128892704 0.2413864575 1.4721369756 1.8770787929 3.4709082785 0.0000000000 0.3935945995 1.8347313684 2.8007434892 0.6661603698 0.1660352076 1.7399046059 0.4489534182
4.5158660488 1.3706489496 2.7136404850 0.6211485004 0.5408761814 0.3935945995 0.0000000000 0.1032449973 2.1352818242 0.1936143184 0.2258907310 0.1095414542 0.0267029809
1.1011195727 1.7292522069 0.2260818009 1.7488672609 1.0027140570 1.8347313684 0.1032449973 0.0000000000 0.3795496153 0.8742527704 0.2448163371 0.0654488777 1.2135730636
1.9986818461 0.5715567544 0.9753368684 0.1234847311 0.6437296429 2.8007434892 2.1352818242 0.3795496153 0.0000000000 1.2597618617 0.8266010143 0.2139982026 1.1739716313
3.0412284286 1.9140241219 0.4409775530 0.5357450711 2.7253986949 0.6661603698 0.1936143184 0.8742527704 1.2597618617 0.0000000000 1.8112439497 1.8020569988 0.1310918682
0.2531689285 1.2580790902 1.4731567256 0.0286267030 0.8426262792 0.1660352076 0.2258907310 0.2448163371 0.8266010143 1.8112439497 0.0000000000 1.9486144008 1.5209505137
0.1165382113 0.8984213526 1.5484210838 1.3421280539 1.8012748073 1.7399046059 0.1095414542 0.0654488777 0.2139982026 1.8020569988 1.9486144008 0.0000000000 0.6092593952
3.4021115973 0.0645095690 1.3973728274 0.0280795511 0.2415909367 0.4489534182 0.0267029809 1.2135730636 1.1739716313 0.1310918682 1.5209505137 0.6092593952 0.0000000000
