# MCW Instance
# Type: EXPONENTIAL
# N: 13
# Optimal cost: 1.7656856474238056
# Optimal tour (permutation): [0, 6, 3, 1, 9, 10, 7, 8, 2, 5, 12, 4, 11, 0]
# Optimal walk (full path): [0, 6, 3, 1, 3, 9, 10, 7, 10, 8, 2, 5, 12, 4, 12, 0, 11, 0]
# Walk size: 18
# Is walk (has repeats): true

# Distance Matrix
0.0000000000 0.3184323495 0.6635168942 0.3066061762 0.5060048192 0.9725816881 0.0047999453 0.3862227783 1.2952741712 0.6720476813 2.3161365666 0.0449663379 0.0986464436
0.3184323495 0.0000000000 1.2657931837 0.0125635338 2.6290500996 0.7448263032 0.6734166021 0.5260043337 1.7523643670 1.9311184868 1.2947592875 0.9656589727 0.3384372907
0.6635168942 1.2657931837 0.0000000000 0.6577489648 0.5935792674 0.1687211407 0.8540307629 0.5383194245 0.4056745037 0.4598524705 0.4235723746 1.7743445717 0.8883218605
0.3066061762 0.0125635338 0.6577489648 0.0000000000 1.5191865123 1.7757044665 0.0821695074 0.5485228614 1.1550792427 0.0739668147 2.8659675277 2.1173119458 4.4903133319
0.5060048192 2.6290500996 0.5935792674 1.5191865123 0.0000000000 0.2602474242 1.1364220167 0.7224028338 5.5905314979 0.2739880810 0.3545682317 0.5067332587 0.0499207106
0.9725816881 0.7448263032 0.1687211407 1.7757044665 0.2602474242 0.0000000000 0.1144090321 0.5060097809 0.3057736507 1.3322416039 3.3101395253 1.4206999884 0.1845761720
0.0047999453 0.6734166021 0.8540307629 0.0821695074 1.1364220167 0.1144090321 0.0000000000 1.1650407304 0.8668261758 2.4099690064 2.2992464819 1.5686272995 0.5962821669
0.3862227783 0.5260043337 0.5383194245 0.5485228614 0.7224028338 0.5060097809 1.1650407304 0.0000000000 1.5323760254 0.7156068099 0.0538531092 1.0525395669 1.0266997279
1.2952741712 1.7523643670 0.4056745037 1.1550792427 5.5905314979 0.3057736507 0.8668261758 1.5323760254 0.0000000000 1.5690106336 0.2406172365 1.1884400840 0.6345366041
0.6720476813 1.9311184868 0.4598524705 0.0739668147 0.2739880810 1.3322416039 2.4099690064 0.7156068099 1.5690106336 0.0000000000 0.1839065005 1.1425884317 0.2796957146
2.3161365666 1.2947592875 0.4235723746 2.8659675277 0.3545682317 3.3101395253 2.2992464819 0.0538531092 0.2406172365 0.1839065005 0.0000000000 0.1197617318 0.7622116134
0.0449663379 0.9656589727 1.7743445717 2.1173119458 0.5067332587 1.4206999884 1.5686272995 1.0525395669 1.1884400840 1.1425884317 0.1197617318 0.0000000000 0.2960631435
0.0986464436 0.3384372907 0.8883218605 4.4903133319 0.0499207106 0.1845761720 0.5962821669 1.0266997279 0.6345366041 0.2796957146 0.7622116134 0.2960631435 0.0000000000
