# MCW Instance
# Type: EXPONENTIAL
# N: 13
# Optimal cost: 2.4883436147372677
# Optimal tour (permutation): [0, 10, 12, 1, 3, 9, 7, 8, 2, 5, 11, 4, 6, 0]
# Optimal walk (full path): [0, 6, 10, 12, 1, 3, 7, 9, 7, 8, 2, 5, 11, 4, 11, 5, 6, 0]
# Walk size: 18
# Is walk (has repeats): true

# Distance Matrix
0.0000000000 3.5978940219 1.7996047327 1.1809850834 1.8154150772 1.4401707582 0.0050848391 2.1530301652 0.1356666529 0.5138279029 0.3114225757 1.5884005090 1.3854043092
3.5978940219 0.0000000000 3.3225130823 0.4226714731 0.6329973193 0.9323458347 1.9277595698 0.4515333597 0.3787941904 4.0611336685 1.4999263950 1.4006862295 0.2542583961
1.7996047327 3.3225130823 0.0000000000 1.9842308058 0.8979701700 0.1111895859 2.0127754698 3.7285565005 0.2481687479 1.5812873928 3.8555282699 0.4717763337 0.2231498062
1.1809850834 0.4226714731 1.9842308058 0.0000000000 1.0561209038 0.5702228020 2.6837079183 0.4058883677 2.8996950786 1.0818064597 1.4394563175 1.7621039270 0.6032359949
1.8154150772 0.6329973193 0.8979701700 1.0561209038 0.0000000000 0.8004855397 0.3704016314 1.3351295030 0.6896404085 0.4262546369 0.5400413311 0.0717147747 0.4352001786
1.4401707582 0.9323458347 0.1111895859 0.5702228020 0.8004855397 0.0000000000 0.1158126381 0.8144726024 1.9380413759 0.8678128705 0.3285039892 0.0506626635 0.9520137050
0.0050848391 1.9277595698 2.0127754698 2.6837079183 0.3704016314 0.1158126381 0.0000000000 0.7131402678 0.8018147915 3.1121442307 0.1242729542 0.2611160931 1.2428319700
2.1530301652 0.4515333597 3.7285565005 0.4058883677 1.3351295030 0.8144726024 0.7131402678 0.0000000000 0.1292565693 0.1174917984 0.2061151321 0.4930371386 1.2321654647
0.1356666529 0.3787941904 0.2481687479 2.8996950786 0.6896404085 1.9380413759 0.8018147915 0.1292565693 0.0000000000 1.0001372272 1.3168585027 1.0843155456 0.5690004549
0.5138279029 4.0611336685 1.5812873928 1.0818064597 0.4262546369 0.8678128705 3.1121442307 0.1174917984 1.0001372272 0.0000000000 2.1102264557 1.3163617749 0.3421080393
0.3114225757 1.4999263950 3.8555282699 1.4394563175 0.5400413311 0.3285039892 0.1242729542 0.2061151321 1.3168585027 2.1102264557 0.0000000000 1.0607616861 0.1869167311
1.5884005090 1.4006862295 0.4717763337 1.7621039270 0.0717147747 0.0506626635 0.2611160931 0.4930371386 1.0843155456 1.3163617749 1.0607616861 0.0000000000 1.0310460448
1.3854043092 0.2542583961 0.2231498062 0.6032359949 0.4352001786 0.9520137050 1.2428319700 1.2321654647 0.5690004549 0.3421080393 0.1869167311 1.0310460448 0.0000000000
